['20070405017', '12:40:00']=>[5]=>[0, 0, 8, 0, 2, 8, 6, 4, 8, 0]
['20070424027', '14:20:00']=>[5]=>[4, 4, 4, 0, 2, 4, 0, 8, 0, 6]
['20070507024', '13:50:00']=>[5]=>[6, 8, 4, 2, 2, 0, 6, 6, 2, 4]
['20070510018', '12:50:00']=>[5]=>[9, 7, 5, 1, 3, 3, 3, 5, 9, 5]
['20070517061', '20:00:00']=>[5]=>[6, 2, 8, 2, 0, 8, 8, 6, 2, 8]
['20070526027', '14:20:00']=>[5]=>[6, 0, 0, 4, 2, 6, 0, 0, 0, 6]
['20070608008', '11:10:00']=>[5]=>[4, 2, 6, 8, 8, 4, 8, 0, 2, 6]
['20070611018', '12:50:00']=>[5]=>[1, 5, 3, 1, 7, 1, 9, 3, 3, 9]
['20070628061', '20:00:00']=>[5]=>[9, 9, 9, 3, 9, 3, 5, 3, 5, 7]
['20070823048', '17:50:00']=>[5]=>[8, 4, 8, 6, 8, 0, 4, 4, 6, 6]
['20070906040', '16:30:00']=>[5]=>[3, 9, 3, 5, 3, 3, 7, 9, 5, 1]
['20070911016', '12:30:00']=>[5]=>[8, 2, 0, 4, 8, 0, 6, 0, 2, 8]
['20070915045', '17:20:00']=>[5]=>[5, 5, 3, 3, 1, 3, 9, 9, 9, 9]
['20070916066', '20:50:00']=>[5]=>[5, 1, 9, 9, 3, 9, 1, 9, 3, 9]
['20070923006', '10:50:00']=>[5]=>[1, 7, 9, 5, 5, 5, 7, 7, 7, 3]
['20070929005', '10:40:00']=>[5]=>[0, 8, 8, 0, 6, 0, 0, 2, 2, 6]
['20071124037', '16:00:00']=>[5]=>[8, 2, 0, 0, 6, 6, 0, 2, 6, 2]
['20071214038', '16:10:00']=>[5]=>[2, 4, 2, 4, 6, 6, 6, 8, 8, 8]
['20080201062', '20:10:00']=>[5]=>[3, 7, 1, 1, 3, 3, 9, 5, 1, 3]
['20080215027', '14:20:00']=>[5]=>[6, 2, 8, 0, 2, 4, 4, 2, 4, 0]
['20080221055', '19:00:00']=>[5]=>[9, 5, 1, 1, 7, 3, 5, 9, 1, 5]
['20080306016', '12:30:00']=>[5]=>[3, 9, 1, 5, 3, 1, 9, 9, 7, 1]
['20080407032', '15:10:00']=>[5]=>[7, 5, 3, 3, 3, 3, 3, 5, 7, 9]
['20080508056', '19:10:00']=>[5]=>[3, 7, 9, 7, 9, 5, 5, 5, 5, 3]
['20080607027', '14:20:00']=>[5]=>[8, 6, 6, 8, 6, 0, 0, 8, 2, 4]
['20080620042', '16:50:00']=>[5]=>[9, 3, 9, 5, 3, 9, 7, 7, 3, 1]
['20080703047', '17:40:00']=>[5]=>[9, 7, 1, 7, 3, 3, 3, 1, 3, 9]
['20080717042', '16:50:00']=>[5]=>[4, 8, 4, 2, 0, 8, 2, 6, 2, 8]
['20080816051', '18:20:00']=>[5]=>[5, 9, 9, 3, 7, 3, 1, 3, 9, 3]
['20080923037', '16:00:00']=>[5]=>[2, 2, 0, 8, 6, 0, 6, 2, 2, 0]
['20080928037', '16:00:00']=>[5]=>[6, 2, 4, 2, 2, 4, 6, 0, 0, 0]
['20080929045', '17:20:00']=>[5]=>[6, 6, 0, 4, 6, 0, 8, 6, 6, 2]
['20081016010', '11:30:00']=>[5]=>[8, 0, 8, 2, 8, 6, 6, 6, 2, 6]
['20081017067', '21:00:00']=>[5]=>[6, 2, 8, 0, 8, 6, 2, 6, 0, 8]
['20090107019', '13:00:00']=>[5]=>[9, 9, 5, 3, 5, 5, 1, 9, 1, 1]
['20090110018', '12:50:00']=>[5]=>[8, 8, 2, 4, 4, 4, 4, 8, 4, 0]
['20090209044', '17:10:00']=>[5]=>[5, 9, 1, 3, 7, 1, 9, 1, 7, 9]
['20090310012', '11:50:00']=>[5]=>[9, 3, 9, 3, 1, 5, 7, 1, 1, 1]
['20090326058', '19:30:00']=>[5]=>[6, 6, 4, 2, 2, 6, 0, 8, 2, 8]
['20090404020', '13:10:00']=>[5]=>[2, 2, 2, 2, 4, 2, 2, 2, 6, 4]
['20090425033', '15:20:00']=>[5]=>[7, 9, 5, 5, 5, 9, 3, 5, 3, 1]
['20090803067', '21:00:00']=>[5]=>[5, 3, 1, 7, 5, 7, 1, 9, 7, 3]
['20090921070', '21:30:00']=>[5]=>[0, 8, 0, 4, 0, 8, 2, 0, 8, 2]
['20091102041', '16:40:00']=>[5]=>[6, 8, 8, 0, 2, 2, 8, 4, 8, 2]
['20091109070', '21:30:00']=>[5]=>[0, 4, 6, 6, 8, 6, 8, 2, 8, 0]
['20091118042', '16:50:00']=>[5]=>[8, 0, 4, 4, 0, 0, 4, 4, 6, 4]
['20091120052', '18:30:00']=>[5]=>[0, 4, 8, 0, 6, 6, 4, 2, 8, 4]
['20091217037', '12:10:00']=>[5]=>[2, 6, 2, 2, 0, 4, 4, 4, 0, 8]
['20091230086', '20:20:00']=>[5]=>[8, 4, 6, 0, 0, 2, 8, 0, 4, 2]
['20100105111', '23:15:00']=>[5]=>[6, 2, 0, 4, 8, 4, 0, 6, 2, 2]
['20100119032', '11:20:00']=>[5]=>[4, 0, 0, 2, 4, 6, 8, 8, 4, 0]
['20100202092', '21:20:00']=>[5]=>[7, 3, 7, 7, 1, 5, 5, 5, 5, 5]
['20100205103', '22:35:00']=>[5]=>[2, 4, 6, 6, 2, 4, 4, 2, 8, 4]
['20100207106', '22:50:00']=>[5]=>[8, 6, 0, 2, 6, 4, 2, 4, 6, 0]
['20100225039', '12:30:00']=>[5]=>[0, 4, 0, 8, 6, 8, 4, 8, 4, 4]
['20100226078', '19:00:00']=>[5]=>[0, 2, 2, 2, 8, 4, 8, 8, 2, 2]
['20100416082', '19:40:00']=>[5]=>[3, 3, 9, 7, 7, 5, 3, 7, 1, 9]
['20100423077', '18:50:00']=>[5]=>[5, 9, 1, 9, 9, 3, 9, 1, 1, 1]
['20100425007', '00:35:00']=>[5]=>[1, 3, 3, 5, 9, 3, 9, 1, 3, 7]
['20100430093', '21:30:00']=>[5]=>[6, 6, 2, 0, 4, 8, 0, 0, 8, 4]
['20100503051', '14:30:00']=>[5]=>[8, 0, 6, 4, 4, 4, 0, 0, 0, 4]
['20100513009', '00:45:00']=>[5]=>[3, 3, 9, 5, 3, 5, 1, 7, 9, 5]
['20100706069', '17:30:00']=>[5]=>[5, 1, 1, 9, 1, 1, 9, 9, 9, 1]
['20100714091', '21:10:00']=>[5]=>[5, 7, 9, 9, 1, 3, 5, 9, 9, 3]
['20100715080', '19:20:00']=>[5]=>[8, 6, 0, 4, 0, 2, 2, 0, 0, 0]
['20100729030', '11:00:00']=>[5]=>[7, 7, 3, 5, 3, 3, 1, 7, 3, 9]
['20100730040', '12:40:00']=>[5]=>[1, 5, 3, 1, 1, 5, 1, 7, 9, 7]
['20100731091', '21:10:00']=>[5]=>[0, 0, 8, 2, 0, 6, 0, 2, 6, 2]
['20100809076', '18:40:00']=>[5]=>[2, 8, 2, 4, 6, 2, 2, 4, 6, 8]
['20100819056', '15:20:00']=>[5]=>[3, 1, 3, 3, 7, 5, 5, 3, 9, 9]
['20100828114', '23:30:00']=>[5]=>[0, 2, 2, 0, 8, 2, 0, 0, 4, 0]
['20100908002', '00:10:00']=>[5]=>[2, 0, 6, 0, 0, 0, 4, 2, 4, 6]
['20100908019', '01:35:00']=>[5]=>[4, 0, 2, 4, 2, 2, 4, 8, 6, 2]
['20101108015', '01:15:00']=>[5]=>[0, 6, 8, 2, 2, 8, 8, 6, 6, 2]
['20101129075', '18:30:00']=>[5]=>[4, 8, 8, 0, 0, 0, 0, 8, 6, 8]
['20101210013', '01:05:00']=>[5]=>[8, 8, 6, 4, 8, 6, 2, 8, 4, 0]
['20101211107', '22:55:00']=>[5]=>[0, 4, 6, 8, 6, 4, 0, 8, 6, 4]
['20101219064', '16:40:00']=>[5]=>[1, 1, 1, 3, 3, 7, 3, 7, 3, 5]
['20101223069', '17:30:00']=>[5]=>[5, 3, 3, 9, 9, 9, 3, 3, 7, 5]
['20101223095', '21:50:00']=>[5]=>[4, 4, 4, 4, 2, 6, 6, 8, 8, 8]
['20101229036', '12:00:00']=>[5]=>[6, 2, 0, 4, 4, 6, 4, 6, 0, 0]
['20110101066', '17:00:00']=>[5]=>[0, 2, 4, 0, 4, 4, 2, 0, 6, 0]
['20110211043', '13:10:00']=>[5]=>[3, 5, 1, 3, 3, 7, 3, 7, 1, 1]
['20110225033', '11:30:00']=>[5]=>[6, 6, 0, 8, 2, 8, 8, 0, 6, 8]
['20110320022', '01:50:00']=>[5]=>[3, 7, 5, 5, 5, 1, 7, 3, 9, 7]
['20110405098', '22:10:00']=>[5]=>[6, 0, 8, 2, 0, 0, 4, 2, 0, 0]
['20110417070', '17:40:00']=>[5]=>[7, 9, 9, 3, 1, 9, 1, 9, 1, 7]
['20110421111', '23:15:00']=>[5]=>[3, 1, 5, 5, 3, 3, 1, 5, 5, 1]
['20110709095', '21:50:00']=>[5]=>[5, 1, 5, 3, 9, 9, 9, 5, 1, 1]
['20110719055', '15:10:00']=>[5]=>[7, 7, 9, 7, 7, 7, 3, 7, 9, 5]
['20110820087', '20:30:00']=>[5]=>[0, 0, 2, 6, 6, 0, 6, 6, 0, 2]
['20110906034', '11:40:00']=>[5]=>[6, 0, 4, 2, 2, 6, 4, 6, 0, 0]
['20110908041', '12:50:00']=>[5]=>[7, 9, 3, 7, 5, 9, 1, 9, 3, 7]
['20110921070', '17:40:00']=>[5]=>[2, 8, 2, 0, 2, 4, 6, 8, 8, 4]
['20111004050', '14:20:00']=>[5]=>[4, 6, 2, 8, 2, 6, 8, 8, 4, 6]
['20111219012', '01:00:00']=>[5]=>[2, 2, 8, 4, 2, 6, 8, 2, 8, 2]
['20111225120', '00:00:00']=>[5]=>[8, 2, 8, 6, 6, 6, 4, 4, 8, 6]
['20111231033', '11:30:00']=>[5]=>[0, 4, 8, 8, 4, 0, 4, 0, 2, 0]
['20120112111', '23:15:00']=>[5]=>[2, 0, 0, 6, 8, 6, 0, 0, 4, 8]
['20120120047', '13:50:00']=>[5]=>[9, 9, 7, 3, 3, 3, 9, 5, 3, 1]
['20120129031', '11:10:00']=>[5]=>[4, 2, 6, 2, 2, 8, 0, 2, 8, 0]
['20120131048', '14:00:00']=>[5]=>[0, 2, 0, 8, 4, 4, 0, 0, 4, 8]
['20120131058', '15:40:00']=>[5]=>[7, 3, 3, 9, 7, 9, 7, 5, 1, 5]
['20120306108', '23:00:00']=>[5]=>[0, 8, 6, 8, 6, 4, 0, 2, 0, 8]
['20120319086', '20:20:00']=>[5]=>[7, 9, 9, 9, 9, 9, 5, 7, 3, 1]
['20120511097', '22:05:00']=>[5]=>[0, 8, 6, 2, 0, 6, 8, 6, 2, 6]
['20120523063', '16:30:00']=>[5]=>[2, 0, 8, 8, 6, 0, 2, 0, 4, 4]
['20120527114', '23:30:00']=>[5]=>[1, 9, 3, 3, 3, 7, 9, 9, 3, 9]
['20120615116', '23:40:00']=>[5]=>[7, 1, 3, 3, 3, 7, 9, 7, 1, 3]
['20120826096', '22:00:00']=>[5]=>[3, 7, 5, 5, 3, 7, 5, 9, 3, 1]
['20120828042', '13:00:00']=>[5]=>[5, 1, 7, 1, 3, 7, 7, 1, 7, 1]
['20120903106', '22:50:00']=>[5]=>[4, 6, 8, 2, 6, 6, 4, 0, 0, 4]
['20120913032', '11:20:00']=>[5]=>[5, 7, 3, 1, 3, 7, 3, 7, 1, 1]
['20120914109', '23:05:00']=>[5]=>[6, 2, 2, 8, 0, 2, 8, 0, 4, 6]
['20121001087', '20:30:00']=>[5]=>[4, 0, 8, 2, 6, 0, 4, 6, 4, 8]
['20121004039', '12:30:00']=>[5]=>[1, 7, 1, 3, 1, 1, 5, 3, 9, 3]
['20121016102', '22:30:00']=>[5]=>[5, 7, 5, 7, 9, 9, 3, 1, 9, 5]
['20121113102', '22:30:00']=>[5]=>[6, 0, 4, 6, 2, 8, 0, 2, 6, 2]
['20121128092', '21:20:00']=>[5]=>[0, 6, 2, 8, 2, 2, 8, 4, 8, 4]
['20121217108', '23:00:00']=>[5]=>[1, 1, 7, 9, 1, 3, 7, 3, 7, 1]
['20130101063', '16:30:00']=>[5]=>[9, 9, 7, 1, 1, 9, 9, 3, 1, 3]
['20130207036', '12:00:00']=>[5]=>[7, 1, 9, 7, 7, 1, 7, 9, 1, 9]
['20130208043', '13:10:00']=>[5]=>[2, 8, 2, 0, 0, 4, 2, 2, 4, 4]
['20130304064', '16:40:00']=>[5]=>[7, 3, 5, 5, 5, 3, 7, 5, 7, 1]
['20130304096', '22:00:00']=>[5]=>[9, 9, 5, 3, 7, 5, 3, 7, 1, 9]
['20130331032', '11:20:00']=>[5]=>[5, 7, 5, 1, 9, 5, 5, 1, 1, 5]
['20130412116', '23:40:00']=>[5]=>[6, 6, 4, 8, 0, 8, 4, 0, 6, 2]
['20130414050', '14:20:00']=>[5]=>[3, 1, 5, 9, 1, 3, 1, 3, 9, 7]
['20130422089', '20:50:00']=>[5]=>[8, 2, 4, 4, 6, 4, 6, 0, 2, 0]
['20130430065', '16:50:00']=>[5]=>[5, 5, 1, 9, 9, 5, 9, 9, 1, 1]
['20130508039', '12:30:00']=>[5]=>[2, 6, 8, 6, 8, 4, 8, 6, 6, 0]
['20130509103', '22:35:00']=>[5]=>[2, 2, 0, 2, 6, 6, 6, 6, 2, 0]
['20130605093', '21:30:00']=>[5]=>[5, 1, 5, 1, 7, 9, 9, 3, 5, 7]
['20130612037', '12:10:00']=>[5]=>[7, 5, 3, 5, 7, 1, 5, 7, 3, 9]
['20130615027', '10:30:00']=>[5]=>[1, 3, 3, 1, 7, 7, 7, 5, 7, 5]
['20130619001', '00:05:00']=>[5]=>[0, 8, 6, 8, 0, 8, 4, 2, 2, 0]
['20130624115', '23:35:00']=>[5]=>[6, 6, 0, 6, 8, 2, 6, 8, 6, 8]
['20130722019', '01:35:00']=>[5]=>[3, 7, 3, 1, 9, 5, 3, 1, 3, 1]
['20130723111', '23:15:00']=>[5]=>[3, 5, 5, 5, 5, 7, 9, 3, 5, 5]
['20130727116', '23:40:00']=>[5]=>[7, 3, 3, 7, 9, 1, 3, 1, 5, 1]
['20130827037', '12:10:00']=>[5]=>[2, 2, 8, 8, 8, 6, 2, 2, 8, 8]
['20130909071', '17:50:00']=>[5]=>[4, 2, 6, 2, 0, 6, 0, 8, 2, 6]
['20130927082', '19:40:00']=>[5]=>[6, 0, 4, 4, 2, 4, 2, 8, 8, 8]
['20130928041', '12:50:00']=>[5]=>[9, 9, 9, 7, 3, 1, 7, 5, 9, 3]
['20131003067', '17:10:00']=>[5]=>[6, 4, 6, 8, 4, 0, 6, 8, 2, 6]
['20131015096', '22:00:00']=>[5]=>[2, 0, 0, 0, 8, 4, 4, 0, 8, 8]
['20131018082', '19:40:00']=>[5]=>[9, 7, 7, 1, 7, 1, 3, 1, 9, 9]
['20131021011', '00:55:00']=>[5]=>[2, 8, 2, 4, 8, 8, 4, 6, 6, 0]
['20131205101', '22:25:00']=>[5]=>[6, 0, 0, 6, 0, 0, 2, 4, 8, 0]
['20131218068', '17:20:00']=>[5]=>[8, 6, 0, 6, 2, 8, 4, 2, 4, 4]
['20140114074', '18:20:00']=>[5]=>[3, 7, 9, 3, 9, 5, 3, 1, 5, 1]
['20140211078', '19:00:00']=>[5]=>[9, 3, 3, 7, 9, 7, 9, 5, 9, 3]
['20140215107', '22:55:00']=>[5]=>[1, 7, 1, 5, 1, 7, 9, 5, 5, 7]
['20140313069', '17:30:00']=>[5]=>[2, 4, 2, 8, 8, 8, 6, 4, 6, 8]
['20140320046', '13:40:00']=>[5]=>[5, 3, 5, 3, 9, 7, 3, 1, 7, 1]
['20140506047', '13:50:00']=>[5]=>[6, 2, 2, 2, 6, 0, 8, 2, 0, 2]
['20140511042', '13:00:00']=>[5]=>[3, 9, 1, 1, 7, 9, 1, 5, 3, 3]
['20140630057', '15:30:00']=>[5]=>[5, 9, 5, 3, 9, 5, 3, 1, 1, 5]
['20140719118', '23:50:00']=>[5]=>[7, 7, 7, 1, 1, 7, 5, 9, 3, 3]
['20140720057', '15:30:00']=>[5]=>[4, 2, 6, 8, 2, 8, 4, 0, 8, 2]
['20140819029', '10:50:00']=>[5]=>[6, 2, 4, 6, 2, 0, 6, 6, 0, 6]
['20140903009', '00:45:00']=>[5]=>[6, 2, 0, 8, 8, 2, 2, 8, 0, 0]
['20140920039', '12:30:00']=>[5]=>[6, 4, 2, 4, 0, 2, 4, 8, 4, 8]
['20140929086', '20:20:00']=>[5]=>[4, 2, 2, 8, 2, 0, 6, 2, 2, 2]
['20141004092', '21:20:00']=>[5]=>[7, 5, 1, 9, 7, 5, 9, 5, 1, 9]
['20141112114', '23:30:00']=>[5]=>[3, 9, 3, 3, 9, 1, 3, 5, 3, 1]
['20141210089', '20:50:00']=>[5]=>[0, 8, 6, 8, 8, 2, 0, 6, 0, 6]
['20141212004', '00:20:00']=>[5]=>[3, 9, 5, 7, 7, 7, 7, 9, 9, 1]
['20141214098', '22:10:00']=>[5]=>[7, 5, 5, 7, 7, 7, 9, 5, 3, 9]
['20141218001', '00:05:00']=>[5]=>[9, 1, 9, 9, 1, 9, 9, 7, 3, 1]
['20141227120', '00:00:00']=>[5]=>[3, 7, 9, 5, 1, 5, 9, 3, 9, 1]
['20141229106', '22:50:00']=>[5]=>[3, 9, 1, 1, 1, 5, 3, 9, 7, 5]
['20141231035', '11:50:00']=>[5]=>[9, 3, 5, 7, 1, 5, 7, 7, 1, 3]
['20150104002', '00:10:00']=>[5]=>[4, 8, 0, 4, 6, 4, 4, 2, 6, 0]
['20150226030', '11:00:00']=>[5]=>[4, 4, 0, 4, 2, 0, 8, 6, 6, 4]
['20150327070', '17:40:00']=>[5]=>[7, 1, 7, 9, 9, 3, 3, 9, 1, 5]
['20150412004', '00:20:00']=>[5]=>[4, 6, 2, 2, 8, 0, 6, 6, 2, 2]
['20150503097', '22:05:00']=>[5]=>[8, 6, 8, 8, 8, 0, 0, 4, 2, 0]
['20150510096', '22:00:00']=>[5]=>[7, 9, 9, 3, 5, 1, 7, 7, 9, 5]
['20150723107', '22:55:00']=>[5]=>[7, 7, 9, 9, 1, 1, 7, 7, 7, 1]
['20150801036', '12:00:00']=>[5]=>[2, 2, 0, 8, 2, 0, 2, 4, 8, 8]
['20150801085', '20:10:00']=>[5]=>[7, 5, 7, 7, 9, 7, 7, 5, 7, 1]
['20150818056', '15:20:00']=>[5]=>[2, 0, 0, 2, 4, 8, 4, 2, 6, 2]
['20150828004', '00:20:00']=>[5]=>[5, 1, 9, 5, 1, 9, 1, 9, 7, 3]
['20150829075', '18:30:00']=>[5]=>[9, 7, 9, 3, 7, 7, 7, 7, 3, 1]
['20151008019', '01:35:00']=>[5]=>[0, 4, 8, 8, 0, 2, 6, 6, 2, 6]
['20151023033', '11:30:00']=>[5]=>[4, 8, 8, 2, 8, 6, 4, 0, 0, 0]
['20151028043', '13:10:00']=>[5]=>[1, 3, 7, 7, 7, 5, 9, 7, 3, 7]
['20151127081', '19:30:00']=>[5]=>[3, 9, 7, 7, 5, 9, 5, 9, 5, 1]
['20151130036', '12:00:00']=>[5]=>[6, 2, 8, 2, 2, 2, 0, 8, 4, 6]
