['20090521040', '16:30:00']=>[5]=>[9, 7, 1, 3, 3, 3, 1, 3, 3, 1, 3, 3, 9, 7]
['20090717031', '15:00:00']=>[5]=>[9, 5, 5, 1, 9, 7, 7, 1, 9, 3, 1, 9, 5, 9]
['20110531102', '22:30:00']=>[5]=>[5, 5, 7, 9, 3, 7, 5, 3, 3, 1, 5, 3, 7, 3]
['20110829028', '10:40:00']=>[5]=>[3, 5, 3, 5, 9, 3, 5, 3, 1, 3, 3, 3, 7, 5]
['20120928022', '01:50:00']=>[5]=>[7, 7, 5, 3, 5, 7, 9, 5, 3, 9, 7, 7, 5, 3]
['20130101094', '21:40:00']=>[5]=>[5, 1, 1, 5, 7, 5, 3, 3, 9, 9, 3, 7, 5, 1]
['20130917062', '16:20:00']=>[5]=>[1, 7, 7, 1, 7, 3, 3, 9, 7, 7, 9, 5, 3, 7]
['20131113043', '13:10:00']=>[5]=>[7, 9, 9, 3, 9, 1, 3, 3, 9, 9, 3, 1, 5, 3]
['20140513016', '01:20:00']=>[5]=>[8, 2, 0, 6, 6, 6, 2, 6, 6, 6, 6, 0, 6, 2]
['20150329094', '21:40:00']=>[5]=>[3, 9, 1, 9, 1, 9, 3, 5, 5, 7, 9, 1, 1, 3]
['20150504051', '14:30:00']=>[5]=>[7, 7, 7, 7, 3, 5, 9, 1, 3, 3, 3, 3, 9, 7]
['20151016003', '00:15:00']=>[5]=>[4, 2, 0, 0, 2, 6, 2, 2, 4, 8, 4, 0, 4, 8]
