['2007102007', '11:10:00']=>[5]=>[0, 8, 8, 6, 0, 6, 0, 2, 8, 0, 2, 4, 8]
['2008062026', '14:20:00']=>[5]=>[9, 9, 9, 5, 9, 9, 5, 7, 5, 1, 7, 5, 1]
['2008072614', '12:20:00']=>[5]=>[0, 2, 4, 8, 0, 8, 2, 2, 0, 4, 6, 8, 8]
['2008080627', '14:30:00']=>[5]=>[7, 3, 7, 9, 1, 5, 1, 7, 7, 1, 9, 7, 7]
['2008092532', '15:20:00']=>[5]=>[3, 1, 9, 3, 1, 3, 7, 7, 5, 5, 1, 5, 5]
['2009050711', '11:50:00']=>[5]=>[4, 6, 8, 0, 2, 6, 0, 4, 8, 2, 6, 8, 0]
['2009061784', '00:00:00']=>[5]=>[2, 2, 8, 0, 8, 6, 4, 8, 0, 0, 8, 2, 2]
['2011082438', '16:20:00']=>[5]=>[0, 8, 2, 2, 2, 8, 6, 2, 0, 2, 8, 0, 2]
['2011101727', '14:30:00']=>[5]=>[9, 1, 7, 5, 3, 9, 3, 5, 9, 7, 9, 7, 5]
['2011122623', '13:50:00']=>[5]=>[8, 8, 4, 6, 0, 8, 0, 6, 2, 4, 0, 8, 4]
['2013090775', '22:30:00']=>[5]=>[6, 0, 8, 4, 4, 0, 4, 2, 8, 6, 6, 6, 4]
['2014012638', '16:20:00']=>[5]=>[4, 6, 8, 2, 6, 0, 0, 4, 2, 6, 2, 4, 0]
['2014030431', '15:10:00']=>[5]=>[9, 3, 5, 7, 3, 1, 9, 5, 9, 1, 7, 3, 3]
['2014071918', '13:00:00']=>[5]=>[8, 2, 0, 8, 6, 2, 4, 2, 6, 4, 6, 6, 6]
['2015020954', '19:00:00']=>[5]=>[7, 9, 5, 5, 9, 3, 3, 5, 9, 7, 5, 9, 9]
