['2007081760', '20:00:00']=>[5]=>[1, 1, 1, 3, 7, 3, 7, 9, 3]
['2007081854', '19:00:00']=>[5]=>[4, 2, 2, 8, 6, 6, 0, 0, 8]
['2007090325', '14:10:00']=>[5]=>[8, 0, 4, 8, 2, 4, 4, 6, 8]
['2007100330', '15:00:00']=>[5]=>[0, 0, 2, 8, 8, 4, 8, 8, 0]
['2007102620', '13:20:00']=>[5]=>[8, 8, 4, 0, 6, 6, 0, 4, 4]
['2007102802', '10:20:00']=>[5]=>[6, 4, 8, 6, 4, 6, 8, 6, 8]
['2007112640', '16:40:00']=>[5]=>[8, 2, 8, 0, 0, 2, 0, 4, 4]
['2007113020', '13:20:00']=>[5]=>[9, 5, 1, 3, 9, 5, 3, 9, 9]
['2007120347', '17:50:00']=>[5]=>[8, 8, 2, 0, 8, 8, 0, 0, 4]
['2007120712', '12:00:00']=>[5]=>[6, 8, 2, 4, 4, 0, 8, 4, 2]
['2007122946', '17:40:00']=>[5]=>[2, 6, 2, 6, 4, 4, 6, 2, 4]
['2008011942', '17:00:00']=>[5]=>[3, 3, 3, 7, 7, 7, 9, 9, 7]
['2008012768', '21:20:00']=>[5]=>[9, 7, 7, 1, 5, 9, 7, 9, 5]
['2008021641', '16:50:00']=>[5]=>[2, 4, 2, 4, 4, 8, 2, 6, 4]
['2008030307', '11:10:00']=>[5]=>[4, 0, 4, 2, 0, 8, 6, 4, 2]
['2008030803', '10:30:00']=>[5]=>[3, 1, 1, 5, 9, 3, 5, 1, 3]
['2008032307', '11:10:00']=>[5]=>[7, 3, 9, 9, 1, 5, 9, 5, 7]
['2008032656', '19:20:00']=>[5]=>[4, 2, 6, 2, 2, 0, 6, 6, 6]
['2008051853', '18:50:00']=>[5]=>[4, 8, 4, 2, 8, 2, 6, 8, 0]
['2008053020', '13:20:00']=>[5]=>[7, 5, 3, 7, 3, 5, 9, 1, 7]
['2008053070', '21:40:00']=>[5]=>[1, 7, 5, 9, 1, 1, 3, 1, 7]
['2008062838', '16:20:00']=>[5]=>[7, 9, 9, 1, 7, 1, 9, 7, 3]
['2008071809', '11:30:00']=>[5]=>[8, 4, 2, 4, 0, 4, 0, 6, 4]
['2008071927', '14:30:00']=>[5]=>[7, 1, 7, 1, 1, 3, 9, 7, 1]
['2008073068', '21:20:00']=>[5]=>[8, 6, 0, 2, 4, 0, 2, 4, 4]
['2008080141', '16:50:00']=>[5]=>[0, 8, 6, 6, 6, 2, 0, 2, 6]
['2008080543', '17:10:00']=>[5]=>[3, 3, 9, 1, 7, 7, 3, 5, 7]
['2008080907', '11:10:00']=>[5]=>[6, 8, 0, 0, 4, 0, 0, 8, 2]
['2008100103', '10:30:00']=>[5]=>[1, 5, 9, 5, 1, 3, 7, 3, 3]
['2008100206', '11:00:00']=>[5]=>[6, 6, 2, 0, 8, 8, 8, 8, 8]
['2008100813', '12:10:00']=>[5]=>[3, 7, 5, 3, 3, 5, 3, 3, 1]
['2008100847', '17:50:00']=>[5]=>[9, 7, 7, 3, 9, 9, 9, 5, 7]
['2008102127', '14:30:00']=>[5]=>[4, 8, 8, 8, 4, 0, 8, 4, 4]
['2008110903', '10:30:00']=>[5]=>[5, 1, 9, 7, 9, 9, 3, 3, 7]
['2008112065', '20:50:00']=>[5]=>[7, 7, 5, 1, 5, 3, 7, 1, 7]
['2008112158', '19:40:00']=>[5]=>[9, 1, 1, 5, 9, 1, 9, 3, 7]
['2008120255', '19:10:00']=>[5]=>[1, 7, 7, 9, 1, 7, 1, 7, 5]
['2008121414', '12:20:00']=>[5]=>[3, 9, 7, 9, 7, 3, 9, 5, 9]
['2008122112', '12:00:00']=>[5]=>[5, 1, 7, 1, 5, 1, 3, 9, 7]
['2008122424', '14:00:00']=>[5]=>[2, 6, 8, 8, 6, 0, 0, 0, 4]
['2009010867', '21:10:00']=>[5]=>[2, 6, 0, 4, 0, 8, 8, 0, 6]
['2009021550', '18:20:00']=>[5]=>[9, 7, 1, 1, 7, 5, 9, 1, 3]
['2009022608', '11:20:00']=>[5]=>[0, 0, 4, 0, 4, 8, 2, 6, 4]
['2009030515', '12:30:00']=>[5]=>[3, 5, 1, 3, 5, 7, 5, 5, 1]
['2009040427', '14:30:00']=>[5]=>[3, 5, 1, 1, 7, 3, 3, 5, 9]
['2009040616', '12:40:00']=>[5]=>[4, 6, 8, 6, 4, 2, 2, 6, 8]
['2009040818', '13:00:00']=>[5]=>[7, 3, 9, 9, 9, 7, 7, 5, 7]
['2009041705', '10:50:00']=>[5]=>[5, 3, 5, 9, 1, 7, 5, 3, 1]
['2009042563', '20:30:00']=>[5]=>[0, 0, 0, 4, 8, 8, 8, 0, 8]
['2009042860', '20:00:00']=>[5]=>[9, 7, 5, 5, 1, 3, 1, 7, 5]
['2009060719', '13:10:00']=>[5]=>[1, 3, 7, 9, 9, 3, 5, 9, 3]
['2009060728', '14:40:00']=>[5]=>[8, 8, 8, 0, 4, 2, 0, 2, 8]
['2009070762', '20:20:00']=>[5]=>[1, 7, 9, 1, 3, 5, 3, 5, 7]
['2009071745', '17:30:00']=>[5]=>[4, 4, 4, 4, 4, 4, 8, 6, 6]
['2009071907', '11:10:00']=>[5]=>[6, 6, 8, 6, 6, 0, 8, 4, 2]
['2009080372', '22:00:00']=>[5]=>[8, 4, 0, 2, 8, 8, 2, 4, 8]
['2009081709', '11:30:00']=>[5]=>[7, 9, 7, 1, 1, 1, 3, 9, 7]
['2009081784', '00:00:00']=>[5]=>[7, 1, 3, 9, 1, 5, 1, 5, 7]
['2009082661', '20:10:00']=>[5]=>[2, 0, 6, 2, 2, 8, 2, 4, 4]
['2009082956', '19:20:00']=>[5]=>[9, 5, 3, 1, 7, 9, 1, 1, 1]
['2009083153', '18:50:00']=>[5]=>[9, 3, 7, 3, 7, 1, 3, 5, 5]
['2009090622', '13:40:00']=>[5]=>[1, 5, 9, 3, 1, 5, 9, 7, 7]
['2009091081', '23:30:00']=>[5]=>[8, 6, 8, 8, 6, 4, 0, 0, 0]
['2009091450', '18:20:00']=>[5]=>[1, 5, 5, 3, 5, 9, 3, 7, 5]
['2009091537', '16:10:00']=>[5]=>[9, 7, 7, 9, 9, 3, 7, 3, 7]
['2009100227', '14:30:00']=>[5]=>[8, 6, 2, 6, 8, 8, 6, 8, 2]
['2009100373', '22:10:00']=>[5]=>[8, 6, 6, 0, 2, 6, 0, 8, 8]
['2009101063', '20:30:00']=>[5]=>[3, 3, 9, 5, 7, 1, 3, 9, 1]
['2009101718', '13:00:00']=>[5]=>[0, 2, 8, 0, 0, 8, 4, 8, 0]
['2009102033', '15:30:00']=>[5]=>[4, 8, 0, 2, 0, 0, 8, 2, 0]
['2009102260', '20:00:00']=>[5]=>[7, 5, 1, 9, 3, 7, 7, 7, 5]
['2009103044', '17:20:00']=>[5]=>[1, 3, 7, 9, 1, 1, 9, 3, 9]
['2009112528', '14:40:00']=>[5]=>[8, 6, 0, 8, 4, 2, 8, 0, 4]
['2009113060', '20:00:00']=>[5]=>[3, 7, 3, 1, 5, 9, 7, 7, 9]
['2009120407', '11:10:00']=>[5]=>[8, 2, 0, 0, 4, 2, 4, 4, 4]
['2009121236', '16:00:00']=>[5]=>[5, 5, 5, 3, 1, 3, 7, 7, 3]
['2010010934', '15:40:00']=>[5]=>[1, 9, 7, 9, 1, 9, 9, 5, 3]
['2010011806', '11:00:00']=>[5]=>[4, 8, 8, 0, 4, 8, 8, 0, 0]
['2010011820', '13:20:00']=>[5]=>[7, 9, 9, 7, 7, 5, 1, 7, 3]
['2010020268', '21:20:00']=>[5]=>[1, 1, 9, 3, 9, 3, 9, 3, 3]
['2010020435', '15:50:00']=>[5]=>[6, 4, 8, 0, 0, 4, 4, 2, 2]
['2010030315', '12:30:00']=>[5]=>[6, 2, 0, 2, 2, 6, 0, 0, 2]
['2010031606', '11:00:00']=>[5]=>[6, 8, 6, 4, 8, 8, 8, 6, 6]
['2010031739', '16:30:00']=>[5]=>[3, 3, 3, 3, 1, 1, 7, 3, 7]
['2010031972', '22:00:00']=>[5]=>[4, 8, 6, 6, 2, 6, 8, 2, 6]
['2010041372', '22:00:00']=>[5]=>[1, 7, 1, 3, 9, 1, 7, 9, 1]
['2010041905', '10:50:00']=>[5]=>[7, 7, 1, 1, 9, 5, 9, 1, 9]
['2010042132', '15:20:00']=>[5]=>[0, 8, 0, 2, 0, 2, 4, 8, 8]
['2010052143', '17:10:00']=>[5]=>[6, 0, 2, 6, 0, 0, 4, 8, 4]
['2010060483', '23:50:00']=>[5]=>[4, 2, 2, 0, 4, 4, 6, 4, 2]
['2010060912', '12:00:00']=>[5]=>[2, 6, 2, 8, 6, 0, 8, 2, 4]
['2010061522', '13:40:00']=>[5]=>[9, 5, 7, 3, 1, 7, 1, 1, 1]
['2010062646', '17:40:00']=>[5]=>[0, 4, 8, 0, 6, 8, 2, 0, 8]
['2010070153', '18:50:00']=>[5]=>[6, 0, 8, 6, 6, 8, 8, 6, 0]
['2010073178', '23:00:00']=>[5]=>[8, 0, 4, 8, 4, 6, 8, 0, 4]
['2010080707', '11:10:00']=>[5]=>[5, 3, 3, 9, 5, 1, 9, 3, 7]
['2010082165', '20:50:00']=>[5]=>[4, 0, 0, 2, 8, 4, 8, 4, 4]
['2010090369', '21:30:00']=>[5]=>[9, 3, 5, 3, 9, 9, 9, 9, 5]
['2010090527', '14:30:00']=>[5]=>[4, 8, 4, 2, 6, 4, 6, 0, 4]
['2010091505', '10:50:00']=>[5]=>[3, 5, 3, 7, 9, 7, 1, 7, 7]
['2010092581', '23:30:00']=>[5]=>[9, 7, 9, 7, 9, 7, 5, 5, 9]
['2010101312', '12:00:00']=>[5]=>[0, 4, 4, 6, 4, 6, 2, 4, 0]
['2010111547', '17:50:00']=>[5]=>[5, 7, 3, 7, 5, 9, 5, 1, 9]
['2010111943', '17:10:00']=>[5]=>[6, 8, 2, 8, 4, 4, 2, 4, 8]
['2010113043', '17:10:00']=>[5]=>[1, 3, 3, 1, 1, 1, 7, 1, 1]
['2011011506', '11:00:00']=>[5]=>[4, 8, 0, 2, 6, 4, 8, 2, 0]
['2011011982', '23:40:00']=>[5]=>[7, 7, 5, 5, 5, 5, 5, 5, 7]
['2011012648', '18:00:00']=>[5]=>[8, 4, 2, 8, 0, 8, 4, 4, 0]
['2011021432', '15:20:00']=>[5]=>[5, 7, 5, 5, 9, 3, 3, 7, 7]
['2011030513', '12:10:00']=>[5]=>[1, 9, 3, 9, 7, 3, 5, 1, 9]
['2011031643', '17:10:00']=>[5]=>[0, 4, 4, 8, 0, 2, 4, 0, 6]
['2011031841', '16:50:00']=>[5]=>[2, 4, 8, 0, 2, 2, 6, 0, 4]
['2011032182', '23:40:00']=>[5]=>[2, 2, 2, 6, 2, 6, 0, 0, 8]
['2011040874', '22:20:00']=>[5]=>[0, 8, 2, 8, 8, 8, 4, 2, 0]
['2011041913', '12:10:00']=>[5]=>[9, 5, 3, 5, 3, 9, 1, 9, 7]
['2011050202', '10:20:00']=>[5]=>[9, 1, 1, 7, 5, 3, 7, 7, 7]
['2011051776', '22:40:00']=>[5]=>[8, 6, 8, 2, 8, 2, 8, 4, 8]
['2011052608', '11:20:00']=>[5]=>[8, 2, 6, 0, 4, 6, 8, 0, 6]
['2011053178', '23:00:00']=>[5]=>[3, 7, 5, 5, 9, 1, 5, 3, 9]
['2011060226', '14:20:00']=>[5]=>[5, 5, 7, 3, 1, 5, 3, 1, 7]
['2011060348', '18:00:00']=>[5]=>[4, 8, 0, 6, 4, 4, 6, 2, 0]
['2011060503', '10:30:00']=>[5]=>[7, 7, 9, 3, 9, 9, 3, 1, 5]
['2011061263', '20:30:00']=>[5]=>[4, 2, 4, 6, 0, 6, 0, 6, 4]
['2011062757', '19:30:00']=>[5]=>[4, 4, 6, 4, 4, 6, 0, 6, 8]
['2011070957', '19:30:00']=>[5]=>[2, 2, 4, 8, 6, 2, 6, 4, 2]
['2011080524', '14:00:00']=>[5]=>[3, 1, 1, 5, 3, 3, 5, 7, 7]
['2011081033', '15:30:00']=>[5]=>[7, 5, 5, 9, 5, 5, 3, 9, 1]
['2011081381', '23:30:00']=>[5]=>[4, 6, 6, 0, 4, 0, 6, 0, 4]
['2011081446', '17:40:00']=>[5]=>[7, 5, 3, 5, 7, 1, 5, 5, 7]
['2011081813', '12:10:00']=>[5]=>[3, 7, 1, 1, 1, 3, 5, 9, 1]
['2011082130', '15:00:00']=>[5]=>[0, 6, 0, 4, 8, 2, 8, 6, 0]
['2011091670', '21:40:00']=>[5]=>[4, 2, 4, 4, 8, 4, 6, 4, 0]
['2011092320', '13:20:00']=>[5]=>[0, 2, 2, 8, 8, 4, 8, 6, 6]
['2011103050', '18:20:00']=>[5]=>[8, 2, 6, 0, 0, 4, 6, 2, 8]
['2011112139', '16:30:00']=>[5]=>[1, 5, 5, 9, 7, 1, 3, 9, 9]
['2011112237', '16:10:00']=>[5]=>[5, 3, 9, 7, 3, 1, 9, 1, 5]
['2011112747', '17:50:00']=>[5]=>[2, 0, 6, 6, 2, 6, 4, 6, 6]
['2011113075', '22:30:00']=>[5]=>[6, 6, 8, 4, 4, 0, 2, 8, 6]
['2011120428', '14:40:00']=>[5]=>[4, 0, 4, 2, 8, 4, 2, 0, 4]
['2011121982', '23:40:00']=>[5]=>[5, 1, 3, 3, 1, 7, 5, 9, 1]
['2011122383', '23:50:00']=>[5]=>[5, 5, 5, 1, 9, 1, 3, 5, 3]
['2012010259', '19:50:00']=>[5]=>[8, 0, 8, 0, 2, 2, 6, 6, 8]
['2012011732', '15:20:00']=>[5]=>[0, 4, 2, 0, 0, 0, 8, 4, 4]
['2012011963', '20:30:00']=>[5]=>[3, 7, 1, 9, 3, 7, 1, 3, 1]
['2012030505', '10:50:00']=>[5]=>[4, 6, 8, 2, 4, 6, 4, 6, 4]
['2012030573', '22:10:00']=>[5]=>[2, 4, 2, 0, 8, 0, 8, 0, 2]
['2012031126', '14:20:00']=>[5]=>[8, 2, 8, 4, 4, 6, 8, 4, 6]
['2012040117', '12:50:00']=>[5]=>[0, 6, 2, 8, 8, 6, 8, 4, 2]
['2012040657', '19:30:00']=>[5]=>[0, 6, 8, 4, 6, 6, 4, 0, 8]
['2012042061', '20:10:00']=>[5]=>[2, 0, 4, 8, 4, 8, 8, 8, 0]
['2012042457', '19:30:00']=>[5]=>[5, 9, 5, 3, 5, 3, 7, 9, 5]
['2012043084', '00:00:00']=>[5]=>[1, 1, 3, 3, 9, 1, 9, 7, 5]
['2012051583', '23:50:00']=>[5]=>[1, 9, 7, 3, 3, 1, 1, 5, 5]
['2012051657', '19:30:00']=>[5]=>[8, 8, 2, 2, 4, 8, 4, 2, 8]
['2012051681', '23:30:00']=>[5]=>[4, 0, 2, 0, 6, 2, 0, 8, 2]
['2012051777', '22:50:00']=>[5]=>[5, 5, 9, 5, 7, 7, 1, 5, 1]
['2012052084', '00:00:00']=>[5]=>[7, 9, 5, 9, 7, 3, 9, 5, 1]
['2012070422', '13:40:00']=>[5]=>[3, 3, 5, 9, 7, 3, 1, 9, 1]
['2012071233', '15:30:00']=>[5]=>[3, 1, 7, 5, 1, 7, 5, 1, 3]
['2012071269', '21:30:00']=>[5]=>[5, 9, 9, 9, 9, 7, 7, 1, 5]
['2012081364', '20:40:00']=>[5]=>[8, 6, 6, 4, 6, 6, 4, 6, 6]
['2012082272', '22:00:00']=>[5]=>[2, 0, 4, 8, 8, 8, 8, 8, 6]
['2012082445', '17:30:00']=>[5]=>[5, 9, 3, 7, 9, 1, 1, 3, 7]
['2012090159', '19:50:00']=>[5]=>[6, 8, 8, 4, 6, 8, 0, 6, 0]
['2012091723', '13:50:00']=>[5]=>[7, 3, 9, 5, 5, 5, 1, 3, 3]
['2012100640', '16:40:00']=>[5]=>[3, 5, 3, 1, 5, 7, 5, 7, 3]
['2012100764', '20:40:00']=>[5]=>[1, 7, 3, 7, 5, 1, 1, 9, 3]
['2012101610', '11:40:00']=>[5]=>[8, 2, 8, 2, 6, 2, 8, 0, 8]
['2012110166', '21:00:00']=>[5]=>[4, 6, 0, 4, 4, 4, 0, 2, 0]
['2012110508', '11:20:00']=>[5]=>[0, 0, 8, 6, 4, 0, 2, 6, 6]
['2012110861', '20:10:00']=>[5]=>[5, 5, 1, 5, 5, 3, 7, 7, 5]
['2012110982', '23:40:00']=>[5]=>[8, 6, 6, 0, 6, 8, 8, 2, 8]
['2012111135', '15:50:00']=>[5]=>[9, 7, 5, 1, 5, 9, 9, 9, 7]
['2012111290', '01:00:00']=>[5]=>[4, 8, 6, 2, 0, 2, 8, 4, 8]
['2012121291', '01:10:00']=>[5]=>[0, 2, 6, 0, 4, 6, 0, 2, 2]
['2012121894', '01:40:00']=>[5]=>[1, 3, 7, 3, 1, 1, 9, 5, 1]
['2013012020', '13:20:00']=>[5]=>[9, 1, 9, 3, 5, 5, 9, 7, 5]
['2013040950', '18:20:00']=>[5]=>[0, 6, 6, 6, 2, 8, 4, 2, 6]
['2013052015', '12:30:00']=>[5]=>[5, 5, 7, 9, 7, 9, 5, 3, 7]
['2013061538', '16:20:00']=>[5]=>[3, 9, 9, 9, 3, 5, 5, 9, 9]
['2013061632', '15:20:00']=>[5]=>[1, 5, 7, 5, 3, 7, 9, 1, 3]
['2013062421', '13:30:00']=>[5]=>[3, 3, 3, 9, 5, 3, 7, 3, 3]
['2013062494', '01:40:00']=>[5]=>[9, 9, 1, 9, 9, 3, 9, 3, 5]
['2013062880', '23:20:00']=>[5]=>[1, 5, 1, 7, 3, 7, 3, 7, 5]
['2013070344', '17:20:00']=>[5]=>[6, 0, 2, 4, 4, 6, 4, 6, 0]
['2013071692', '01:20:00']=>[5]=>[9, 9, 3, 5, 1, 1, 5, 7, 5]
['2013072927', '14:30:00']=>[5]=>[5, 7, 1, 9, 9, 3, 7, 1, 1]
['2013082568', '21:20:00']=>[5]=>[2, 6, 8, 8, 6, 8, 6, 6, 8]
['2013092824', '14:00:00']=>[5]=>[8, 2, 4, 4, 0, 6, 2, 2, 6]
['2013092884', '00:00:00']=>[5]=>[4, 2, 4, 4, 4, 2, 0, 2, 6]
['2013100561', '20:10:00']=>[5]=>[9, 3, 1, 7, 5, 7, 9, 9, 9]
['2013100805', '10:50:00']=>[5]=>[0, 2, 2, 4, 8, 4, 8, 4, 4]
['2013102354', '19:00:00']=>[5]=>[0, 8, 2, 4, 8, 2, 6, 4, 6]
['2013102516', '12:40:00']=>[5]=>[5, 1, 3, 7, 5, 7, 1, 7, 5]
['2013121007', '11:10:00']=>[5]=>[8, 8, 4, 4, 4, 8, 6, 2, 0]
['2013122381', '23:30:00']=>[5]=>[2, 2, 2, 4, 8, 0, 8, 4, 8]
['2014010489', '00:50:00']=>[5]=>[9, 3, 9, 9, 1, 1, 1, 5, 5]
['2014011470', '21:40:00']=>[5]=>[5, 5, 9, 1, 7, 7, 1, 9, 5]
['2014020701', '10:10:00']=>[5]=>[4, 2, 0, 0, 6, 0, 8, 6, 0]
['2014020750', '18:20:00']=>[5]=>[9, 1, 7, 7, 1, 1, 1, 1, 7]
['2014021171', '21:50:00']=>[5]=>[2, 2, 4, 6, 6, 6, 8, 0, 8]
['2014021385', '00:10:00']=>[5]=>[5, 5, 7, 5, 3, 5, 5, 3, 3]
['2014030728', '14:40:00']=>[5]=>[2, 4, 4, 4, 0, 8, 2, 8, 0]
['2014033132', '15:20:00']=>[5]=>[7, 5, 5, 3, 7, 9, 9, 1, 1]
['2014040195', '01:50:00']=>[5]=>[0, 6, 2, 0, 6, 0, 2, 8, 2]
['2014042321', '13:30:00']=>[5]=>[1, 1, 3, 3, 5, 9, 1, 7, 5]
['2014050320', '13:20:00']=>[5]=>[5, 5, 1, 9, 5, 3, 1, 7, 7]
['2014051259', '19:50:00']=>[5]=>[2, 8, 8, 0, 8, 2, 4, 0, 0]
['2014060132', '15:20:00']=>[5]=>[0, 6, 0, 2, 8, 0, 0, 6, 8]
['2014061404', '10:40:00']=>[5]=>[2, 0, 2, 2, 0, 0, 8, 6, 4]
['2014070718', '13:00:00']=>[5]=>[3, 3, 9, 5, 9, 7, 9, 3, 3]
['2014070982', '23:40:00']=>[5]=>[3, 7, 7, 1, 9, 1, 7, 1, 1]
['2014090320', '13:20:00']=>[5]=>[3, 9, 5, 3, 3, 9, 5, 5, 3]
['2014092001', '10:10:00']=>[5]=>[6, 0, 4, 8, 8, 4, 2, 2, 8]
['2014092883', '23:50:00']=>[5]=>[5, 5, 3, 5, 7, 9, 1, 7, 1]
['2014092963', '20:30:00']=>[5]=>[9, 7, 9, 1, 1, 1, 3, 5, 9]
['2014100385', '00:10:00']=>[5]=>[2, 0, 2, 0, 2, 8, 8, 8, 0]
['2014100944', '17:20:00']=>[5]=>[0, 4, 2, 4, 4, 8, 4, 6, 2]
['2014101519', '13:10:00']=>[5]=>[1, 9, 3, 3, 1, 5, 7, 3, 1]
['2014110591', '01:10:00']=>[5]=>[6, 2, 6, 0, 2, 2, 8, 6, 2]
['2014111260', '20:00:00']=>[5]=>[0, 6, 0, 2, 4, 2, 6, 6, 8]
['2014112759', '19:50:00']=>[5]=>[9, 1, 3, 5, 5, 9, 3, 5, 9]
['2014113001', '10:10:00']=>[5]=>[5, 7, 7, 5, 3, 3, 3, 9, 3]
['2014120229', '14:50:00']=>[5]=>[9, 5, 3, 3, 5, 3, 9, 1, 7]
['2014120363', '20:30:00']=>[5]=>[0, 2, 6, 6, 4, 6, 2, 2, 2]
['2014121286', '00:20:00']=>[5]=>[5, 5, 3, 7, 1, 5, 5, 5, 1]
['2014122601', '10:10:00']=>[5]=>[4, 8, 4, 8, 6, 8, 6, 0, 4]
['2015010192', '01:20:00']=>[5]=>[4, 4, 6, 2, 4, 8, 8, 8, 8]
['2015010878', '23:00:00']=>[5]=>[9, 7, 1, 5, 7, 9, 3, 1, 7]
['2015010993', '01:30:00']=>[5]=>[1, 1, 9, 5, 5, 7, 1, 5, 5]
['2015011281', '23:30:00']=>[5]=>[7, 1, 9, 7, 3, 9, 7, 3, 3]
['2015011443', '17:10:00']=>[5]=>[7, 7, 5, 1, 9, 7, 1, 3, 3]
['2015012814', '12:20:00']=>[5]=>[7, 5, 9, 7, 3, 7, 7, 3, 9]
['2015012854', '19:00:00']=>[5]=>[8, 2, 6, 0, 4, 2, 4, 6, 2]
['2015022640', '16:40:00']=>[5]=>[6, 8, 8, 0, 2, 4, 2, 0, 6]
['2015031758', '19:40:00']=>[5]=>[6, 6, 0, 4, 4, 2, 0, 6, 4]
['2015032261', '20:10:00']=>[5]=>[5, 9, 1, 5, 1, 5, 9, 7, 7]
['2015032715', '12:30:00']=>[5]=>[3, 7, 7, 3, 9, 5, 3, 1, 5]
['2015033161', '20:10:00']=>[5]=>[4, 6, 6, 4, 4, 8, 6, 0, 2]
['2015040569', '21:30:00']=>[5]=>[0, 8, 6, 0, 6, 6, 6, 4, 0]
['2015050415', '12:30:00']=>[5]=>[4, 0, 8, 4, 4, 2, 6, 2, 6]
['2015050718', '13:00:00']=>[5]=>[0, 6, 2, 0, 4, 8, 4, 0, 4]
['2015052025', '14:10:00']=>[5]=>[3, 3, 3, 9, 9, 7, 9, 7, 5]
['2015052535', '15:50:00']=>[5]=>[7, 1, 3, 1, 7, 1, 9, 5, 7]
['2015053005', '10:50:00']=>[5]=>[8, 2, 4, 8, 8, 8, 6, 4, 2]
['2015053059', '19:50:00']=>[5]=>[9, 1, 9, 7, 5, 1, 9, 9, 5]
['2015062421', '13:30:00']=>[5]=>[8, 0, 8, 8, 6, 2, 2, 8, 4]
['2015062575', '22:30:00']=>[5]=>[7, 1, 7, 1, 3, 1, 3, 1, 7]
['2015070150', '18:20:00']=>[5]=>[8, 6, 6, 6, 0, 0, 8, 6, 4]
['2015070282', '23:40:00']=>[5]=>[7, 1, 7, 1, 7, 9, 3, 1, 5]
['2015070352', '18:40:00']=>[5]=>[2, 2, 8, 8, 4, 6, 0, 4, 0]
['2015070422', '13:40:00']=>[5]=>[7, 9, 3, 9, 3, 9, 1, 1, 5]
['2015071613', '12:10:00']=>[5]=>[7, 3, 3, 7, 1, 1, 7, 1, 1]
['2015071841', '16:50:00']=>[5]=>[3, 7, 7, 5, 7, 7, 3, 9, 7]
['2015081632', '15:20:00']=>[5]=>[4, 0, 4, 0, 2, 2, 8, 2, 8]
['2015082125', '14:10:00']=>[5]=>[2, 8, 6, 8, 4, 2, 0, 4, 8]
['2015091909', '11:30:00']=>[5]=>[7, 1, 5, 3, 3, 7, 7, 5, 5]
['2015092018', '13:00:00']=>[5]=>[7, 7, 5, 1, 7, 7, 7, 5, 5]
['2015092393', '01:30:00']=>[5]=>[3, 1, 5, 5, 1, 3, 5, 7, 3]
['2015100705', '10:50:00']=>[5]=>[4, 2, 4, 2, 0, 4, 0, 8, 0]
['2015101953', '18:50:00']=>[5]=>[4, 0, 4, 8, 2, 4, 2, 2, 4]
['2015103145', '17:30:00']=>[5]=>[0, 4, 2, 4, 6, 6, 2, 8, 2]
['2015110472', '22:00:00']=>[5]=>[6, 0, 6, 4, 8, 4, 6, 2, 8]
['2015111046', '17:40:00']=>[5]=>[3, 9, 7, 7, 5, 1, 7, 1, 1]
