['20070502055', '19:00:00']=>[5]=>[8, 8, 7, 8, 6, 5, 6, 9, 6, 7, 9]
['20070607016', '12:30:00']=>[5]=>[4, 1, 1, 1, 4, 3, 3, 1, 1, 0, 2]
['20070708013', '12:00:00']=>[5]=>[9, 6, 7, 9, 7, 7, 8, 5, 5, 8, 8]
['20070726041', '16:40:00']=>[5]=>[9, 8, 6, 5, 9, 8, 7, 7, 7, 8, 6]
['20070820009', '11:20:00']=>[5]=>[0, 2, 2, 2, 2, 4, 0, 4, 1, 4, 2]
['20070903067', '21:00:00']=>[5]=>[6, 8, 9, 6, 7, 8, 9, 9, 6, 6, 8]
['20071004007', '11:00:00']=>[5]=>[9, 8, 8, 7, 6, 6, 6, 9, 7, 7, 5]
['20071019064', '20:30:00']=>[5]=>[1, 1, 0, 4, 3, 3, 3, 1, 2, 1, 0]
['20080220061', '20:00:00']=>[5]=>[3, 2, 4, 1, 1, 4, 2, 4, 4, 0, 2]
['20080330021', '13:20:00']=>[5]=>[9, 8, 5, 9, 8, 6, 6, 7, 6, 6, 7]
['20080412059', '19:40:00']=>[5]=>[4, 2, 3, 2, 4, 2, 1, 4, 3, 2, 3]
['20080416004', '10:30:00']=>[5]=>[2, 2, 2, 0, 1, 1, 2, 2, 2, 3, 1]
['20080628005', '10:40:00']=>[5]=>[3, 1, 0, 2, 1, 2, 4, 3, 0, 4, 2]
['20080723012', '11:50:00']=>[5]=>[1, 4, 2, 1, 4, 1, 4, 4, 1, 4, 4]
['20080808031', '15:00:00']=>[5]=>[9, 7, 5, 8, 9, 5, 7, 9, 5, 8, 7]
['20081007041', '16:40:00']=>[5]=>[1, 4, 1, 0, 1, 2, 3, 4, 2, 0, 3]
['20090306008', '11:10:00']=>[5]=>[8, 5, 8, 6, 8, 8, 7, 8, 5, 7, 9]
['20090408012', '11:50:00']=>[5]=>[7, 5, 7, 6, 5, 7, 6, 8, 7, 6, 7]
['20090611009', '11:20:00']=>[5]=>[9, 7, 7, 9, 7, 6, 5, 8, 8, 8, 8]
['20090815060', '19:50:00']=>[5]=>[4, 4, 3, 3, 0, 1, 2, 0, 1, 1, 0]
['20090926038', '16:10:00']=>[5]=>[1, 2, 4, 0, 1, 4, 1, 4, 4, 4, 4]
['20091003020', '13:10:00']=>[5]=>[9, 7, 7, 7, 8, 7, 5, 5, 5, 7, 7]
['20091029031', '15:00:00']=>[5]=>[5, 5, 9, 8, 8, 5, 5, 9, 9, 7, 5]
['20091119050', '18:10:00']=>[5]=>[4, 3, 2, 0, 2, 0, 2, 0, 3, 3, 1]
['20100102095', '21:50:00']=>[5]=>[6, 6, 8, 6, 9, 9, 5, 7, 6, 5, 5]
['20100307115', '23:35:00']=>[5]=>[8, 8, 6, 7, 8, 6, 9, 8, 8, 9, 9]
['20100323066', '17:00:00']=>[5]=>[0, 2, 2, 2, 0, 4, 0, 1, 1, 4, 1]
['20100402076', '18:40:00']=>[5]=>[2, 3, 0, 3, 3, 3, 1, 1, 1, 0, 1]
['20100410002', '00:10:00']=>[5]=>[1, 3, 4, 0, 3, 3, 0, 2, 1, 4, 2]
['20100509047', '13:50:00']=>[5]=>[4, 1, 3, 0, 0, 0, 1, 3, 3, 0, 2]
['20100528033', '11:30:00']=>[5]=>[4, 0, 4, 0, 2, 0, 2, 4, 3, 2, 3]
['20100613062', '16:20:00']=>[5]=>[8, 5, 5, 8, 8, 9, 9, 6, 5, 7, 6]
['20100619015', '01:15:00']=>[5]=>[2, 3, 4, 3, 1, 0, 2, 1, 4, 0, 0]
['20100723045', '13:30:00']=>[5]=>[9, 8, 9, 9, 7, 9, 6, 8, 5, 6, 6]
['20100927010', '00:50:00']=>[5]=>[6, 9, 6, 7, 7, 7, 8, 8, 8, 8, 8]
['20101002041', '12:50:00']=>[5]=>[7, 5, 9, 8, 6, 5, 7, 7, 5, 5, 9]
['20101021060', '16:00:00']=>[5]=>[4, 2, 4, 3, 4, 2, 1, 4, 2, 4, 1]
['20101114046', '13:40:00']=>[5]=>[2, 1, 1, 1, 4, 2, 0, 0, 3, 0, 4]
['20101114112', '23:20:00']=>[5]=>[0, 3, 2, 3, 4, 3, 2, 0, 4, 2, 4]
['20101201043', '13:10:00']=>[5]=>[2, 4, 3, 4, 3, 0, 0, 0, 2, 3, 0]
['20101219004', '00:20:00']=>[5]=>[4, 4, 4, 2, 1, 1, 1, 2, 0, 3, 4]
['20101225062', '16:20:00']=>[5]=>[9, 9, 8, 8, 6, 5, 8, 8, 7, 5, 7]
['20101226089', '20:50:00']=>[5]=>[2, 1, 1, 4, 2, 2, 3, 4, 0, 2, 3]
['20110213018', '01:30:00']=>[5]=>[2, 1, 3, 1, 4, 0, 0, 0, 4, 3, 2]
['20110403108', '23:00:00']=>[5]=>[6, 8, 9, 5, 9, 8, 8, 7, 8, 8, 8]
['20110703056', '15:20:00']=>[5]=>[3, 1, 3, 3, 0, 1, 4, 2, 3, 2, 0]
['20110710030', '11:00:00']=>[5]=>[9, 7, 7, 7, 7, 9, 9, 8, 8, 9, 6]
['20110803076', '18:40:00']=>[5]=>[5, 7, 8, 6, 6, 8, 6, 6, 5, 6, 8]
['20110823086', '20:20:00']=>[5]=>[8, 7, 6, 8, 5, 8, 5, 6, 9, 6, 8]
['20110901027', '10:30:00']=>[5]=>[3, 2, 4, 3, 1, 4, 4, 4, 0, 3, 2]
['20110928028', '10:40:00']=>[5]=>[9, 9, 8, 6, 8, 9, 8, 7, 9, 5, 9]
['20111015003', '00:15:00']=>[5]=>[5, 9, 9, 7, 8, 6, 6, 8, 5, 6, 5]
['20111017071', '17:50:00']=>[5]=>[1, 2, 4, 2, 4, 1, 2, 0, 4, 0, 1]
['20111019117', '23:45:00']=>[5]=>[3, 1, 1, 1, 2, 2, 2, 3, 0, 2, 1]
['20111116118', '23:50:00']=>[5]=>[8, 5, 7, 7, 9, 9, 7, 7, 5, 5, 9]
['20111122010', '00:50:00']=>[5]=>[7, 8, 8, 7, 6, 9, 6, 8, 7, 6, 5]
['20111202031', '11:10:00']=>[5]=>[7, 6, 8, 6, 9, 5, 9, 6, 9, 6, 6]
['20111215003', '00:15:00']=>[5]=>[2, 1, 1, 0, 3, 2, 2, 3, 1, 2, 3]
['20111220091', '21:10:00']=>[5]=>[3, 0, 2, 3, 2, 1, 0, 3, 2, 2, 0]
['20120206099', '22:15:00']=>[5]=>[1, 3, 0, 0, 4, 2, 4, 1, 1, 2, 1]
['20120219011', '00:55:00']=>[5]=>[8, 7, 7, 8, 8, 7, 8, 7, 7, 5, 5]
['20120318053', '14:50:00']=>[5]=>[9, 6, 9, 7, 5, 7, 6, 9, 8, 7, 7]
['20120328084', '20:00:00']=>[5]=>[2, 0, 2, 3, 1, 1, 4, 0, 4, 4, 1]
['20120503056', '15:20:00']=>[5]=>[6, 5, 8, 6, 7, 5, 8, 7, 5, 9, 8]
['20120803086', '20:20:00']=>[5]=>[5, 9, 6, 5, 9, 5, 9, 9, 6, 9, 8]
['20120807014', '01:10:00']=>[5]=>[3, 3, 3, 1, 1, 0, 3, 0, 3, 0, 3]
['20120812011', '00:55:00']=>[5]=>[4, 4, 2, 1, 1, 0, 1, 1, 2, 2, 0]
['20120902048', '14:00:00']=>[5]=>[0, 0, 0, 4, 0, 4, 2, 0, 3, 0, 0]
['20120922056', '15:20:00']=>[5]=>[4, 0, 4, 0, 1, 1, 2, 2, 0, 4, 2]
['20121006058', '15:40:00']=>[5]=>[9, 5, 6, 6, 9, 9, 5, 9, 5, 7, 8]
['20130117084', '20:00:00']=>[5]=>[2, 3, 0, 4, 0, 2, 0, 2, 0, 1, 1]
['20130329029', '10:50:00']=>[5]=>[4, 1, 2, 0, 2, 4, 4, 4, 1, 1, 3]
['20130418047', '13:50:00']=>[5]=>[7, 6, 9, 9, 8, 8, 9, 7, 9, 6, 8]
['20130719074', '18:20:00']=>[5]=>[1, 1, 2, 3, 1, 0, 0, 0, 4, 3, 0]
['20130730064', '16:40:00']=>[5]=>[8, 6, 8, 5, 7, 6, 9, 5, 9, 5, 5]
['20130918024', '10:00:00']=>[5]=>[9, 5, 9, 8, 7, 6, 5, 6, 5, 9, 7]
['20131020115', '23:35:00']=>[5]=>[0, 1, 3, 3, 1, 4, 2, 4, 0, 0, 3]
['20131024096', '22:00:00']=>[5]=>[7, 8, 8, 8, 7, 5, 5, 5, 6, 6, 5]
['20131203097', '22:05:00']=>[5]=>[0, 4, 3, 3, 0, 3, 2, 0, 1, 1, 2]
['20131216014', '01:10:00']=>[5]=>[6, 7, 8, 5, 5, 9, 8, 8, 7, 8, 6]
['20140207117', '23:45:00']=>[5]=>[0, 0, 2, 1, 4, 4, 1, 4, 0, 1, 2]
['20140301039', '12:30:00']=>[5]=>[3, 4, 2, 2, 3, 1, 3, 3, 3, 1, 1]
['20140526028', '10:40:00']=>[5]=>[9, 7, 7, 9, 5, 9, 8, 6, 7, 9, 8]
['20140615051', '14:30:00']=>[5]=>[1, 3, 0, 0, 2, 3, 0, 4, 4, 3, 3]
['20140707005', '00:25:00']=>[5]=>[9, 7, 9, 8, 8, 9, 5, 6, 7, 8, 7]
['20141206092', '21:20:00']=>[5]=>[9, 9, 9, 6, 5, 7, 8, 8, 5, 7, 6]
['20150201112', '23:20:00']=>[5]=>[3, 0, 1, 0, 0, 3, 2, 3, 0, 3, 4]
['20150205019', '01:35:00']=>[5]=>[8, 9, 9, 9, 8, 7, 9, 5, 8, 8, 6]
['20150324092', '21:20:00']=>[5]=>[5, 8, 8, 8, 7, 6, 6, 7, 9, 9, 6]
['20150404052', '14:40:00']=>[5]=>[3, 1, 3, 4, 1, 0, 0, 0, 1, 2, 4]
['20150529025', '10:10:00']=>[5]=>[4, 1, 4, 1, 1, 2, 4, 0, 2, 3, 1]
['20150622037', '12:10:00']=>[5]=>[1, 1, 3, 1, 2, 4, 4, 4, 0, 3, 1]
['20150721020', '01:40:00']=>[5]=>[3, 1, 0, 4, 0, 3, 0, 3, 4, 3, 4]
['20150813071', '17:50:00']=>[5]=>[0, 2, 4, 3, 0, 3, 3, 3, 3, 3, 4]
['20150923068', '17:20:00']=>[5]=>[9, 8, 7, 9, 8, 6, 9, 8, 9, 5, 9]
['20151110003', '00:15:00']=>[5]=>[6, 7, 6, 5, 8, 5, 7, 9, 5, 6, 7]
