20081001001 09:09:00 52101 0 1
20081001002 09:19:00 40049 1 0
20081001003 09:29:00 66622 1 1
20081001004 09:39:00 60619 1 0
20081001005 09:49:00 66276 1 0
20081001006 09:59:00 11053 1 0
20081001007 10:10:00 50656 0 1
20081001008 10:20:00 55177 1 1
20081001009 10:30:00 29438 0 0
20081001010 10:40:00 99603 1 0
20081001011 10:50:00 87025 0 0
20081001012 11:00:00 25325 0 0
20081001013 11:10:00 75955 0 1
20081001014 11:21:00 69669 1 1
20081001015 11:31:00 39503 0 0
20081001016 11:41:00 97786 1 0
20081001017 11:51:00 35648 0 0
20081001018 12:01:00 86266 0 1
20081001019 12:11:00 92111 0 1
20081001020 12:22:00 63029 0 0
20081001021 12:32:00 79273 0 0
20081001022 12:42:00 45714 0 0
20081001023 12:52:00 61746 0 0
20081001024 13:02:00 86656 1 1
20081001025 13:12:00 83174 0 0
20081001026 13:22:00 55647 1 0
20081001027 13:33:00 56425 0 0
20081001028 13:43:00 53658 0 0
20081001029 13:53:00 34407 1 0
20081001030 14:03:00 56904 0 0
20081001031 14:13:00 42823 0 0
20081001032 14:23:00 53959 0 1
20081001033 14:33:00 03338 1 1
20081001034 14:44:00 11517 1 0
20081001035 14:54:00 54669 0 1
20081001036 15:04:00 81719 0 0
20081001037 15:14:00 21565 0 1
20081001038 15:24:00 39260 0 0
20081001039 15:34:00 32157 0 0
20081001040 15:45:00 40680 0 0
20081001041 15:55:00 49106 0 0
20081001042 16:05:00 10095 1 0
20081001043 16:15:00 83864 1 0
20081001044 16:25:00 77292 1 1
20081001045 16:35:00 67453 0 0
20081001046 16:45:00 94154 0 0
20081001047 16:56:00 51932 0 0
20081001048 17:06:00 83332 1 1
20081001049 17:16:00 34778 0 1
20081001050 17:26:00 45215 0 0
20081001051 17:36:00 18102 1 0
20081001052 17:46:00 49334 0 1
20081001053 17:56:00 47310 0 0
20081001054 18:07:00 19408 0 0
20081001055 18:17:00 38434 0 1
20081001056 18:27:00 87286 0 0
20081001057 18:37:00 38334 1 1
20081001058 18:47:00 99410 1 0
20081001059 18:57:00 91433 0 1
20081001060 19:08:00 16477 0 1
20081001061 19:18:00 68596 0 0
20081001062 19:28:00 31784 0 0
20081001063 19:38:00 08901 0 0
20081001064 19:48:00 43169 0 0
20081001065 19:58:00 62470 0 0
20081001066 20:08:00 93732 0 0
20081001067 20:19:00 20880 0 1
20081001068 20:29:00 44815 1 0
20081001069 20:39:00 74555 0 1
20081001070 20:49:00 40918 0 0
20081001071 20:59:00 71134 1 0
20081001072 21:09:00 77003 1 1
20081001073 21:19:00 61998 0 1
20081001074 21:30:00 38851 1 0
20081001075 21:40:00 43791 0 0
20081001076 21:50:00 59763 0 0
20081001077 22:00:00 84976 0 0
20081001078 22:10:00 25564 1 0
20081001079 22:20:00 60482 0 0
20081001080 22:31:00 67335 0 1
20081001081 22:41:00 76892 0 0
20081001082 22:51:00 95456 0 0
20081001083 23:01:00 95927 1 0
