20081226001 09:09:00 04254 0 0
20081226002 09:19:00 42933 0 1
20081226003 09:29:00 39738 0 0
20081226004 09:39:00 80825 1 0
20081226005 09:49:00 52902 0 0
20081226006 09:59:00 31600 0 1
20081226007 10:10:00 73503 0 0
20081226008 10:20:00 80267 0 0
20081226009 10:30:00 99510 1 0
20081226010 10:40:00 33036 1 0
20081226011 10:50:00 74763 1 0
20081226012 11:00:00 27173 0 0
20081226013 11:10:00 63475 0 0
20081226014 11:21:00 27207 1 0
20081226015 11:31:00 41480 1 0
20081226016 11:41:00 93649 0 0
20081226017 11:51:00 89181 0 1
20081226018 12:01:00 84635 0 0
20081226019 12:11:00 11250 1 0
20081226020 12:22:00 97703 1 0
20081226021 12:32:00 69367 0 0
20081226022 12:42:00 81237 0 0
20081226023 12:52:00 68070 0 1
20081226024 13:02:00 40565 0 1
20081226025 13:12:00 62187 0 0
20081226026 13:22:00 96031 0 0
20081226027 13:33:00 12439 0 0
20081226028 13:43:00 17627 0 0
20081226029 13:53:00 05406 0 0
20081226030 14:03:00 93884 0 1
20081226031 14:13:00 53003 0 1
20081226032 14:23:00 49873 0 0
20081226033 14:33:00 30176 0 0
20081226034 14:44:00 50338 0 1
20081226035 14:54:00 14166 1 1
20081226036 15:04:00 49942 1 0
20081226037 15:14:00 39928 1 0
20081226038 15:24:00 98347 0 0
20081226039 15:34:00 33316 1 0
20081226040 15:45:00 79304 0 0
20081226041 15:55:00 74784 1 0
20081226042 16:05:00 12499 0 1
20081226043 16:15:00 34162 0 0
20081226044 16:25:00 93095 0 0
20081226045 16:35:00 65090 0 1
20081226046 16:45:00 02290 1 0
20081226047 16:56:00 73273 0 0
20081226048 17:06:00 20044 1 1
20081226049 17:16:00 02183 0 0
20081226050 17:26:00 55160 1 0
20081226051 17:36:00 45949 0 1
20081226052 17:46:00 31152 1 0
20081226053 17:56:00 97768 1 0
20081226054 18:07:00 20220 1 1
20081226055 18:17:00 98429 0 0
20081226056 18:27:00 07487 0 0
20081226057 18:37:00 40237 0 0
20081226058 18:47:00 54901 0 0
20081226059 18:57:00 65302 0 0
20081226060 19:08:00 51219 0 0
20081226061 19:18:00 46815 0 0
20081226062 19:28:00 96559 0 1
20081226063 19:38:00 07121 0 1
20081226064 19:48:00 86076 0 0
20081226065 19:58:00 16678 1 0
20081226066 20:08:00 10762 0 0
20081226067 20:19:00 20884 0 1
20081226068 20:29:00 48579 0 0
20081226069 20:39:00 62434 0 1
20081226070 20:49:00 03987 0 0
20081226071 20:59:00 00180 1 0
20081226072 21:09:00 04447 1 1
20081226073 21:19:00 17867 0 0
20081226074 21:30:00 14102 1 0
20081226075 21:40:00 56389 0 0
20081226076 21:50:00 29015 0 0
20081226077 22:00:00 65562 1 0
20081226078 22:10:00 38118 0 1
20081226079 22:20:00 35653 0 0
20081226080 22:31:00 24174 0 0
20081226081 22:41:00 03671 0 0
20081226082 22:51:00 04289 0 0
20081226083 23:01:00 36569 0 0
20081226084 23:11:00 92072 0 0
