20081201001 09:09:00 91780 0 0
20081201002 09:19:00 46724 0 0
20081201003 09:29:00 12838 0 1
20081201004 09:39:00 58177 0 1
20081201005 09:49:00 75811 0 1
20081201006 09:59:00 91899 0 1
20081201007 10:10:00 43343 1 1
20081201008 10:20:00 09778 0 1
20081201009 10:30:00 23210 1 0
20081201010 10:40:00 26706 0 0
20081201011 10:50:00 89304 0 0
20081201012 11:00:00 21733 0 1
20081201013 11:10:00 33308 1 0
20081201014 11:21:00 79001 0 1
20081201015 11:31:00 40625 0 0
20081201016 11:41:00 37042 0 0
20081201017 11:51:00 09598 0 0
20081201018 12:01:00 77272 1 1
20081201019 12:11:00 81782 0 0
20081201020 12:22:00 40824 0 0
20081201021 12:32:00 74634 0 0
20081201022 12:42:00 28497 0 0
20081201023 12:52:00 94725 0 0
20081201024 13:02:00 76173 0 0
20081201025 13:12:00 53985 0 0
20081201026 13:22:00 81107 1 0
20081201027 13:33:00 72820 0 0
20081201028 13:43:00 35546 1 0
20081201029 13:53:00 21784 0 0
20081201030 14:03:00 85109 0 0
20081201031 14:13:00 58934 0 0
20081201032 14:23:00 45562 1 0
20081201033 14:33:00 63883 0 1
20081201034 14:44:00 42391 0 0
20081201035 14:54:00 59917 1 0
20081201036 15:04:00 61615 1 0
20081201037 15:14:00 44988 1 1
20081201038 15:24:00 43354 1 0
20081201039 15:34:00 43072 0 0
20081201040 15:45:00 15860 0 0
20081201041 15:55:00 53257 0 0
20081201042 16:05:00 16009 0 1
20081201043 16:15:00 15329 0 0
20081201044 16:25:00 08613 0 0
20081201045 16:35:00 13333 1 1
20081201046 16:45:00 56193 0 0
20081201047 16:56:00 82007 0 1
20081201048 17:06:00 03860 0 0
20081201049 17:16:00 52898 0 1
20081201050 17:26:00 11711 1 1
20081201051 17:36:00 59243 0 0
20081201052 17:46:00 85774 0 1
20081201053 17:56:00 35724 0 0
20081201054 18:07:00 62754 0 0
20081201055 18:17:00 91855 0 1
20081201056 18:27:00 04405 1 0
20081201057 18:37:00 97743 1 0
20081201058 18:47:00 71518 0 0
20081201059 18:57:00 11723 1 0
20081201060 19:08:00 10187 1 0
20081201061 19:18:00 13676 0 1
20081201062 19:28:00 67200 0 1
20081201063 19:38:00 80683 0 0
20081201064 19:48:00 54819 0 0
20081201065 19:58:00 43488 1 1
20081201066 20:08:00 46007 0 1
20081201067 20:19:00 36241 0 0
20081201068 20:29:00 43611 0 1
20081201069 20:39:00 61680 1 0
20081201070 20:49:00 99790 1 0
20081201071 20:59:00 69962 1 0
20081201072 21:09:00 14059 0 0
20081201073 21:19:00 58486 0 0
20081201074 21:30:00 65003 0 1
20081201075 21:40:00 34887 0 1
20081201076 21:50:00 70154 0 0
20081201077 22:00:00 32112 0 1
20081201078 22:10:00 53397 1 0
20081201079 22:20:00 51189 1 0
20081201080 22:31:00 52473 0 0
20081201081 22:41:00 37436 0 0
20081201082 22:51:00 87724 1 0
20081201083 23:01:00 34701 0 0
20081201084 23:11:00 34513 0 0
