20081017001 09:09:00 47748 1 0
20081017002 09:19:00 82203 1 0
20081017003 09:29:00 09607 0 0
20081017004 09:39:00 55219 1 0
20081017005 09:49:00 46318 0 0
20081017006 09:59:00 23789 0 0
20081017007 10:10:00 20429 0 0
20081017008 10:20:00 15644 0 1
20081017009 10:30:00 08671 0 0
20081017010 10:40:00 66269 1 0
20081017011 10:50:00 61604 1 0
20081017012 11:00:00 85164 0 0
20081017013 11:10:00 66166 1 1
20081017014 11:21:00 71422 0 1
20081017015 11:31:00 01659 0 0
20081017016 11:41:00 82385 0 0
20081017017 11:51:00 27547 0 0
20081017018 12:01:00 76207 0 0
20081017019 12:11:00 91056 0 0
20081017020 12:22:00 63515 0 1
20081017021 12:32:00 34993 0 1
20081017022 12:42:00 97411 0 1
20081017023 12:52:00 78212 0 1
20081017024 13:02:00 87975 0 0
20081017025 13:12:00 86166 0 1
20081017026 13:22:00 88734 1 0
20081017027 13:33:00 34071 0 0
20081017028 13:43:00 08791 0 0
20081017029 13:53:00 84332 0 1
20081017030 14:03:00 42679 0 0
20081017031 14:13:00 80603 0 0
20081017032 14:23:00 09698 0 0
20081017033 14:33:00 32690 0 0
20081017034 14:44:00 01994 0 1
20081017035 14:54:00 84251 0 0
20081017036 15:04:00 09835 0 0
20081017037 15:14:00 20992 0 1
20081017038 15:24:00 64416 1 0
20081017039 15:34:00 24377 0 1
20081017040 15:45:00 79834 0 0
20081017041 15:55:00 36121 0 1
20081017042 16:05:00 14185 1 0
20081017043 16:15:00 68646 1 1
20081017044 16:25:00 34757 0 1
20081017045 16:35:00 54902 0 0
20081017046 16:45:00 23063 0 0
20081017047 16:56:00 16905 0 0
20081017048 17:06:00 53101 0 1
20081017049 17:16:00 61543 0 0
20081017050 17:26:00 66110 1 1
20081017051 17:36:00 31334 1 1
20081017052 17:46:00 80908 0 0
20081017053 17:56:00 88254 1 0
20081017054 18:07:00 49399 0 1
20081017055 18:17:00 48567 0 0
20081017056 18:27:00 49276 0 0
20081017057 18:37:00 25878 0 1
20081017058 18:47:00 97492 0 0
20081017059 18:57:00 41961 0 0
20081017060 19:08:00 74005 0 1
20081017061 19:18:00 49128 0 0
20081017062 19:28:00 85525 1 1
20081017063 19:38:00 02798 0 0
20081017064 19:48:00 43671 0 0
20081017065 19:58:00 14445 1 1
20081017066 20:08:00 34888 0 1
20081017067 20:19:00 43036 0 0
20081017068 20:29:00 61168 1 0
20081017069 20:39:00 90339 0 1
20081017070 20:49:00 92185 0 0
20081017071 20:59:00 55931 1 0
20081017072 21:09:00 51020 0 1
20081017073 21:19:00 04986 0 0
20081017074 21:30:00 61856 0 0
20081017075 21:40:00 02313 0 1
20081017076 21:50:00 63882 0 1
20081017077 22:00:00 74743 1 0
20081017078 22:10:00 41461 1 0
20081017079 22:20:00 64724 0 0
20081017080 22:31:00 81992 0 1
20081017081 22:41:00 58933 0 1
20081017082 22:51:00 65857 0 0
