20081217001 09:09:00 74557 0 1
20081217002 09:19:00 19822 0 1
20081217003 09:29:00 42006 0 1
20081217004 09:39:00 84216 0 0
20081217005 09:49:00 04371 0 0
20081217006 09:59:00 02841 0 0
20081217007 10:10:00 08914 0 0
20081217008 10:20:00 92977 1 1
20081217009 10:30:00 49280 0 0
20081217010 10:40:00 03124 0 0
20081217011 10:50:00 92079 0 0
20081217012 11:00:00 03875 0 0
20081217013 11:10:00 29068 0 0
20081217014 11:21:00 56992 0 1
20081217015 11:31:00 40436 1 0
20081217016 11:41:00 03157 0 0
20081217017 11:51:00 74306 0 0
20081217018 12:01:00 47238 0 0
20081217019 12:11:00 72095 0 0
20081217020 12:22:00 05752 0 0
20081217021 12:32:00 52277 1 1
20081217022 12:42:00 91621 0 0
20081217023 12:52:00 26042 0 0
20081217024 13:02:00 48746 0 0
20081217025 13:12:00 29833 0 1
20081217026 13:22:00 73734 1 0
20081217027 13:33:00 89365 0 0
20081217028 13:43:00 18635 0 0
20081217029 13:53:00 29921 1 0
20081217030 14:03:00 61328 0 0
20081217031 14:13:00 03672 0 0
20081217032 14:23:00 63395 1 0
20081217033 14:33:00 43758 0 0
20081217034 14:44:00 66623 1 0
20081217035 14:54:00 38429 0 0
20081217036 15:04:00 89097 0 0
20081217037 15:14:00 76401 0 0
20081217038 15:24:00 21438 0 0
20081217039 15:34:00 51676 0 1
20081217040 15:45:00 30975 0 0
20081217041 15:55:00 08385 0 0
20081217042 16:05:00 03238 0 0
20081217043 16:15:00 66913 1 0
20081217044 16:25:00 53823 0 0
20081217045 16:35:00 07361 0 0
20081217046 16:45:00 05775 0 1
20081217047 16:56:00 31626 0 1
20081217048 17:06:00 37077 0 1
20081217049 17:16:00 39078 0 0
20081217050 17:26:00 63464 0 1
20081217051 17:36:00 50623 0 0
20081217052 17:46:00 34295 0 0
20081217053 17:56:00 88101 1 1
20081217054 18:07:00 89482 0 0
20081217055 18:17:00 93723 0 0
20081217056 18:27:00 33397 1 0
20081217057 18:37:00 45451 1 0
20081217058 18:47:00 29692 0 0
20081217059 18:57:00 64110 0 1
20081217060 19:08:00 37789 1 0
20081217061 19:18:00 11776 1 1
20081217062 19:28:00 30395 1 0
20081217063 19:38:00 81924 0 0
20081217064 19:48:00 95299 0 1
20081217065 19:58:00 78176 0 0
20081217066 20:08:00 22043 1 0
20081217067 20:19:00 20772 0 1
20081217068 20:29:00 12076 0 0
20081217069 20:39:00 63746 0 0
20081217070 20:49:00 90197 0 0
20081217071 20:59:00 82907 0 0
20081217072 21:09:00 01328 0 0
20081217073 21:19:00 60095 1 0
20081217074 21:30:00 38595 0 1
20081217075 21:40:00 28217 1 0
20081217076 21:50:00 18674 0 0
20081217077 22:00:00 88402 1 0
20081217078 22:10:00 09640 0 0
20081217079 22:20:00 02763 0 0
20081217080 22:31:00 20900 0 1
20081217081 22:41:00 43013 0 0
20081217082 22:51:00 89910 1 0
20081217083 23:01:00 83798 0 0
20081217084 23:11:00 61739 0 0
