20081215001 09:09:00 70298 0 0
20081215002 09:19:00 42634 0 0
20081215003 09:29:00 21702 0 0
20081215004 09:39:00 85891 1 0
20081215005 09:49:00 46614 1 0
20081215006 09:59:00 84641 0 0
20081215007 10:10:00 73445 0 1
20081215008 10:20:00 06511 0 1
20081215009 10:30:00 56202 0 1
20081215010 10:40:00 87662 0 1
20081215011 10:50:00 11483 1 0
20081215012 11:00:00 25104 0 0
20081215013 11:10:00 40574 0 0
20081215014 11:21:00 73064 0 0
20081215015 11:31:00 38576 0 0
20081215016 11:41:00 07786 1 0
20081215017 11:51:00 57052 0 0
20081215018 12:01:00 67250 0 0
20081215019 12:11:00 55022 1 1
20081215020 12:22:00 10726 0 0
20081215021 12:32:00 22977 1 1
20081215022 12:42:00 86222 0 1
20081215023 12:52:00 79207 0 0
20081215024 13:02:00 32308 1 0
20081215025 13:12:00 51875 0 0
20081215026 13:22:00 54351 0 0
20081215027 13:33:00 71528 0 0
20081215028 13:43:00 88698 1 0
20081215029 13:53:00 57866 0 1
20081215030 14:03:00 84489 1 0
20081215031 14:13:00 84901 0 0
20081215032 14:23:00 29070 0 1
20081215033 14:33:00 48121 0 1
20081215034 14:44:00 40894 0 0
20081215035 14:54:00 84595 0 1
20081215036 15:04:00 40466 1 1
20081215037 15:14:00 11421 1 0
20081215038 15:24:00 56186 0 0
20081215039 15:34:00 15085 0 0
20081215040 15:45:00 18883 1 1
20081215041 15:55:00 12116 1 1
20081215042 16:05:00 74000 0 1
20081215043 16:15:00 34689 0 0
20081215044 16:25:00 36281 0 0
20081215045 16:35:00 14807 0 0
20081215046 16:45:00 48422 1 1
20081215047 16:56:00 86603 1 0
20081215048 17:06:00 79484 0 1
20081215049 17:16:00 20553 0 1
20081215050 17:26:00 72340 0 0
20081215051 17:36:00 55422 1 1
20081215052 17:46:00 10905 0 0
20081215053 17:56:00 17752 1 0
20081215054 18:07:00 64456 1 0
20081215055 18:17:00 30179 0 0
20081215056 18:27:00 92739 0 0
20081215057 18:37:00 86705 0 0
20081215058 18:47:00 49870 0 0
20081215059 18:57:00 68665 1 1
20081215060 19:08:00 34166 0 1
20081215061 19:18:00 26620 1 0
20081215062 19:28:00 84715 0 0
20081215063 19:38:00 90450 0 0
20081215064 19:48:00 78035 0 0
20081215065 19:58:00 62715 0 0
20081215066 20:08:00 76992 0 1
20081215067 20:19:00 32411 0 1
20081215068 20:29:00 41693 0 0
20081215069 20:39:00 09914 1 0
20081215070 20:49:00 83999 0 1
20081215071 20:59:00 74571 0 0
20081215072 21:09:00 15626 0 1
20081215073 21:19:00 64603 1 0
20081215074 21:30:00 94265 0 0
20081215075 21:40:00 96944 1 1
20081215076 21:50:00 52705 0 0
20081215077 22:00:00 95878 0 1
20081215078 22:10:00 79303 0 1
20081215079 22:20:00 98303 0 1
20081215080 22:31:00 65389 0 0
20081215081 22:41:00 02239 1 0
20081215082 22:51:00 77800 1 1
20081215083 23:01:00 42675 0 0
20081215084 23:11:00 90335 0 1
