20081117001 09:09:00 66886 1 1
20081117002 09:19:00 71249 0 0
20081117003 09:29:00 71194 1 0
20081117004 09:39:00 67637 1 0
20081117005 09:49:00 26459 0 0
20081117006 09:59:00 79885 0 1
20081117007 10:10:00 51453 0 0
20081117008 10:20:00 73378 1 0
20081117009 10:30:00 00346 1 0
20081117010 10:40:00 19629 0 0
20081117011 10:50:00 87740 1 0
20081117012 11:00:00 66348 1 0
20081117013 11:10:00 54333 0 1
20081117014 11:21:00 38011 0 1
20081117015 11:31:00 71796 1 0
20081117016 11:41:00 61837 0 0
20081117017 11:51:00 22226 1 1
20081117018 12:01:00 48535 0 1
20081117019 12:11:00 23123 0 0
20081117020 12:22:00 26047 0 0
20081117021 12:32:00 37932 0 0
20081117022 12:42:00 61640 1 0
20081117023 12:52:00 61718 0 0
20081117024 13:02:00 39265 0 0
20081117025 13:12:00 26740 0 0
20081117026 13:22:00 23843 0 0
20081117027 13:33:00 63840 0 0
20081117028 13:43:00 36820 0 0
20081117029 13:53:00 75813 0 0
20081117030 14:03:00 54337 0 1
20081117031 14:13:00 10516 0 0
20081117032 14:23:00 08247 0 0
20081117033 14:33:00 41318 0 0
20081117034 14:44:00 07605 0 0
20081117035 14:54:00 79012 0 0
20081117036 15:04:00 59440 0 1
20081117037 15:14:00 49664 0 1
20081117038 15:24:00 83941 0 0
20081117039 15:34:00 09229 0 1
20081117040 15:45:00 63183 0 0
20081117041 15:55:00 46838 0 1
20081117042 16:05:00 71704 1 0
20081117043 16:15:00 98312 0 0
20081117044 16:25:00 35657 0 0
20081117045 16:35:00 53813 0 0
20081117046 16:45:00 32742 0 0
20081117047 16:56:00 82853 1 0
20081117048 17:06:00 62474 0 1
20081117049 17:16:00 32164 0 0
20081117050 17:26:00 01028 1 0
20081117051 17:36:00 65757 0 1
20081117052 17:46:00 55889 1 1
20081117053 17:56:00 53141 0 1
20081117054 18:07:00 43023 0 0
20081117055 18:17:00 19482 0 0
20081117056 18:27:00 19066 0 1
20081117057 18:37:00 22117 1 1
20081117058 18:47:00 23594 0 0
20081117059 18:57:00 63671 1 0
20081117060 19:08:00 58614 0 0
20081117061 19:18:00 95979 1 1
20081117062 19:28:00 50896 0 0
20081117063 19:38:00 89512 0 0
20081117064 19:48:00 16513 0 0
20081117065 19:58:00 81960 0 0
20081117066 20:08:00 04916 0 0
20081117067 20:19:00 16003 0 1
20081117068 20:29:00 92450 0 0
20081117069 20:39:00 17451 0 0
20081117070 20:49:00 32841 0 0
20081117071 20:59:00 71866 0 1
20081117072 21:09:00 40005 1 1
20081117073 21:19:00 16701 0 0
20081117074 21:30:00 58108 0 0
20081117075 21:40:00 25761 0 0
20081117076 21:50:00 22177 1 1
20081117077 22:00:00 39792 0 0
20081117078 22:10:00 32878 0 1
20081117079 22:20:00 69525 0 1
20081117080 22:31:00 19671 0 0
20081117081 22:41:00 88269 1 0
20081117082 22:51:00 47515 0 1
20081117083 23:01:00 50036 1 0
20081117084 23:11:00 01137 1 0
