20081019001 09:09:00 56112 0 1
20081019002 09:19:00 68362 0 0
20081019003 09:29:00 05844 0 1
20081019004 09:39:00 84564 0 0
20081019005 09:49:00 55603 1 0
20081019006 09:59:00 26779 0 1
20081019007 10:10:00 02925 0 0
20081019008 10:20:00 89724 0 0
20081019009 10:30:00 50435 0 0
20081019010 10:40:00 29362 0 0
20081019011 10:50:00 34382 1 0
20081019012 11:00:00 37917 0 0
20081019013 11:10:00 26693 1 0
20081019014 11:21:00 58263 0 0
20081019015 11:31:00 53003 0 1
20081019016 11:41:00 17491 0 0
20081019017 11:51:00 72989 0 1
20081019018 12:01:00 08133 0 1
20081019019 12:11:00 29155 0 1
20081019020 12:22:00 27222 1 1
20081019021 12:32:00 35553 1 1
20081019022 12:42:00 12173 1 0
20081019023 12:52:00 18786 0 0
20081019024 13:02:00 01328 0 0
20081019025 13:12:00 37543 0 0
20081019026 13:22:00 01573 0 0
20081019027 13:33:00 38023 0 0
20081019028 13:43:00 36663 1 1
20081019029 13:53:00 27058 0 0
20081019030 14:03:00 99872 1 0
20081019031 14:13:00 39494 0 1
20081019032 14:23:00 16949 0 1
20081019033 14:33:00 44331 1 1
20081019034 14:44:00 73724 1 0
20081019035 14:54:00 81777 0 1
20081019036 15:04:00 58169 0 0
20081019037 15:14:00 55924 1 0
20081019038 15:24:00 56655 1 1
20081019039 15:34:00 73161 0 1
20081019040 15:45:00 99883 1 1
20081019041 15:55:00 68481 0 0
20081019042 16:05:00 25594 1 0
20081019043 16:15:00 25262 1 1
20081019044 16:25:00 24081 0 0
20081019045 16:35:00 10495 0 0
20081019046 16:45:00 29623 0 0
20081019047 16:56:00 06525 0 1
20081019048 17:06:00 56456 0 0
20081019049 17:16:00 28075 0 0
20081019050 17:26:00 15022 0 1
20081019051 17:36:00 64214 0 0
20081019052 17:46:00 21550 0 1
20081019053 17:56:00 32993 0 1
20081019054 18:07:00 59127 0 0
20081019055 18:17:00 44533 1 1
20081019056 18:27:00 91640 0 0
20081019057 18:37:00 23174 0 0
20081019058 18:47:00 93553 0 1
20081019059 18:57:00 66323 1 1
20081019060 19:08:00 00335 1 1
20081019061 19:18:00 59977 1 1
20081019062 19:28:00 60101 0 1
20081019063 19:38:00 74667 0 1
20081019064 19:48:00 87795 1 0
20081019065 19:58:00 01240 0 0
20081019066 20:08:00 61559 0 1
20081019067 20:19:00 00165 1 0
20081019068 20:29:00 14511 0 1
20081019069 20:39:00 17036 0 0
20081019070 20:49:00 69245 0 0
20081019071 20:59:00 03877 0 1
20081019072 21:09:00 11697 1 0
20081019073 21:19:00 63854 0 0
20081019074 21:30:00 36104 0 0
20081019075 21:40:00 40638 0 0
20081019076 21:50:00 03806 0 0
20081019077 22:00:00 42772 0 1
20081019078 22:10:00 74667 0 1
20081019079 22:20:00 72908 0 0
20081019080 22:31:00 86646 1 1
20081019081 22:41:00 22071 1 0
20081019082 22:51:00 98449 0 1
