20081224001 09:09:00 71079 0 0
20081224002 09:19:00 40269 0 0
20081224003 09:29:00 56566 1 1
20081224004 09:39:00 89105 0 0
20081224005 09:49:00 80307 0 0
20081224006 09:59:00 88549 1 0
20081224007 10:10:00 38452 0 0
20081224008 10:20:00 04567 0 0
20081224009 10:30:00 96280 0 0
20081224010 10:40:00 66522 1 1
20081224011 10:50:00 57310 0 0
20081224012 11:00:00 21989 0 1
20081224013 11:10:00 03512 0 0
20081224014 11:21:00 97433 0 1
20081224015 11:31:00 71976 0 0
20081224016 11:41:00 60707 0 1
20081224017 11:51:00 54183 0 0
20081224018 12:01:00 90720 0 0
20081224019 12:11:00 21646 0 1
20081224020 12:22:00 13749 0 0
20081224021 12:32:00 95335 0 1
20081224022 12:42:00 94749 0 0
20081224023 12:52:00 18366 0 1
20081224024 13:02:00 29071 0 0
20081224025 13:12:00 81291 0 0
20081224026 13:22:00 20268 1 0
20081224027 13:33:00 48500 0 1
20081224028 13:43:00 36545 0 1
20081224029 13:53:00 04784 0 0
20081224030 14:03:00 27779 1 1
20081224031 14:13:00 07258 0 0
20081224032 14:23:00 25118 0 1
20081224033 14:33:00 66331 1 1
20081224034 14:44:00 56473 0 0
20081224035 14:54:00 25052 0 0
20081224036 15:04:00 70877 0 1
20081224037 15:14:00 67352 0 0
20081224038 15:24:00 54859 0 0
20081224039 15:34:00 56969 0 1
20081224040 15:45:00 44099 1 1
20081224041 15:55:00 23092 0 0
20081224042 16:05:00 98052 0 0
20081224043 16:15:00 34165 0 0
20081224044 16:25:00 84644 0 1
20081224045 16:35:00 64451 1 0
20081224046 16:45:00 45843 0 0
20081224047 16:56:00 10714 0 0
20081224048 17:06:00 98903 1 0
20081224049 17:16:00 41702 0 0
20081224050 17:26:00 78795 1 0
20081224051 17:36:00 56490 0 0
20081224052 17:46:00 82623 0 0
20081224053 17:56:00 38350 1 0
20081224054 18:07:00 13899 0 1
20081224055 18:17:00 55286 1 0
20081224056 18:27:00 28529 0 0
20081224057 18:37:00 67119 0 1
20081224058 18:47:00 59013 0 0
20081224059 18:57:00 20598 0 0
20081224060 19:08:00 73293 0 0
20081224061 19:18:00 11623 1 0
20081224062 19:28:00 12575 0 1
20081224063 19:38:00 79313 0 1
20081224064 19:48:00 34703 0 0
20081224065 19:58:00 83831 1 0
20081224066 20:08:00 27605 0 0
20081224067 20:19:00 87928 0 0
20081224068 20:29:00 93829 0 0
20081224069 20:39:00 92386 0 0
20081224070 20:49:00 86341 0 0
20081224071 20:59:00 45303 0 1
20081224072 21:09:00 08895 1 0
20081224073 21:19:00 08079 1 0
20081224074 21:30:00 53720 0 0
20081224075 21:40:00 36296 0 0
20081224076 21:50:00 42109 0 0
20081224077 22:00:00 32267 1 0
20081224078 22:10:00 00228 1 1
20081224079 22:20:00 64355 0 1
20081224080 22:31:00 49933 1 1
20081224081 22:41:00 66337 1 1
20081224082 22:51:00 13511 0 1
20081224083 23:01:00 51045 0 0
20081224084 23:11:00 42546 0 0
