20081004001 09:09:00 15285 0 0
20081004002 09:19:00 76698 1 0
20081004003 09:29:00 46006 0 1
20081004004 09:39:00 63068 0 0
20081004005 09:49:00 14821 0 0
20081004006 09:59:00 64720 0 0
20081004007 10:10:00 52317 0 0
20081004008 10:20:00 08465 0 0
20081004009 10:30:00 37450 0 0
20081004010 10:40:00 35824 0 0
20081004011 10:50:00 37561 0 0
20081004012 11:00:00 17159 1 0
20081004013 11:10:00 45597 1 0
20081004014 11:21:00 88776 1 1
20081004015 11:31:00 67477 0 1
20081004016 11:41:00 56823 0 0
20081004017 11:51:00 46494 1 1
20081004018 12:01:00 01140 1 0
20081004019 12:11:00 08221 0 1
20081004020 12:22:00 56631 1 0
20081004021 12:32:00 69380 0 0
20081004022 12:42:00 27933 0 1
20081004023 12:52:00 77158 1 0
20081004024 13:02:00 50794 0 0
20081004025 13:12:00 85596 1 0
20081004026 13:22:00 59205 0 0
20081004027 13:33:00 64630 1 0
20081004028 13:43:00 71997 0 1
20081004029 13:53:00 94367 0 0
20081004030 14:03:00 53505 1 1
20081004031 14:13:00 36182 0 0
20081004032 14:23:00 79148 0 0
20081004033 14:33:00 70972 0 0
20081004034 14:44:00 03813 0 0
20081004035 14:54:00 86902 0 0
20081004036 15:04:00 15900 0 1
20081004037 15:14:00 64397 0 0
20081004038 15:24:00 10840 0 0
20081004039 15:34:00 77833 1 1
20081004040 15:45:00 73598 0 0
20081004041 15:55:00 83075 0 0
20081004042 16:05:00 68710 0 0
20081004043 16:15:00 98464 0 1
20081004044 16:25:00 70877 0 1
20081004045 16:35:00 48338 0 1
20081004046 16:45:00 12790 0 0
20081004047 16:56:00 32367 1 0
20081004048 17:06:00 25187 0 0
20081004049 17:16:00 49101 0 1
20081004050 17:26:00 81643 0 0
20081004051 17:36:00 70106 0 0
20081004052 17:46:00 82515 0 1
20081004053 17:56:00 72506 0 0
20081004054 18:07:00 39289 0 0
20081004055 18:17:00 41660 0 1
20081004056 18:27:00 31393 1 1
20081004057 18:37:00 00764 1 0
20081004058 18:47:00 29066 0 1
20081004059 18:57:00 43001 0 1
20081004060 19:08:00 86099 0 1
20081004061 19:18:00 22510 1 0
20081004062 19:28:00 27381 0 0
20081004063 19:38:00 59414 0 1
20081004064 19:48:00 40373 0 1
20081004065 19:58:00 24233 1 1
20081004066 20:08:00 45298 0 0
20081004067 20:19:00 25371 0 0
20081004068 20:29:00 99148 1 0
20081004069 20:39:00 46593 0 0
20081004070 20:49:00 37272 0 1
20081004071 20:59:00 23912 0 0
20081004072 21:09:00 76105 0 0
20081004073 21:19:00 19104 1 0
20081004074 21:30:00 80650 0 0
20081004075 21:40:00 87224 0 1
20081004076 21:50:00 35329 1 0
20081004077 22:00:00 19119 1 1
20081004078 22:10:00 01766 0 1
20081004079 22:20:00 94318 0 0
20081004080 22:31:00 64782 0 0
20081004081 22:41:00 40855 0 1
20081004082 22:51:00 01309 0 0
20081004083 23:01:00 51693 0 0
