20090324001 09:09:00 37092 0 0
20090324002 09:19:00 94704 0 0
20090324003 09:29:00 40436 1 0
20090324004 09:39:00 12387 0 0
20090324005 09:49:00 29418 0 0
20090324006 09:59:00 83352 1 0
20090324007 10:10:00 39975 1 0
20090324008 10:20:00 36871 0 0
20090324009 10:30:00 31991 0 1
20090324010 10:40:00 73512 0 0
20090324011 10:50:00 49355 0 1
20090324012 11:00:00 87772 1 1
20090324013 11:10:00 75640 0 0
20090324014 11:21:00 04404 1 1
20090324015 11:31:00 71711 1 1
20090324016 11:41:00 65060 0 1
20090324017 11:51:00 44967 1 0
20090324018 12:01:00 74502 0 0
20090324019 12:11:00 21203 1 0
20090324020 12:22:00 30570 0 0
20090324021 12:32:00 04722 0 1
20090324022 12:42:00 21032 0 0
20090324023 12:52:00 48303 0 1
20090324024 13:02:00 24333 0 1
20090324025 13:12:00 21098 0 0
20090324026 13:22:00 77379 1 0
20090324027 13:33:00 83435 0 0
20090324028 13:43:00 09143 0 0
20090324029 13:53:00 91273 0 0
20090324030 14:03:00 54567 1 0
20090324031 14:13:00 65302 0 0
20090324032 14:23:00 52566 1 1
20090324033 14:33:00 08590 0 0
20090324034 14:44:00 90627 0 0
20090324035 14:54:00 99960 1 0
20090324036 15:04:00 28413 0 0
20090324037 15:14:00 39105 0 0
20090324038 15:24:00 88052 1 0
20090324039 15:34:00 88292 1 1
20090324040 15:45:00 57190 0 0
20090324041 15:55:00 82126 0 0
20090324042 16:05:00 51612 0 0
20090324043 16:15:00 76874 0 0
20090324044 16:25:00 80149 0 0
20090324045 16:35:00 64964 0 0
20090324046 16:45:00 85412 0 0
20090324047 16:56:00 94802 0 0
20090324048 17:06:00 15953 0 0
20090324049 17:16:00 07688 0 1
20090324050 17:26:00 81682 0 0
20090324051 17:36:00 68113 0 1
20090324052 17:46:00 94245 0 0
20090324053 17:56:00 88796 1 0
20090324054 18:07:00 78315 0 0
20090324055 18:17:00 39785 0 0
20090324056 18:27:00 55777 1 1
20090324057 18:37:00 42587 0 0
20090324058 18:47:00 58559 1 1
20090324059 18:57:00 04663 0 1
20090324060 19:08:00 11271 1 0
20090324061 19:18:00 18020 0 1
20090324062 19:28:00 26813 0 0
20090324063 19:38:00 88958 1 0
20090324064 19:48:00 76379 0 0
20090324065 19:58:00 74523 0 0
20090324066 20:08:00 19000 0 1
20090324067 20:19:00 12254 1 0
20090324068 20:29:00 35882 0 1
20090324069 20:39:00 50644 0 1
20090324070 20:49:00 67639 1 0
20090324071 20:59:00 45364 0 0
20090324072 21:09:00 44502 1 0
20090324073 21:19:00 98237 0 0
20090324074 21:30:00 96569 0 0
20090324075 21:40:00 35452 0 0
20090324076 21:50:00 65714 0 0
20090324077 22:00:00 91266 0 1
20090324078 22:10:00 79337 0 1
20090324079 22:20:00 32583 0 0
20090324080 22:31:00 80234 0 0
20090324081 22:41:00 64041 0 0
20090324082 22:51:00 46616 1 1
20090324083 23:01:00 29530 0 0
20090324084 23:11:00 21806 0 0
