20090426001 09:09:00 48498 1 0
20090426002 09:19:00 11001 1 1
20090426003 09:29:00 51668 0 1
20090426004 09:39:00 71817 0 0
20090426005 09:49:00 47423 1 0
20090426006 09:59:00 80301 0 0
20090426007 10:10:00 39729 0 0
20090426008 10:20:00 43426 1 0
20090426009 10:30:00 22430 1 0
20090426010 10:40:00 15278 0 0
20090426011 10:50:00 19961 1 0
20090426012 11:00:00 37032 0 0
20090426013 11:10:00 55295 1 0
20090426014 11:21:00 97840 0 0
20090426015 11:31:00 38868 1 1
20090426016 11:41:00 23470 0 0
20090426017 11:51:00 98869 1 0
20090426018 12:01:00 72968 0 0
20090426019 12:11:00 28646 0 1
20090426020 12:22:00 85552 1 1
20090426021 12:32:00 98838 1 1
20090426022 12:42:00 08834 1 0
20090426023 12:52:00 83382 1 0
20090426024 13:02:00 94427 1 0
20090426025 13:12:00 79288 0 1
20090426026 13:22:00 77410 1 0
20090426027 13:33:00 16472 0 0
20090426028 13:43:00 42939 0 1
20090426029 13:53:00 36808 0 1
20090426030 14:03:00 24446 1 1
20090426031 14:13:00 43334 1 1
20090426032 14:23:00 51886 0 1
20090426033 14:33:00 98119 0 1
20090426034 14:44:00 62755 0 1
20090426035 14:54:00 50883 0 1
20090426036 15:04:00 69558 0 1
20090426037 15:14:00 22173 1 0
20090426038 15:24:00 86814 1 0
20090426039 15:34:00 76600 1 1
20090426040 15:45:00 40466 1 1
20090426041 15:55:00 51510 1 0
20090426042 16:05:00 70654 0 0
20090426043 16:15:00 84203 0 0
20090426044 16:25:00 45541 1 0
20090426045 16:35:00 49036 0 0
20090426046 16:45:00 58442 0 1
20090426047 16:56:00 75956 0 0
20090426048 17:06:00 84584 0 0
20090426049 17:16:00 10852 0 0
20090426050 17:26:00 50896 0 0
20090426051 17:36:00 28845 1 0
20090426052 17:46:00 27497 0 0
20090426053 17:56:00 54164 0 0
20090426054 18:07:00 54141 0 1
20090426055 18:17:00 91297 0 0
20090426056 18:27:00 43383 1 1
20090426057 18:37:00 16410 0 0
20090426058 18:47:00 70535 0 1
20090426059 18:57:00 83643 0 0
20090426060 19:08:00 85696 0 1
20090426061 19:18:00 57060 0 1
20090426062 19:28:00 17462 0 0
20090426063 19:38:00 43221 0 1
20090426064 19:48:00 49172 0 0
20090426065 19:58:00 60880 0 1
20090426066 20:08:00 60988 0 1
20090426067 20:19:00 05721 0 0
20090426068 20:29:00 97433 0 1
20090426069 20:39:00 65154 0 0
20090426070 20:49:00 07426 0 0
20090426071 20:59:00 19767 0 1
20090426072 21:09:00 83618 0 0
20090426073 21:19:00 08250 0 0
20090426074 21:30:00 04557 0 1
20090426075 21:40:00 50217 0 0
20090426076 21:50:00 77075 1 0
20090426077 22:00:00 80268 0 0
20090426078 22:10:00 51545 1 1
20090426079 22:20:00 50758 0 0
20090426080 22:31:00 63487 0 0
20090426081 22:41:00 54387 0 0
20090426082 22:51:00 93024 0 0
20090426083 23:01:00 84815 1 0
20090426084 23:11:00 17133 1 1
