20090827001 09:09:00 86863 1 0
20090827002 09:19:00 48452 1 0
20090827003 09:29:00 61238 0 0
20090827004 09:39:00 98404 0 1
20090827005 09:49:00 23239 1 0
20090827006 09:59:00 38001 0 1
20090827007 10:10:00 22291 1 0
20090827008 10:20:00 14019 0 0
20090827009 10:30:00 27452 0 0
20090827010 10:40:00 61172 1 0
20090827011 10:50:00 86033 0 1
20090827012 11:00:00 86098 0 0
20090827013 11:10:00 47776 1 1
20090827014 11:21:00 54443 1 1
20090827015 11:31:00 81827 1 0
20090827016 11:41:00 11886 1 1
20090827017 11:51:00 28467 0 0
20090827018 12:01:00 05253 0 0
20090827019 12:11:00 51909 0 1
20090827020 12:22:00 63470 0 0
20090827021 12:32:00 75284 0 0
20090827022 12:42:00 51145 1 0
20090827023 12:52:00 80520 0 0
20090827024 13:02:00 25294 1 0
20090827025 13:12:00 57648 0 0
20090827026 13:22:00 92111 0 1
20090827027 13:33:00 05993 0 1
20090827028 13:43:00 21479 0 0
20090827029 13:53:00 09717 0 1
20090827030 14:03:00 04557 0 1
20090827031 14:13:00 53331 1 1
20090827032 14:23:00 19835 0 0
20090827033 14:33:00 42045 0 0
20090827034 14:44:00 19740 0 0
20090827035 14:54:00 02050 1 1
20090827036 15:04:00 71791 1 0
20090827037 15:14:00 93162 0 0
20090827038 15:24:00 99023 1 0
20090827039 15:34:00 03207 0 0
20090827040 15:45:00 61946 0 0
20090827041 15:55:00 65611 1 1
20090827042 16:05:00 07911 0 1
20090827043 16:15:00 75593 1 0
20090827044 16:25:00 27505 0 1
20090827045 16:35:00 60943 0 0
20090827046 16:45:00 29227 1 1
20090827047 16:56:00 83560 0 0
20090827048 17:06:00 19452 0 0
20090827049 17:16:00 85568 1 0
20090827050 17:26:00 68592 0 0
20090827051 17:36:00 87079 0 0
20090827052 17:46:00 03658 0 0
20090827053 17:56:00 37829 0 0
20090827054 18:07:00 49670 0 0
20090827055 18:17:00 97275 0 0
20090827056 18:27:00 86455 0 1
20090827057 18:37:00 82382 0 0
20090827058 18:47:00 21453 0 0
20090827059 18:57:00 46781 0 0
20090827060 19:08:00 59407 0 0
20090827061 19:18:00 31919 0 1
20090827062 19:28:00 91820 0 0
20090827063 19:38:00 46491 1 0
20090827064 19:48:00 05144 0 1
20090827065 19:58:00 88032 1 0
20090827066 20:08:00 11076 1 0
20090827067 20:19:00 83373 1 1
20090827068 20:29:00 24514 0 0
20090827069 20:39:00 40012 1 0
20090827070 20:49:00 79375 0 0
20090827071 20:59:00 88146 1 0
20090827072 21:09:00 35698 0 0
20090827073 21:19:00 23610 0 0
20090827074 21:30:00 08327 0 0
20090827075 21:40:00 04203 0 0
20090827076 21:50:00 06292 0 1
20090827077 22:00:00 98502 0 0
20090827078 22:10:00 61579 0 0
20090827079 22:20:00 22503 1 0
20090827080 22:31:00 83048 0 0
20090827081 22:41:00 47075 0 0
20090827082 22:51:00 73006 0 1
20090827083 23:01:00 47765 1 0
20090827084 23:11:00 13812 0 0
