20091105001 09:09:00 62352 0 0
20091105002 09:19:00 69747 0 1
20091105003 09:29:00 57468 0 0
20091105004 09:39:00 00891 1 0
20091105005 09:49:00 77578 1 0
20091105006 09:59:00 82034 0 0
20091105007 10:10:00 06834 0 0
20091105008 10:20:00 16970 0 0
20091105009 10:30:00 41385 0 0
20091105010 10:40:00 53458 0 0
20091105011 10:50:00 38478 0 0
20091105012 11:00:00 05261 0 0
20091105013 11:10:00 91534 0 0
20091105014 11:21:00 80119 0 1
20091105015 11:31:00 02368 0 0
20091105016 11:41:00 63126 0 0
20091105017 11:51:00 66459 1 0
20091105018 12:01:00 69027 0 0
20091105019 12:11:00 52160 0 0
20091105020 12:22:00 39106 0 0
20091105021 12:32:00 47515 0 1
20091105022 12:42:00 49535 0 1
20091105023 12:52:00 17744 1 1
20091105024 13:02:00 22409 1 0
20091105025 13:12:00 32154 0 0
20091105026 13:22:00 13865 0 0
20091105027 13:33:00 87343 0 1
20091105028 13:43:00 98226 0 1
20091105029 13:53:00 57079 0 0
20091105030 14:03:00 82697 0 0
20091105031 14:13:00 91003 0 1
20091105032 14:23:00 99117 1 1
20091105033 14:33:00 77680 1 0
20091105034 14:44:00 64901 0 0
20091105035 14:54:00 80795 0 0
20091105036 15:04:00 06306 0 0
20091105037 15:14:00 32806 0 0
20091105038 15:24:00 82528 0 0
20091105039 15:34:00 69020 0 1
20091105040 15:45:00 53992 0 1
20091105041 15:55:00 75287 0 0
20091105042 16:05:00 89140 0 0
20091105043 16:15:00 82269 1 0
20091105044 16:25:00 84934 0 0
20091105045 16:35:00 50791 0 0
20091105046 16:45:00 26447 0 1
20091105047 16:56:00 36072 0 0
20091105048 17:06:00 74704 1 0
20091105049 17:16:00 27360 0 0
20091105050 17:26:00 95657 0 0
20091105051 17:36:00 09869 0 0
20091105052 17:46:00 67643 1 0
20091105053 17:56:00 45872 0 0
20091105054 18:07:00 52144 0 1
20091105055 18:17:00 74613 0 0
20091105056 18:27:00 67855 0 1
20091105057 18:37:00 64094 0 0
20091105058 18:47:00 79378 0 0
20091105059 18:57:00 78182 0 0
20091105060 19:08:00 07797 1 1
20091105061 19:18:00 74558 0 1
20091105062 19:28:00 32441 0 1
20091105063 19:38:00 56307 0 0
20091105064 19:48:00 22089 1 0
20091105065 19:58:00 33442 1 1
20091105066 20:08:00 69589 0 0
20091105067 20:19:00 74658 0 0
20091105068 20:29:00 66291 1 0
20091105069 20:39:00 47176 0 0
20091105070 20:49:00 24636 0 1
20091105071 20:59:00 87024 0 0
20091105072 21:09:00 89222 0 1
20091105073 21:19:00 30945 0 0
20091105074 21:30:00 20362 0 0
20091105075 21:40:00 66927 1 0
20091105076 21:50:00 84351 0 0
20091105077 22:00:00 49365 0 0
20091105078 22:10:00 79441 0 1
20091105079 22:20:00 95176 0 0
20091105080 22:31:00 75285 0 0
20091105081 22:41:00 76254 0 0
20091105082 22:51:00 77814 1 0
20091105083 23:01:00 36081 0 0
20091105084 23:11:00 08313 0 1
