20090319001 09:09:00 46988 0 1
20090319002 09:19:00 66957 1 0
20090319003 09:29:00 00834 1 0
20090319004 09:39:00 19607 0 0
20090319005 09:49:00 36644 1 1
20090319006 09:59:00 50908 0 0
20090319007 10:10:00 65066 0 1
20090319008 10:20:00 45049 0 0
20090319009 10:30:00 29717 0 1
20090319010 10:40:00 79470 0 0
20090319011 10:50:00 07433 0 1
20090319012 11:00:00 47550 0 1
20090319013 11:10:00 28176 0 0
20090319014 11:21:00 49143 0 0
20090319015 11:31:00 94325 0 0
20090319016 11:41:00 86060 0 1
20090319017 11:51:00 51586 1 0
20090319018 12:01:00 00586 1 0
20090319019 12:11:00 32965 0 0
20090319020 12:22:00 77399 1 1
20090319021 12:32:00 09896 0 0
20090319022 12:42:00 89547 0 0
20090319023 12:52:00 32292 1 1
20090319024 13:02:00 03936 0 0
20090319025 13:12:00 88217 1 0
20090319026 13:22:00 24622 0 1
20090319027 13:33:00 85228 0 1
20090319028 13:43:00 82618 0 0
20090319029 13:53:00 92773 0 1
20090319030 14:03:00 54649 0 0
20090319031 14:13:00 46090 0 1
20090319032 14:23:00 88178 1 0
20090319033 14:33:00 51134 1 0
20090319034 14:44:00 29780 0 0
20090319035 14:54:00 45805 0 0
20090319036 15:04:00 76849 0 0
20090319037 15:14:00 68154 0 0
20090319038 15:24:00 49334 0 1
20090319039 15:34:00 86760 0 0
20090319040 15:45:00 99071 1 0
20090319041 15:55:00 18616 0 1
20090319042 16:05:00 20461 0 0
20090319043 16:15:00 55588 1 1
20090319044 16:25:00 40158 0 0
20090319045 16:35:00 97189 0 0
20090319046 16:45:00 17119 1 1
20090319047 16:56:00 31424 0 1
20090319048 17:06:00 71356 0 0
20090319049 17:16:00 11789 1 0
20090319050 17:26:00 25354 0 0
20090319051 17:36:00 62498 0 0
20090319052 17:46:00 10361 0 0
20090319053 17:56:00 42444 1 1
20090319054 18:07:00 64388 0 1
20090319055 18:17:00 23029 0 0
20090319056 18:27:00 28597 0 0
20090319057 18:37:00 62715 0 0
20090319058 18:47:00 71752 1 0
20090319059 18:57:00 73723 1 0
20090319060 19:08:00 86352 0 0
20090319061 19:18:00 71324 0 0
20090319062 19:28:00 08429 0 0
20090319063 19:38:00 69420 0 0
20090319064 19:48:00 77808 1 1
20090319065 19:58:00 32247 1 0
20090319066 20:08:00 71339 0 1
20090319067 20:19:00 66772 1 1
20090319068 20:29:00 93077 0 1
20090319069 20:39:00 32394 1 0
20090319070 20:49:00 27990 0 1
20090319071 20:59:00 16141 1 1
20090319072 21:09:00 99881 1 1
20090319073 21:19:00 95646 0 1
20090319074 21:30:00 77850 1 0
20090319075 21:40:00 46220 0 1
20090319076 21:50:00 44578 1 0
20090319077 22:00:00 37747 1 1
20090319078 22:10:00 56468 0 0
20090319079 22:20:00 63723 0 0
20090319080 22:31:00 97876 0 0
20090319081 22:41:00 61818 0 1
20090319082 22:51:00 38731 0 0
20090319083 23:01:00 43371 1 0
20090319084 23:11:00 49849 0 0
