20090929001 09:09:00 72160 0 0
20090929002 09:19:00 57155 0 1
20090929003 09:29:00 31797 0 1
20090929004 09:39:00 56011 0 1
20090929005 09:49:00 15111 1 1
20090929006 09:59:00 25087 0 0
20090929007 10:10:00 76653 1 0
20090929008 10:20:00 04558 0 1
20090929009 10:30:00 71018 0 0
20090929010 10:40:00 34242 0 1
20090929011 10:50:00 02697 0 0
20090929012 11:00:00 88042 1 0
20090929013 11:10:00 34644 0 1
20090929014 11:21:00 18709 0 0
20090929015 11:31:00 43220 0 1
20090929016 11:41:00 79249 0 0
20090929017 11:51:00 11112 1 1
20090929018 12:01:00 17736 1 0
20090929019 12:11:00 62315 0 0
20090929020 12:22:00 15204 0 0
20090929021 12:32:00 13160 1 0
20090929022 12:42:00 22876 1 0
20090929023 12:52:00 55880 1 1
20090929024 13:02:00 14712 0 0
20090929025 13:12:00 97697 0 0
20090929026 13:22:00 71957 0 0
20090929027 13:33:00 01191 1 1
20090929028 13:43:00 73852 0 0
20090929029 13:53:00 15134 1 0
20090929030 14:03:00 09636 0 1
20090929031 14:13:00 29881 0 1
20090929032 14:23:00 85987 0 0
20090929033 14:33:00 53646 0 1
20090929034 14:44:00 90225 0 1
20090929035 14:54:00 45975 0 0
20090929036 15:04:00 12761 0 0
20090929037 15:14:00 29818 0 1
20090929038 15:24:00 99904 1 0
20090929039 15:34:00 06107 0 0
20090929040 15:45:00 60788 0 1
20090929041 15:55:00 88296 1 0
20090929042 16:05:00 86658 1 0
20090929043 16:15:00 14470 1 0
20090929044 16:25:00 36448 0 1
20090929045 16:35:00 02556 0 1
20090929046 16:45:00 33389 1 0
20090929047 16:56:00 46107 0 0
20090929048 17:06:00 10110 1 1
20090929049 17:16:00 77892 1 0
20090929050 17:26:00 83293 0 0
20090929051 17:36:00 50347 0 0
20090929052 17:46:00 05623 0 0
20090929053 17:56:00 00258 1 0
20090929054 18:07:00 68056 0 0
20090929055 18:17:00 60075 1 0
20090929056 18:27:00 15669 0 1
20090929057 18:37:00 15281 0 0
20090929058 18:47:00 26349 0 0
20090929059 18:57:00 86736 0 0
20090929060 19:08:00 28525 0 1
20090929061 19:18:00 93884 0 1
20090929062 19:28:00 74123 0 0
20090929063 19:38:00 50723 0 0
20090929064 19:48:00 88743 1 0
20090929065 19:58:00 93361 1 0
20090929066 20:08:00 01672 0 0
20090929067 20:19:00 22117 1 1
20090929068 20:29:00 04207 0 0
20090929069 20:39:00 73344 1 1
20090929070 20:49:00 91102 1 0
20090929071 20:59:00 53101 0 1
20090929072 21:09:00 30412 0 0
20090929073 21:19:00 43115 0 1
20090929074 21:30:00 30619 0 0
20090929075 21:40:00 13038 0 0
20090929076 21:50:00 71460 0 0
20090929077 22:00:00 66868 1 1
20090929078 22:10:00 48826 1 0
20090929079 22:20:00 12649 0 0
20090929080 22:31:00 54478 1 0
20090929081 22:41:00 16427 0 0
20090929082 22:51:00 22261 1 0
20090929083 23:01:00 35814 0 0
20090929084 23:11:00 23578 0 0
