20090519001 09:09:00 72282 1 1
20090519002 09:19:00 54161 0 1
20090519003 09:29:00 78683 0 0
20090519004 09:39:00 32634 0 0
20090519005 09:49:00 44344 1 1
20090519006 09:59:00 49878 0 1
20090519007 10:10:00 55130 1 0
20090519008 10:20:00 77728 1 0
20090519009 10:30:00 44524 1 0
20090519010 10:40:00 44162 1 0
20090519011 10:50:00 94698 0 0
20090519012 11:00:00 16080 0 1
20090519013 11:10:00 64924 0 0
20090519014 11:21:00 87724 1 0
20090519015 11:31:00 17611 0 1
20090519016 11:41:00 57623 0 0
20090519017 11:51:00 28789 0 0
20090519018 12:01:00 24816 0 0
20090519019 12:11:00 18675 0 0
20090519020 12:22:00 28048 0 0
20090519021 12:32:00 58798 0 0
20090519022 12:42:00 30915 0 0
20090519023 12:52:00 69798 0 0
20090519024 13:02:00 01353 0 1
20090519025 13:12:00 58189 0 0
20090519026 13:22:00 52851 0 0
20090519027 13:33:00 90863 0 0
20090519028 13:43:00 76439 0 0
20090519029 13:53:00 68476 0 0
20090519030 14:03:00 43809 0 0
20090519031 14:13:00 75916 0 0
20090519032 14:23:00 91425 0 0
20090519033 14:33:00 64232 0 1
20090519034 14:44:00 87190 0 0
20090519035 14:54:00 09991 1 1
20090519036 15:04:00 81505 0 1
20090519037 15:14:00 37774 1 1
20090519038 15:24:00 80456 0 0
20090519039 15:34:00 16275 0 0
20090519040 15:45:00 22049 1 0
20090519041 15:55:00 25654 0 0
20090519042 16:05:00 92993 1 1
20090519043 16:15:00 34922 0 1
20090519044 16:25:00 15137 1 0
20090519045 16:35:00 72423 0 0
20090519046 16:45:00 40572 0 0
20090519047 16:56:00 24943 0 0
20090519048 17:06:00 34516 0 0
20090519049 17:16:00 29685 0 0
20090519050 17:26:00 93429 0 0
20090519051 17:36:00 25169 0 0
20090519052 17:46:00 85545 1 1
20090519053 17:56:00 94413 1 0
20090519054 18:07:00 91580 0 0
20090519055 18:17:00 56327 0 0
20090519056 18:27:00 81377 0 1
20090519057 18:37:00 01534 0 0
20090519058 18:47:00 66083 1 0
20090519059 18:57:00 35231 0 0
20090519060 19:08:00 71039 0 0
20090519061 19:18:00 06759 0 0
20090519062 19:28:00 11643 1 0
20090519063 19:38:00 29275 1 0
20090519064 19:48:00 41013 0 0
20090519065 19:58:00 38751 0 0
20090519066 20:08:00 98887 1 1
20090519067 20:19:00 04058 1 0
20090519068 20:29:00 38675 0 0
20090519069 20:39:00 61726 0 0
20090519070 20:49:00 65917 0 0
20090519071 20:59:00 75982 0 0
20090519072 21:09:00 17585 0 1
20090519073 21:19:00 61945 0 0
20090519074 21:30:00 08584 0 0
20090519075 21:40:00 50165 0 0
20090519076 21:50:00 52588 1 1
20090519077 22:00:00 76558 0 1
20090519078 22:10:00 10487 0 0
20090519079 22:20:00 97612 0 0
20090519080 22:31:00 36239 0 0
20090519081 22:41:00 95152 0 0
20090519082 22:51:00 56964 0 0
20090519083 23:01:00 28613 0 0
20090519084 23:11:00 23722 0 1
