20090408001 09:09:00 09479 0 0
20090408002 09:19:00 06822 0 1
20090408003 09:29:00 45492 1 0
20090408004 09:39:00 09610 0 0
20090408005 09:49:00 52994 0 1
20090408006 09:59:00 09818 0 1
20090408007 10:10:00 74156 0 0
20090408008 10:20:00 05032 1 0
20090408009 10:30:00 36857 0 0
20090408010 10:40:00 11417 1 0
20090408011 10:50:00 72636 0 1
20090408012 11:00:00 58278 0 0
20090408013 11:10:00 66689 1 0
20090408014 11:21:00 55276 1 0
20090408015 11:31:00 94463 1 0
20090408016 11:41:00 36235 0 0
20090408017 11:51:00 90801 0 0
20090408018 12:01:00 57266 0 1
20090408019 12:11:00 51568 1 0
20090408020 12:22:00 59845 0 0
20090408021 12:32:00 47926 0 0
20090408022 12:42:00 74334 0 1
20090408023 12:52:00 59789 0 0
20090408024 13:02:00 58459 0 0
20090408025 13:12:00 48861 1 0
20090408026 13:22:00 77115 1 1
20090408027 13:33:00 05203 0 0
20090408028 13:43:00 63479 0 0
20090408029 13:53:00 22867 1 0
20090408030 14:03:00 00124 1 0
20090408031 14:13:00 83064 0 0
20090408032 14:23:00 14058 0 0
20090408033 14:33:00 91639 0 0
20090408034 14:44:00 52727 0 1
20090408035 14:54:00 65400 0 1
20090408036 15:04:00 44620 1 0
20090408037 15:14:00 24685 0 0
20090408038 15:24:00 48656 0 1
20090408039 15:34:00 92958 1 0
20090408040 15:45:00 21038 0 0
20090408041 15:55:00 96788 0 1
20090408042 16:05:00 55112 1 1
20090408043 16:15:00 52560 1 0
20090408044 16:25:00 97083 0 0
20090408045 16:35:00 77122 1 1
20090408046 16:45:00 22577 1 1
20090408047 16:56:00 03016 1 0
20090408048 17:06:00 89995 1 1
20090408049 17:16:00 61475 0 0
20090408050 17:26:00 90785 0 0
20090408051 17:36:00 37149 0 0
20090408052 17:46:00 94781 0 0
20090408053 17:56:00 32825 0 0
20090408054 18:07:00 18462 0 0
20090408055 18:17:00 26847 0 0
20090408056 18:27:00 95440 0 1
20090408057 18:37:00 59750 0 0
20090408058 18:47:00 98911 1 1
20090408059 18:57:00 50404 0 1
20090408060 19:08:00 41392 0 0
20090408061 19:18:00 61299 0 1
20090408062 19:28:00 47820 0 0
20090408063 19:38:00 87786 1 0
20090408064 19:48:00 81709 0 0
20090408065 19:58:00 67151 0 1
20090408066 20:08:00 88312 1 0
20090408067 20:19:00 04814 0 0
20090408068 20:29:00 69690 1 0
20090408069 20:39:00 24701 0 0
20090408070 20:49:00 70496 0 0
20090408071 20:59:00 59939 1 1
20090408072 21:09:00 25207 1 0
20090408073 21:19:00 67819 0 0
20090408074 21:30:00 49528 0 0
20090408075 21:40:00 95658 0 0
20090408076 21:50:00 88711 1 1
20090408077 22:00:00 05535 1 1
20090408078 22:10:00 97657 0 0
20090408079 22:20:00 72445 0 1
20090408080 22:31:00 20361 0 0
20090408081 22:41:00 15405 0 0
20090408082 22:51:00 71909 0 1
20090408083 23:01:00 86459 0 0
20090408084 23:11:00 54775 0 1
