20090611001 09:09:00 18838 1 1
20090611002 09:19:00 17612 0 0
20090611003 09:29:00 27968 0 0
20090611004 09:39:00 57130 0 0
20090611005 09:49:00 87323 0 1
20090611006 09:59:00 28263 1 0
20090611007 10:10:00 13999 0 1
20090611008 10:20:00 30919 0 1
20090611009 10:30:00 06032 1 0
20090611010 10:40:00 69610 1 0
20090611011 10:50:00 29964 1 0
20090611012 11:00:00 22947 1 0
20090611013 11:10:00 55037 1 0
20090611014 11:21:00 82315 0 0
20090611015 11:31:00 25583 1 0
20090611016 11:41:00 25473 0 0
20090611017 11:51:00 84389 0 0
20090611018 12:01:00 78046 0 0
20090611019 12:11:00 95236 0 0
20090611020 12:22:00 17534 0 0
20090611021 12:32:00 39172 0 0
20090611022 12:42:00 88491 1 0
20090611023 12:52:00 41108 1 0
20090611024 13:02:00 15403 0 0
20090611025 13:12:00 69846 0 0
20090611026 13:22:00 65638 1 0
20090611027 13:33:00 26229 1 1
20090611028 13:43:00 83035 0 0
20090611029 13:53:00 60292 0 1
20090611030 14:03:00 89622 0 1
20090611031 14:13:00 67475 0 0
20090611032 14:23:00 36460 0 0
20090611033 14:33:00 48663 0 1
20090611034 14:44:00 10404 0 1
20090611035 14:54:00 54755 0 1
20090611036 15:04:00 50470 0 0
20090611037 15:14:00 06231 0 0
20090611038 15:24:00 03837 0 0
20090611039 15:34:00 29150 0 0
20090611040 15:45:00 51695 0 0
20090611041 15:55:00 68449 0 1
20090611042 16:05:00 59459 0 0
20090611043 16:15:00 98075 0 0
20090611044 16:25:00 59239 0 0
20090611045 16:35:00 16819 0 0
20090611046 16:45:00 70559 0 1
20090611047 16:56:00 37151 0 1
20090611048 17:06:00 53205 0 0
20090611049 17:16:00 78390 0 0
20090611050 17:26:00 56626 1 1
20090611051 17:36:00 44483 1 0
20090611052 17:46:00 89054 0 0
20090611053 17:56:00 99300 1 1
20090611054 18:07:00 12977 0 1
20090611055 18:17:00 97728 1 0
20090611056 18:27:00 71748 1 0
20090611057 18:37:00 33373 1 1
20090611058 18:47:00 49111 0 1
20090611059 18:57:00 04111 0 1
20090611060 19:08:00 87370 0 0
20090611061 19:18:00 94465 1 0
20090611062 19:28:00 20250 1 0
20090611063 19:38:00 68864 1 0
20090611064 19:48:00 28578 0 0
20090611065 19:58:00 19347 0 0
20090611066 20:08:00 61311 0 1
20090611067 20:19:00 74441 1 1
20090611068 20:29:00 63226 0 1
20090611069 20:39:00 44935 1 0
20090611070 20:49:00 12523 0 0
20090611071 20:59:00 67233 0 1
20090611072 21:09:00 08714 0 0
20090611073 21:19:00 57954 0 0
20090611074 21:30:00 33346 1 0
20090611075 21:40:00 91603 0 0
20090611076 21:50:00 95059 0 0
20090611077 22:00:00 55125 1 0
20090611078 22:10:00 38029 0 0
20090611079 22:20:00 11735 1 0
20090611080 22:31:00 24955 0 1
20090611081 22:41:00 09268 0 0
20090611082 22:51:00 57576 1 0
20090611083 23:01:00 60554 0 1
20090611084 23:11:00 03361 1 0
