20090916001 09:09:00 16133 1 1
20090916002 09:19:00 40251 0 0
20090916003 09:29:00 51220 0 1
20090916004 09:39:00 36731 0 0
20090916005 09:49:00 38103 0 0
20090916006 09:59:00 38532 0 0
20090916007 10:10:00 22181 1 1
20090916008 10:20:00 73536 0 0
20090916009 10:30:00 69480 0 0
20090916010 10:40:00 02022 1 1
20090916011 10:50:00 57258 0 0
20090916012 11:00:00 01906 0 0
20090916013 11:10:00 86243 0 0
20090916014 11:21:00 27330 0 1
20090916015 11:31:00 49479 1 0
20090916016 11:41:00 74332 0 1
20090916017 11:51:00 22674 1 0
20090916018 12:01:00 04634 0 0
20090916019 12:11:00 58337 0 1
20090916020 12:22:00 45921 0 0
20090916021 12:32:00 74836 0 0
20090916022 12:42:00 01960 0 0
20090916023 12:52:00 01104 1 0
20090916024 13:02:00 96128 0 0
20090916025 13:12:00 54432 1 0
20090916026 13:22:00 26237 1 0
20090916027 13:33:00 46528 0 0
20090916028 13:43:00 34275 0 0
20090916029 13:53:00 76608 1 0
20090916030 14:03:00 39129 0 0
20090916031 14:13:00 21536 0 0
20090916032 14:23:00 34407 1 0
20090916033 14:33:00 72664 0 1
20090916034 14:44:00 45425 1 0
20090916035 14:54:00 13081 0 0
20090916036 15:04:00 88652 1 0
20090916037 15:14:00 38491 0 0
20090916038 15:24:00 95846 0 0
20090916039 15:34:00 73564 0 0
20090916040 15:45:00 43351 1 0
20090916041 15:55:00 19428 0 0
20090916042 16:05:00 61073 0 0
20090916043 16:15:00 99274 1 0
20090916044 16:25:00 37265 0 0
20090916045 16:35:00 06309 0 0
20090916046 16:45:00 91041 0 0
20090916047 16:56:00 01174 1 0
20090916048 17:06:00 21339 0 1
20090916049 17:16:00 88381 1 0
20090916050 17:26:00 32103 0 0
20090916051 17:36:00 06504 0 0
20090916052 17:46:00 28399 0 1
20090916053 17:56:00 91671 0 0
20090916054 18:07:00 94308 0 0
20090916055 18:17:00 49040 0 1
20090916056 18:27:00 15550 1 1
20090916057 18:37:00 14225 0 1
20090916058 18:47:00 91462 0 0
20090916059 18:57:00 47680 0 0
20090916060 19:08:00 38183 0 0
20090916061 19:18:00 55404 1 1
20090916062 19:28:00 10082 1 0
20090916063 19:38:00 86057 0 0
20090916064 19:48:00 08399 0 1
20090916065 19:58:00 58982 0 0
20090916066 20:08:00 32375 1 0
20090916067 20:19:00 12739 0 0
20090916068 20:29:00 29369 0 0
20090916069 20:39:00 93920 1 0
20090916070 20:49:00 78461 0 0
20090916071 20:59:00 36651 1 0
20090916072 21:09:00 64167 0 0
20090916073 21:19:00 44349 1 0
20090916074 21:30:00 53055 0 1
20090916075 21:40:00 34342 1 0
20090916076 21:50:00 31032 0 0
20090916077 22:00:00 20792 0 0
20090916078 22:10:00 55140 1 0
20090916079 22:20:00 81913 0 0
20090916080 22:31:00 70673 0 0
20090916081 22:41:00 15115 1 1
20090916082 22:51:00 88109 1 0
20090916083 23:01:00 91000 0 1
