20090114001 09:09:00 81491 0 0
20090114002 09:19:00 89030 0 1
20090114003 09:29:00 10527 0 0
20090114004 09:39:00 08464 0 1
20090114005 09:49:00 17367 0 0
20090114006 09:59:00 69899 0 1
20090114007 10:10:00 17695 0 0
20090114008 10:20:00 96539 0 0
20090114009 10:30:00 42933 0 1
20090114010 10:40:00 54113 0 1
20090114011 10:50:00 88505 1 1
20090114012 11:00:00 60548 0 0
20090114013 11:10:00 53659 0 0
20090114014 11:21:00 84027 0 0
20090114015 11:31:00 78349 0 0
20090114016 11:41:00 15487 0 0
20090114017 11:51:00 29394 0 0
20090114018 12:01:00 78374 0 0
20090114019 12:11:00 02453 0 0
20090114020 12:22:00 91004 0 1
20090114021 12:32:00 71091 0 0
20090114022 12:42:00 53944 0 1
20090114023 12:52:00 49010 0 1
20090114024 13:02:00 47061 0 0
20090114025 13:12:00 22791 1 0
20090114026 13:22:00 19348 0 0
20090114027 13:33:00 04110 0 1
20090114028 13:43:00 65356 0 0
20090114029 13:53:00 13825 0 0
20090114030 14:03:00 99512 1 0
20090114031 14:13:00 08883 1 1
20090114032 14:23:00 99338 1 1
20090114033 14:33:00 55831 1 0
20090114034 14:44:00 85614 0 0
20090114035 14:54:00 57639 0 0
20090114036 15:04:00 75489 0 0
20090114037 15:14:00 26868 0 1
20090114038 15:24:00 01281 0 0
20090114039 15:34:00 26037 0 0
20090114040 15:45:00 20755 0 1
20090114041 15:55:00 06155 0 1
20090114042 16:05:00 04341 0 0
20090114043 16:15:00 03991 0 1
20090114044 16:25:00 05239 0 0
20090114045 16:35:00 79183 0 0
20090114046 16:45:00 27949 0 1
20090114047 16:56:00 27721 1 0
20090114048 17:06:00 61074 0 0
20090114049 17:16:00 17740 1 0
20090114050 17:26:00 71849 0 0
20090114051 17:36:00 64803 0 0
20090114052 17:46:00 76469 0 0
20090114053 17:56:00 78486 0 0
20090114054 18:07:00 88487 1 0
20090114055 18:17:00 49943 1 0
20090114056 18:27:00 88946 1 0
20090114057 18:37:00 57127 0 0
20090114058 18:47:00 07070 1 1
20090114059 18:57:00 82434 0 1
20090114060 19:08:00 39552 0 1
20090114061 19:18:00 92765 0 0
20090114062 19:28:00 63729 0 0
20090114063 19:38:00 23141 0 1
20090114064 19:48:00 11197 1 0
20090114065 19:58:00 09316 0 0
20090114066 20:08:00 69028 0 0
20090114067 20:19:00 08262 0 1
20090114068 20:29:00 00119 1 1
20090114069 20:39:00 75398 0 0
20090114070 20:49:00 96295 0 0
20090114071 20:59:00 06544 0 1
20090114072 21:09:00 72081 0 0
20090114073 21:19:00 22936 1 0
20090114074 21:30:00 55185 1 0
20090114075 21:40:00 74546 0 0
20090114076 21:50:00 52632 0 0
20090114077 22:00:00 49633 0 1
20090114078 22:10:00 81025 0 0
20090114079 22:20:00 96610 1 0
20090114080 22:31:00 45225 0 1
20090114081 22:41:00 24020 0 1
20090114082 22:51:00 59065 0 0
20090114083 23:01:00 53565 1 1
20090114084 23:11:00 70876 0 0
