20090902001 09:09:00 18828 1 1
20090902002 09:19:00 20823 0 0
20090902003 09:29:00 48259 0 0
20090902004 09:39:00 92778 0 1
20090902005 09:49:00 58707 0 1
20090902006 09:59:00 52833 0 1
20090902007 10:10:00 15778 0 1
20090902008 10:20:00 61437 0 0
20090902009 10:30:00 02524 0 0
20090902010 10:40:00 69325 0 0
20090902011 10:50:00 93156 0 0
20090902012 11:00:00 32191 0 1
20090902013 11:10:00 23406 0 0
20090902014 11:21:00 24180 0 0
20090902015 11:31:00 36555 0 1
20090902016 11:41:00 56690 1 0
20090902017 11:51:00 10802 0 0
20090902018 12:01:00 34403 1 0
20090902019 12:11:00 58906 0 0
20090902020 12:22:00 79493 0 0
20090902021 12:32:00 58867 1 0
20090902022 12:42:00 44377 1 1
20090902023 12:52:00 06932 0 0
20090902024 13:02:00 90910 1 0
20090902025 13:12:00 86804 1 0
20090902026 13:22:00 32482 0 0
20090902027 13:33:00 90533 0 1
20090902028 13:43:00 92381 0 0
20090902029 13:53:00 55982 1 0
20090902030 14:03:00 37644 0 1
20090902031 14:13:00 36784 0 0
20090902032 14:23:00 05432 0 0
20090902033 14:33:00 78301 0 0
20090902034 14:44:00 95609 0 0
20090902035 14:54:00 89410 0 0
20090902036 15:04:00 53389 1 0
20090902037 15:14:00 20528 0 0
20090902038 15:24:00 26464 0 1
20090902039 15:34:00 37610 0 0
20090902040 15:45:00 72242 1 1
20090902041 15:55:00 87125 0 0
20090902042 16:05:00 73119 0 1
20090902043 16:15:00 47336 0 1
20090902044 16:25:00 96103 0 0
20090902045 16:35:00 57055 0 1
20090902046 16:45:00 77605 1 0
20090902047 16:56:00 83748 0 0
20090902048 17:06:00 36988 0 1
20090902049 17:16:00 57642 0 0
20090902050 17:26:00 28446 0 1
20090902051 17:36:00 30058 1 0
20090902052 17:46:00 51292 0 1
20090902053 17:56:00 53741 0 0
20090902054 18:07:00 06530 0 0
20090902055 18:17:00 05191 0 1
20090902056 18:27:00 45593 1 0
20090902057 18:37:00 13716 0 0
20090902058 18:47:00 69683 1 0
20090902059 18:57:00 16630 1 0
20090902060 19:08:00 65874 0 0
20090902061 19:18:00 92738 0 0
20090902062 19:28:00 11146 1 0
20090902063 19:38:00 49553 0 1
20090902064 19:48:00 52862 0 0
20090902065 19:58:00 27637 0 0
20090902066 20:08:00 54988 0 1
20090902067 20:19:00 56623 1 0
20090902068 20:29:00 87238 0 0
20090902069 20:39:00 15937 0 0
20090902070 20:49:00 18693 0 0
20090902071 20:59:00 10142 1 0
20090902072 21:09:00 04290 0 0
20090902073 21:19:00 50258 0 0
20090902074 21:30:00 60814 0 0
20090902075 21:40:00 14291 0 0
20090902076 21:50:00 10886 0 1
20090902077 22:00:00 04076 1 0
20090902078 22:10:00 42778 0 1
20090902079 22:20:00 15835 0 0
20090902080 22:31:00 70395 0 0
20090902081 22:41:00 29373 0 1
20090902082 22:51:00 10733 0 1
20090902083 23:01:00 67575 0 1
20090902084 23:11:00 61976 0 0
