20090808001 09:09:00 19279 0 0
20090808002 09:19:00 82945 0 0
20090808003 09:29:00 49025 0 0
20090808004 09:39:00 07272 0 1
20090808005 09:49:00 71595 0 1
20090808006 09:59:00 77191 1 1
20090808007 10:10:00 90625 0 0
20090808008 10:20:00 68117 0 1
20090808009 10:30:00 15305 0 0
20090808010 10:40:00 74053 0 0
20090808011 10:50:00 20520 0 0
20090808012 11:00:00 14333 0 1
20090808013 11:10:00 02788 0 1
20090808014 11:21:00 14882 0 1
20090808015 11:31:00 93275 0 0
20090808016 11:41:00 11931 1 0
20090808017 11:51:00 25577 1 1
20090808018 12:01:00 37946 0 0
20090808019 12:11:00 52820 0 0
20090808020 12:22:00 90568 0 0
20090808021 12:32:00 26688 1 1
20090808022 12:42:00 99811 1 1
20090808023 12:52:00 06821 0 0
20090808024 13:02:00 25653 0 0
20090808025 13:12:00 57134 0 0
20090808026 13:22:00 97332 0 1
20090808027 13:33:00 62981 0 0
20090808028 13:43:00 79796 1 0
20090808029 13:53:00 33615 1 0
20090808030 14:03:00 10935 0 0
20090808031 14:13:00 58452 0 0
20090808032 14:23:00 26221 1 1
20090808033 14:33:00 14724 0 0
20090808034 14:44:00 62855 0 1
20090808035 14:54:00 57311 0 1
20090808036 15:04:00 77323 1 1
20090808037 15:14:00 28839 1 0
20090808038 15:24:00 41327 0 0
20090808039 15:34:00 63839 0 0
20090808040 15:45:00 54272 0 1
20090808041 15:55:00 91566 0 1
20090808042 16:05:00 18929 0 1
20090808043 16:15:00 83201 0 0
20090808044 16:25:00 92884 0 1
20090808045 16:35:00 69563 0 0
20090808046 16:45:00 91944 1 1
20090808047 16:56:00 15497 0 0
20090808048 17:06:00 19901 1 0
20090808049 17:16:00 30968 0 0
20090808050 17:26:00 23779 0 1
20090808051 17:36:00 38507 0 0
20090808052 17:46:00 28628 0 0
20090808053 17:56:00 62672 1 0
20090808054 18:07:00 59181 0 1
20090808055 18:17:00 95615 0 0
20090808056 18:27:00 22556 1 1
20090808057 18:37:00 59822 0 1
20090808058 18:47:00 27567 0 0
20090808059 18:57:00 07520 0 0
20090808060 19:08:00 18711 0 1
20090808061 19:18:00 79021 0 0
20090808062 19:28:00 05979 0 1
20090808063 19:38:00 24708 0 0
20090808064 19:48:00 23720 0 0
20090808065 19:58:00 56363 0 1
20090808066 20:08:00 64406 1 0
20090808067 20:19:00 23655 0 1
20090808068 20:29:00 89011 0 1
20090808069 20:39:00 79922 1 1
20090808070 20:49:00 69346 0 0
20090808071 20:59:00 65199 0 1
20090808072 21:09:00 63967 0 0
20090808073 21:19:00 02588 0 1
20090808074 21:30:00 80299 0 1
20090808075 21:40:00 60129 0 0
20090808076 21:50:00 01290 0 0
20090808077 22:00:00 93063 0 0
20090808078 22:10:00 44900 1 1
20090808079 22:20:00 95607 0 0
20090808080 22:31:00 65985 0 0
20090808081 22:41:00 52723 0 0
20090808082 22:51:00 23085 0 0
20090808083 23:01:00 41784 0 0
20090808084 23:11:00 63435 0 0
