20090604001 09:09:00 22968 1 0
20090604002 09:19:00 14670 0 0
20090604003 09:29:00 34309 1 0
20090604004 09:39:00 35118 0 1
20090604005 09:49:00 66486 1 0
20090604006 09:59:00 12290 1 0
20090604007 10:10:00 32064 0 0
20090604008 10:20:00 58741 0 0
20090604009 10:30:00 07330 0 1
20090604010 10:40:00 78936 0 0
20090604011 10:50:00 37137 0 0
20090604012 11:00:00 08376 0 0
20090604013 11:10:00 98396 0 0
20090604014 11:21:00 33000 1 1
20090604015 11:31:00 52223 1 1
20090604016 11:41:00 73093 0 0
20090604017 11:51:00 17281 0 0
20090604018 12:01:00 99331 1 1
20090604019 12:11:00 22160 1 0
20090604020 12:22:00 43567 0 0
20090604021 12:32:00 95753 0 0
20090604022 12:42:00 18793 0 0
20090604023 12:52:00 23031 0 0
20090604024 13:02:00 84399 0 1
20090604025 13:12:00 70986 0 0
20090604026 13:22:00 19489 0 0
20090604027 13:33:00 22698 1 0
20090604028 13:43:00 99875 1 0
20090604029 13:53:00 09818 0 1
20090604030 14:03:00 58280 0 0
20090604031 14:13:00 52038 0 0
20090604032 14:23:00 93243 0 0
20090604033 14:33:00 31007 0 1
20090604034 14:44:00 65484 0 1
20090604035 14:54:00 53881 0 1
20090604036 15:04:00 62343 0 1
20090604037 15:14:00 66847 1 0
20090604038 15:24:00 77878 1 1
20090604039 15:34:00 83045 0 0
20090604040 15:45:00 09220 0 1
20090604041 15:55:00 48261 0 0
20090604042 16:05:00 15586 1 0
20090604043 16:15:00 63637 1 0
20090604044 16:25:00 80701 0 0
20090604045 16:35:00 86673 1 0
20090604046 16:45:00 23029 0 0
20090604047 16:56:00 13518 0 0
20090604048 17:06:00 67598 0 0
20090604049 17:16:00 50602 0 0
20090604050 17:26:00 80640 0 0
20090604051 17:36:00 10108 1 0
20090604052 17:46:00 98629 0 0
20090604053 17:56:00 59286 0 0
20090604054 18:07:00 43415 1 0
20090604055 18:17:00 20646 0 1
20090604056 18:27:00 20723 0 0
20090604057 18:37:00 51128 1 0
20090604058 18:47:00 07838 0 1
20090604059 18:57:00 65557 1 1
20090604060 19:08:00 39706 0 0
20090604061 19:18:00 02422 0 1
20090604062 19:28:00 70362 0 0
20090604063 19:38:00 16806 0 0
20090604064 19:48:00 12963 0 0
20090604065 19:58:00 54158 0 0
20090604066 20:08:00 87261 0 0
20090604067 20:19:00 64593 0 0
20090604068 20:29:00 59469 0 0
20090604069 20:39:00 65411 0 1
20090604070 20:49:00 64746 0 0
20090604071 20:59:00 78813 1 0
20090604072 21:09:00 70101 0 1
20090604073 21:19:00 41333 0 1
20090604074 21:30:00 56601 1 0
20090604075 21:40:00 30334 1 1
20090604076 21:50:00 46703 0 0
20090604077 22:00:00 72536 0 0
20090604078 22:10:00 78534 0 0
20090604079 22:20:00 67241 0 0
20090604080 22:31:00 25325 0 0
20090604081 22:41:00 96173 0 0
20090604082 22:51:00 57272 0 1
20090604083 23:01:00 70531 0 0
20090604084 23:11:00 03926 0 0
