20091204001 09:09:00 03789 0 0
20091204002 09:19:00 48843 1 0
20091204003 09:29:00 57098 0 0
20091204004 09:39:00 54706 0 0
20091204005 09:49:00 06402 0 0
20091204006 09:59:00 00198 1 0
20091204007 10:10:00 77406 1 0
20091204008 10:20:00 85672 0 0
20091204009 10:30:00 25123 0 0
20091204010 10:40:00 36001 0 1
20091204011 10:50:00 04825 0 0
20091204012 11:00:00 86850 1 0
20091204013 11:10:00 00220 1 1
20091204014 11:21:00 30328 1 0
20091204015 11:31:00 43030 0 1
20091204016 11:41:00 06209 0 0
20091204017 11:51:00 42801 0 0
20091204018 12:01:00 06318 0 0
20091204019 12:11:00 23337 1 1
20091204020 12:22:00 35986 0 0
20091204021 12:32:00 96834 0 0
20091204022 12:42:00 32231 1 0
20091204023 12:52:00 59319 0 0
20091204024 13:02:00 37710 1 0
20091204025 13:12:00 01979 0 1
20091204026 13:22:00 77068 1 0
20091204027 13:33:00 12840 0 0
20091204028 13:43:00 57683 0 0
20091204029 13:53:00 81163 1 0
20091204030 14:03:00 19315 0 0
20091204031 14:13:00 74141 0 1
20091204032 14:23:00 13124 1 0
20091204033 14:33:00 85982 0 0
20091204034 14:44:00 45391 0 0
20091204035 14:54:00 35152 0 0
20091204036 15:04:00 84247 0 0
20091204037 15:14:00 18080 0 1
20091204038 15:24:00 01560 0 0
20091204039 15:34:00 82356 0 0
20091204040 15:45:00 91069 0 0
20091204041 15:55:00 94927 1 0
20091204042 16:05:00 46416 1 0
20091204043 16:15:00 03267 0 0
20091204044 16:25:00 70124 0 0
20091204045 16:35:00 60317 0 0
20091204046 16:45:00 31716 0 0
20091204047 16:56:00 21452 0 0
20091204048 17:06:00 27370 0 0
20091204049 17:16:00 36713 0 0
20091204050 17:26:00 62256 1 0
20091204051 17:36:00 39263 0 0
20091204052 17:46:00 52159 0 0
20091204053 17:56:00 84646 0 1
20091204054 18:07:00 89384 0 0
20091204055 18:17:00 83356 1 0
20091204056 18:27:00 05633 0 1
20091204057 18:37:00 11099 1 1
20091204058 18:47:00 84222 0 1
20091204059 18:57:00 48481 1 0
20091204060 19:08:00 04922 0 1
20091204061 19:18:00 70555 0 1
20091204062 19:28:00 54495 1 0
20091204063 19:38:00 75830 0 0
20091204064 19:48:00 60774 0 1
20091204065 19:58:00 92266 1 1
20091204066 20:08:00 82336 0 1
20091204067 20:19:00 19255 0 1
20091204068 20:29:00 16419 0 0
20091204069 20:39:00 36053 0 0
20091204070 20:49:00 41293 0 0
20091204071 20:59:00 91466 0 1
20091204072 21:09:00 47021 0 0
20091204073 21:19:00 68987 0 0
20091204074 21:30:00 76402 0 0
20091204075 21:40:00 27229 1 1
20091204076 21:50:00 61233 0 1
20091204077 22:00:00 16641 1 0
20091204078 22:10:00 29955 1 1
20091204079 22:20:00 93019 0 0
20091204080 22:31:00 71762 1 0
20091204081 22:41:00 24625 0 0
20091204082 22:51:00 04154 0 0
20091204083 23:01:00 38717 0 1
20091204084 23:11:00 27706 1 0
