20090707001 09:09:00 59402 0 0
20090707002 09:19:00 37376 1 0
20090707003 09:29:00 65499 0 1
20090707004 09:39:00 80056 1 0
20090707005 09:49:00 09662 0 1
20090707006 09:59:00 91725 0 0
20090707007 10:10:00 08090 1 1
20090707008 10:20:00 05395 0 0
20090707009 10:30:00 00691 1 0
20090707010 10:40:00 10659 0 0
20090707011 10:50:00 22094 1 0
20090707012 11:00:00 49651 0 0
20090707013 11:10:00 54301 0 0
20090707014 11:21:00 23203 1 0
20090707015 11:31:00 80103 0 0
20090707016 11:41:00 14956 0 0
20090707017 11:51:00 68522 0 1
20090707018 12:01:00 11864 1 0
20090707019 12:11:00 97256 0 0
20090707020 12:22:00 46979 0 1
20090707021 12:32:00 86150 0 0
20090707022 12:42:00 12349 0 0
20090707023 12:52:00 13394 1 0
20090707024 13:02:00 67859 0 0
20090707025 13:12:00 24960 0 0
20090707026 13:22:00 45892 0 0
20090707027 13:33:00 17636 0 1
20090707028 13:43:00 57446 0 1
20090707029 13:53:00 49668 0 1
20090707030 14:03:00 19775 0 1
20090707031 14:13:00 79271 0 0
20090707032 14:23:00 49843 0 0
20090707033 14:33:00 54395 0 0
20090707034 14:44:00 64903 0 0
20090707035 14:54:00 68646 1 1
20090707036 15:04:00 68585 0 1
20090707037 15:14:00 70498 0 0
20090707038 15:24:00 72456 0 0
20090707039 15:34:00 29700 0 1
20090707040 15:45:00 17362 0 0
20090707041 15:55:00 84979 0 1
20090707042 16:05:00 83992 0 1
20090707043 16:15:00 18741 0 0
20090707044 16:25:00 10762 0 0
20090707045 16:35:00 35944 0 1
20090707046 16:45:00 09168 0 0
20090707047 16:56:00 63669 1 1
20090707048 17:06:00 40800 0 1
20090707049 17:16:00 09827 0 0
20090707050 17:26:00 51004 0 1
20090707051 17:36:00 77633 1 1
20090707052 17:46:00 03861 0 0
20090707053 17:56:00 90598 0 0
20090707054 18:07:00 47631 0 0
20090707055 18:17:00 16935 0 0
20090707056 18:27:00 40263 0 0
20090707057 18:37:00 21881 0 1
20090707058 18:47:00 15647 0 0
20090707059 18:57:00 69023 0 0
20090707060 19:08:00 24117 0 1
20090707061 19:18:00 75878 0 1
20090707062 19:28:00 67711 1 1
20090707063 19:38:00 45938 0 0
20090707064 19:48:00 90973 1 0
20090707065 19:58:00 67527 0 0
20090707066 20:08:00 59385 0 0
20090707067 20:19:00 12417 0 0
20090707068 20:29:00 90147 0 0
20090707069 20:39:00 74040 0 1
20090707070 20:49:00 75770 1 1
20090707071 20:59:00 67237 0 0
20090707072 21:09:00 59192 0 0
20090707073 21:19:00 98058 0 0
20090707074 21:30:00 67012 0 0
20090707075 21:40:00 81901 0 0
20090707076 21:50:00 61401 0 0
20090707077 22:00:00 63088 0 1
20090707078 22:10:00 15300 0 1
20090707079 22:20:00 72096 0 0
20090707080 22:31:00 35951 0 0
20090707081 22:41:00 75111 0 1
20090707082 22:51:00 85137 0 0
20090707083 23:01:00 64401 1 0
20090707084 23:11:00 39994 1 1
