20090927001 09:09:00 87371 0 0
20090927002 09:19:00 30880 0 1
20090927003 09:29:00 55192 1 0
20090927004 09:39:00 84470 1 0
20090927005 09:49:00 61213 0 0
20090927006 09:59:00 89915 1 0
20090927007 10:10:00 11795 1 0
20090927008 10:20:00 04968 0 0
20090927009 10:30:00 27458 0 0
20090927010 10:40:00 74090 0 1
20090927011 10:50:00 57892 0 0
20090927012 11:00:00 83299 0 1
20090927013 11:10:00 23893 0 0
20090927014 11:21:00 71085 0 0
20090927015 11:31:00 55794 1 0
20090927016 11:41:00 76632 1 0
20090927017 11:51:00 34485 1 0
20090927018 12:01:00 60389 0 0
20090927019 12:11:00 70904 0 0
20090927020 12:22:00 61586 0 0
20090927021 12:32:00 24566 0 1
20090927022 12:42:00 75415 0 0
20090927023 12:52:00 72119 0 1
20090927024 13:02:00 18540 0 0
20090927025 13:12:00 10045 1 0
20090927026 13:22:00 40043 1 0
20090927027 13:33:00 71985 0 0
20090927028 13:43:00 90859 0 0
20090927029 13:53:00 82059 0 0
20090927030 14:03:00 61412 0 0
20090927031 14:13:00 22764 1 0
20090927032 14:23:00 63967 0 0
20090927033 14:33:00 21997 0 1
20090927034 14:44:00 52056 0 0
20090927035 14:54:00 56572 1 0
20090927036 15:04:00 27336 0 1
20090927037 15:14:00 77862 1 0
20090927038 15:24:00 08079 1 0
20090927039 15:34:00 66321 1 0
20090927040 15:45:00 38814 1 0
20090927041 15:55:00 45467 1 0
20090927042 16:05:00 94837 0 0
20090927043 16:15:00 55258 1 0
20090927044 16:25:00 73262 0 1
20090927045 16:35:00 54027 0 0
20090927046 16:45:00 60932 0 0
20090927047 16:56:00 76953 0 0
20090927048 17:06:00 45188 0 1
20090927049 17:16:00 53951 0 0
20090927050 17:26:00 41016 0 0
20090927051 17:36:00 63205 0 0
20090927052 17:46:00 68739 0 0
20090927053 17:56:00 94769 0 0
20090927054 18:07:00 99249 1 0
20090927055 18:17:00 79244 0 1
20090927056 18:27:00 31138 1 0
20090927057 18:37:00 74942 0 0
20090927058 18:47:00 94996 1 1
20090927059 18:57:00 38437 0 0
20090927060 19:08:00 10483 0 0
20090927061 19:18:00 06159 0 0
20090927062 19:28:00 70480 0 0
20090927063 19:38:00 64725 0 0
20090927064 19:48:00 95392 0 0
20090927065 19:58:00 28740 0 0
20090927066 20:08:00 73368 1 0
20090927067 20:19:00 13983 0 0
20090927068 20:29:00 89060 0 1
20090927069 20:39:00 83764 0 0
20090927070 20:49:00 34350 1 0
20090927071 20:59:00 49296 0 0
20090927072 21:09:00 74456 1 0
20090927073 21:19:00 53815 0 0
20090927074 21:30:00 14987 0 0
20090927075 21:40:00 96334 0 1
20090927076 21:50:00 84329 0 0
20090927077 22:00:00 47479 1 0
20090927078 22:10:00 72113 0 1
20090927079 22:20:00 36414 0 1
20090927080 22:31:00 87850 1 0
20090927081 22:41:00 22453 1 0
20090927082 22:51:00 19481 0 0
20090927083 23:01:00 54510 1 0
20090927084 23:11:00 82622 0 1
