20090508001 09:09:00 62246 1 0
20090508002 09:19:00 52477 0 1
20090508003 09:29:00 20018 1 0
20090508004 09:39:00 35671 0 0
20090508005 09:49:00 68617 1 0
20090508006 09:59:00 80905 0 0
20090508007 10:10:00 64228 0 1
20090508008 10:20:00 46250 0 0
20090508009 10:30:00 19846 0 0
20090508010 10:40:00 85232 0 1
20090508011 10:50:00 92687 0 0
20090508012 11:00:00 85048 0 0
20090508013 11:10:00 05585 1 1
20090508014 11:21:00 41504 0 0
20090508015 11:31:00 26824 0 0
20090508016 11:41:00 65125 0 0
20090508017 11:51:00 63316 1 0
20090508018 12:01:00 51730 0 0
20090508019 12:11:00 83414 0 1
20090508020 12:22:00 79097 0 0
20090508021 12:32:00 88974 1 0
20090508022 12:42:00 30308 1 0
20090508023 12:52:00 86403 0 0
20090508024 13:02:00 92172 0 0
20090508025 13:12:00 84948 0 0
20090508026 13:22:00 23881 0 1
20090508027 13:33:00 35093 0 0
20090508028 13:43:00 31066 0 1
20090508029 13:53:00 42385 0 0
20090508030 14:03:00 38372 1 0
20090508031 14:13:00 42196 0 0
20090508032 14:23:00 40388 0 1
20090508033 14:33:00 43669 0 1
20090508034 14:44:00 90402 0 0
20090508035 14:54:00 89266 0 1
20090508036 15:04:00 23153 0 0
20090508037 15:14:00 97357 0 0
20090508038 15:24:00 14069 0 0
20090508039 15:34:00 19639 0 0
20090508040 15:45:00 15593 1 0
20090508041 15:55:00 22948 1 0
20090508042 16:05:00 13848 0 1
20090508043 16:15:00 70434 0 1
20090508044 16:25:00 25552 1 1
20090508045 16:35:00 35765 0 0
20090508046 16:45:00 65999 0 1
20090508047 16:56:00 79958 1 0
20090508048 17:06:00 07115 0 1
20090508049 17:16:00 93248 0 0
20090508050 17:26:00 28749 0 0
20090508051 17:36:00 78582 0 0
20090508052 17:46:00 79174 0 0
20090508053 17:56:00 00221 1 1
20090508054 18:07:00 23981 0 0
20090508055 18:17:00 61517 0 0
20090508056 18:27:00 85029 0 0
20090508057 18:37:00 51247 0 0
20090508058 18:47:00 19418 0 0
20090508059 18:57:00 37291 0 0
20090508060 19:08:00 75410 0 0
20090508061 19:18:00 35709 0 0
20090508062 19:28:00 31332 1 1
20090508063 19:38:00 38267 0 0
20090508064 19:48:00 18850 1 0
20090508065 19:58:00 86691 1 0
20090508066 20:08:00 95754 0 0
20090508067 20:19:00 46568 0 0
20090508068 20:29:00 22687 1 0
20090508069 20:39:00 10062 1 0
20090508070 20:49:00 02037 1 0
20090508071 20:59:00 20375 0 0
20090508072 21:09:00 46189 0 0
20090508073 21:19:00 22405 1 0
20090508074 21:30:00 28789 0 0
20090508075 21:40:00 88121 1 1
20090508076 21:50:00 78493 0 0
20090508077 22:00:00 19860 0 0
20090508078 22:10:00 55846 1 0
20090508079 22:20:00 92696 0 1
20090508080 22:31:00 94116 0 1
20090508081 22:41:00 19654 0 0
20090508082 22:51:00 21664 0 1
20090508083 23:01:00 37177 0 1
20090508084 23:11:00 23917 0 0
