20091020001 09:09:00 63669 1 1
20091020002 09:19:00 82882 1 1
20091020003 09:29:00 59938 1 0
20091020004 09:39:00 63395 1 0
20091020005 09:49:00 24524 0 0
20091020006 09:59:00 27185 0 0
20091020007 10:10:00 86468 0 0
20091020008 10:20:00 03120 0 0
20091020009 10:30:00 64311 0 1
20091020010 10:40:00 20957 0 0
20091020011 10:50:00 50951 0 0
20091020012 11:00:00 17878 0 1
20091020013 11:10:00 53237 0 0
20091020014 11:21:00 77722 1 1
20091020015 11:31:00 23148 0 0
20091020016 11:41:00 41193 1 0
20091020017 11:51:00 61021 0 0
20091020018 12:01:00 18879 1 0
20091020019 12:11:00 42076 0 0
20091020020 12:22:00 69001 0 1
20091020021 12:32:00 21792 0 0
20091020022 12:42:00 57003 0 1
20091020023 12:52:00 82701 0 0
20091020024 13:02:00 68485 0 0
20091020025 13:12:00 03973 0 0
20091020026 13:22:00 12602 0 0
20091020027 13:33:00 51134 1 0
20091020028 13:43:00 55228 1 1
20091020029 13:53:00 74151 0 1
20091020030 14:03:00 90434 0 1
20091020031 14:13:00 55892 1 0
20091020032 14:23:00 35133 0 1
20091020033 14:33:00 03796 0 0
20091020034 14:44:00 40156 0 0
20091020035 14:54:00 88086 1 0
20091020036 15:04:00 44545 1 1
20091020037 15:14:00 10676 0 1
20091020038 15:24:00 00986 1 0
20091020039 15:34:00 33078 1 0
20091020040 15:45:00 98262 0 1
20091020041 15:55:00 04620 0 0
20091020042 16:05:00 38864 1 0
20091020043 16:15:00 35420 0 0
20091020044 16:25:00 95457 0 0
20091020045 16:35:00 49597 0 0
20091020046 16:45:00 66541 1 0
20091020047 16:56:00 89053 0 0
20091020048 17:06:00 83342 1 0
20091020049 17:16:00 25550 1 1
20091020050 17:26:00 26077 0 1
20091020051 17:36:00 55322 1 1
20091020052 17:46:00 21985 0 0
20091020053 17:56:00 13830 0 0
20091020054 18:07:00 15093 0 0
20091020055 18:17:00 89499 0 1
20091020056 18:27:00 75194 0 0
20091020057 18:37:00 51994 0 1
20091020058 18:47:00 18577 0 1
20091020059 18:57:00 38136 0 0
20091020060 19:08:00 05998 0 1
20091020061 19:18:00 71608 0 0
20091020062 19:28:00 12463 0 0
20091020063 19:38:00 02056 1 0
20091020064 19:48:00 87678 0 0
20091020065 19:58:00 79375 0 0
20091020066 20:08:00 25095 0 0
20091020067 20:19:00 75507 1 0
20091020068 20:29:00 71489 0 0
20091020069 20:39:00 33967 1 0
20091020070 20:49:00 13331 1 1
20091020071 20:59:00 35362 1 0
20091020072 21:09:00 39032 0 0
20091020073 21:19:00 74563 0 0
20091020074 21:30:00 33717 1 1
20091020075 21:40:00 42411 1 1
20091020076 21:50:00 75978 0 0
20091020077 22:00:00 44505 1 1
20091020078 22:10:00 62654 1 0
20091020079 22:20:00 91717 0 1
20091020080 22:31:00 78629 0 0
20091020081 22:41:00 10678 0 0
20091020082 22:51:00 49707 0 1
20091020083 23:01:00 67125 0 0
20091020084 23:11:00 86039 0 0
