20090105001 09:09:00 07667 0 1
20090105002 09:19:00 83597 0 0
20090105003 09:29:00 89142 0 0
20090105004 09:39:00 27017 0 0
20090105005 09:49:00 67471 0 0
20090105006 09:59:00 29882 0 1
20090105007 10:10:00 87573 0 0
20090105008 10:20:00 67260 0 0
20090105009 10:30:00 79902 1 0
20090105010 10:40:00 75659 0 0
20090105011 10:50:00 26663 1 1
20090105012 11:00:00 54166 0 1
20090105013 11:10:00 35454 0 1
20090105014 11:21:00 56099 0 1
20090105015 11:31:00 98008 0 1
20090105016 11:41:00 88363 1 1
20090105017 11:51:00 13556 0 1
20090105018 12:01:00 91229 0 1
20090105019 12:11:00 58753 0 0
20090105020 12:22:00 55304 1 0
20090105021 12:32:00 50965 0 0
20090105022 12:42:00 22391 1 0
20090105023 12:52:00 05173 0 0
20090105024 13:02:00 62156 0 0
20090105025 13:12:00 66935 1 0
20090105026 13:22:00 88166 1 1
20090105027 13:33:00 97462 0 0
20090105028 13:43:00 04904 0 0
20090105029 13:53:00 98625 0 0
20090105030 14:03:00 18298 0 0
20090105031 14:13:00 75205 0 0
20090105032 14:23:00 97822 0 1
20090105033 14:33:00 67704 1 0
20090105034 14:44:00 23930 0 0
20090105035 14:54:00 93061 0 0
20090105036 15:04:00 34488 1 1
20090105037 15:14:00 29785 0 0
20090105038 15:24:00 91619 0 0
20090105039 15:34:00 54865 0 0
20090105040 15:45:00 15873 0 0
20090105041 15:55:00 43945 0 0
20090105042 16:05:00 36236 0 0
20090105043 16:15:00 18736 0 0
20090105044 16:25:00 63157 0 0
20090105045 16:35:00 91172 1 0
20090105046 16:45:00 24452 1 0
20090105047 16:56:00 49364 0 0
20090105048 17:06:00 48274 0 0
20090105049 17:16:00 06754 0 0
20090105050 17:26:00 94443 1 1
20090105051 17:36:00 25319 0 0
20090105052 17:46:00 70893 0 0
20090105053 17:56:00 10539 0 0
20090105054 18:07:00 75665 0 1
20090105055 18:17:00 03522 0 1
20090105056 18:27:00 82070 0 1
20090105057 18:37:00 52874 0 0
20090105058 18:47:00 99816 1 0
20090105059 18:57:00 94848 0 1
20090105060 19:08:00 30303 1 1
20090105061 19:18:00 30067 1 0
20090105062 19:28:00 35611 0 1
20090105063 19:38:00 80550 0 1
20090105064 19:48:00 06843 0 0
20090105065 19:58:00 98400 0 1
20090105066 20:08:00 20280 1 0
20090105067 20:19:00 23668 0 1
20090105068 20:29:00 81258 0 0
20090105069 20:39:00 19568 0 0
20090105070 20:49:00 57493 0 0
20090105071 20:59:00 81992 0 1
20090105072 21:09:00 88783 1 0
20090105073 21:19:00 04415 1 0
20090105074 21:30:00 72981 0 0
20090105075 21:40:00 29171 0 1
20090105076 21:50:00 59924 1 0
20090105077 22:00:00 88430 1 0
20090105078 22:10:00 87259 0 0
20090105079 22:20:00 34206 0 0
20090105080 22:31:00 05342 0 0
20090105081 22:41:00 10080 1 1
20090105082 22:51:00 68052 0 0
20090105083 23:01:00 81136 1 0
20090105084 23:11:00 25118 0 1
