20090930001 09:09:00 52017 0 0
20090930002 09:19:00 89507 0 0
20090930003 09:29:00 66067 1 0
20090930004 09:39:00 97305 0 0
20090930005 09:49:00 94515 0 1
20090930006 09:59:00 25282 1 1
20090930007 10:10:00 67945 0 0
20090930008 10:20:00 22669 1 1
20090930009 10:30:00 24811 0 1
20090930010 10:40:00 83614 0 0
20090930011 10:50:00 04319 0 0
20090930012 11:00:00 24052 0 0
20090930013 11:10:00 15271 0 0
20090930014 11:21:00 00747 1 1
20090930015 11:31:00 42050 0 1
20090930016 11:41:00 49772 0 1
20090930017 11:51:00 89397 0 0
20090930018 12:01:00 04718 0 0
20090930019 12:11:00 91611 0 1
20090930020 12:22:00 50076 1 0
20090930021 12:32:00 94464 1 1
20090930022 12:42:00 95288 0 1
20090930023 12:52:00 85857 1 0
20090930024 13:02:00 80509 0 0
20090930025 13:12:00 68080 0 1
20090930026 13:22:00 17973 0 0
20090930027 13:33:00 88701 1 0
20090930028 13:43:00 68762 0 0
20090930029 13:53:00 79768 1 0
20090930030 14:03:00 93898 0 1
20090930031 14:13:00 81458 0 0
20090930032 14:23:00 89883 1 1
20090930033 14:33:00 09433 0 1
20090930034 14:44:00 01490 0 0
20090930035 14:54:00 20241 1 0
20090930036 15:04:00 01015 1 0
20090930037 15:14:00 63349 1 0
20090930038 15:24:00 37138 0 0
20090930039 15:34:00 55559 1 1
20090930040 15:45:00 98719 0 0
20090930041 15:55:00 70241 0 0
20090930042 16:05:00 63151 0 1
20090930043 16:15:00 41982 0 0
20090930044 16:25:00 01849 0 0
20090930045 16:35:00 26864 0 0
20090930046 16:45:00 31098 0 0
20090930047 16:56:00 15831 0 0
20090930048 17:06:00 67636 1 1
20090930049 17:16:00 89537 0 0
20090930050 17:26:00 46973 0 0
20090930051 17:36:00 42155 0 1
20090930052 17:46:00 93950 1 0
20090930053 17:56:00 68923 0 0
20090930054 18:07:00 08822 1 1
20090930055 18:17:00 82612 0 0
20090930056 18:27:00 67545 0 1
20090930057 18:37:00 67436 0 0
20090930058 18:47:00 18782 0 0
20090930059 18:57:00 57785 1 0
20090930060 19:08:00 07431 0 0
20090930061 19:18:00 31713 0 0
20090930062 19:28:00 27952 0 0
20090930063 19:38:00 13910 0 0
20090930064 19:48:00 14701 0 0
20090930065 19:58:00 37647 0 0
20090930066 20:08:00 57939 0 1
20090930067 20:19:00 78442 0 1
20090930068 20:29:00 30507 0 0
20090930069 20:39:00 05059 1 0
20090930070 20:49:00 36011 0 1
20090930071 20:59:00 45768 0 0
20090930072 21:09:00 38288 0 1
20090930073 21:19:00 24243 1 0
20090930074 21:30:00 58457 0 0
20090930075 21:40:00 08001 1 1
20090930076 21:50:00 63069 0 0
20090930077 22:00:00 95361 0 0
20090930078 22:10:00 97837 0 0
20090930079 22:20:00 51702 0 0
20090930080 22:31:00 76905 0 0
20090930081 22:41:00 35311 1 1
20090930082 22:51:00 35750 0 0
20090930083 23:01:00 79020 0 1
20090930084 23:11:00 52115 0 1
