20090407001 09:09:00 52254 1 0
20090407002 09:19:00 46413 1 0
20090407003 09:29:00 25911 0 1
20090407004 09:39:00 50143 0 0
20090407005 09:49:00 18503 0 0
20090407006 09:59:00 31552 0 1
20090407007 10:10:00 56678 1 0
20090407008 10:20:00 38474 0 1
20090407009 10:30:00 49603 0 0
20090407010 10:40:00 41047 0 0
20090407011 10:50:00 93566 0 1
20090407012 11:00:00 09406 0 0
20090407013 11:10:00 58559 1 1
20090407014 11:21:00 30768 0 0
20090407015 11:31:00 34392 1 0
20090407016 11:41:00 70844 0 1
20090407017 11:51:00 68282 0 1
20090407018 12:01:00 66265 1 0
20090407019 12:11:00 44998 1 1
20090407020 12:22:00 76961 0 0
20090407021 12:32:00 50068 1 0
20090407022 12:42:00 14600 0 1
20090407023 12:52:00 79227 0 1
20090407024 13:02:00 02216 1 0
20090407025 13:12:00 61812 0 0
20090407026 13:22:00 57304 0 0
20090407027 13:33:00 92174 0 0
20090407028 13:43:00 71819 0 0
20090407029 13:53:00 36409 0 0
20090407030 14:03:00 33943 1 0
20090407031 14:13:00 56921 0 0
20090407032 14:23:00 15815 0 0
20090407033 14:33:00 98036 0 0
20090407034 14:44:00 80003 1 1
20090407035 14:54:00 73130 0 0
20090407036 15:04:00 13710 0 0
20090407037 15:14:00 16956 0 0
20090407038 15:24:00 93781 0 0
20090407039 15:34:00 14869 0 0
20090407040 15:45:00 45226 0 1
20090407041 15:55:00 33219 1 0
20090407042 16:05:00 51593 1 0
20090407043 16:15:00 64221 0 1
20090407044 16:25:00 45477 1 1
20090407045 16:35:00 42969 0 1
20090407046 16:45:00 93082 0 0
20090407047 16:56:00 72714 1 0
20090407048 17:06:00 66679 1 0
20090407049 17:16:00 09852 0 0
20090407050 17:26:00 46793 0 0
20090407051 17:36:00 57109 0 0
20090407052 17:46:00 42625 0 0
20090407053 17:56:00 99657 1 0
20090407054 18:07:00 33258 1 0
20090407055 18:17:00 27079 0 0
20090407056 18:27:00 61791 0 0
20090407057 18:37:00 45299 0 1
20090407058 18:47:00 09275 0 0
20090407059 18:57:00 09708 0 0
20090407060 19:08:00 68555 0 1
20090407061 19:18:00 18651 0 0
20090407062 19:28:00 21695 0 0
20090407063 19:38:00 99681 1 0
20090407064 19:48:00 71408 0 0
20090407065 19:58:00 52413 0 0
20090407066 20:08:00 67880 0 1
20090407067 20:19:00 99735 1 0
20090407068 20:29:00 88096 1 0
20090407069 20:39:00 43918 0 0
20090407070 20:49:00 89115 0 1
20090407071 20:59:00 56177 0 1
20090407072 21:09:00 13075 0 0
20090407073 21:19:00 38583 0 0
20090407074 21:30:00 75613 0 0
20090407075 21:40:00 38595 0 1
20090407076 21:50:00 45892 0 0
20090407077 22:00:00 53954 0 0
20090407078 22:10:00 75326 0 0
20090407079 22:20:00 01296 0 0
20090407080 22:31:00 54156 0 0
20090407081 22:41:00 76216 0 0
20090407082 22:51:00 44790 1 0
20090407083 23:01:00 02892 0 0
20090407084 23:11:00 35596 1 0
