20090915001 09:09:00 78874 1 0
20090915002 09:19:00 39292 0 1
20090915003 09:29:00 66135 1 0
20090915004 09:39:00 36148 0 0
20090915005 09:49:00 28041 0 0
20090915006 09:59:00 01716 0 0
20090915007 10:10:00 80065 1 0
20090915008 10:20:00 88139 1 0
20090915009 10:30:00 40493 1 0
20090915010 10:40:00 29558 0 1
20090915011 10:50:00 53042 0 0
20090915012 11:00:00 55213 1 0
20090915013 11:10:00 07844 0 1
20090915014 11:21:00 31224 0 1
20090915015 11:31:00 48515 0 1
20090915016 11:41:00 45417 1 0
20090915017 11:51:00 10130 1 0
20090915018 12:01:00 74428 1 0
20090915019 12:11:00 47706 1 0
20090915020 12:22:00 26123 0 0
20090915021 12:32:00 08694 0 0
20090915022 12:42:00 25557 1 1
20090915023 12:52:00 54771 0 1
20090915024 13:02:00 65055 0 1
20090915025 13:12:00 54750 0 0
20090915026 13:22:00 16560 0 0
20090915027 13:33:00 69148 0 0
20090915028 13:43:00 13082 0 0
20090915029 13:53:00 32358 1 0
20090915030 14:03:00 58389 0 0
20090915031 14:13:00 98128 0 0
20090915032 14:23:00 37399 1 1
20090915033 14:33:00 04467 1 0
20090915034 14:44:00 91950 1 0
20090915035 14:54:00 67638 1 0
20090915036 15:04:00 03726 0 0
20090915037 15:14:00 87917 0 0
20090915038 15:24:00 29473 0 0
20090915039 15:34:00 29785 0 0
20090915040 15:45:00 74633 0 1
20090915041 15:55:00 15692 0 0
20090915042 16:05:00 36547 0 0
20090915043 16:15:00 45331 0 1
20090915044 16:25:00 76529 0 0
20090915045 16:35:00 16689 1 0
20090915046 16:45:00 34993 0 1
20090915047 16:56:00 74465 1 0
20090915048 17:06:00 37637 0 0
20090915049 17:16:00 58782 0 0
20090915050 17:26:00 95352 0 0
20090915051 17:36:00 58252 0 1
20090915052 17:46:00 79204 0 0
20090915053 17:56:00 96517 0 0
20090915054 18:07:00 99701 1 0
20090915055 18:17:00 22431 1 0
20090915056 18:27:00 79725 1 0
20090915057 18:37:00 51408 0 0
20090915058 18:47:00 18669 0 1
20090915059 18:57:00 09176 0 0
20090915060 19:08:00 90852 0 0
20090915061 19:18:00 96606 1 1
20090915062 19:28:00 03346 1 0
20090915063 19:38:00 72125 0 0
20090915064 19:48:00 78560 0 0
20090915065 19:58:00 11726 1 0
20090915071 20:59:00 67189 0 0
20090915072 21:09:00 24848 0 1
20090915073 21:19:00 34458 1 0
20090915074 21:30:00 73947 0 0
20090915075 21:40:00 58553 1 1
20090915076 21:50:00 79827 0 0
20090915077 22:00:00 03620 0 0
20090915078 22:10:00 01137 1 0
20090915079 22:20:00 88564 1 0
20090915080 22:31:00 71519 0 0
20090915081 22:41:00 29147 0 0
20090915082 22:51:00 78706 1 0
20090915083 23:01:00 93025 0 0
20090915084 23:11:00 09628 0 0
