20090917001 09:09:00 03506 0 0
20090917002 09:19:00 74879 0 0
20090917003 09:29:00 61800 0 1
20090917004 09:39:00 56527 1 0
20090917005 09:49:00 24722 0 1
20090917006 09:59:00 73687 0 0
20090917007 10:10:00 60391 0 0
20090917008 10:20:00 64859 0 0
20090917009 10:30:00 11222 1 1
20090917010 10:40:00 80557 0 1
20090917011 10:50:00 91120 1 0
20090917012 11:00:00 62496 0 0
20090917013 11:10:00 46389 0 0
20090917014 11:21:00 89633 0 1
20090917015 11:31:00 52466 0 1
20090917016 11:41:00 55116 1 1
20090917017 11:51:00 63691 1 0
20090917018 12:01:00 21626 0 1
20090917019 12:11:00 14689 0 0
20090917020 12:22:00 87625 0 0
20090917021 12:32:00 39644 0 1
20090917022 12:42:00 50297 0 0
20090917023 12:52:00 27633 0 1
20090917024 13:02:00 53822 0 1
20090917025 13:12:00 25313 0 1
20090917026 13:22:00 89244 0 1
20090917027 13:33:00 40501 0 0
20090917028 13:43:00 08881 1 1
20090917029 13:53:00 35597 1 0
20090917030 14:03:00 36550 0 1
20090917031 14:13:00 81778 0 1
20090917032 14:23:00 94870 0 0
20090917033 14:33:00 05455 0 1
20090917034 14:44:00 52864 0 0
20090917035 14:54:00 86906 0 0
20090917036 15:04:00 85639 0 0
20090917037 15:14:00 00586 1 0
20090917038 15:24:00 21739 0 0
20090917039 15:34:00 97947 1 0
20090917040 15:45:00 50713 0 0
20090917041 15:55:00 68398 0 0
20090917042 16:05:00 53278 0 0
20090917043 16:15:00 17100 1 1
20090917044 16:25:00 29041 0 0
20090917045 16:35:00 38559 0 1
20090917046 16:45:00 96407 0 0
20090917047 16:56:00 95503 1 0
20090917048 17:06:00 93212 0 1
20090917049 17:16:00 69111 0 1
20090917050 17:26:00 12821 0 0
20090917051 17:36:00 12438 0 0
20090917052 17:46:00 15605 0 0
20090917053 17:56:00 74547 0 0
20090917054 18:07:00 69337 0 1
20090917055 18:17:00 56731 0 0
20090917056 18:27:00 50714 0 0
20090917057 18:37:00 94239 0 0
20090917058 18:47:00 77340 1 0
20090917059 18:57:00 01118 1 1
20090917060 19:08:00 02593 0 0
20090917061 19:18:00 48342 0 0
20090917062 19:28:00 32329 1 0
20090917063 19:38:00 29473 0 0
20090917064 19:48:00 82425 0 0
20090917065 19:58:00 37221 0 1
20090917066 20:08:00 47893 0 0
20090917067 20:19:00 37159 0 0
20090917068 20:29:00 56309 0 0
20090917069 20:39:00 50484 0 1
20090917070 20:49:00 64018 0 0
20090917071 20:59:00 32684 0 0
20090917072 21:09:00 10818 0 1
20090917073 21:19:00 35863 0 0
20090917074 21:30:00 68665 1 1
20090917075 21:40:00 10229 0 1
20090917076 21:50:00 92486 0 0
20090917077 22:00:00 91259 0 0
20090917078 22:10:00 15232 0 1
20090917079 22:20:00 01411 0 1
20090917080 22:31:00 85620 0 0
20090917081 22:41:00 04756 0 0
20090917082 22:51:00 07584 0 0
20090917083 23:01:00 35633 0 1
20090917084 23:11:00 21429 0 0
20090917085 23:21:00 69308 0 0
