20091213001 09:09:00 68952 0 0
20091213002 09:19:00 05810 0 0
20091213003 09:29:00 77784 1 0
20091213004 09:39:00 50065 1 0
20091213005 09:49:00 65111 0 1
20091213006 09:59:00 79836 0 0
20091213007 10:10:00 29290 1 0
20091213008 10:20:00 39575 0 1
20091213009 10:30:00 44540 1 0
20091213010 10:40:00 91251 0 0
20091213011 10:50:00 00050 1 1
20091213012 11:00:00 75716 1 0
20091213013 11:10:00 57310 0 0
20091213014 11:21:00 28042 0 0
20091213015 11:31:00 23374 1 0
20091213016 11:41:00 26136 0 0
20091213017 11:51:00 43577 0 1
20091213018 12:01:00 22307 1 0
20091213019 12:11:00 83859 1 0
20091213020 12:22:00 75986 0 0
20091213021 12:32:00 45980 0 0
20091213022 12:42:00 62093 0 0
20091213023 12:52:00 47552 0 1
20091213024 13:02:00 44085 1 0
20091213025 13:12:00 20241 1 0
20091213026 13:22:00 64125 0 0
20091213027 13:33:00 40183 0 0
20091213028 13:43:00 93204 0 0
20091213029 13:53:00 46151 0 1
20091213030 14:03:00 14231 0 0
20091213031 14:13:00 73267 0 0
20091213032 14:23:00 65718 0 0
20091213033 14:33:00 21414 0 1
20091213034 14:44:00 91105 1 0
20091213035 14:54:00 87620 0 0
20091213036 15:04:00 91184 1 0
20091213037 15:14:00 72029 0 0
20091213038 15:24:00 66571 1 0
20091213039 15:34:00 78589 0 0
20091213040 15:45:00 02867 0 0
20091213041 15:55:00 28458 0 0
20091213042 16:05:00 99559 1 1
20091213043 16:15:00 48467 1 0
20091213044 16:25:00 18182 1 0
20091213045 16:35:00 54208 0 0
20091213046 16:45:00 34239 0 0
20091213047 16:56:00 79745 1 0
20091213048 17:06:00 91477 0 1
20091213049 17:16:00 04596 0 0
20091213050 17:26:00 10410 0 0
20091213051 17:36:00 11478 1 0
20091213052 17:46:00 78893 1 0
20091213053 17:56:00 08034 1 0
20091213054 18:07:00 62075 0 0
20091213055 18:17:00 84663 0 1
20091213056 18:27:00 61063 0 0
20091213057 18:37:00 50135 0 0
20091213058 18:47:00 71217 0 0
20091213059 18:57:00 28939 0 1
20091213060 19:08:00 74411 1 1
20091213061 19:18:00 70965 0 0
20091213062 19:28:00 26548 0 0
20091213063 19:38:00 73489 0 0
20091213064 19:48:00 70294 0 0
20091213065 19:58:00 45725 0 0
20091213066 20:08:00 60195 0 0
20091213067 20:19:00 84230 0 0
20091213068 20:29:00 83087 0 0
20091213069 20:39:00 64513 0 0
20091213070 20:49:00 58612 0 0
20091213071 20:59:00 81382 0 0
20091213072 21:09:00 42102 0 0
20091213073 21:19:00 87494 0 1
20091213074 21:30:00 28605 0 0
20091213075 21:40:00 07758 1 0
20091213076 21:50:00 26325 0 0
20091213077 22:00:00 92561 0 0
20091213078 22:10:00 22363 1 1
20091213079 22:20:00 58365 0 0
20091213080 22:31:00 18437 0 0
20091213081 22:41:00 13218 0 0
20091213082 22:51:00 83820 1 0
20091213083 23:01:00 54130 0 0
20091213084 23:11:00 07376 0 0
