20090118001 09:09:00 51415 0 0
20090118002 09:19:00 87758 1 0
20090118003 09:29:00 98827 1 0
20090118004 09:39:00 78044 0 1
20090118005 09:49:00 90127 0 0
20090118006 09:59:00 68620 1 0
20090118007 10:10:00 82291 1 0
20090118008 10:20:00 76400 0 1
20090118009 10:30:00 08651 0 0
20090118010 10:40:00 08212 0 1
20090118011 10:50:00 51841 0 0
20090118012 11:00:00 15705 0 0
20090118013 11:10:00 45552 1 1
20090118014 11:21:00 21619 0 0
20090118015 11:31:00 43557 0 1
20090118016 11:41:00 72050 0 1
20090118017 11:51:00 87653 0 0
20090118018 12:01:00 42356 0 0
20090118019 12:11:00 32851 0 0
20090118020 12:22:00 92482 0 0
20090118021 12:32:00 41303 0 1
20090118022 12:42:00 58600 0 1
20090118023 12:52:00 79494 0 1
20090118024 13:02:00 23651 0 0
20090118025 13:12:00 75005 0 1
20090118026 13:22:00 86253 0 0
20090118027 13:33:00 97892 0 0
20090118028 13:43:00 86483 0 0
20090118029 13:53:00 78244 0 1
20090118030 14:03:00 74693 0 0
20090118031 14:13:00 66187 1 0
20090118032 14:23:00 68256 0 0
20090118033 14:33:00 81447 0 1
20090118034 14:44:00 13623 0 0
20090118035 14:54:00 26746 0 0
20090118036 15:04:00 47960 0 0
20090118037 15:14:00 41337 0 1
20090118038 15:24:00 60356 0 0
20090118039 15:34:00 15023 0 0
20090118040 15:45:00 49027 0 0
20090118041 15:55:00 48017 0 0
20090118042 16:05:00 45305 0 0
20090118043 16:15:00 52220 1 1
20090118044 16:25:00 14979 0 1
20090118045 16:35:00 74267 0 0
20090118046 16:45:00 02099 1 1
20090118047 16:56:00 20224 1 1
20090118048 17:06:00 39230 0 0
20090118049 17:16:00 68943 0 0
20090118050 17:26:00 33646 1 1
20090118051 17:36:00 64080 0 1
20090118052 17:46:00 38021 0 0
20090118053 17:56:00 39558 0 1
20090118054 18:07:00 64067 0 0
20090118055 18:17:00 46625 1 0
20090118056 18:27:00 49526 0 0
20090118057 18:37:00 62837 0 0
20090118058 18:47:00 44692 1 0
20090118059 18:57:00 60607 1 0
20090118060 19:08:00 71521 0 0
20090118061 19:18:00 82323 0 1
20090118062 19:28:00 47155 0 1
20090118063 19:38:00 95774 0 1
20090118064 19:48:00 20515 0 1
20090118065 19:58:00 33569 1 0
20090118066 20:08:00 83492 0 0
20090118067 20:19:00 76293 0 0
20090118068 20:29:00 02186 0 0
20090118069 20:39:00 12355 0 1
20090118070 20:49:00 61685 1 0
20090118071 20:59:00 37681 0 0
20090118072 21:09:00 72092 0 0
20090118073 21:19:00 29629 0 0
20090118074 21:30:00 07916 0 0
20090118075 21:40:00 04976 0 0
20090118076 21:50:00 77263 1 0
20090118077 22:00:00 57766 1 1
20090118078 22:10:00 37409 0 0
20090118079 22:20:00 08001 1 1
20090118080 22:31:00 57652 0 0
20090118081 22:41:00 58502 1 0
20090118082 22:51:00 16036 0 0
20090118083 23:01:00 52742 0 0
20090118084 23:11:00 03436 0 0
