20091113001 09:09:00 52000 0 1
20091113002 09:19:00 51420 0 0
20091113003 09:29:00 17379 0 0
20091113004 09:39:00 11454 1 1
20091113005 09:49:00 55732 1 0
20091113006 09:59:00 65915 0 0
20091113007 10:10:00 52179 0 0
20091113008 10:20:00 94322 0 1
20091113009 10:30:00 95502 1 0
20091113010 10:40:00 67388 0 1
20091113011 10:50:00 09877 0 1
20091113012 11:00:00 43674 0 0
20091113013 11:10:00 36871 0 0
20091113014 11:21:00 50319 0 0
20091113015 11:31:00 08066 1 1
20091113016 11:41:00 56766 0 1
20091113017 11:51:00 52198 0 0
20091113018 12:01:00 00105 1 0
20091113019 12:11:00 29221 1 1
20091113020 12:22:00 84508 0 0
20091113021 12:32:00 50577 1 1
20091113022 12:42:00 65496 0 0
20091113023 12:52:00 74517 0 0
20091113024 13:02:00 68690 1 0
20091113025 13:12:00 56332 0 1
20091113026 13:22:00 27701 1 0
20091113027 13:33:00 80577 0 1
20091113028 13:43:00 01222 0 1
20091113029 13:53:00 01685 0 0
20091113030 14:03:00 27130 0 0
20091113031 14:13:00 15379 0 0
20091113032 14:23:00 07998 0 1
20091113033 14:33:00 57977 0 1
20091113034 14:44:00 67934 0 0
20091113035 14:54:00 18125 1 0
20091113036 15:04:00 57713 1 0
20091113037 15:14:00 25425 0 0
20091113038 15:24:00 63176 0 0
20091113039 15:34:00 72378 0 0
20091113040 15:45:00 07180 0 0
20091113041 15:55:00 46607 1 0
20091113042 16:05:00 61615 1 0
20091113043 16:15:00 15547 1 0
20091113044 16:25:00 55926 1 0
20091113045 16:35:00 77643 1 0
20091113046 16:45:00 61732 0 0
20091113047 16:56:00 60107 0 0
20091113048 17:06:00 11246 1 0
20091113049 17:16:00 85528 1 0
20091113050 17:26:00 68527 0 0
20091113051 17:36:00 49328 0 0
20091113052 17:46:00 85742 0 0
20091113053 17:56:00 83245 0 0
20091113054 18:07:00 95563 1 0
20091113055 18:17:00 88747 1 1
20091113056 18:27:00 38811 1 1
20091113057 18:37:00 05524 1 0
20091113058 18:47:00 61545 0 1
20091113059 18:57:00 27940 0 0
20091113060 19:08:00 84341 0 0
20091113061 19:18:00 06969 0 1
20091113062 19:28:00 05597 1 0
20091113063 19:38:00 52189 0 0
20091113064 19:48:00 76826 0 0
20091113065 19:58:00 49887 0 1
20091113066 20:08:00 67210 0 0
20091113067 20:19:00 22710 1 0
20091113068 20:29:00 68691 1 0
20091113069 20:39:00 92296 1 0
20091113070 20:49:00 25514 1 0
20091113071 20:59:00 06175 0 0
20091113072 21:09:00 79107 0 0
20091113073 21:19:00 44319 1 0
20091113074 21:30:00 78840 1 0
20091113075 21:40:00 83638 0 0
20091113076 21:50:00 31309 1 0
20091113077 22:00:00 29347 0 0
20091113078 22:10:00 73572 0 0
20091113079 22:20:00 55359 1 0
20091113080 22:31:00 70500 0 1
20091113081 22:41:00 64962 0 0
20091113082 22:51:00 38018 0 0
20091113083 23:01:00 12958 0 0
20091113084 23:11:00 84901 0 0
