20090427001 09:09:00 71600 0 1
20090427002 09:19:00 32261 1 0
20090427003 09:29:00 71096 0 0
20090427004 09:39:00 96565 0 1
20090427005 09:49:00 72196 0 0
20090427006 09:59:00 95866 0 1
20090427007 10:10:00 28580 0 0
20090427008 10:20:00 11495 1 0
20090427009 10:30:00 17090 0 1
20090427010 10:40:00 12926 0 0
20090427011 10:50:00 39465 0 0
20090427012 11:00:00 30079 1 0
20090427013 11:10:00 58241 0 0
20090427014 11:21:00 87447 0 1
20090427015 11:31:00 06779 0 1
20090427016 11:41:00 22096 1 0
20090427017 11:51:00 19646 0 1
20090427018 12:01:00 63143 0 0
20090427019 12:11:00 54682 0 0
20090427020 12:22:00 15005 0 1
20090427021 12:32:00 35973 0 0
20090427022 12:42:00 37128 0 0
20090427023 12:52:00 39555 0 1
20090427024 13:02:00 53143 0 0
20090427025 13:12:00 65645 1 0
20090427026 13:22:00 37069 0 0
20090427027 13:33:00 37138 0 0
20090427028 13:43:00 13002 0 1
20090427029 13:53:00 16139 1 0
20090427030 14:03:00 43889 0 1
20090427031 14:13:00 10582 0 0
20090427032 14:23:00 51920 0 0
20090427033 14:33:00 64907 0 0
20090427034 14:44:00 67233 0 1
20090427035 14:54:00 60728 0 0
20090427036 15:04:00 19336 0 1
20090427037 15:14:00 12694 0 0
20090427038 15:24:00 12900 0 1
20090427039 15:34:00 74666 0 1
20090427040 15:45:00 20022 1 1
20090427041 15:55:00 18892 1 0
20090427042 16:05:00 91327 0 0
20090427043 16:15:00 29382 0 0
20090427044 16:25:00 56819 0 0
20090427045 16:35:00 11376 1 0
20090427046 16:45:00 72562 0 0
20090427047 16:56:00 53460 0 0
20090427048 17:06:00 51207 0 0
20090427049 17:16:00 06974 0 0
20090427050 17:26:00 57652 0 0
20090427051 17:36:00 19623 0 0
20090427052 17:46:00 58730 0 0
20090427053 17:56:00 96155 0 1
20090427054 18:07:00 12288 1 1
20090427055 18:17:00 51612 0 0
20090427056 18:27:00 71427 0 0
20090427057 18:37:00 01958 0 0
20090427058 18:47:00 85047 0 0
20090427059 18:57:00 08594 0 0
20090427060 19:08:00 09202 0 1
20090427061 19:18:00 56329 0 0
20090427062 19:28:00 22491 1 0
20090427063 19:38:00 82697 0 0
20090427064 19:48:00 32721 0 0
20090427065 19:58:00 37548 0 0
20090427066 20:08:00 52782 0 0
20090427067 20:19:00 01563 0 0
20090427068 20:29:00 97916 1 0
20090427069 20:39:00 74593 0 0
20090427070 20:49:00 76624 1 0
20090427071 20:59:00 04942 0 0
20090427072 21:09:00 62874 0 0
20090427073 21:19:00 79002 0 1
20090427074 21:30:00 33604 1 0
20090427075 21:40:00 58944 0 1
20090427076 21:50:00 07277 0 1
20090427077 22:00:00 74450 1 0
20090427078 22:10:00 15229 0 1
20090427079 22:20:00 14604 0 0
20090427080 22:31:00 42975 0 0
20090427081 22:41:00 57422 0 1
20090427082 22:51:00 41273 0 0
20090427083 23:01:00 38535 0 1
20090427084 23:11:00 75460 0 0
