20090914001 09:09:00 43157 0 0
20090914002 09:19:00 41079 0 0
20090914003 09:29:00 40876 0 0
20090914004 09:39:00 46770 0 1
20090914005 09:49:00 35956 0 0
20090914006 09:59:00 06964 0 0
20090914007 10:10:00 98836 1 0
20090914008 10:20:00 76897 0 0
20090914009 10:30:00 88368 1 0
20090914010 10:40:00 97503 0 0
20090914011 10:50:00 27602 0 0
20090914012 11:00:00 35235 0 0
20090914013 11:10:00 88113 1 1
20090914014 11:21:00 53197 0 0
20090914015 11:31:00 04829 0 0
20090914016 11:41:00 19025 0 0
20090914017 11:51:00 83273 0 0
20090914018 12:01:00 65654 1 0
20090914019 12:11:00 39865 0 0
20090914020 12:22:00 74211 0 1
20090914021 12:32:00 89195 0 0
20090914022 12:42:00 32914 0 0
20090914023 12:52:00 02478 0 0
20090914024 13:02:00 84670 0 0
20090914025 13:12:00 98408 0 0
20090914026 13:22:00 26255 1 1
20090914027 13:33:00 99957 1 0
20090914028 13:43:00 77315 1 0
20090914029 13:53:00 63889 0 1
20090914030 14:03:00 94383 0 1
20090914031 14:13:00 46909 0 1
20090914032 14:23:00 53735 0 0
20090914033 14:33:00 22417 1 0
20090914034 14:44:00 26176 0 0
20090914035 14:54:00 26001 0 1
20090914036 15:04:00 75401 0 0
20090914037 15:14:00 02216 1 0
20090914038 15:24:00 99022 1 1
20090914039 15:34:00 78992 0 1
20090914040 15:45:00 42208 1 0
20090914041 15:55:00 65274 0 0
20090914042 16:05:00 54673 0 0
20090914043 16:15:00 21743 0 0
20090914044 16:25:00 03575 0 1
20090914045 16:35:00 95617 0 0
20090914046 16:45:00 64309 0 0
20090914047 16:56:00 06561 0 0
20090914048 17:06:00 22665 1 1
20090914049 17:16:00 28338 0 1
20090914050 17:26:00 29441 0 1
20090914051 17:36:00 14855 0 1
20090914052 17:46:00 54734 0 0
20090914053 17:56:00 89029 0 0
20090914054 18:07:00 50055 1 1
20090914055 18:17:00 47930 0 0
20090914056 18:27:00 73131 0 1
20090914057 18:37:00 30679 0 0
20090914058 18:47:00 56467 0 0
20090914059 18:57:00 76827 0 0
20090914060 19:08:00 01335 0 1
20090914061 19:18:00 61351 0 0
20090914062 19:28:00 42467 1 0
20090914063 19:38:00 00813 1 0
20090914064 19:48:00 79848 0 1
20090914065 19:58:00 32368 1 0
20090914066 20:08:00 70894 0 0
20090914067 20:19:00 73382 1 0
20090914068 20:29:00 85308 0 0
20090914069 20:39:00 99735 1 0
20090914070 20:49:00 30910 0 0
20090914071 20:59:00 73966 0 1
20090914072 21:09:00 11958 1 0
20090914073 21:19:00 10331 0 1
20090914074 21:30:00 36227 0 1
20090914075 21:40:00 77520 1 0
20090914076 21:50:00 03232 0 1
20090914077 22:00:00 10605 0 0
20090914078 22:10:00 75014 0 0
20090914079 22:20:00 81039 0 0
20090914080 22:31:00 76259 0 0
20090914081 22:41:00 77233 1 1
20090914082 22:51:00 04581 0 0
20090914083 23:01:00 18495 0 0
20090914084 23:11:00 66909 1 1
