20090605001 09:09:00 32734 0 0
20090605002 09:19:00 88047 1 0
20090605003 09:29:00 57139 0 0
20090605004 09:39:00 20186 0 0
20090605005 09:49:00 01469 0 0
20090605006 09:59:00 66216 1 0
20090605007 10:10:00 46565 0 1
20090605008 10:20:00 65735 0 0
20090605009 10:30:00 78508 0 0
20090605010 10:40:00 97023 0 0
20090605011 10:50:00 37493 0 0
20090605012 11:00:00 52590 1 0
20090605013 11:10:00 98738 0 0
20090605014 11:21:00 99526 1 0
20090605015 11:31:00 69654 1 0
20090605016 11:41:00 78621 0 0
20090605017 11:51:00 10416 0 0
20090605018 12:01:00 24463 1 0
20090605019 12:11:00 02812 0 0
20090605020 12:22:00 65681 1 0
20090605021 12:32:00 13629 0 0
20090605022 12:42:00 24146 0 0
20090605023 12:52:00 49142 0 0
20090605024 13:02:00 19244 0 1
20090605025 13:12:00 45382 0 0
20090605026 13:22:00 01811 0 1
20090605027 13:33:00 11700 1 1
20090605028 13:43:00 24678 0 0
20090605029 13:53:00 44301 1 0
20090605030 14:03:00 82720 0 0
20090605031 14:13:00 71714 1 0
20090605032 14:23:00 37235 0 0
20090605033 14:33:00 51931 0 0
20090605034 14:44:00 83251 0 0
20090605035 14:54:00 91939 1 1
20090605036 15:04:00 17997 0 1
20090605037 15:14:00 02948 0 0
20090605038 15:24:00 70721 1 0
20090605039 15:34:00 53233 0 1
20090605040 15:45:00 19034 0 0
20090605041 15:55:00 86122 0 1
20090605042 16:05:00 64536 0 0
20090605043 16:15:00 66617 1 0
20090605044 16:25:00 94291 0 0
20090605045 16:35:00 57055 0 1
20090605046 16:45:00 96388 0 1
20090605047 16:56:00 00315 1 0
20090605048 17:06:00 81027 0 0
20090605049 17:16:00 51861 0 0
20090605050 17:26:00 21833 0 1
20090605051 17:36:00 62267 1 0
20090605052 17:46:00 78941 0 0
20090605053 17:56:00 35627 0 0
20090605054 18:07:00 52687 0 0
20090605055 18:17:00 27219 1 0
20090605056 18:27:00 83193 0 0
20090605057 18:37:00 50056 1 0
20090605058 18:47:00 38278 0 0
20090605059 18:57:00 63302 1 0
20090605060 19:08:00 49267 0 0
20090605061 19:18:00 45901 0 0
20090605062 19:28:00 49921 1 0
20090605063 19:38:00 30068 1 0
20090605064 19:48:00 84807 1 0
20090605065 19:58:00 33217 1 0
20090605066 20:08:00 18859 1 0
20090605067 20:19:00 28131 0 1
20090605068 20:29:00 48930 0 0
20090605069 20:39:00 19019 0 0
20090605070 20:49:00 28022 0 1
20090605071 20:59:00 30683 0 0
20090605072 21:09:00 25366 0 1
20090605073 21:19:00 96828 0 1
20090605074 21:30:00 94560 0 0
20090605075 21:40:00 73872 0 0
20090605076 21:50:00 65330 0 1
20090605077 22:00:00 67408 0 0
20090605078 22:10:00 95715 0 0
20090605079 22:20:00 67479 0 0
20090605080 22:31:00 97754 1 0
20090605081 22:41:00 09692 0 0
20090605082 22:51:00 80080 1 1
20090605083 23:01:00 86659 1 0
20090605084 23:11:00 22003 1 1
