20090724001 09:09:00 81460 0 0
20090724002 09:19:00 12887 0 1
20090724003 09:29:00 31403 0 0
20090724004 09:39:00 00499 1 1
20090724005 09:49:00 66828 1 1
20090724006 09:59:00 06690 1 0
20090724007 10:10:00 69170 0 0
20090724008 10:20:00 79647 0 0
20090724009 10:30:00 20389 0 0
20090724010 10:40:00 91472 0 0
20090724011 10:50:00 11948 1 0
20090724012 11:00:00 58032 0 0
20090724013 11:10:00 45345 0 0
20090724014 11:21:00 67420 0 0
20090724015 11:31:00 01924 0 0
20090724016 11:41:00 81118 1 1
20090724017 11:51:00 26762 0 0
20090724018 12:01:00 01063 1 0
20090724019 12:11:00 38506 0 0
20090724020 12:22:00 33671 1 0
20090724021 12:32:00 34870 0 0
20090724022 12:42:00 33966 1 1
20090724023 12:52:00 97045 0 0
20090724024 13:02:00 00319 1 0
20090724025 13:12:00 06837 0 0
20090724026 13:22:00 04531 0 0
20090724027 13:33:00 86730 0 0
20090724028 13:43:00 76093 0 0
20090724029 13:53:00 15171 1 1
20090724030 14:03:00 51047 0 0
20090724031 14:13:00 92121 0 1
20090724032 14:23:00 63553 0 1
20090724033 14:33:00 98245 0 0
20090724034 14:44:00 33983 1 0
20090724035 14:54:00 06854 0 0
20090724036 15:04:00 35689 0 0
20090724037 15:14:00 49458 1 0
20090724038 15:24:00 04924 0 0
20090724039 15:34:00 94837 0 0
20090724040 15:45:00 53140 0 0
20090724041 15:55:00 88612 1 0
20090724042 16:05:00 54505 1 1
20090724043 16:15:00 35381 1 0
20090724044 16:25:00 82443 0 1
20090724045 16:35:00 78631 0 0
20090724046 16:45:00 62457 0 0
20090724047 16:56:00 24423 1 0
20090724048 17:06:00 59070 0 1
20090724049 17:16:00 74194 0 0
20090724050 17:26:00 60847 0 0
20090724051 17:36:00 07483 0 0
20090724052 17:46:00 67872 0 0
20090724053 17:56:00 44900 1 1
20090724054 18:07:00 30002 1 1
20090724055 18:17:00 74815 0 0
20090724056 18:27:00 43176 0 0
20090724057 18:37:00 97468 0 0
20090724058 18:47:00 39156 0 0
20090724059 18:57:00 89269 0 0
20090724060 19:08:00 31156 1 0
20090724061 19:18:00 76632 1 0
20090724062 19:28:00 62914 0 0
20090724063 19:38:00 04344 0 1
20090724064 19:48:00 81278 0 0
20090724065 19:58:00 33036 1 0
20090724066 20:08:00 11619 1 0
20090724067 20:19:00 97945 1 0
20090724068 20:29:00 18980 0 0
20090724069 20:39:00 06295 0 0
20090724070 20:49:00 40416 1 0
20090724071 20:59:00 75617 0 0
20090724072 21:09:00 62243 1 0
20090724073 21:19:00 06417 0 0
20090724074 21:30:00 52944 0 1
20090724075 21:40:00 13642 0 0
20090724076 21:50:00 40915 0 0
20090724077 22:00:00 84119 0 1
20090724078 22:10:00 25969 0 1
20090724079 22:20:00 14086 0 0
20090724080 22:31:00 47898 0 1
20090724081 22:41:00 03661 0 1
20090724082 22:51:00 92643 0 0
20090724083 23:01:00 90244 0 1
20090724084 23:11:00 93930 1 0
