20090811001 09:09:00 83357 1 0
20090811002 09:19:00 09050 1 1
20090811003 09:29:00 12117 1 1
20090811004 09:39:00 97270 0 0
20090811005 09:49:00 49903 1 0
20090811006 09:59:00 47104 0 0
20090811007 10:10:00 13121 1 1
20090811008 10:20:00 80684 0 0
20090811009 10:30:00 83780 0 0
20090811010 10:40:00 75552 1 1
20090811011 10:50:00 59032 0 0
20090811012 11:00:00 76668 1 1
20090811013 11:10:00 31864 0 0
20090811014 11:21:00 95092 0 0
20090811015 11:31:00 47088 0 1
20090811016 11:41:00 64484 1 1
20090811017 11:51:00 63023 0 0
20090811018 12:01:00 23826 0 0
20090811019 12:11:00 65716 0 0
20090811020 12:22:00 51429 0 0
20090811021 12:32:00 39528 0 0
20090811022 12:42:00 64483 1 0
20090811023 12:52:00 30967 0 0
20090811024 13:02:00 20640 0 0
20090811025 13:12:00 10431 0 0
20090811026 13:22:00 32793 0 0
20090811027 13:33:00 21435 0 0
20090811028 13:43:00 17158 1 0
20090811029 13:53:00 00048 1 0
20090811030 14:03:00 27197 0 0
20090811031 14:13:00 51578 1 0
20090811032 14:23:00 03405 0 0
20090811033 14:33:00 08335 0 1
20090811034 14:44:00 13740 0 0
20090811035 14:54:00 97568 0 0
20090811036 15:04:00 69466 0 1
20090811037 15:14:00 41995 0 1
20090811038 15:24:00 37427 0 0
20090811039 15:34:00 04238 0 0
20090811040 15:45:00 91921 1 0
20090811041 15:55:00 46686 1 1
20090811042 16:05:00 38328 1 0
20090811043 16:15:00 44542 1 0
20090811044 16:25:00 14086 0 0
20090811045 16:35:00 34057 0 0
20090811046 16:45:00 86295 0 0
20090811047 16:56:00 63941 0 0
20090811048 17:06:00 16506 0 0
20090811049 17:16:00 07066 1 1
20090811050 17:26:00 75512 1 0
20090811051 17:36:00 79302 0 0
20090811052 17:46:00 15934 0 0
20090811053 17:56:00 14736 0 0
20090811054 18:07:00 02612 0 0
20090811055 18:17:00 11992 1 1
20090811056 18:27:00 90417 0 0
20090811057 18:37:00 48062 0 0
20090811058 18:47:00 25802 0 0
20090811059 18:57:00 02638 0 0
20090811060 19:08:00 80400 0 1
20090811061 19:18:00 68352 0 0
20090811062 19:28:00 83471 0 0
20090811063 19:38:00 83212 0 1
20090811064 19:48:00 93401 0 0
20090811065 19:58:00 14442 1 1
20090811066 20:08:00 90453 0 0
20090811067 20:19:00 33538 1 0
20090811068 20:29:00 62425 0 0
20090811069 20:39:00 34687 0 0
20090811070 20:49:00 42682 0 0
20090811071 20:59:00 13719 0 0
20090811072 21:09:00 72704 1 0
20090811073 21:19:00 97709 1 0
20090811074 21:30:00 69022 0 1
20090811075 21:40:00 10280 0 0
20090811076 21:50:00 59465 0 0
20090811077 22:00:00 47746 1 0
20090811078 22:10:00 43726 0 0
20090811079 22:20:00 10004 1 1
20090811080 22:31:00 55836 1 0
20090811081 22:41:00 12581 0 0
20090811082 22:51:00 47600 0 1
20090811083 23:01:00 29078 0 0
20090811084 23:11:00 09719 0 0
