20090813001 09:09:00 00391 1 0
20090813002 09:19:00 20556 0 1
20090813003 09:29:00 95708 0 0
20090813004 09:39:00 50902 0 0
20090813005 09:49:00 58911 0 1
20090813006 09:59:00 44964 1 0
20090813007 10:10:00 66063 1 0
20090813008 10:20:00 80039 1 0
20090813009 10:30:00 25930 0 0
20090813010 10:40:00 67080 0 1
20090813011 10:50:00 86021 0 0
20090813012 11:00:00 38730 0 0
20090813013 11:10:00 09995 1 1
20090813014 11:21:00 79399 0 1
20090813015 11:31:00 76728 1 0
20090813016 11:41:00 64277 0 1
20090813017 11:51:00 02793 0 0
20090813018 12:01:00 05851 0 0
20090813019 12:11:00 09682 0 0
20090813020 12:22:00 86964 0 0
20090813021 12:32:00 98752 0 0
20090813022 12:42:00 64285 0 0
20090813023 12:52:00 17373 0 1
20090813024 13:02:00 52367 0 0
20090813025 13:12:00 10258 0 0
20090813026 13:22:00 29151 0 1
20090813027 13:33:00 76319 0 0
20090813028 13:43:00 23768 0 0
20090813029 13:53:00 85887 1 1
20090813030 14:03:00 51585 1 1
20090813031 14:13:00 55761 1 0
20090813032 14:23:00 36251 0 0
20090813033 14:33:00 90593 0 0
20090813034 14:44:00 79417 0 0
20090813035 14:54:00 35722 0 1
20090813036 15:04:00 27831 0 0
20090813037 15:14:00 63340 1 0
20090813038 15:24:00 39063 0 0
20090813039 15:34:00 91060 0 1
20090813040 15:45:00 46185 0 0
20090813041 15:55:00 04515 0 1
20090813042 16:05:00 96186 0 0
20090813043 16:15:00 10132 1 0
20090813044 16:25:00 56647 1 0
20090813045 16:35:00 09640 0 0
20090813046 16:45:00 08455 0 1
20090813047 16:56:00 29471 0 0
20090813048 17:06:00 93376 1 0
20090813049 17:16:00 86091 0 0
20090813050 17:26:00 12343 0 1
20090813051 17:36:00 81992 0 1
20090813052 17:46:00 40201 0 0
20090813053 17:56:00 51067 0 0
20090813054 18:07:00 85332 0 1
20090813055 18:17:00 34365 1 0
20090813056 18:27:00 31414 0 1
20090813057 18:37:00 35698 0 0
20090813058 18:47:00 44143 1 0
20090813059 18:57:00 09674 0 0
20090813060 19:08:00 69450 0 0
20090813061 19:18:00 32770 0 1
20090813062 19:28:00 95607 0 0
20090813063 19:38:00 76363 0 1
20090813064 19:48:00 17715 1 0
20090813065 19:58:00 52401 0 0
20090813066 20:08:00 26015 0 0
20090813067 20:19:00 64812 0 0
20090813068 20:29:00 53678 0 0
20090813069 20:39:00 84982 0 0
20090813070 20:49:00 00624 1 0
20090813071 20:59:00 26707 0 1
20090813072 21:09:00 57541 1 0
20090813073 21:19:00 69820 0 0
20090813074 21:30:00 03929 0 1
20090813075 21:40:00 19049 0 0
20090813076 21:50:00 38140 0 0
20090813077 22:00:00 76076 0 0
20090813078 22:10:00 67737 1 1
20090813079 22:20:00 98891 1 0
20090813080 22:31:00 58950 0 0
20090813081 22:41:00 05137 0 0
20090813082 22:51:00 63904 0 0
20090813083 23:01:00 83215 0 0
20090813084 23:11:00 71350 0 0
