20090714001 09:09:00 70852 0 0
20090714002 09:19:00 66939 1 1
20090714003 09:29:00 63270 0 0
20090714004 09:39:00 05516 1 0
20090714005 09:49:00 47124 0 0
20090714006 09:59:00 14154 1 0
20090714007 10:10:00 45575 1 1
20090714008 10:20:00 56451 0 0
20090714009 10:30:00 14381 0 0
20090714010 10:40:00 64999 0 1
20090714011 10:50:00 65320 0 0
20090714012 11:00:00 18332 0 1
20090714013 11:10:00 50172 0 0
20090714014 11:21:00 00884 1 1
20090714015 11:31:00 81373 0 1
20090714016 11:41:00 89906 1 0
20090714017 11:51:00 57226 0 1
20090714018 12:01:00 72470 0 0
20090714019 12:11:00 15736 0 0
20090714020 12:22:00 64091 0 0
20090714021 12:32:00 22331 1 1
20090714022 12:42:00 54150 0 0
20090714023 12:52:00 62078 0 0
20090714024 13:02:00 54763 0 0
20090714025 13:12:00 55752 1 0
20090714026 13:22:00 03657 0 0
20090714027 13:33:00 36429 0 0
20090714028 13:43:00 06109 0 0
20090714029 13:53:00 21864 0 0
20090714030 14:03:00 71251 0 0
20090714031 14:13:00 69158 0 0
20090714032 14:23:00 84675 0 0
20090714033 14:33:00 84708 0 0
20090714034 14:44:00 65614 1 0
20090714035 14:54:00 80981 0 0
20090714036 15:04:00 02670 0 0
20090714037 15:14:00 00532 1 0
20090714038 15:24:00 89077 0 1
20090714039 15:34:00 67112 0 1
20090714040 15:45:00 87907 0 0
20090714041 15:55:00 50993 0 1
20090714042 16:05:00 31958 0 0
20090714043 16:15:00 25737 0 1
20090714044 16:25:00 62082 0 0
20090714045 16:35:00 13360 1 0
20090714046 16:45:00 61965 0 0
20090714047 16:56:00 26504 0 0
20090714048 17:06:00 20190 0 0
20090714049 17:16:00 21400 0 1
20090714050 17:26:00 37320 1 0
20090714051 17:36:00 34261 0 0
20090714052 17:46:00 08072 1 0
20090714053 17:56:00 26543 0 0
20090714054 18:07:00 74532 0 0
20090714055 18:17:00 13614 0 0
20090714056 18:27:00 13318 1 0
20090714057 18:37:00 86687 1 0
20090714058 18:47:00 68607 1 0
20090714059 18:57:00 38354 1 0
20090714060 19:08:00 77937 1 0
20090714061 19:18:00 48000 0 1
20090714062 19:28:00 73133 0 1
20090714063 19:38:00 26567 0 0
20090714064 19:48:00 80354 0 0
20090714065 19:58:00 12241 1 0
20090714066 20:08:00 29710 0 0
20090714067 20:19:00 46898 0 1
20090714068 20:29:00 10965 0 0
20090714069 20:39:00 17643 0 0
20090714070 20:49:00 80382 0 0
20090714071 20:59:00 87853 1 0
20090714072 21:09:00 64868 0 1
20090714073 21:19:00 75187 0 0
20090714074 21:30:00 60790 0 0
20090714075 21:40:00 45639 0 0
20090714076 21:50:00 78159 0 0
20090714077 22:00:00 38939 0 1
20090714078 22:10:00 29710 0 0
20090714079 22:20:00 66019 1 0
20090714080 22:31:00 03509 0 0
20090714081 22:41:00 36120 0 0
20090714082 22:51:00 30106 0 0
20090714083 23:01:00 94310 0 0
20090714084 23:11:00 30921 0 0
