20090628001 09:09:00 82926 0 0
20090628002 09:19:00 78860 1 0
20090628003 09:29:00 90490 0 0
20090628004 09:39:00 52030 0 1
20090628005 09:49:00 31706 0 0
20090628006 09:59:00 44878 1 1
20090628007 10:10:00 97889 0 1
20090628008 10:20:00 37484 0 1
20090628009 10:30:00 11885 1 1
20090628010 10:40:00 14140 1 0
20090628011 10:50:00 94122 0 1
20090628012 11:00:00 69513 0 0
20090628013 11:10:00 94648 0 0
20090628014 11:21:00 46517 0 0
20090628015 11:31:00 29856 0 0
20090628016 11:41:00 53327 1 0
20090628017 11:51:00 04984 0 0
20090628018 12:01:00 25449 0 1
20090628019 12:11:00 00878 1 1
20090628020 12:22:00 42499 1 1
20090628021 12:32:00 98116 0 1
20090628022 12:42:00 81890 1 0
20090628023 12:52:00 73788 1 1
20090628024 13:02:00 24618 0 0
20090628025 13:12:00 27316 0 0
20090628026 13:22:00 83657 0 0
20090628027 13:33:00 51318 0 0
20090628028 13:43:00 10871 0 0
20090628029 13:53:00 59316 0 0
20090628030 14:03:00 57864 0 0
20090628031 14:13:00 20020 1 1
20090628032 14:23:00 74683 0 0
20090628033 14:33:00 98213 0 0
20090628034 14:44:00 07577 0 1
20090628035 14:54:00 88187 1 0
20090628036 15:04:00 22748 1 0
20090628037 15:14:00 29443 0 1
20090628038 15:24:00 76461 0 0
20090628039 15:34:00 20629 0 0
20090628040 15:45:00 56886 0 1
20090628041 15:55:00 07063 1 0
20090628042 16:05:00 94505 0 1
20090628043 16:15:00 74105 0 0
20090628044 16:25:00 10582 0 0
20090628045 16:35:00 67363 0 1
20090628046 16:45:00 88833 1 1
20090628047 16:56:00 80060 1 1
20090628048 17:06:00 44541 1 0
20090628049 17:16:00 42375 0 0
20090628050 17:26:00 10184 1 0
20090628051 17:36:00 22119 1 1
20090628052 17:46:00 04062 1 0
20090628053 17:56:00 54127 0 0
20090628054 18:07:00 45236 0 0
20090628055 18:17:00 21768 0 0
20090628056 18:27:00 60060 1 1
20090628057 18:37:00 79831 0 0
20090628058 18:47:00 14122 1 1
20090628059 18:57:00 02431 0 0
20090628060 19:08:00 33533 1 1
20090628061 19:18:00 98099 0 1
20090628062 19:28:00 51512 1 0
20090628063 19:38:00 33327 1 0
20090628064 19:48:00 49183 0 0
20090628065 19:58:00 43738 0 0
20090628066 20:08:00 89658 0 0
20090628067 20:19:00 10110 1 1
20090628068 20:29:00 21813 0 0
20090628069 20:39:00 05560 1 0
20090628070 20:49:00 16467 0 0
20090628071 20:59:00 41414 1 1
20090628072 21:09:00 30262 0 1
20090628073 21:19:00 53797 0 1
20090628074 21:30:00 10283 0 0
20090628075 21:40:00 82981 0 0
20090628076 21:50:00 61202 0 1
20090628077 22:00:00 48744 0 1
20090628078 22:10:00 66159 1 0
20090628079 22:20:00 84449 1 1
20090628080 22:31:00 35065 0 0
20090628081 22:41:00 93430 0 0
20090628082 22:51:00 99825 1 0
20090628083 23:01:00 17791 1 0
20090628084 23:11:00 55745 1 0
