20090718001 09:09:00 97212 0 1
20090718002 09:19:00 54054 0 0
20090718003 09:29:00 69013 0 0
20090718004 09:39:00 42403 1 0
20090718005 09:49:00 40164 0 0
20090718006 09:59:00 85284 0 0
20090718007 10:10:00 39368 1 0
20090718008 10:20:00 77823 1 0
20090718009 10:30:00 40088 1 1
20090718010 10:40:00 92029 0 0
20090718011 10:50:00 57409 0 0
20090718012 11:00:00 81539 0 0
20090718013 11:10:00 01824 0 0
20090718014 11:21:00 32109 0 0
20090718015 11:31:00 02557 0 1
20090718016 11:41:00 90704 0 0
20090718017 11:51:00 17282 0 1
20090718018 12:01:00 29736 0 0
20090718019 12:11:00 19366 0 1
20090718020 12:22:00 24870 0 0
20090718021 12:32:00 31402 0 0
20090718022 12:42:00 97252 0 1
20090718023 12:52:00 56275 0 0
20090718024 13:02:00 17787 1 1
20090718025 13:12:00 21935 0 0
20090718026 13:22:00 96188 0 1
20090718027 13:33:00 95746 0 0
20090718028 13:43:00 72863 0 0
20090718029 13:53:00 65121 0 1
20090718030 14:03:00 62027 0 0
20090718031 14:13:00 92680 0 0
20090718032 14:23:00 00644 1 1
20090718033 14:33:00 33364 1 0
20090718034 14:44:00 06730 0 0
20090718035 14:54:00 89422 0 1
20090718036 15:04:00 93214 0 0
20090718037 15:14:00 25701 0 0
20090718038 15:24:00 07196 0 0
20090718039 15:34:00 63498 0 0
20090718040 15:45:00 47953 0 0
20090718041 15:55:00 81346 0 0
20090718042 16:05:00 32619 0 0
20090718043 16:15:00 01124 1 0
20090718044 16:25:00 44021 1 0
20090718045 16:35:00 79878 0 1
20090718046 16:45:00 59072 0 0
20090718047 16:56:00 43020 0 1
20090718048 17:06:00 86466 0 1
20090718049 17:16:00 22186 1 0
20090718050 17:26:00 63691 1 0
20090718051 17:36:00 15006 0 1
20090718052 17:46:00 38838 1 1
20090718053 17:56:00 69764 0 0
20090718054 18:07:00 16346 0 0
20090718055 18:17:00 03295 0 0
20090718056 18:27:00 72121 0 1
20090718057 18:37:00 35156 0 0
20090718058 18:47:00 67035 0 0
20090718059 18:57:00 54571 1 0
20090718060 19:08:00 72151 0 1
20090718061 19:18:00 21476 0 0
20090718062 19:28:00 22342 1 0
20090718063 19:38:00 71506 0 0
20090718064 19:48:00 21028 0 0
20090718065 19:58:00 94515 0 1
20090718066 20:08:00 90186 0 0
20090718067 20:19:00 26123 0 0
20090718068 20:29:00 21373 0 1
20090718069 20:39:00 88124 1 0
20090718070 20:49:00 54992 0 1
20090718071 20:59:00 34936 0 0
20090718072 21:09:00 02354 0 0
20090718073 21:19:00 84007 0 1
20090718074 21:30:00 45884 0 1
20090718075 21:40:00 11658 1 0
20090718076 21:50:00 86985 0 0
20090718077 22:00:00 32815 0 0
20090718078 22:10:00 66620 1 0
20090718079 22:20:00 89014 0 0
20090718080 22:31:00 58783 0 0
20090718081 22:41:00 43751 0 0
20090718082 22:51:00 18239 0 0
20090718083 23:01:00 82987 0 0
20090718084 23:11:00 83507 0 0
