20090831001 09:09:00 08753 0 0
20090831002 09:19:00 85732 0 0
20090831003 09:29:00 67534 0 0
20090831004 09:39:00 32478 0 0
20090831005 09:49:00 95909 1 1
20090831006 09:59:00 07017 1 0
20090831007 10:10:00 89947 1 0
20090831008 10:20:00 23017 0 0
20090831009 10:30:00 90849 0 0
20090831010 10:40:00 92242 1 1
20090831011 10:50:00 24711 0 1
20090831012 11:00:00 55199 1 1
20090831013 11:10:00 22797 1 1
20090831014 11:21:00 70018 1 0
20090831015 11:31:00 80704 0 0
20090831016 11:41:00 12321 0 0
20090831017 11:51:00 52161 0 1
20090831018 12:01:00 54259 0 0
20090831019 12:11:00 70265 0 0
20090831020 12:22:00 56196 0 0
20090831021 12:32:00 39377 1 1
20090831022 12:42:00 05914 0 0
20090831023 12:52:00 09029 1 0
20090831024 13:02:00 19383 0 1
20090831025 13:12:00 21703 0 0
20090831026 13:22:00 31481 0 0
20090831027 13:33:00 90529 0 0
20090831028 13:43:00 78598 0 0
20090831029 13:53:00 34310 1 0
20090831030 14:03:00 38382 1 0
20090831031 14:13:00 69342 0 0
20090831032 14:23:00 29734 0 0
20090831033 14:33:00 13805 0 0
20090831034 14:44:00 92075 0 0
20090831035 14:54:00 48584 0 0
20090831036 15:04:00 14829 0 0
20090831037 15:14:00 70252 0 1
20090831038 15:24:00 97703 1 0
20090831039 15:34:00 14600 0 1
20090831040 15:45:00 25801 0 0
20090831041 15:55:00 97833 0 1
20090831042 16:05:00 31573 0 0
20090831043 16:15:00 48315 0 0
20090831044 16:25:00 33976 1 0
20090831045 16:35:00 87392 0 0
20090831046 16:45:00 68041 0 0
20090831047 16:56:00 41383 0 1
20090831048 17:06:00 98088 0 1
20090831049 17:16:00 62204 1 0
20090831050 17:26:00 98100 0 1
20090831051 17:36:00 85709 0 0
20090831052 17:46:00 05629 0 0
20090831053 17:56:00 38345 1 0
20090831054 18:07:00 65503 1 0
20090831055 18:17:00 20665 0 1
20090831056 18:27:00 42901 0 0
20090831057 18:37:00 80218 0 0
20090831058 18:47:00 49320 0 0
20090831059 18:57:00 24501 0 0
20090831060 19:08:00 77051 1 0
20090831061 19:18:00 72617 0 0
20090831062 19:28:00 18892 1 0
20090831063 19:38:00 39051 0 0
20090831064 19:48:00 71183 1 0
20090831065 19:58:00 11889 1 1
20090831066 20:08:00 31775 0 1
20090831067 20:19:00 64985 0 0
20090831068 20:29:00 97716 1 0
20090831069 20:39:00 74981 0 0
20090831070 20:49:00 61837 0 0
20090831071 20:59:00 58154 0 0
20090831072 21:09:00 67708 1 0
20090831073 21:19:00 75082 0 0
20090831074 21:30:00 89880 1 1
20090831075 21:40:00 98007 0 1
20090831076 21:50:00 78998 0 1
20090831077 22:00:00 34819 0 0
20090831078 22:10:00 29089 0 0
20090831079 22:20:00 36847 0 0
20090831080 22:31:00 40332 0 1
20090831081 22:41:00 71846 0 0
20090831082 22:51:00 87217 0 0
20090831083 23:01:00 07685 0 0
20090831084 23:11:00 09001 1 1
