20090709001 09:09:00 17866 0 1
20090709002 09:19:00 05287 0 0
20090709003 09:29:00 54740 0 0
20090709004 09:39:00 89894 1 0
20090709005 09:49:00 68628 1 0
20090709006 09:59:00 69899 0 1
20090709007 10:10:00 43165 0 0
20090709008 10:20:00 67313 0 1
20090709009 10:30:00 31257 0 0
20090709010 10:40:00 55165 1 0
20090709011 10:50:00 06912 0 0
20090709012 11:00:00 49265 0 0
20090709013 11:10:00 51727 0 1
20090709014 11:21:00 84299 0 1
20090709015 11:31:00 31383 1 1
20090709016 11:41:00 67985 0 0
20090709017 11:51:00 96933 1 1
20090709018 12:01:00 58188 0 1
20090709019 12:11:00 82395 0 0
20090709020 12:22:00 83795 0 0
20090709021 12:32:00 46538 0 0
20090709022 12:42:00 16579 0 0
20090709023 12:52:00 93785 0 0
20090709024 13:02:00 04644 0 1
20090709025 13:12:00 39532 0 0
20090709026 13:22:00 14995 0 1
20090709027 13:33:00 00837 1 0
20090709028 13:43:00 18485 0 0
20090709029 13:53:00 59691 0 0
20090709030 14:03:00 58467 0 0
20090709031 14:13:00 56922 0 1
20090709032 14:23:00 48209 0 0
20090709033 14:33:00 32686 0 1
20090709034 14:44:00 49174 0 0
20090709035 14:54:00 10268 0 0
20090709036 15:04:00 72476 0 0
20090709037 15:14:00 54822 0 1
20090709038 15:24:00 57364 0 0
20090709039 15:34:00 90974 1 0
20090709040 15:45:00 77121 1 1
20090709041 15:55:00 71817 0 0
20090709042 16:05:00 83740 0 0
20090709043 16:15:00 82577 0 1
20090709044 16:25:00 74823 0 0
20090709045 16:35:00 30217 0 0
20090709046 16:45:00 24821 0 0
20090709047 16:56:00 04903 0 0
20090709048 17:06:00 58343 0 1
20090709049 17:16:00 93913 1 0
20090709050 17:26:00 01110 1 1
20090709051 17:36:00 31343 1 1
20090709052 17:46:00 40989 0 1
20090709053 17:56:00 77817 1 0
20090709054 18:07:00 64517 0 0
20090709055 18:17:00 79738 1 0
20090709056 18:27:00 93371 1 0
20090709057 18:37:00 29945 1 0
20090709058 18:47:00 78001 0 1
20090709059 18:57:00 58286 0 0
20090709060 19:08:00 77691 1 0
20090709061 19:18:00 46939 0 1
20090709062 19:28:00 42475 1 0
20090709063 19:38:00 14908 0 0
20090709064 19:48:00 18946 0 0
20090709065 19:58:00 29025 0 0
20090709066 20:08:00 35421 0 0
20090709067 20:19:00 32563 0 0
20090709068 20:29:00 68737 0 1
20090709069 20:39:00 72395 0 0
20090709070 20:49:00 09742 0 0
20090709071 20:59:00 25763 0 0
20090709072 21:09:00 62628 1 0
20090709073 21:19:00 27016 0 0
20090709074 21:30:00 43718 0 0
20090709075 21:40:00 72613 0 0
20090709076 21:50:00 89122 0 1
20090709077 22:00:00 02488 0 1
20090709078 22:10:00 96109 0 0
20090709079 22:20:00 03181 0 1
20090709080 22:31:00 28286 1 0
20090709081 22:41:00 89533 0 1
20090709082 22:51:00 58116 0 1
20090709083 23:01:00 11196 1 0
20090709084 23:11:00 61419 0 0
