20090613001 09:09:00 70864 0 0
20090613002 09:19:00 97395 0 0
20090613003 09:29:00 89411 0 1
20090613004 09:39:00 57322 0 1
20090613005 09:49:00 22521 1 0
20090613006 09:59:00 07958 0 0
20090613007 10:10:00 64149 0 0
20090613008 10:20:00 35464 0 1
20090613009 10:30:00 89513 0 0
20090613010 10:40:00 55066 1 1
20090613011 10:50:00 43518 0 0
20090613012 11:00:00 33682 1 0
20090613013 11:10:00 50470 0 0
20090613014 11:21:00 25928 0 0
20090613015 11:31:00 23249 1 0
20090613016 11:41:00 76502 0 0
20090613017 11:51:00 01733 0 1
20090613018 12:01:00 94071 0 0
20090613019 12:11:00 06727 0 1
20090613020 12:22:00 79135 0 0
20090613021 12:32:00 48865 1 0
20090613022 12:42:00 46911 0 1
20090613023 12:52:00 60032 1 0
20090613024 13:02:00 95470 0 0
20090613025 13:12:00 08460 0 0
20090613026 13:22:00 08769 0 0
20090613027 13:33:00 45416 1 0
20090613028 13:43:00 84100 0 1
20090613029 13:53:00 25424 0 1
20090613030 14:03:00 97290 0 0
20090613031 14:13:00 89204 0 0
20090613032 14:23:00 96791 0 0
20090613033 14:33:00 39003 0 1
20090613034 14:44:00 68294 0 0
20090613035 14:54:00 52311 0 1
20090613036 15:04:00 14022 0 1
20090613037 15:14:00 99367 1 0
20090613038 15:24:00 38214 0 0
20090613039 15:34:00 64752 0 0
20090613040 15:45:00 86739 0 0
20090613041 15:55:00 08216 0 0
20090613042 16:05:00 69262 0 1
20090613043 16:15:00 45077 0 1
20090613044 16:25:00 13421 0 0
20090613045 16:35:00 46639 1 0
20090613046 16:45:00 46404 1 1
20090613047 16:56:00 64257 0 0
20090613048 17:06:00 46661 1 1
20090613049 17:16:00 04936 0 0
20090613050 17:26:00 84184 0 0
20090613051 17:36:00 37730 1 0
20090613052 17:46:00 30831 0 0
20090613053 17:56:00 76781 1 0
20090613054 18:07:00 03541 0 0
20090613055 18:17:00 22082 1 0
20090613056 18:27:00 41187 1 0
20090613057 18:37:00 31599 0 1
20090613058 18:47:00 03567 0 0
20090613059 18:57:00 32894 0 0
20090613060 19:08:00 04180 0 0
20090613061 19:18:00 00259 1 0
20090613062 19:28:00 83292 0 1
20090613063 19:38:00 63339 1 1
20090613064 19:48:00 64058 0 0
20090613065 19:58:00 35950 0 0
20090613066 20:08:00 49865 0 0
20090613067 20:19:00 76409 0 0
20090613068 20:29:00 93653 0 0
20090613069 20:39:00 26002 0 1
20090613070 20:49:00 21767 0 1
20090613071 20:59:00 02059 1 0
20090613072 21:09:00 13864 0 0
20090613073 21:19:00 00889 1 1
20090613074 21:30:00 85168 0 0
20090613075 21:40:00 44019 1 0
20090613076 21:50:00 31983 0 0
20090613077 22:00:00 38488 0 1
20090613078 22:10:00 65882 0 1
20090613079 22:20:00 77159 1 0
20090613080 22:31:00 73952 0 0
20090613081 22:41:00 98358 0 0
20090613082 22:51:00 75218 0 0
20090613083 23:01:00 41309 0 0
20090613084 23:11:00 65234 0 0
