20090502001 09:09:00 29195 0 0
20090502002 09:19:00 78443 0 1
20090502003 09:29:00 70285 0 0
20090502004 09:39:00 80855 1 1
20090502005 09:49:00 18035 0 0
20090502006 09:59:00 15142 1 0
20090502007 10:10:00 02748 0 0
20090502008 10:20:00 63021 0 0
20090502009 10:30:00 52748 0 0
20090502010 10:40:00 53813 0 0
20090502011 10:50:00 43198 0 0
20090502012 11:00:00 06442 0 1
20090502013 11:10:00 57727 1 1
20090502014 11:21:00 85053 0 0
20090502015 11:31:00 22546 1 0
20090502016 11:41:00 76122 0 1
20090502017 11:51:00 89823 1 0
20090502018 12:01:00 90671 0 0
20090502019 12:11:00 24017 0 0
20090502020 12:22:00 89836 1 0
20090502021 12:32:00 24514 0 0
20090502022 12:42:00 21794 0 0
20090502023 12:52:00 08541 0 0
20090502024 13:02:00 56102 0 0
20090502025 13:12:00 22939 1 1
20090502026 13:22:00 37465 0 0
20090502027 13:33:00 88756 1 0
20090502028 13:43:00 74037 0 0
20090502029 13:53:00 39237 0 0
20090502030 14:03:00 24046 0 0
20090502031 14:13:00 37469 0 0
20090502032 14:23:00 73073 0 0
20090502033 14:33:00 53263 0 0
20090502034 14:44:00 97363 0 1
20090502035 14:54:00 50740 0 0
20090502036 15:04:00 47269 0 0
20090502037 15:14:00 15030 0 1
20090502038 15:24:00 98593 0 0
20090502039 15:34:00 44518 1 0
20090502040 15:45:00 29092 0 0
20090502041 15:55:00 83112 0 1
20090502042 16:05:00 94597 0 0
20090502043 16:15:00 09553 0 1
20090502044 16:25:00 84231 0 0
20090502045 16:35:00 18619 0 0
20090502046 16:45:00 62063 0 0
20090502047 16:56:00 38135 0 0
20090502048 17:06:00 68641 1 0
20090502049 17:16:00 31387 1 0
20090502050 17:26:00 39430 0 0
20090502051 17:36:00 55736 1 0
20090502052 17:46:00 27638 0 0
20090502053 17:56:00 16288 0 1
20090502054 18:07:00 64525 0 1
20090502055 18:17:00 85750 0 0
20090502056 18:27:00 98756 0 0
20090502057 18:37:00 24984 0 0
20090502058 18:47:00 75868 0 1
20090502059 18:57:00 12769 0 0
20090502060 19:08:00 44912 1 0
20090502061 19:18:00 22862 1 0
20090502062 19:28:00 73990 0 1
20090502063 19:38:00 06485 0 0
20090502064 19:48:00 64056 0 0
20090502065 19:58:00 10018 1 0
20090502066 20:08:00 88790 1 0
20090502067 20:19:00 29161 0 1
20090502068 20:29:00 30367 1 0
20090502069 20:39:00 66867 1 0
20090502070 20:49:00 61161 1 1
20090502071 20:59:00 39768 0 0
20090502072 21:09:00 44641 1 0
20090502073 21:19:00 92913 1 0
20090502074 21:30:00 16356 0 0
20090502075 21:40:00 69907 1 0
20090502076 21:50:00 57056 0 0
20090502077 22:00:00 81846 1 0
20090502078 22:10:00 80767 0 1
20090502079 22:20:00 87064 0 0
20090502080 22:31:00 75546 1 0
20090502081 22:41:00 85671 0 0
20090502082 22:51:00 14163 1 0
20090502083 23:01:00 68878 1 1
20090502084 23:11:00 88095 1 0
