20091024001 09:09:00 82591 0 0
20091024002 09:19:00 33311 1 1
20091024003 09:29:00 64671 1 0
20091024004 09:39:00 79590 0 0
20091024005 09:49:00 20809 0 0
20091024006 09:59:00 63048 0 0
20091024007 10:10:00 13043 0 0
20091024008 10:20:00 31521 0 0
20091024009 10:30:00 59361 0 0
20091024010 10:40:00 42143 0 0
20091024011 10:50:00 93886 0 1
20091024012 11:00:00 75419 0 0
20091024013 11:10:00 94209 0 0
20091024014 11:21:00 47431 1 0
20091024015 11:31:00 99522 1 1
20091024016 11:41:00 73200 0 1
20091024017 11:51:00 91332 0 1
20091024018 12:01:00 03133 0 1
20091024019 12:11:00 83437 0 0
20091024020 12:22:00 24407 1 0
20091024021 12:32:00 14169 1 0
20091024022 12:42:00 59101 0 1
20091024023 12:52:00 80539 0 0
20091024024 13:02:00 75915 0 0
20091024025 13:12:00 63874 0 0
20091024026 13:22:00 59847 0 0
20091024027 13:33:00 42705 0 0
20091024028 13:43:00 75717 1 1
20091024029 13:53:00 76548 0 0
20091024030 14:03:00 97678 0 0
20091024031 14:13:00 24830 0 0
20091024032 14:23:00 70757 1 1
20091024033 14:33:00 53251 0 0
20091024034 14:44:00 19992 1 1
20091024035 14:54:00 09839 0 0
20091024036 15:04:00 25952 0 0
20091024037 15:14:00 83760 0 0
20091024038 15:24:00 13575 0 1
20091024039 15:34:00 77164 1 0
20091024040 15:45:00 90433 0 1
20091024041 15:55:00 98778 0 1
20091024042 16:05:00 85029 0 0
20091024043 16:15:00 03051 1 0
20091024044 16:25:00 69167 0 0
20091024045 16:35:00 09158 0 0
20091024046 16:45:00 52197 0 0
20091024047 16:56:00 08882 1 1
20091024048 17:06:00 66382 1 0
20091024049 17:16:00 14294 0 0
20091024050 17:26:00 50208 0 0
20091024051 17:36:00 00314 1 0
20091024052 17:46:00 67223 0 1
20091024053 17:56:00 57665 0 1
20091024054 18:07:00 16506 0 0
20091024055 18:17:00 00856 1 0
20091024056 18:27:00 32080 0 1
20091024057 18:37:00 50821 0 0
20091024058 18:47:00 55467 1 0
20091024059 18:57:00 33441 1 1
20091024060 19:08:00 77855 1 1
20091024061 19:18:00 00048 1 0
20091024062 19:28:00 83675 0 0
20091024063 19:38:00 23990 0 1
20091024064 19:48:00 63277 0 1
20091024065 19:58:00 49881 0 1
20091024066 20:08:00 44171 1 1
20091024067 20:19:00 72239 1 0
20091024068 20:29:00 57614 0 0
20091024069 20:39:00 70311 0 1
20091024070 20:49:00 81072 0 0
20091024071 20:59:00 65138 0 0
20091024072 21:09:00 55984 1 0
20091024073 21:19:00 99333 1 1
20091024074 21:30:00 40119 0 1
20091024075 21:40:00 82325 0 0
20091024076 21:50:00 76794 1 0
20091024077 22:00:00 36505 0 1
20091024078 22:10:00 27464 0 1
20091024079 22:20:00 89126 0 0
20091024080 22:31:00 10623 0 0
20091024081 22:41:00 58151 0 1
20091024082 22:51:00 23524 0 0
20091024083 23:01:00 01113 1 1
20091024084 23:11:00 71662 0 1
