20091026001 09:09:00 93231 0 0
20091026002 09:19:00 37688 0 1
20091026003 09:29:00 25080 0 1
20091026004 09:39:00 25676 0 1
20091026005 09:49:00 60885 0 1
20091026006 09:59:00 53048 0 0
20091026007 10:10:00 18640 0 0
20091026008 10:20:00 05977 0 1
20091026009 10:30:00 56443 0 1
20091026010 10:40:00 85353 0 1
20091026011 10:50:00 88325 1 0
20091026012 11:00:00 15644 0 1
20091026013 11:10:00 38354 1 0
20091026014 11:21:00 45681 0 0
20091026015 11:31:00 58739 0 0
20091026016 11:41:00 40599 0 1
20091026017 11:51:00 19522 0 1
20091026018 12:01:00 92822 0 1
20091026019 12:11:00 36570 0 0
20091026020 12:22:00 01103 1 0
20091026021 12:32:00 11847 1 0
20091026022 12:42:00 20920 0 0
20091026023 12:52:00 91058 0 0
20091026024 13:02:00 09404 0 1
20091026025 13:12:00 96695 1 0
20091026026 13:22:00 49925 1 0
20091026027 13:33:00 21075 0 0
20091026028 13:43:00 19749 0 0
20091026029 13:53:00 41720 0 0
20091026030 14:03:00 16698 1 0
20091026031 14:13:00 44357 1 0
20091026032 14:23:00 29425 0 0
20091026033 14:33:00 11572 1 0
20091026034 14:44:00 85149 0 0
20091026035 14:54:00 58433 0 1
20091026036 15:04:00 52742 0 0
20091026037 15:14:00 02882 0 1
20091026038 15:24:00 32980 0 0
20091026039 15:34:00 54097 0 0
20091026040 15:45:00 38344 1 1
20091026041 15:55:00 89314 0 0
20091026042 16:05:00 84144 0 1
20091026043 16:15:00 50266 0 1
20091026044 16:25:00 77994 1 1
20091026045 16:35:00 65521 1 0
20091026046 16:45:00 81125 1 0
20091026047 16:56:00 19885 0 1
20091026048 17:06:00 90624 0 0
20091026049 17:16:00 51298 0 0
20091026050 17:26:00 62096 0 0
20091026051 17:36:00 70071 1 0
20091026052 17:46:00 95816 0 0
20091026053 17:56:00 13780 0 0
20091026054 18:07:00 31075 0 0
20091026055 18:17:00 41760 0 0
20091026056 18:27:00 54872 0 0
20091026057 18:37:00 52835 0 0
20091026058 18:47:00 21452 0 0
20091026059 18:57:00 73224 0 1
20091026060 19:08:00 37426 0 0
20091026061 19:18:00 55452 1 0
20091026062 19:28:00 77633 1 1
20091026063 19:38:00 91629 0 0
20091026064 19:48:00 65419 0 0
20091026065 19:58:00 08965 0 0
20091026066 20:08:00 95549 1 0
20091026067 20:19:00 87925 0 0
20091026068 20:29:00 72858 0 1
20091026069 20:39:00 10430 0 0
20091026070 20:49:00 60953 0 0
20091026071 20:59:00 57027 0 0
20091026072 21:09:00 79800 0 1
20091026073 21:19:00 14086 0 0
20091026074 21:30:00 30151 0 1
20091026075 21:40:00 55926 1 0
20091026076 21:50:00 52346 0 0
20091026077 22:00:00 01270 0 0
20091026078 22:10:00 40478 1 0
20091026079 22:20:00 89095 0 0
20091026080 22:31:00 19826 0 0
20091026081 22:41:00 72264 1 0
20091026082 22:51:00 55906 1 0
20091026083 23:01:00 00828 1 1
20091026084 23:11:00 96721 0 0
