20091115001 09:09:00 17657 0 0
20091115002 09:19:00 79988 1 1
20091115003 09:29:00 80929 0 1
20091115004 09:39:00 36263 0 0
20091115005 09:49:00 42592 0 0
20091115006 09:59:00 32134 0 0
20091115007 10:10:00 00598 1 0
20091115008 10:20:00 41170 1 0
20091115009 10:30:00 18593 0 0
20091115010 10:40:00 72093 0 0
20091115011 10:50:00 09503 0 0
20091115012 11:00:00 24941 0 0
20091115013 11:10:00 25454 0 1
20091115014 11:21:00 87100 0 1
20091115015 11:31:00 22643 1 0
20091115016 11:41:00 16881 0 1
20091115017 11:51:00 80826 1 0
20091115018 12:01:00 74520 0 0
20091115019 12:11:00 49998 1 1
20091115020 12:22:00 60462 0 0
20091115021 12:32:00 00836 1 0
20091115022 12:42:00 39145 0 0
20091115023 12:52:00 57493 0 0
20091115024 13:02:00 39016 0 0
20091115025 13:12:00 79451 0 0
20091115026 13:22:00 43287 0 0
20091115027 13:33:00 42777 0 1
20091115028 13:43:00 22901 1 0
20091115029 13:53:00 94767 0 1
20091115030 14:03:00 92175 0 0
20091115031 14:13:00 60021 1 0
20091115032 14:23:00 63132 0 0
20091115033 14:33:00 94366 0 1
20091115034 14:44:00 29371 0 0
20091115035 14:54:00 97353 0 1
20091115036 15:04:00 75345 0 0
20091115037 15:14:00 62137 0 0
20091115038 15:24:00 38480 0 0
20091115039 15:34:00 27522 0 1
20091115040 15:45:00 35062 0 0
20091115041 15:55:00 05186 0 0
20091115042 16:05:00 86772 0 1
20091115043 16:15:00 03117 0 1
20091115044 16:25:00 32691 0 0
20091115045 16:35:00 57388 0 1
20091115046 16:45:00 90009 1 1
20091115047 16:56:00 86994 0 1
20091115048 17:06:00 65969 0 1
20091115049 17:16:00 33756 1 0
20091115050 17:26:00 08451 0 0
20091115051 17:36:00 75756 1 0
20091115052 17:46:00 79648 0 0
20091115053 17:56:00 57007 0 1
20091115054 18:07:00 69269 0 0
20091115055 18:17:00 30063 1 0
20091115056 18:27:00 48697 0 0
20091115057 18:37:00 22603 1 0
20091115058 18:47:00 67925 0 0
20091115059 18:57:00 09980 1 0
20091115060 19:08:00 13284 0 0
20091115061 19:18:00 28631 0 0
20091115062 19:28:00 09317 0 0
20091115063 19:38:00 72851 0 0
20091115064 19:48:00 65447 0 1
20091115065 19:58:00 70800 0 1
20091115066 20:08:00 47213 0 0
20091115067 20:19:00 26260 1 0
20091115068 20:29:00 98693 0 0
20091115069 20:39:00 42976 0 0
20091115070 20:49:00 47415 1 0
20091115071 20:59:00 86904 0 0
20091115072 21:09:00 94389 0 0
20091115073 21:19:00 22513 1 0
20091115074 21:30:00 65826 0 0
20091115075 21:40:00 81977 0 1
20091115076 21:50:00 01739 0 0
20091115077 22:00:00 97911 1 1
20091115078 22:10:00 90348 0 0
20091115079 22:20:00 30597 0 0
20091115080 22:31:00 96942 1 0
20091115081 22:41:00 34657 0 0
20091115082 22:51:00 70196 0 0
20091115083 23:01:00 92404 0 1
20091115084 23:11:00 40469 1 0
