20090421001 09:09:00 72937 0 0
20090421002 09:19:00 76609 1 0
20090421003 09:29:00 67716 1 0
20090421004 09:39:00 16745 0 0
20090421005 09:49:00 39792 0 0
20090421006 09:59:00 00692 1 0
20090421007 10:10:00 29024 0 0
20090421008 10:20:00 80864 1 0
20090421009 10:30:00 61652 1 0
20090421010 10:40:00 70765 1 0
20090421011 10:50:00 95749 0 0
20090421012 11:00:00 25565 1 1
20090421013 11:10:00 48825 1 0
20090421014 11:21:00 37758 1 0
20090421015 11:31:00 22629 1 0
20090421016 11:41:00 20253 1 0
20090421017 11:51:00 52635 0 0
20090421018 12:01:00 56729 0 0
20090421019 12:11:00 86993 0 1
20090421020 12:22:00 22307 1 0
20090421021 12:32:00 27274 1 0
20090421022 12:42:00 25215 1 0
20090421023 12:52:00 52611 0 1
20090421024 13:02:00 33133 1 1
20090421025 13:12:00 15707 0 1
20090421026 13:22:00 99137 1 0
20090421027 13:33:00 23423 0 0
20090421028 13:43:00 71981 0 0
20090421029 13:53:00 08665 0 1
20090421030 14:03:00 91472 0 0
20090421031 14:13:00 20867 0 0
20090421032 14:23:00 52688 0 1
20090421033 14:33:00 88725 1 0
20090421034 14:44:00 03115 0 1
20090421035 14:54:00 19783 0 0
20090421036 15:04:00 61807 0 0
20090421037 15:14:00 71734 1 0
20090421038 15:24:00 31166 1 1
20090421039 15:34:00 78582 0 0
20090421040 15:45:00 56122 0 1
20090421041 15:55:00 32119 0 1
20090421042 16:05:00 15819 0 0
20090421043 16:15:00 54877 0 1
20090421044 16:25:00 99269 1 0
20090421045 16:35:00 28575 0 1
20090421046 16:45:00 65600 1 1
20090421047 16:56:00 89055 0 1
20090421048 17:06:00 48844 1 1
20090421049 17:16:00 06921 0 0
20090421050 17:26:00 41253 0 0
20090421051 17:36:00 05328 0 0
20090421052 17:46:00 03464 0 1
20090421053 17:56:00 15032 0 0
20090421054 18:07:00 40841 0 0
20090421055 18:17:00 36148 0 0
20090421056 18:27:00 77822 1 1
20090421057 18:37:00 42812 0 0
20090421058 18:47:00 67948 0 0
20090421059 18:57:00 22744 1 1
20090421060 19:08:00 60642 1 0
20090421061 19:18:00 11030 1 1
20090421062 19:28:00 55089 1 0
20090421063 19:38:00 24229 1 1
20090421064 19:48:00 86257 0 0
20090421065 19:58:00 89903 1 0
20090421066 20:08:00 30728 0 0
20090421067 20:19:00 27344 0 1
20090421068 20:29:00 44949 1 1
20090421069 20:39:00 33606 1 1
20090421070 20:49:00 76869 0 0
20090421071 20:59:00 28033 0 1
20090421072 21:09:00 83173 0 0
20090421073 21:19:00 14705 0 0
20090421074 21:30:00 84054 0 0
20090421075 21:40:00 19155 1 1
20090421076 21:50:00 67510 0 0
20090421077 22:00:00 60734 0 0
20090421078 22:10:00 89729 0 0
20090421079 22:20:00 91223 0 1
20090421080 22:31:00 96051 0 0
20090421081 22:41:00 60719 0 0
20090421082 22:51:00 26882 0 1
20090421083 23:01:00 32851 0 0
20090421084 23:11:00 86763 0 0
