20100425001 09:09:00 41168 1 0
20100425002 09:19:00 99125 1 0
20100425003 09:29:00 49060 0 1
20100425004 09:39:00 25804 0 0
20100425005 09:49:00 38248 0 0
20100425006 09:59:00 29702 0 0
20100425007 10:10:00 47532 0 0
20100425008 10:20:00 29743 0 0
20100425009 10:30:00 55038 1 0
20100425010 10:40:00 84114 0 1
20100425011 10:50:00 78159 0 0
20100425012 11:00:00 89900 1 1
20100425013 11:10:00 60029 1 0
20100425014 11:21:00 95519 1 0
20100425015 11:31:00 89569 0 0
20100425016 11:41:00 13953 0 0
20100425017 11:51:00 27487 0 0
20100425018 12:01:00 84074 0 0
20100425019 12:11:00 35387 1 0
20100425020 12:22:00 92526 0 0
20100425021 12:32:00 16549 0 0
20100425022 12:42:00 75310 0 0
20100425023 12:52:00 25930 0 0
20100425024 13:02:00 00178 1 0
20100425025 13:12:00 29487 0 0
20100425026 13:22:00 20023 1 0
20100425027 13:33:00 69194 0 0
20100425028 13:43:00 17182 1 0
20100425029 13:53:00 94219 0 0
20100425030 14:03:00 34004 0 1
20100425031 14:13:00 54974 0 0
20100425032 14:23:00 61504 0 0
20100425033 14:33:00 96231 0 0
20100425034 14:44:00 76428 0 0
20100425035 14:54:00 30291 0 0
20100425036 15:04:00 66342 1 0
20100425037 15:14:00 67534 0 0
20100425038 15:24:00 99338 1 1
20100425039 15:34:00 35507 1 0
20100425040 15:45:00 99480 1 0
20100425041 15:55:00 29854 0 0
20100425042 16:05:00 89454 0 1
20100425043 16:15:00 55357 1 0
20100425044 16:25:00 44490 1 0
20100425045 16:35:00 47049 0 0
20100425046 16:45:00 93134 0 0
20100425047 16:56:00 50708 0 0
20100425048 17:06:00 22671 1 0
20100425049 17:16:00 20559 0 1
20100425050 17:26:00 82632 0 0
20100425051 17:36:00 20383 0 1
20100425052 17:46:00 70765 1 0
20100425053 17:56:00 33203 1 0
20100425054 18:07:00 80656 0 1
20100425055 18:17:00 34374 1 0
20100425056 18:27:00 94981 1 0
20100425057 18:37:00 80728 0 0
20100425058 18:47:00 66311 1 1
20100425059 18:57:00 80274 0 0
20100425060 19:08:00 11431 1 0
20100425061 19:18:00 72662 0 1
20100425062 19:28:00 40409 1 0
20100425063 19:38:00 35868 0 1
20100425064 19:48:00 00940 1 0
20100425065 19:58:00 30764 0 0
20100425066 20:08:00 80667 0 1
20100425067 20:19:00 07250 0 0
20100425068 20:29:00 83408 0 0
20100425069 20:39:00 64149 0 0
20100425070 20:49:00 56247 0 0
20100425071 20:59:00 29786 0 0
20100425072 21:09:00 04871 0 0
20100425073 21:19:00 83583 0 0
20100425074 21:30:00 75375 0 0
20100425075 21:40:00 91815 0 0
20100425076 21:50:00 92410 0 0
20100425077 22:00:00 38058 0 0
20100425078 22:10:00 87508 0 0
20100425079 22:20:00 99081 1 0
20100425080 22:31:00 65110 0 1
20100425081 22:41:00 69126 0 0
20100425082 22:51:00 92612 0 0
20100425083 23:01:00 65925 0 0
20100425084 23:11:00 72756 1 0
