20100513001 09:09:00 51355 0 1
20100513002 09:19:00 10950 0 0
20100513003 09:29:00 30975 0 0
20100513004 09:39:00 67435 0 0
20100513005 09:49:00 38840 1 0
20100513006 09:59:00 12921 0 0
20100513007 10:10:00 64519 0 0
20100513008 10:20:00 08573 0 0
20100513009 10:30:00 65575 1 1
20100513010 10:40:00 13851 0 0
20100513011 10:50:00 46561 0 0
20100513012 11:00:00 66771 1 1
20100513013 11:10:00 55571 1 0
20100513014 11:21:00 64627 1 0
20100513015 11:31:00 66274 1 0
20100513016 11:41:00 25925 0 0
20100513017 11:51:00 35378 1 0
20100513018 12:01:00 11451 1 0
20100513019 12:11:00 38355 1 1
20100513020 12:22:00 69689 1 0
20100513021 12:32:00 38114 0 1
20100513022 12:42:00 99390 1 0
20100513023 12:52:00 41567 0 0
20100513024 13:02:00 97669 0 1
20100513025 13:12:00 53831 0 0
20100513026 13:22:00 88835 1 0
20100513027 13:33:00 70521 0 0
20100513028 13:43:00 49095 0 0
20100513029 13:53:00 06380 0 0
20100513030 14:03:00 45263 0 0
20100513031 14:13:00 70083 1 0
20100513032 14:23:00 67493 0 0
20100513033 14:33:00 12524 0 0
20100513034 14:44:00 46518 0 0
20100513035 14:54:00 73731 1 0
20100513036 15:04:00 81565 0 1
20100513037 15:14:00 14827 0 0
20100513038 15:24:00 58111 0 1
20100513039 15:34:00 45417 1 0
20100513040 15:45:00 37327 1 0
20100513041 15:55:00 88414 1 1
20100513042 16:05:00 22742 1 0
20100513043 16:15:00 76874 0 0
20100513044 16:25:00 20137 0 0
20100513045 16:35:00 37562 0 0
20100513046 16:45:00 34415 1 0
20100513047 16:56:00 28384 0 0
20100513048 17:06:00 00669 1 1
20100513049 17:16:00 43525 0 1
20100513050 17:26:00 44170 1 0
20100513051 17:36:00 99858 1 1
20100513052 17:46:00 12114 1 1
20100513053 17:56:00 85324 0 0
20100513054 18:07:00 11242 1 1
20100513055 18:17:00 14031 0 0
20100513056 18:27:00 46191 0 1
20100513057 18:37:00 43679 0 0
20100513058 18:47:00 75272 0 1
20100513059 18:57:00 16322 0 1
20100513060 19:08:00 00365 1 0
20100513061 19:18:00 58810 1 0
20100513062 19:28:00 84467 1 0
20100513063 19:38:00 02191 0 1
20100513064 19:48:00 22970 1 0
20100513065 19:58:00 34723 0 0
20100513066 20:08:00 43051 0 0
20100513067 20:19:00 28940 0 0
20100513068 20:29:00 54455 1 1
20100513069 20:39:00 81179 1 0
20100513070 20:49:00 14692 0 0
20100513071 20:59:00 91409 0 0
20100513072 21:09:00 49818 0 1
20100513073 21:19:00 10872 0 0
20100513074 21:30:00 03801 0 0
20100513075 21:40:00 18009 0 1
20100513076 21:50:00 17558 0 1
20100513077 22:00:00 41184 1 0
20100513078 22:10:00 21004 0 1
20100513079 22:20:00 13314 1 0
20100513080 22:31:00 51763 0 0
20100513081 22:41:00 40138 0 0
20100513082 22:51:00 26196 0 0
20100513083 23:01:00 65999 0 1
20100513084 23:11:00 04660 0 1
