20101211001 09:09:00 47580 0 0
20101211002 09:19:00 16812 0 0
20101211003 09:29:00 19313 0 1
20101211004 09:39:00 94899 0 1
20101211005 09:49:00 79498 0 0
20101211006 09:59:00 07920 0 0
20101211007 10:10:00 41138 1 0
20101211008 10:20:00 25681 0 0
20101211009 10:30:00 08985 0 0
20101211010 10:40:00 54994 0 1
20101211011 10:50:00 39434 0 1
20101211012 11:00:00 55733 1 1
20101211013 11:10:00 69820 0 0
20101211014 11:21:00 00446 1 1
20101211015 11:31:00 22601 1 0
20101211016 11:41:00 77039 1 0
20101211017 11:51:00 11330 1 1
20101211018 12:01:00 64402 1 0
20101211019 12:11:00 83429 0 0
20101211020 12:22:00 06227 0 1
20101211021 12:32:00 18333 0 1
20101211022 12:42:00 16533 0 1
20101211023 12:52:00 84109 0 0
20101211024 13:02:00 50688 0 1
20101211025 13:12:00 17920 0 0
20101211026 13:22:00 62083 0 0
20101211027 13:33:00 33101 1 1
20101211028 13:43:00 29958 1 0
20101211029 13:53:00 07415 0 0
20101211030 14:03:00 54501 1 0
20101211031 14:13:00 95684 0 0
20101211032 14:23:00 34993 0 1
20101211033 14:33:00 15417 0 0
20101211034 14:44:00 37817 0 0
20101211035 14:54:00 86603 1 0
20101211036 15:04:00 02983 0 0
20101211037 15:14:00 43805 0 0
20101211038 15:24:00 82589 0 0
20101211039 15:34:00 99909 1 1
20101211040 15:45:00 18210 0 0
20101211041 15:55:00 13466 0 1
20101211042 16:05:00 70474 0 1
20101211043 16:15:00 40722 0 1
20101211044 16:25:00 15635 0 0
20101211045 16:35:00 81033 0 1
20101211046 16:45:00 46810 0 0
20101211047 16:56:00 25980 0 0
20101211048 17:06:00 83962 0 0
20101211049 17:16:00 33350 1 0
20101211050 17:26:00 17852 0 0
20101211051 17:36:00 06046 1 0
20101211052 17:46:00 61353 0 1
20101211053 17:56:00 71015 0 0
20101211054 18:07:00 78366 0 1
20101211055 18:17:00 07953 0 0
20101211056 18:27:00 19212 0 1
20101211057 18:37:00 87526 0 0
20101211058 18:47:00 88752 1 0
20101211059 18:57:00 97597 0 0
20101211060 19:08:00 06700 0 1
20101211061 19:18:00 25874 0 0
20101211062 19:28:00 43736 0 0
20101211063 19:38:00 44983 1 0
20101211064 19:48:00 40058 1 0
20101211065 19:58:00 82311 0 1
20101211066 20:08:00 19196 1 0
20101211067 20:19:00 79816 0 0
20101211068 20:29:00 48149 0 0
20101211069 20:39:00 51640 0 0
20101211070 20:49:00 06891 0 0
20101211071 20:59:00 91931 1 0
20101211072 21:09:00 03187 0 0
20101211073 21:19:00 09318 0 0
20101211074 21:30:00 61278 0 0
20101211075 21:40:00 20477 0 1
20101211076 21:50:00 78966 0 1
20101211077 22:00:00 95783 0 0
20101211078 22:10:00 17467 0 0
20101211079 22:20:00 50333 0 1
20101211080 22:31:00 13144 1 1
20101211081 22:41:00 16460 0 0
20101211082 22:51:00 36177 0 1
20101211083 23:01:00 47639 0 0
20101211084 23:11:00 96891 0 0
