20100616001 09:09:00 86014 0 0
20100616002 09:19:00 85567 1 0
20100616003 09:29:00 59120 0 0
20100616004 09:39:00 21246 1 0
20100616005 09:49:00 82995 0 1
20100616006 09:59:00 44129 1 0
20100616007 10:10:00 72966 0 1
20100616008 10:20:00 20267 1 0
20100616009 10:30:00 52894 0 0
20100616010 10:40:00 09472 0 0
20100616011 10:50:00 19406 0 0
20100616012 11:00:00 18967 0 0
20100616013 11:10:00 01575 0 1
20100616014 11:21:00 70210 0 0
20100616015 11:31:00 59522 1 1
20100616016 11:41:00 27046 0 0
20100616017 11:51:00 01940 0 0
20100616018 12:01:00 06674 1 0
20100616019 12:11:00 44765 1 0
20100616020 12:22:00 05253 0 0
20100616021 12:32:00 08746 0 0
20100616022 12:42:00 99150 1 0
20100616023 12:52:00 94568 0 0
20100616024 13:02:00 66825 1 0
20100616025 13:12:00 58267 0 0
20100616026 13:22:00 92488 0 1
20100616027 13:33:00 16415 0 0
20100616028 13:43:00 70824 0 0
20100616029 13:53:00 87721 1 0
20100616030 14:03:00 48458 1 0
20100616031 14:13:00 11648 1 0
20100616032 14:23:00 16485 0 0
20100616033 14:33:00 49753 0 0
20100616034 14:44:00 47169 0 0
20100616035 14:54:00 58915 0 0
20100616036 15:04:00 90519 0 0
20100616037 15:14:00 63413 0 0
20100616038 15:24:00 12508 0 0
20100616039 15:34:00 59632 0 0
20100616040 15:45:00 42763 0 0
20100616041 15:55:00 11812 1 0
20100616042 16:05:00 93758 0 0
20100616043 16:15:00 96460 0 0
20100616044 16:25:00 33445 1 1
20100616045 16:35:00 44722 1 1
20100616046 16:45:00 42723 0 0
20100616047 16:56:00 37900 0 1
20100616048 17:06:00 32464 0 1
20100616049 17:16:00 27906 0 0
20100616050 17:26:00 37578 0 0
20100616051 17:36:00 59644 0 1
20100616052 17:46:00 38806 1 0
20100616053 17:56:00 29214 1 0
20100616054 18:07:00 18957 0 0
20100616055 18:17:00 78533 0 1
20100616056 18:27:00 70904 0 0
20100616057 18:37:00 08728 0 0
20100616058 18:47:00 14080 0 1
20100616059 18:57:00 43531 0 0
20100616060 19:08:00 00885 1 1
20100616061 19:18:00 54812 0 0
20100616062 19:28:00 18449 0 1
20100616063 19:38:00 99121 1 1
20100616064 19:48:00 20081 1 0
20100616065 19:58:00 80109 0 0
20100616066 20:08:00 43325 1 0
20100616067 20:19:00 08313 0 1
20100616068 20:29:00 89655 0 1
20100616069 20:39:00 79941 1 0
20100616070 20:49:00 48035 0 0
20100616071 20:59:00 64563 0 0
20100616072 21:09:00 46836 0 0
20100616073 21:19:00 40690 0 0
20100616074 21:30:00 08340 0 0
20100616075 21:40:00 66149 1 0
20100616076 21:50:00 28299 1 1
20100616077 22:00:00 67079 0 0
20100616078 22:10:00 39024 0 0
20100616079 22:20:00 45879 0 0
20100616080 22:31:00 99037 1 0
20100616081 22:41:00 36624 1 0
20100616082 22:51:00 29159 0 0
20100616083 23:01:00 81236 0 0
20100616084 23:11:00 90627 0 0
