20100512001 09:09:00 80874 1 0
20100512002 09:19:00 28400 0 1
20100512003 09:29:00 39854 0 0
20100512004 09:39:00 03654 0 0
20100512005 09:49:00 97488 0 1
20100512006 09:59:00 50106 0 0
20100512007 10:10:00 49020 0 1
20100512008 10:20:00 19644 0 1
20100512009 10:30:00 23008 0 1
20100512010 10:40:00 23502 0 0
20100512011 10:50:00 95895 0 0
20100512012 11:00:00 49176 0 0
20100512013 11:10:00 61793 0 0
20100512014 11:21:00 40109 0 0
20100512015 11:31:00 43359 1 0
20100512016 11:41:00 88411 1 1
20100512017 11:51:00 28109 0 0
20100512018 12:01:00 33508 1 0
20100512019 12:11:00 53144 0 1
20100512020 12:22:00 91939 1 1
20100512021 12:32:00 12213 1 0
20100512022 12:42:00 32197 0 0
20100512023 12:52:00 33115 1 1
20100512024 13:02:00 28931 0 0
20100512025 13:12:00 26980 0 0
20100512026 13:22:00 82222 1 1
20100512027 13:33:00 77955 1 1
20100512028 13:43:00 22227 1 1
20100512029 13:53:00 39306 1 0
20100512030 14:03:00 20341 0 0
20100512031 14:13:00 86451 0 0
20100512032 14:23:00 20476 0 0
20100512033 14:33:00 06312 0 0
20100512034 14:44:00 96174 0 0
20100512035 14:54:00 00303 1 1
20100512036 15:04:00 30081 1 0
20100512037 15:14:00 27598 0 0
20100512038 15:24:00 73098 0 0
20100512039 15:34:00 97525 0 1
20100512040 15:45:00 87584 0 0
20100512041 15:55:00 20074 1 0
20100512042 16:05:00 27361 0 0
20100512043 16:15:00 52673 0 0
20100512044 16:25:00 60116 0 1
20100512045 16:35:00 59935 1 0
20100512046 16:45:00 47013 0 0
20100512047 16:56:00 80559 0 1
20100512048 17:06:00 82381 0 0
20100512049 17:16:00 62992 0 1
20100512050 17:26:00 93857 0 0
20100512051 17:36:00 43050 0 1
20100512052 17:46:00 91416 0 0
20100512053 17:56:00 51548 1 0
20100512054 18:07:00 06006 1 1
20100512055 18:17:00 23468 0 0
20100512056 18:27:00 15763 0 0
20100512057 18:37:00 31001 0 1
20100512058 18:47:00 66518 1 0
20100512059 18:57:00 54451 1 0
20100512060 19:08:00 89239 0 0
20100512061 19:18:00 95942 1 0
20100512062 19:28:00 95414 0 1
20100512063 19:38:00 06091 1 0
20100512064 19:48:00 88665 1 1
20100512065 19:58:00 92461 0 0
20100512066 20:08:00 88606 1 1
20100512067 20:19:00 32763 0 0
20100512068 20:29:00 71499 0 1
20100512069 20:39:00 67691 1 0
20100512070 20:49:00 00745 1 0
20100512071 20:59:00 56108 0 0
20100512072 21:09:00 27835 0 0
20100512073 21:19:00 01095 1 0
20100512074 21:30:00 72123 0 0
20100512075 21:40:00 67871 0 0
20100512076 21:50:00 09303 0 1
20100512077 22:00:00 17596 0 0
20100512078 22:10:00 29212 1 1
20100512079 22:20:00 81791 0 0
20100512080 22:31:00 96018 0 0
20100512081 22:41:00 28191 0 1
20100512082 22:51:00 35850 0 0
20100512083 23:01:00 32753 0 0
20100512084 23:11:00 36103 0 0
