20100507001 09:09:00 65680 1 0
20100507002 09:19:00 04550 0 1
20100507003 09:29:00 24321 0 0
20100507004 09:39:00 19575 0 1
20100507005 09:49:00 09852 0 0
20100507006 09:59:00 11591 1 0
20100507007 10:10:00 19355 0 1
20100507008 10:20:00 58616 0 1
20100507009 10:30:00 14423 1 0
20100507010 10:40:00 64579 0 0
20100507011 10:50:00 24211 1 1
20100507012 11:00:00 74082 0 0
20100507013 11:10:00 06450 0 0
20100507014 11:21:00 36263 0 0
20100507015 11:31:00 68188 0 1
20100507016 11:41:00 55108 1 0
20100507017 11:51:00 59931 1 0
20100507018 12:01:00 14934 0 0
20100507019 12:11:00 62407 0 0
20100507020 12:22:00 34127 0 0
20100507021 12:32:00 59545 1 1
20100507022 12:42:00 01278 0 0
20100507023 12:52:00 46705 0 0
20100507024 13:02:00 51079 0 0
20100507025 13:12:00 08563 0 0
20100507026 13:22:00 35661 0 1
20100507027 13:33:00 98872 1 0
20100507028 13:43:00 57891 0 0
20100507029 13:53:00 78834 1 0
20100507030 14:03:00 10223 0 1
20100507031 14:13:00 08283 0 0
20100507032 14:23:00 44398 1 0
20100507033 14:33:00 53841 0 0
20100507034 14:44:00 31190 1 0
20100507035 14:54:00 79733 1 1
20100507036 15:04:00 55050 1 1
20100507037 15:14:00 38980 0 0
20100507038 15:24:00 14211 0 1
20100507039 15:34:00 05969 0 1
20100507040 15:45:00 04914 0 0
20100507041 15:55:00 12893 0 0
20100507042 16:05:00 87054 0 0
20100507043 16:15:00 51543 1 0
20100507044 16:25:00 47868 0 1
20100507045 16:35:00 26027 0 0
20100507046 16:45:00 07012 1 0
20100507047 16:56:00 26969 0 1
20100507048 17:06:00 11079 1 0
20100507049 17:16:00 63629 1 0
20100507050 17:26:00 48974 0 0
20100507051 17:36:00 05011 1 1
20100507052 17:46:00 43606 0 1
20100507053 17:56:00 04383 0 1
20100507054 18:07:00 77128 1 0
20100507055 18:17:00 68548 0 0
20100507056 18:27:00 49369 0 0
20100507057 18:37:00 07512 0 0
20100507058 18:47:00 34183 0 0
20100507059 18:57:00 88584 1 0
20100507060 19:08:00 43398 1 0
20100507061 19:18:00 18163 1 0
20100507062 19:28:00 12420 0 0
20100507063 19:38:00 72146 0 0
20100507064 19:48:00 26398 0 0
20100507065 19:58:00 20300 0 1
20100507066 20:08:00 93530 0 0
20100507067 20:19:00 46239 0 0
20100507068 20:29:00 46146 0 0
20100507069 20:39:00 60905 0 0
20100507070 20:49:00 04216 0 0
20100507071 20:59:00 01124 1 0
20100507072 21:09:00 33750 1 0
20100507073 21:19:00 71882 0 1
20100507074 21:30:00 83796 0 0
20100507075 21:40:00 08608 0 0
20100507076 21:50:00 63351 1 0
20100507077 22:00:00 79019 0 0
20100507078 22:10:00 48926 0 0
20100507079 22:20:00 88672 1 0
20100507080 22:31:00 65169 0 0
20100507081 22:41:00 45226 0 1
20100507082 22:51:00 58951 0 0
20100507083 23:01:00 45777 0 1
20100507084 23:11:00 38195 0 0
