20101001001 09:09:00 36038 0 0
20101001002 09:19:00 56689 1 0
20101001003 09:29:00 81105 1 0
20101001004 09:39:00 76495 0 0
20101001005 09:49:00 91009 0 1
20101001006 09:59:00 83356 1 0
20101001007 10:10:00 29145 0 0
20101001008 10:20:00 41519 0 0
20101001009 10:30:00 83199 0 1
20101001010 10:40:00 63264 0 0
20101001011 10:50:00 44769 1 0
20101001012 11:00:00 33297 1 0
20101001013 11:10:00 01673 0 0
20101001014 11:21:00 13998 0 1
20101001015 11:31:00 11947 1 0
20101001016 11:41:00 99530 1 0
20101001017 11:51:00 59205 0 0
20101001018 12:01:00 12240 1 0
20101001019 12:11:00 32543 0 0
20101001020 12:22:00 85368 0 0
20101001021 12:32:00 23148 0 0
20101001022 12:42:00 61220 0 1
20101001023 12:52:00 35311 1 1
20101001024 13:02:00 65600 1 1
20101001025 13:12:00 07030 1 1
20101001026 13:22:00 68288 0 1
20101001027 13:33:00 64480 1 0
20101001028 13:43:00 93533 0 1
20101001029 13:53:00 27925 0 0
20101001030 14:03:00 35510 1 0
20101001031 14:13:00 55789 1 0
20101001032 14:23:00 15702 0 0
20101001033 14:33:00 14040 0 1
20101001034 14:44:00 29232 1 1
20101001035 14:54:00 10961 0 0
20101001036 15:04:00 07844 0 1
20101001037 15:14:00 36093 0 0
20101001038 15:24:00 08081 1 0
20101001039 15:34:00 52177 0 1
20101001040 15:45:00 20404 0 1
20101001041 15:55:00 69599 0 1
20101001042 16:05:00 28464 0 1
20101001043 16:15:00 80213 0 0
20101001044 16:25:00 88238 1 0
20101001045 16:35:00 97885 0 1
20101001046 16:45:00 73043 0 0
20101001047 16:56:00 83995 0 1
20101001048 17:06:00 34131 0 1
20101001049 17:16:00 63293 0 0
20101001050 17:26:00 10602 0 0
20101001051 17:36:00 41454 1 1
20101001052 17:46:00 19034 0 0
20101001053 17:56:00 48480 1 0
20101001054 18:07:00 79244 0 1
20101001055 18:17:00 71556 0 1
20101001056 18:27:00 77004 1 1
20101001057 18:37:00 10583 0 0
20101001058 18:47:00 12472 0 0
20101001059 18:57:00 59642 0 0
20101001060 19:08:00 94219 0 0
20101001061 19:18:00 40402 1 0
20101001062 19:28:00 75728 1 0
20101001063 19:38:00 64424 1 1
20101001064 19:48:00 71639 0 0
20101001065 19:58:00 27682 0 0
20101001066 20:08:00 04127 0 0
20101001067 20:19:00 42436 1 0
20101001068 20:29:00 89568 0 0
20101001069 20:39:00 94132 0 0
20101001070 20:49:00 37770 1 1
20101001071 20:59:00 62994 0 1
20101001072 21:09:00 30100 0 1
20101001073 21:19:00 51152 1 0
20101001074 21:30:00 12565 0 1
20101001075 21:40:00 05867 0 0
20101001076 21:50:00 87521 0 0
20101001077 22:00:00 01829 0 0
20101001078 22:10:00 02838 0 1
20101001079 22:20:00 09879 0 0
20101001080 22:31:00 33307 1 0
20101001081 22:41:00 11266 1 1
20101001082 22:51:00 77135 1 0
20101001083 23:01:00 18472 0 0
20101001084 23:11:00 50113 0 1
