20100331001 09:09:00 91837 0 0
20100331002 09:19:00 88545 1 1
20100331003 09:29:00 50824 0 0
20100331004 09:39:00 16113 1 1
20100331005 09:49:00 92631 0 0
20100331006 09:59:00 58537 1 0
20100331007 10:10:00 99935 1 0
20100331008 10:20:00 16703 0 0
20100331009 10:30:00 27422 0 1
20100331010 10:40:00 16776 0 1
20100331011 10:50:00 17981 0 0
20100331012 11:00:00 56095 0 0
20100331013 11:10:00 44975 1 0
20100331014 11:21:00 50302 0 0
20100331015 11:31:00 01233 0 1
20100331016 11:41:00 38665 0 1
20100331017 11:51:00 15861 0 0
20100331018 12:01:00 44179 1 0
20100331019 12:11:00 34655 0 1
20100331020 12:22:00 63255 0 1
20100331021 12:32:00 22705 1 0
20100331022 12:42:00 95099 0 1
20100331023 12:52:00 06272 0 1
20100331024 13:02:00 44736 1 0
20100331025 13:12:00 49058 0 0
20100331026 13:22:00 30038 1 0
20100331027 13:33:00 99963 1 0
20100331028 13:43:00 96541 0 0
20100331029 13:53:00 76928 0 0
20100331030 14:03:00 07345 0 0
20100331031 14:13:00 43561 0 0
20100331032 14:23:00 84782 0 0
20100331033 14:33:00 27721 1 0
20100331034 14:44:00 14007 0 1
20100331035 14:54:00 13304 1 0
20100331036 15:04:00 30983 0 0
20100331037 15:14:00 50788 0 1
20100331038 15:24:00 58161 0 1
20100331039 15:34:00 45788 0 1
20100331040 15:45:00 33771 1 1
20100331041 15:55:00 48612 0 0
20100331042 16:05:00 46330 0 1
20100331043 16:15:00 53319 1 0
20100331044 16:25:00 08141 0 1
20100331045 16:35:00 04709 0 0
20100331046 16:45:00 15807 0 0
20100331047 16:56:00 54044 0 1
20100331048 17:06:00 95976 1 0
20100331049 17:16:00 36543 0 0
20100331050 17:26:00 36409 0 0
20100331051 17:36:00 48947 0 0
20100331052 17:46:00 66540 1 0
20100331053 17:56:00 02368 0 0
20100331054 18:07:00 37124 0 0
20100331055 18:17:00 24618 0 0
20100331056 18:27:00 49944 1 1
20100331057 18:37:00 50372 0 0
20100331058 18:47:00 64556 0 1
20100331059 18:57:00 47528 0 0
20100331060 19:08:00 71005 0 1
20100331061 19:18:00 51838 0 1
20100331062 19:28:00 75074 0 0
20100331063 19:38:00 92839 0 0
20100331064 19:48:00 39304 1 0
20100331065 19:58:00 71421 0 0
20100331066 20:08:00 83189 0 0
20100331067 20:19:00 30880 0 1
20100331068 20:29:00 07521 0 0
20100331069 20:39:00 00889 1 1
20100331070 20:49:00 38721 0 0
20100331071 20:59:00 54611 0 1
20100331072 21:09:00 73383 1 1
20100331073 21:19:00 55927 1 0
20100331074 21:30:00 24764 0 0
20100331075 21:40:00 43011 0 1
20100331076 21:50:00 53041 0 0
20100331077 22:00:00 65699 1 1
20100331078 22:10:00 65970 0 0
20100331079 22:20:00 44400 1 1
20100331080 22:31:00 08559 0 1
20100331081 22:41:00 52675 0 0
20100331082 22:51:00 25289 1 0
20100331083 23:01:00 97923 1 0
20100331084 23:11:00 67471 0 0
