20100624001 09:09:00 75438 0 0
20100624002 09:19:00 38699 0 1
20100624003 09:29:00 07913 0 0
20100624004 09:39:00 69052 0 0
20100624005 09:49:00 45563 1 0
20100624006 09:59:00 86363 0 1
20100624007 10:10:00 30074 1 0
20100624008 10:20:00 91639 0 0
20100624009 10:30:00 74222 0 1
20100624010 10:40:00 77055 1 1
20100624011 10:50:00 20587 0 0
20100624012 11:00:00 33489 1 0
20100624013 11:10:00 61712 0 0
20100624014 11:21:00 10654 0 0
20100624015 11:31:00 06239 0 0
20100624016 11:41:00 80960 0 0
20100624017 11:51:00 99367 1 0
20100624018 12:01:00 20824 0 0
20100624019 12:11:00 14160 1 0
20100624020 12:22:00 14509 0 0
20100624021 12:32:00 51102 1 0
20100624022 12:42:00 03736 0 0
20100624023 12:52:00 24408 1 0
20100624024 13:02:00 55703 1 0
20100624025 13:12:00 94570 0 0
20100624026 13:22:00 64397 0 0
20100624027 13:33:00 27503 0 0
20100624028 13:43:00 66864 1 0
20100624029 13:53:00 66821 1 0
20100624030 14:03:00 36544 0 1
20100624031 14:13:00 55112 1 1
20100624032 14:23:00 21474 0 1
20100624033 14:33:00 38128 0 0
20100624034 14:44:00 78950 0 0
20100624035 14:54:00 35257 0 0
20100624036 15:04:00 48684 0 0
20100624037 15:14:00 21868 0 1
20100624038 15:24:00 54331 0 1
20100624039 15:34:00 06535 0 1
20100624040 15:45:00 33050 1 1
20100624041 15:55:00 48364 0 0
20100624042 16:05:00 29787 0 1
20100624043 16:15:00 03497 0 0
20100624044 16:25:00 41030 0 1
20100624045 16:35:00 77331 1 1
20100624046 16:45:00 49888 0 1
20100624047 16:56:00 55087 1 0
20100624048 17:06:00 25357 0 0
20100624049 17:16:00 13904 0 0
20100624050 17:26:00 96895 0 0
20100624051 17:36:00 02430 0 0
20100624052 17:46:00 53489 0 0
20100624053 17:56:00 62791 0 0
20100624054 18:07:00 50090 1 1
20100624055 18:17:00 13602 0 0
20100624056 18:27:00 48397 0 0
20100624057 18:37:00 84825 1 0
20100624058 18:47:00 63643 1 0
20100624059 18:57:00 21699 0 1
20100624060 19:08:00 49468 1 0
20100624061 19:18:00 89305 0 0
20100624062 19:28:00 76232 0 1
20100624063 19:38:00 43661 0 1
20100624064 19:48:00 99523 1 0
20100624065 19:58:00 33904 1 0
20100624066 20:08:00 95608 0 0
20100624067 20:19:00 95353 0 1
20100624068 20:29:00 69507 0 0
20100624069 20:39:00 23808 0 1
20100624070 20:49:00 29349 0 0
20100624071 20:59:00 70039 1 0
20100624072 21:09:00 21493 0 0
20100624073 21:19:00 17909 0 1
20100624074 21:30:00 24674 0 0
20100624075 21:40:00 02615 0 0
20100624076 21:50:00 05260 0 0
20100624077 22:00:00 33009 1 1
20100624078 22:10:00 13585 0 1
20100624079 22:20:00 30898 0 1
20100624080 22:31:00 91242 0 1
20100624081 22:41:00 18053 0 0
20100624082 22:51:00 31415 0 0
20100624083 23:01:00 60334 0 1
20100624084 23:11:00 28379 0 0
