20100922001 09:09:00 66555 1 1
20100922002 09:19:00 84365 0 0
20100922003 09:29:00 57620 0 0
20100922004 09:39:00 02874 0 0
20100922005 09:49:00 88848 1 1
20100922006 09:59:00 88277 1 1
20100922007 10:10:00 90496 0 0
20100922008 10:20:00 12580 0 0
20100922009 10:30:00 97607 0 0
20100922010 10:40:00 95685 0 0
20100922011 10:50:00 39497 0 0
20100922012 11:00:00 78999 0 1
20100922013 11:10:00 43009 0 1
20100922014 11:21:00 87006 0 1
20100922015 11:31:00 60471 0 0
20100922016 11:41:00 67521 0 0
20100922017 11:51:00 99941 1 0
20100922018 12:01:00 19919 1 1
20100922019 12:11:00 91288 0 1
20100922020 12:22:00 14319 0 0
20100922021 12:32:00 28875 1 0
20100922022 12:42:00 69396 0 0
20100922023 12:52:00 42465 1 0
20100922024 13:02:00 96140 0 0
20100922025 13:12:00 73552 0 1
20100922026 13:22:00 72995 0 1
20100922027 13:33:00 28550 0 1
20100922028 13:43:00 92402 0 0
20100922029 13:53:00 10918 0 0
20100922030 14:03:00 71771 1 1
20100922031 14:13:00 06065 1 0
20100922032 14:23:00 36069 0 0
20100922033 14:33:00 75256 0 0
20100922034 14:44:00 57484 0 1
20100922035 14:54:00 44869 1 0
20100922036 15:04:00 63760 0 0
20100922037 15:14:00 79678 0 0
20100922038 15:24:00 82810 1 0
20100922039 15:34:00 51735 0 0
20100922040 15:45:00 40111 0 1
20100922041 15:55:00 53797 0 1
20100922042 16:05:00 69183 0 0
20100922043 16:15:00 88083 1 0
20100922044 16:25:00 14196 1 0
20100922045 16:35:00 22548 1 0
20100922046 16:45:00 21791 0 0
20100922047 16:56:00 14572 0 0
20100922048 17:06:00 74355 0 1
20100922049 17:16:00 12504 0 0
20100922050 17:26:00 08583 0 0
20100922051 17:36:00 45639 0 0
20100922052 17:46:00 05238 0 0
20100922053 17:56:00 27112 0 1
20100922054 18:07:00 60657 1 0
20100922055 18:17:00 46986 0 0
20100922056 18:27:00 57228 0 1
20100922057 18:37:00 78949 0 1
20100922058 18:47:00 42592 0 0
20100922059 18:57:00 14681 0 0
20100922060 19:08:00 32392 1 0
20100922061 19:18:00 56157 0 0
20100922062 19:28:00 39370 1 0
20100922063 19:38:00 67220 0 1
20100922064 19:48:00 39053 0 0
20100922065 19:58:00 35905 0 0
20100922066 20:08:00 39268 0 0
20100922067 20:19:00 66440 1 1
20100922068 20:29:00 03287 0 0
20100922069 20:39:00 68215 0 0
20100922070 20:49:00 81419 0 0
20100922071 20:59:00 77559 1 1
20100922072 21:09:00 02173 0 0
20100922073 21:19:00 17709 1 0
20100922074 21:30:00 97023 0 0
20100922075 21:40:00 72072 0 0
20100922076 21:50:00 01671 0 0
20100922077 22:00:00 01106 1 0
20100922078 22:10:00 67084 0 0
20100922079 22:20:00 29800 0 1
20100922080 22:31:00 17707 1 1
20100922081 22:41:00 89918 1 0
20100922082 22:51:00 65103 0 0
20100922083 23:01:00 09516 0 0
20100922084 23:11:00 01209 0 0
