20100924001 09:09:00 73998 0 1
20100924002 09:19:00 18066 0 1
20100924003 09:29:00 05226 0 1
20100924004 09:39:00 00735 1 0
20100924005 09:49:00 62091 0 0
20100924006 09:59:00 46211 0 1
20100924007 10:10:00 40043 1 0
20100924008 10:20:00 94714 0 0
20100924009 10:30:00 44032 1 0
20100924010 10:40:00 14698 0 0
20100924011 10:50:00 84977 0 1
20100924012 11:00:00 26661 1 1
20100924013 11:10:00 78315 0 0
20100924014 11:21:00 01040 1 1
20100924015 11:31:00 46490 1 0
20100924016 11:41:00 10713 0 0
20100924017 11:51:00 22502 1 0
20100924018 12:01:00 44707 1 1
20100924019 12:11:00 73727 1 1
20100924020 12:22:00 15031 0 0
20100924021 12:32:00 92186 0 0
20100924022 12:42:00 23834 0 0
20100924023 12:52:00 29775 0 1
20100924024 13:02:00 85628 0 0
20100924025 13:12:00 04530 0 0
20100924026 13:22:00 20725 0 0
20100924027 13:33:00 61124 1 0
20100924028 13:43:00 04509 0 0
20100924029 13:53:00 06805 0 0
20100924030 14:03:00 39001 0 1
20100924031 14:13:00 76856 0 0
20100924032 14:23:00 18101 1 1
20100924033 14:33:00 27269 1 0
20100924034 14:44:00 09380 0 0
20100924035 14:54:00 12901 0 0
20100924036 15:04:00 82041 0 0
20100924037 15:14:00 06531 0 0
20100924038 15:24:00 18452 0 0
20100924039 15:34:00 20144 0 1
20100924040 15:45:00 55462 1 0
20100924041 15:55:00 19838 0 1
20100924042 16:05:00 89980 1 0
20100924043 16:15:00 48988 0 1
20100924044 16:25:00 10123 1 0
20100924045 16:35:00 74079 0 0
20100924046 16:45:00 29578 0 0
20100924047 16:56:00 07508 0 0
20100924048 17:06:00 07419 0 0
20100924049 17:16:00 80917 0 0
20100924050 17:26:00 86545 0 1
20100924051 17:36:00 10628 0 0
20100924052 17:46:00 57821 0 0
20100924053 17:56:00 46844 0 1
20100924054 18:07:00 98457 0 0
20100924055 18:17:00 20604 0 0
20100924056 18:27:00 40435 1 0
20100924057 18:37:00 94711 0 1
20100924058 18:47:00 12621 0 0
20100924059 18:57:00 76801 0 0
20100924060 19:08:00 32293 1 0
20100924061 19:18:00 81266 0 1
20100924062 19:28:00 06120 0 0
20100924063 19:38:00 60065 1 0
20100924064 19:48:00 76932 0 0
20100924065 19:58:00 37211 0 1
20100924066 20:08:00 94822 0 1
20100924067 20:19:00 99685 1 0
20100924068 20:29:00 61435 0 0
20100924069 20:39:00 74068 0 0
20100924070 20:49:00 37666 0 1
20100924071 20:59:00 18821 1 0
20100924072 21:09:00 56668 1 1
20100924073 21:19:00 43005 0 1
20100924074 21:30:00 24833 0 1
20100924075 21:40:00 90074 1 0
20100924076 21:50:00 89555 0 1
20100924077 22:00:00 96328 0 0
20100924078 22:10:00 89140 0 0
20100924079 22:20:00 56807 0 0
20100924080 22:31:00 10140 1 0
20100924081 22:41:00 42367 0 0
20100924082 22:51:00 04165 0 0
20100924083 23:01:00 02676 0 1
20100924084 23:11:00 89725 0 0
