20100818001 09:09:00 45126 0 0
20100818002 09:19:00 56696 1 1
20100818003 09:29:00 37566 0 1
20100818004 09:39:00 55166 1 1
20100818005 09:49:00 99365 1 0
20100818006 09:59:00 97652 0 0
20100818007 10:10:00 52251 1 0
20100818008 10:20:00 01690 0 0
20100818009 10:30:00 29185 0 0
20100818010 10:40:00 48489 1 0
20100818011 10:50:00 48400 1 1
20100818012 11:00:00 00146 1 0
20100818013 11:10:00 98483 0 0
20100818014 11:21:00 87073 0 0
20100818015 11:31:00 52220 1 1
20100818016 11:41:00 70430 0 0
20100818017 11:51:00 92051 0 0
20100818018 12:01:00 86742 0 0
20100818019 12:11:00 06268 0 0
20100818020 12:22:00 45652 0 0
20100818021 12:32:00 25935 0 0
20100818022 12:42:00 16705 0 0
20100818023 12:52:00 80343 0 1
20100818024 13:02:00 33021 1 0
20100818025 13:12:00 55955 1 1
20100818026 13:22:00 76563 0 0
20100818027 13:33:00 77429 1 0
20100818028 13:43:00 97081 0 0
20100818029 13:53:00 08498 0 0
20100818030 14:03:00 89252 0 1
20100818031 14:13:00 29187 0 0
20100818032 14:23:00 55925 1 0
20100818033 14:33:00 02739 0 0
20100818034 14:44:00 74927 0 0
20100818035 14:54:00 19635 0 0
20100818036 15:04:00 85793 0 0
20100818037 15:14:00 83035 0 0
20100818038 15:24:00 15793 0 0
20100818039 15:34:00 83919 0 1
20100818040 15:45:00 47516 0 0
20100818041 15:55:00 58715 0 0
20100818042 16:05:00 17170 1 0
20100818043 16:15:00 62547 0 0
20100818044 16:25:00 35889 0 1
20100818045 16:35:00 20090 1 1
20100818046 16:45:00 52404 0 1
20100818047 16:56:00 24514 0 0
20100818048 17:06:00 90998 1 1
20100818049 17:16:00 52276 1 0
20100818050 17:26:00 88282 1 1
20100818051 17:36:00 11881 1 1
20100818052 17:46:00 90094 1 0
20100818053 17:56:00 93276 0 0
20100818054 18:07:00 27561 0 0
20100818055 18:17:00 57750 1 0
20100818056 18:27:00 76024 0 0
20100818057 18:37:00 31346 1 0
20100818058 18:47:00 96170 0 0
20100818059 18:57:00 85334 0 1
20100818060 19:08:00 57871 0 0
20100818061 19:18:00 45572 1 0
20100818062 19:28:00 28919 0 1
20100818063 19:38:00 90343 0 1
20100818064 19:48:00 90843 0 0
20100818065 19:58:00 07025 1 0
20100818066 20:08:00 95197 0 0
20100818067 20:19:00 27396 0 0
20100818068 20:29:00 73360 1 0
20100818069 20:39:00 26958 0 0
20100818070 20:49:00 59783 0 0
20100818071 20:59:00 07598 0 0
20100818072 21:09:00 37379 1 0
20100818073 21:19:00 21984 0 0
20100818074 21:30:00 50448 0 1
20100818075 21:40:00 96898 0 1
20100818076 21:50:00 59699 0 1
20100818077 22:00:00 53683 0 0
20100818078 22:10:00 59214 0 0
20100818079 22:20:00 59943 1 0
20100818080 22:31:00 23033 0 1
20100818081 22:41:00 08497 0 0
20100818082 22:51:00 06090 1 1
20100818083 23:01:00 07624 0 0
20100818084 23:11:00 05393 0 1
