20100324001 09:09:00 93965 1 0
20100324002 09:19:00 72361 0 0
20100324003 09:29:00 40510 0 0
20100324004 09:39:00 21749 0 0
20100324005 09:49:00 27548 0 0
20100324006 09:59:00 04899 0 1
20100324007 10:10:00 66232 1 1
20100324008 10:20:00 04207 0 0
20100324009 10:30:00 60650 1 0
20100324010 10:40:00 36199 0 1
20100324011 10:50:00 16790 0 0
20100324012 11:00:00 99209 1 0
20100324013 11:10:00 70329 0 0
20100324014 11:21:00 65330 0 1
20100324015 11:31:00 67864 0 0
20100324016 11:41:00 98278 0 0
20100324017 11:51:00 25408 0 0
20100324018 12:01:00 56200 0 1
20100324019 12:11:00 17003 0 1
20100324020 12:22:00 13210 0 0
20100324021 12:32:00 90352 0 0
20100324022 12:42:00 89849 1 0
20100324023 12:52:00 08920 0 0
20100324024 13:02:00 60507 0 0
20100324025 13:12:00 67174 0 0
20100324026 13:22:00 20924 0 0
20100324027 13:33:00 08651 0 0
20100324028 13:43:00 37511 0 1
20100324029 13:53:00 35667 0 1
20100324030 14:03:00 78204 0 0
20100324031 14:13:00 10502 0 0
20100324032 14:23:00 19891 0 0
20100324033 14:33:00 66810 1 0
20100324034 14:44:00 41936 0 0
20100324035 14:54:00 39438 0 0
20100324036 15:04:00 18811 1 1
20100324037 15:14:00 53546 1 0
20100324038 15:24:00 08387 0 0
20100324039 15:34:00 58537 1 0
20100324040 15:45:00 16673 1 0
20100324041 15:55:00 64141 0 1
20100324042 16:05:00 10616 0 1
20100324043 16:15:00 80462 0 0
20100324044 16:25:00 05297 0 0
20100324045 16:35:00 03656 0 1
20100324046 16:45:00 74147 0 0
20100324047 16:56:00 59430 0 0
20100324048 17:06:00 35028 0 0
20100324049 17:16:00 64052 0 0
20100324050 17:26:00 12708 0 0
20100324051 17:36:00 44029 1 0
20100324052 17:46:00 57171 0 1
20100324053 17:56:00 73891 0 0
20100324054 18:07:00 13771 0 1
20100324055 18:17:00 72640 0 0
20100324056 18:27:00 12599 0 1
20100324057 18:37:00 18640 0 0
20100324058 18:47:00 29545 0 1
20100324059 18:57:00 15312 0 0
20100324060 19:08:00 80107 0 0
20100324061 19:18:00 31228 0 1
20100324062 19:28:00 04152 0 0
20100324063 19:38:00 58961 0 0
20100324064 19:48:00 84309 0 0
20100324065 19:58:00 56651 1 0
20100324066 20:08:00 28805 1 0
20100324067 20:19:00 07250 0 0
20100324068 20:29:00 51006 0 1
20100324069 20:39:00 98632 0 0
20100324070 20:49:00 86325 0 0
20100324071 20:59:00 64605 1 0
20100324072 21:09:00 16369 0 0
20100324073 21:19:00 19868 0 1
20100324074 21:30:00 16081 0 0
20100324075 21:40:00 21192 1 0
20100324076 21:50:00 92093 0 0
20100324077 22:00:00 18585 0 1
20100324078 22:10:00 70409 0 0
20100324079 22:20:00 00478 1 0
20100324080 22:31:00 53409 0 0
20100324081 22:41:00 12807 0 0
20100324082 22:51:00 44085 1 0
20100324083 23:01:00 25890 0 0
20100324084 23:11:00 87684 0 0
