20100831001 09:09:00 58374 0 0
20100831002 09:19:00 48118 0 1
20100831003 09:29:00 61571 0 0
20100831004 09:39:00 15586 1 0
20100831005 09:49:00 45333 0 1
20100831006 09:59:00 83109 0 0
20100831007 10:10:00 79472 0 0
20100831008 10:20:00 49303 0 1
20100831009 10:30:00 90132 0 0
20100831010 10:40:00 59290 0 0
20100831011 10:50:00 91041 0 0
20100831012 11:00:00 40796 0 0
20100831013 11:10:00 17829 0 0
20100831014 11:21:00 55118 1 1
20100831015 11:31:00 83028 0 0
20100831016 11:41:00 19809 0 0
20100831017 11:51:00 38559 0 1
20100831018 12:01:00 41566 0 1
20100831019 12:11:00 65694 1 0
20100831020 12:22:00 22744 1 1
20100831021 12:32:00 93281 0 0
20100831022 12:42:00 80588 0 1
20100831023 12:52:00 27551 0 1
20100831024 13:02:00 62779 0 1
20100831025 13:12:00 38728 0 0
20100831026 13:22:00 85480 0 0
20100831027 13:33:00 20033 1 1
20100831028 13:43:00 17987 0 0
20100831029 13:53:00 69599 0 1
20100831030 14:03:00 22261 1 0
20100831031 14:13:00 07473 0 0
20100831032 14:23:00 44059 1 0
20100831033 14:33:00 48280 0 0
20100831034 14:44:00 18685 0 0
20100831035 14:54:00 65298 0 0
20100831036 15:04:00 20688 0 1
20100831037 15:14:00 93250 0 0
20100831038 15:24:00 79438 0 0
20100831039 15:34:00 61328 0 0
20100831040 15:45:00 01452 0 0
20100831041 15:55:00 28669 0 1
20100831042 16:05:00 55078 1 0
20100831043 16:15:00 05669 0 1
20100831044 16:25:00 64500 0 1
20100831045 16:35:00 05263 0 0
20100831046 16:45:00 95105 0 0
20100831047 16:56:00 94060 0 1
20100831048 17:06:00 96885 0 1
20100831049 17:16:00 09223 0 1
20100831050 17:26:00 36374 1 0
20100831051 17:36:00 69748 0 0
20100831052 17:46:00 37295 0 0
20100831053 17:56:00 61505 0 1
20100831054 18:07:00 12181 1 1
20100831055 18:17:00 47940 0 0
20100831056 18:27:00 60011 1 1
20100831057 18:37:00 45235 0 0
20100831058 18:47:00 53229 0 1
20100831059 18:57:00 97648 0 0
20100831060 19:08:00 91779 0 1
20100831061 19:18:00 12963 0 0
20100831062 19:28:00 82283 1 0
20100831063 19:38:00 06928 0 0
20100831064 19:48:00 74837 0 0
20100831065 19:58:00 39174 0 0
20100831066 20:08:00 83597 0 0
20100831067 20:19:00 00416 1 0
20100831068 20:29:00 55993 1 1
20100831069 20:39:00 36190 0 0
20100831070 20:49:00 90780 0 0
20100831071 20:59:00 60285 0 0
20100831072 21:09:00 29813 0 0
20100831073 21:19:00 64510 0 0
20100831074 21:30:00 51108 1 0
20100831075 21:40:00 86077 0 1
20100831076 21:50:00 22767 1 1
20100831077 22:00:00 99320 1 0
20100831078 22:10:00 99426 1 0
20100831079 22:20:00 09244 0 1
20100831080 22:31:00 66714 1 0
20100831081 22:41:00 04019 1 0
20100831082 22:51:00 65957 0 0
20100831083 23:01:00 68513 0 0
20100831084 23:11:00 78477 0 1
