20101109001 09:09:00 28343 0 1
20101109002 09:19:00 70615 0 0
20101109003 09:29:00 21845 0 0
20101109004 09:39:00 93958 1 0
20101109005 09:49:00 80457 0 0
20101109006 09:59:00 74843 0 0
20101109007 10:10:00 06760 0 0
20101109008 10:20:00 93791 0 0
20101109009 10:30:00 43789 0 0
20101109010 10:40:00 41527 0 0
20101109011 10:50:00 53809 0 0
20101109012 11:00:00 62281 1 0
20101109013 11:10:00 62705 0 0
20101109014 11:21:00 17798 1 0
20101109015 11:31:00 28316 0 0
20101109016 11:41:00 04592 0 0
20101109017 11:51:00 21735 0 0
20101109018 12:01:00 62452 0 0
20101109019 12:11:00 96653 1 0
20101109020 12:22:00 87460 0 0
20101109021 12:32:00 97205 0 0
20101109022 12:42:00 99696 1 1
20101109023 12:52:00 49435 1 0
20101109024 13:02:00 83868 1 1
20101109025 13:12:00 21670 0 0
20101109026 13:22:00 49708 0 0
20101109027 13:33:00 75236 0 0
20101109028 13:43:00 71344 0 1
20101109029 13:53:00 01338 0 1
20101109030 14:03:00 21271 1 0
20101109031 14:13:00 85675 0 0
20101109032 14:23:00 81524 0 0
20101109033 14:33:00 66432 1 0
20101109034 14:44:00 85055 0 1
20101109035 14:54:00 92745 0 0
20101109036 15:04:00 54814 0 0
20101109037 15:14:00 55713 1 0
20101109038 15:24:00 98403 0 0
20101109039 15:34:00 73819 0 0
20101109040 15:45:00 54250 0 0
20101109041 15:55:00 13693 0 0
20101109042 16:05:00 71145 1 0
20101109043 16:15:00 53344 1 1
20101109044 16:25:00 44910 1 0
20101109045 16:35:00 17065 0 0
20101109046 16:45:00 90563 0 0
20101109047 16:56:00 28249 1 0
20101109048 17:06:00 03068 1 0
20101109049 17:16:00 39167 0 0
20101109050 17:26:00 04347 0 0
20101109051 17:36:00 76843 0 0
20101109052 17:46:00 55786 1 0
20101109053 17:56:00 99466 1 1
20101109054 18:07:00 80529 0 0
20101109055 18:17:00 62936 0 0
20101109056 18:27:00 99313 1 1
20101109057 18:37:00 87637 0 0
20101109058 18:47:00 04667 0 1
20101109059 18:57:00 31149 1 0
20101109060 19:08:00 44534 1 0
20101109061 19:18:00 45766 0 1
20101109062 19:28:00 24874 0 0
20101109063 19:38:00 39362 1 0
20101109064 19:48:00 69421 0 0
20101109065 19:58:00 03017 1 0
20101109066 20:08:00 02807 0 0
20101109067 20:19:00 80460 0 0
20101109068 20:29:00 64753 0 0
20101109069 20:39:00 02675 0 0
20101109070 20:49:00 08223 0 1
20101109071 20:59:00 78326 0 0
20101109072 21:09:00 54411 1 1
20101109073 21:19:00 25560 1 0
20101109074 21:30:00 64024 0 0
20101109075 21:40:00 15471 0 0
20101109076 21:50:00 04197 0 0
20101109077 22:00:00 63702 0 0
20101109078 22:10:00 52541 1 0
20101109079 22:20:00 83240 0 0
20101109080 22:31:00 98355 0 1
20101109081 22:41:00 95921 1 0
20101109082 22:51:00 83263 0 0
20101109083 23:01:00 79734 1 0
20101109084 23:11:00 56786 0 0
