20100315001 09:09:00 74731 1 0
20100315002 09:19:00 31279 0 0
20100315003 09:29:00 37825 0 0
20100315004 09:39:00 98682 0 0
20100315005 09:49:00 45605 0 0
20100315006 09:59:00 17912 0 0
20100315007 10:10:00 89596 0 0
20100315008 10:20:00 59311 0 1
20100315009 10:30:00 73976 0 0
20100315010 10:40:00 48147 0 0
20100315011 10:50:00 99462 1 0
20100315012 11:00:00 88268 1 0
20100315013 11:10:00 00634 1 0
20100315014 11:21:00 71809 0 0
20100315015 11:31:00 28759 0 0
20100315016 11:41:00 67763 1 0
20100315017 11:51:00 70152 0 0
20100315018 12:01:00 43809 0 0
20100315019 12:11:00 94015 0 0
20100315020 12:22:00 74267 0 0
20100315021 12:32:00 09501 0 0
20100315022 12:42:00 29886 0 1
20100315023 12:52:00 39395 1 0
20100315024 13:02:00 18154 1 0
20100315025 13:12:00 00021 1 0
20100315026 13:22:00 09371 0 0
20100315027 13:33:00 70961 0 0
20100315028 13:43:00 49790 0 0
20100315029 13:53:00 59500 1 1
20100315030 14:03:00 76307 0 0
20100315031 14:13:00 16934 0 0
20100315032 14:23:00 55984 1 0
20100315033 14:33:00 80727 0 1
20100315034 14:44:00 17432 0 0
20100315035 14:54:00 64157 0 0
20100315036 15:04:00 57791 1 0
20100315037 15:14:00 80521 0 0
20100315038 15:24:00 87663 0 1
20100315039 15:34:00 08884 1 1
20100315040 15:45:00 34068 0 0
20100315041 15:55:00 71932 0 0
20100315042 16:05:00 41035 0 0
20100315043 16:15:00 05337 0 1
20100315044 16:25:00 83029 0 0
20100315045 16:35:00 93183 0 0
20100315046 16:45:00 54409 1 0
20100315047 16:56:00 83804 1 0
20100315048 17:06:00 68877 1 1
20100315049 17:16:00 87752 1 0
20100315050 17:26:00 00089 1 0
20100315051 17:36:00 97691 0 0
20100315052 17:46:00 36822 0 1
20100315053 17:56:00 56755 0 1
20100315054 18:07:00 94995 1 1
20100315055 18:17:00 54289 0 0
20100315056 18:27:00 67276 0 0
20100315057 18:37:00 17737 1 1
20100315058 18:47:00 84659 0 0
20100315059 18:57:00 90591 0 0
20100315060 19:08:00 60902 0 0
20100315061 19:18:00 33149 1 0
20100315062 19:28:00 06108 0 0
20100315063 19:38:00 74759 1 0
20100315064 19:48:00 01748 0 0
20100315065 19:58:00 48790 0 0
20100315066 20:08:00 76910 0 0
20100315067 20:19:00 10618 0 0
20100315068 20:29:00 34722 0 1
20100315069 20:39:00 61058 0 0
20100315070 20:49:00 34314 1 0
20100315071 20:59:00 88728 1 0
20100315072 21:09:00 40453 1 0
20100315073 21:19:00 75315 0 0
20100315074 21:30:00 25731 0 0
20100315075 21:40:00 51344 0 1
20100315076 21:50:00 49879 0 0
20100315077 22:00:00 30670 0 0
20100315078 22:10:00 75409 0 0
20100315079 22:20:00 86783 0 0
20100315080 22:31:00 44928 1 0
20100315081 22:41:00 55536 1 0
20100315082 22:51:00 92807 0 0
20100315083 23:01:00 85590 1 0
20100315084 23:11:00 17642 0 0
