20100311001 09:09:00 55422 1 1
20100311002 09:19:00 36407 0 0
20100311003 09:29:00 91103 1 0
20100311004 09:39:00 37156 0 0
20100311005 09:49:00 59651 0 0
20100311006 09:59:00 04903 0 0
20100311007 10:10:00 84894 1 0
20100311008 10:20:00 11304 1 0
20100311009 10:30:00 32746 0 0
20100311010 10:40:00 56582 1 0
20100311011 10:50:00 70949 0 1
20100311012 11:00:00 20963 0 0
20100311013 11:10:00 61617 1 0
20100311014 11:21:00 53416 0 0
20100311015 11:31:00 32494 0 1
20100311016 11:41:00 09916 1 0
20100311017 11:51:00 65684 1 0
20100311018 12:01:00 69614 1 0
20100311019 12:11:00 84830 1 0
20100311020 12:22:00 91341 0 0
20100311021 12:32:00 53035 0 0
20100311022 12:42:00 94387 0 0
20100311023 12:52:00 71268 0 0
20100311024 13:02:00 11053 1 0
20100311025 13:12:00 98476 0 0
20100311026 13:22:00 32779 0 1
20100311027 13:33:00 42463 1 0
20100311028 13:43:00 67318 0 0
20100311029 13:53:00 12151 1 1
20100311030 14:03:00 72247 1 0
20100311031 14:13:00 72587 0 0
20100311032 14:23:00 37617 0 0
20100311033 14:33:00 76433 0 1
20100311034 14:44:00 05528 1 0
20100311035 14:54:00 26641 1 0
20100311036 15:04:00 10405 0 0
20100311037 15:14:00 60994 0 1
20100311038 15:24:00 39616 0 1
20100311039 15:34:00 52894 0 0
20100311040 15:45:00 09305 0 0
20100311041 15:55:00 51381 0 0
20100311042 16:05:00 44580 1 0
20100311043 16:15:00 23842 0 0
20100311044 16:25:00 22499 1 1
20100311045 16:35:00 39269 0 0
20100311046 16:45:00 87508 0 0
20100311047 16:56:00 93851 0 0
20100311048 17:06:00 67572 0 0
20100311049 17:16:00 62138 0 0
20100311050 17:26:00 88650 1 0
20100311051 17:36:00 65313 0 1
20100311052 17:46:00 93837 0 0
20100311053 17:56:00 00631 1 0
20100311054 18:07:00 05051 1 0
20100311055 18:17:00 81663 0 1
20100311056 18:27:00 21246 1 0
20100311057 18:37:00 92397 0 0
20100311058 18:47:00 17802 0 0
20100311059 18:57:00 81808 1 1
20100311060 19:08:00 59279 0 0
20100311061 19:18:00 79635 0 0
20100311062 19:28:00 67046 0 0
20100311063 19:38:00 24045 0 0
20100311064 19:48:00 86459 0 0
20100311065 19:58:00 56330 0 1
20100311066 20:08:00 68156 0 0
20100311067 20:19:00 16711 0 1
20100311068 20:29:00 81234 0 0
20100311069 20:39:00 12033 0 1
20100311070 20:49:00 01919 0 1
20100311071 20:59:00 45355 0 1
20100311072 21:09:00 76995 0 1
20100311073 21:19:00 67479 0 0
20100311074 21:30:00 05757 0 1
20100311075 21:40:00 53658 0 0
20100311076 21:50:00 59418 0 0
20100311077 22:00:00 14067 0 0
20100311078 22:10:00 28709 0 0
20100311079 22:20:00 35177 0 1
20100311080 22:31:00 08571 0 0
20100311081 22:41:00 29071 0 0
20100311082 22:51:00 80032 1 0
20100311083 23:01:00 64324 0 0
20100311084 23:11:00 61289 0 0
