20101226001 09:09:00 33859 1 0
20101226002 09:19:00 81566 0 1
20101226003 09:29:00 92634 0 0
20101226004 09:39:00 19511 0 1
20101226005 09:49:00 38672 0 0
20101226006 09:59:00 52415 0 0
20101226007 10:10:00 31220 0 1
20101226008 10:20:00 45725 0 0
20101226009 10:30:00 48487 1 0
20101226010 10:40:00 12698 0 0
20101226011 10:50:00 26135 0 0
20101226012 11:00:00 95678 0 0
20101226013 11:10:00 10776 0 1
20101226014 11:21:00 57016 0 0
20101226015 11:31:00 40657 0 0
20101226016 11:41:00 66133 1 1
20101226017 11:51:00 09904 1 0
20101226018 12:01:00 50425 0 0
20101226019 12:11:00 42010 0 1
20101226020 12:22:00 24970 0 0
20101226021 12:32:00 05692 0 0
20101226022 12:42:00 35662 0 1
20101226023 12:52:00 25499 0 1
20101226024 13:02:00 74909 0 1
20101226025 13:12:00 56103 0 0
20101226026 13:22:00 86861 1 0
20101226027 13:33:00 75782 1 0
20101226028 13:43:00 00304 1 0
20101226029 13:53:00 61818 0 1
20101226030 14:03:00 49111 0 1
20101226031 14:13:00 13528 0 0
20101226032 14:23:00 04434 1 1
20101226033 14:33:00 67936 0 0
20101226034 14:44:00 59248 0 0
20101226035 14:54:00 68144 0 1
20101226036 15:04:00 66518 1 0
20101226037 15:14:00 80743 0 0
20101226038 15:24:00 83544 0 1
20101226039 15:34:00 55746 1 0
20101226040 15:45:00 75495 0 0
20101226041 15:55:00 36673 1 0
20101226042 16:05:00 22757 1 1
20101226043 16:15:00 04178 0 0
20101226044 16:25:00 13750 0 0
20101226045 16:35:00 45501 1 0
20101226046 16:45:00 61210 0 0
20101226047 16:56:00 72905 0 0
20101226048 17:06:00 24482 1 0
20101226049 17:16:00 60350 0 0
20101226050 17:26:00 95398 0 0
20101226051 17:36:00 76464 0 1
20101226052 17:46:00 83693 0 0
20101226053 17:56:00 53402 0 0
20101226054 18:07:00 83430 0 0
20101226055 18:17:00 49497 1 0
20101226056 18:27:00 59998 1 1
20101226057 18:37:00 89424 0 1
20101226058 18:47:00 66676 1 1
20101226059 18:57:00 27823 0 0
20101226060 19:08:00 39100 0 1
20101226061 19:18:00 89992 1 1
20101226062 19:28:00 91282 0 1
20101226063 19:38:00 98396 0 0
20101226064 19:48:00 13020 0 1
20101226065 19:58:00 95371 0 0
20101226066 20:08:00 51278 0 0
20101226067 20:19:00 29190 0 0
20101226068 20:29:00 26063 0 0
20101226069 20:39:00 27260 1 0
20101226070 20:49:00 44396 1 0
20101226071 20:59:00 36956 0 0
20101226072 21:09:00 13904 0 0
20101226073 21:19:00 28286 1 0
20101226074 21:30:00 22036 1 0
20101226075 21:40:00 37417 0 0
20101226076 21:50:00 65399 0 1
20101226077 22:00:00 12872 0 0
20101226078 22:10:00 01436 0 0
20101226079 22:20:00 68612 1 0
20101226080 22:31:00 27142 0 0
20101226081 22:41:00 52420 0 0
20101226082 22:51:00 52023 0 0
20101226083 23:01:00 88633 1 1
20101226084 23:11:00 84085 0 0
