20100807001 09:09:00 52029 0 0
20100807002 09:19:00 64331 0 1
20100807003 09:29:00 06306 0 0
20100807004 09:39:00 50442 0 1
20100807005 09:49:00 15376 0 0
20100807006 09:59:00 01047 1 0
20100807007 10:10:00 12162 1 0
20100807008 10:20:00 35847 0 0
20100807009 10:30:00 42818 0 1
20100807010 10:40:00 30153 0 0
20100807011 10:50:00 85307 0 0
20100807012 11:00:00 37822 0 1
20100807013 11:10:00 94805 0 0
20100807014 11:21:00 55850 1 0
20100807015 11:31:00 56568 1 0
20100807016 11:41:00 16388 0 1
20100807017 11:51:00 99230 1 0
20100807018 12:01:00 25766 0 1
20100807019 12:11:00 81139 1 0
20100807020 12:22:00 16532 0 0
20100807021 12:32:00 49348 0 0
20100807022 12:42:00 43796 0 0
20100807023 12:52:00 14166 1 1
20100807024 13:02:00 23642 0 0
20100807025 13:12:00 97606 0 1
20100807026 13:22:00 34707 0 1
20100807027 13:33:00 68692 1 0
20100807028 13:43:00 35200 0 1
20100807029 13:53:00 77729 1 0
20100807030 14:03:00 50047 1 0
20100807031 14:13:00 28619 0 0
20100807032 14:23:00 59484 0 1
20100807033 14:33:00 13008 0 1
20100807034 14:44:00 84277 0 1
20100807035 14:54:00 79250 0 0
20100807036 15:04:00 31088 0 1
20100807037 15:14:00 28152 0 0
20100807038 15:24:00 28932 0 0
20100807039 15:34:00 79841 0 0
20100807040 15:45:00 07260 0 0
20100807041 15:55:00 98898 1 1
20100807042 16:05:00 79817 0 0
20100807043 16:15:00 45272 0 1
20100807044 16:25:00 01529 0 0
20100807045 16:35:00 58678 0 0
20100807046 16:45:00 10254 0 0
20100807047 16:56:00 88199 1 1
20100807048 17:06:00 07906 0 0
20100807049 17:16:00 43155 0 1
20100807050 17:26:00 42656 0 1
20100807051 17:36:00 10291 0 0
20100807052 17:46:00 43713 0 0
20100807053 17:56:00 30494 0 1
20100807054 18:07:00 00381 1 0
20100807055 18:17:00 28486 0 0
20100807056 18:27:00 68864 1 0
20100807057 18:37:00 25134 0 0
20100807058 18:47:00 99143 1 0
20100807059 18:57:00 06176 0 0
20100807060 19:08:00 01482 0 0
20100807061 19:18:00 21147 1 0
20100807062 19:28:00 90950 1 0
20100807063 19:38:00 24416 1 0
20100807064 19:48:00 95394 0 0
20100807065 19:58:00 84498 1 0
20100807066 20:08:00 91101 1 1
20100807067 20:19:00 79924 1 0
20100807068 20:29:00 89437 0 0
20100807069 20:39:00 84245 0 0
20100807070 20:49:00 20334 0 1
20100807071 20:59:00 94225 0 1
20100807072 21:09:00 85746 0 0
20100807073 21:19:00 68253 0 0
20100807074 21:30:00 16855 0 1
20100807075 21:40:00 34324 1 0
20100807076 21:50:00 05845 0 0
20100807077 22:00:00 11486 1 0
20100807078 22:10:00 45783 0 0
20100807079 22:20:00 61414 0 1
20100807080 22:31:00 64807 0 0
20100807081 22:41:00 77231 1 0
20100807082 22:51:00 10442 0 1
20100807083 23:01:00 34384 1 0
20100807084 23:11:00 34243 0 0
