20100606001 09:09:00 13464 0 1
20100606002 09:19:00 94491 1 0
20100606003 09:29:00 74429 1 0
20100606004 09:39:00 59851 0 0
20100606005 09:49:00 27437 0 0
20100606006 09:59:00 05777 0 1
20100606007 10:10:00 16612 1 0
20100606008 10:20:00 26193 0 0
20100606009 10:30:00 59801 0 0
20100606010 10:40:00 48701 0 0
20100606011 10:50:00 31781 0 0
20100606012 11:00:00 30302 1 0
20100606013 11:10:00 00565 1 1
20100606014 11:21:00 67715 1 0
20100606015 11:31:00 99738 1 0
20100606016 11:41:00 66552 1 1
20100606017 11:51:00 43244 0 1
20100606018 12:01:00 99236 1 0
20100606019 12:11:00 06406 0 0
20100606020 12:22:00 94720 0 0
20100606021 12:32:00 57269 0 0
20100606022 12:42:00 53215 0 0
20100606023 12:52:00 34856 0 0
20100606024 13:02:00 09473 0 0
20100606025 13:12:00 33568 1 0
20100606026 13:22:00 54438 1 0
20100606027 13:33:00 54307 0 0
20100606028 13:43:00 18015 0 0
20100606029 13:53:00 46302 0 0
20100606030 14:03:00 76422 0 1
20100606031 14:13:00 16090 0 1
20100606032 14:23:00 90266 0 1
20100606033 14:33:00 97823 0 0
20100606034 14:44:00 46989 0 1
20100606035 14:54:00 58898 1 1
20100606036 15:04:00 37929 0 1
20100606037 15:14:00 06365 0 0
20100606038 15:24:00 88952 1 0
20100606039 15:34:00 70095 1 0
20100606040 15:45:00 60782 0 0
20100606041 15:55:00 78790 1 0
20100606042 16:05:00 70381 0 0
20100606043 16:15:00 23876 0 0
20100606044 16:25:00 42272 1 1
20100606045 16:35:00 78018 0 0
20100606046 16:45:00 53101 0 1
20100606047 16:56:00 71091 0 0
20100606048 17:06:00 41314 0 0
20100606049 17:16:00 02145 0 0
20100606050 17:26:00 06446 0 1
20100606051 17:36:00 34290 0 0
20100606052 17:46:00 88961 1 0
20100606053 17:56:00 97905 1 0
20100606054 18:07:00 44496 1 0
20100606055 18:17:00 53163 0 0
20100606056 18:27:00 18288 0 1
20100606057 18:37:00 09357 0 0
20100606058 18:47:00 43118 0 1
20100606059 18:57:00 17833 0 1
20100606060 19:08:00 49259 0 0
20100606061 19:18:00 98168 0 0
20100606062 19:28:00 68134 0 0
20100606063 19:38:00 69796 0 0
20100606064 19:48:00 85869 1 0
20100606065 19:58:00 01365 0 0
20100606066 20:08:00 99563 1 0
20100606067 20:19:00 06836 0 0
20100606068 20:29:00 37613 0 0
20100606069 20:39:00 61235 0 0
20100606070 20:49:00 34750 0 0
20100606071 20:59:00 74279 0 0
20100606072 21:09:00 33866 1 1
20100606073 21:19:00 57211 0 1
20100606074 21:30:00 73094 0 0
20100606075 21:40:00 42112 0 1
20100606076 21:50:00 06447 0 1
20100606077 22:00:00 40234 0 0
20100606078 22:10:00 45946 0 0
20100606079 22:20:00 21531 0 0
20100606080 22:31:00 27538 0 0
20100606081 22:41:00 52136 0 0
20100606082 22:51:00 49139 0 0
20100606083 23:01:00 24198 0 0
20100606084 23:11:00 99598 1 0
