20100827001 09:09:00 52577 1 1
20100827002 09:19:00 60106 0 0
20100827003 09:29:00 64742 0 0
20100827004 09:39:00 45706 0 0
20100827005 09:49:00 41022 0 1
20100827006 09:59:00 27469 0 0
20100827007 10:10:00 30037 1 0
20100827008 10:20:00 61925 0 0
20100827009 10:30:00 28572 0 0
20100827010 10:40:00 37975 0 0
20100827011 10:50:00 31323 1 1
20100827012 11:00:00 88771 1 1
20100827013 11:10:00 82942 0 0
20100827014 11:21:00 55946 1 0
20100827015 11:31:00 65384 0 0
20100827016 11:41:00 27590 0 0
20100827017 11:51:00 05963 0 0
20100827018 12:01:00 84418 1 0
20100827019 12:11:00 58304 0 0
20100827020 12:22:00 87062 0 0
20100827021 12:32:00 38657 0 0
20100827022 12:42:00 13267 0 0
20100827023 12:52:00 98987 1 0
20100827024 13:02:00 26617 1 0
20100827025 13:12:00 55344 1 1
20100827026 13:22:00 98925 1 0
20100827027 13:33:00 68817 1 0
20100827028 13:43:00 74951 0 0
20100827029 13:53:00 61626 1 1
20100827030 14:03:00 04980 0 0
20100827031 14:13:00 61622 1 1
20100827032 14:23:00 95136 0 0
20100827033 14:33:00 79835 0 0
20100827034 14:44:00 69225 0 1
20100827035 14:54:00 61593 0 0
20100827036 15:04:00 19347 0 0
20100827037 15:14:00 50350 0 0
20100827038 15:24:00 04330 0 1
20100827039 15:34:00 82022 0 1
20100827040 15:45:00 06816 0 0
20100827041 15:55:00 57392 0 0
20100827042 16:05:00 73765 1 0
20100827043 16:15:00 26475 0 0
20100827044 16:25:00 25679 0 0
20100827045 16:35:00 43556 0 1
20100827046 16:45:00 50931 0 0
20100827047 16:56:00 81992 0 1
20100827048 17:06:00 73725 1 0
20100827049 17:16:00 54436 1 0
20100827050 17:26:00 72075 0 0
20100827051 17:36:00 00965 1 0
20100827052 17:46:00 94912 1 0
20100827053 17:56:00 54053 0 0
20100827054 18:07:00 28747 0 1
20100827055 18:17:00 91229 0 1
20100827056 18:27:00 45902 0 0
20100827057 18:37:00 78403 0 0
20100827058 18:47:00 92098 0 0
20100827059 18:57:00 22100 1 1
20100827060 19:08:00 14476 1 0
20100827061 19:18:00 22626 1 1
20100827062 19:28:00 37369 1 0
20100827063 19:38:00 70762 1 0
20100827064 19:48:00 17166 1 1
20100827065 19:58:00 22138 1 0
20100827066 20:08:00 43099 0 1
20100827067 20:19:00 58256 0 0
20100827068 20:29:00 11216 1 0
20100827069 20:39:00 91599 0 1
20100827070 20:49:00 11237 1 0
20100827071 20:59:00 25108 0 0
20100827072 21:09:00 45570 1 0
20100827073 21:19:00 38384 1 0
20100827074 21:30:00 19801 0 0
20100827075 21:40:00 47765 1 0
20100827076 21:50:00 66386 1 0
20100827077 22:00:00 45456 1 0
20100827078 22:10:00 36465 0 0
20100827079 22:20:00 98887 1 1
20100827080 22:31:00 82575 0 1
20100827081 22:41:00 47071 0 0
20100827082 22:51:00 48787 0 1
20100827083 23:01:00 68449 0 1
20100827084 23:11:00 64385 0 0
