20100603001 09:09:00 14826 0 0
20100603002 09:19:00 82510 0 0
20100603003 09:29:00 90811 0 1
20100603004 09:39:00 16802 0 0
20100603005 09:49:00 54177 0 1
20100603006 09:59:00 01440 0 1
20100603007 10:10:00 71232 0 1
20100603008 10:20:00 50396 0 0
20100603009 10:30:00 14190 1 0
20100603010 10:40:00 43454 1 1
20100603011 10:50:00 39379 1 0
20100603012 11:00:00 85627 0 0
20100603013 11:10:00 84425 1 0
20100603014 11:21:00 81245 0 0
20100603015 11:31:00 22282 1 1
20100603016 11:41:00 54359 0 0
20100603017 11:51:00 81078 0 0
20100603018 12:01:00 73343 1 1
20100603019 12:11:00 84197 0 0
20100603020 12:22:00 84585 0 1
20100603021 12:32:00 72677 0 1
20100603022 12:42:00 09616 0 1
20100603023 12:52:00 79581 0 0
20100603024 13:02:00 77646 1 1
20100603025 13:12:00 43282 0 1
20100603026 13:22:00 23085 0 0
20100603027 13:33:00 44443 1 1
20100603028 13:43:00 24119 0 1
20100603029 13:53:00 48987 0 0
20100603030 14:03:00 80595 0 1
20100603031 14:13:00 44348 1 0
20100603032 14:23:00 37340 1 0
20100603033 14:33:00 68095 0 0
20100603034 14:44:00 28245 1 0
20100603035 14:54:00 83253 0 0
20100603036 15:04:00 04108 0 0
20100603037 15:14:00 44156 1 0
20100603038 15:24:00 01218 0 0
20100603039 15:34:00 84282 0 1
20100603040 15:45:00 07569 0 0
20100603041 15:55:00 68017 0 0
20100603042 16:05:00 12699 0 1
20100603043 16:15:00 30637 0 0
20100603044 16:25:00 72707 1 1
20100603045 16:35:00 23213 1 0
20100603046 16:45:00 61601 1 0
20100603047 16:56:00 27839 0 0
20100603048 17:06:00 27101 0 1
20100603049 17:16:00 63983 0 0
20100603050 17:26:00 46349 0 0
20100603051 17:36:00 50883 0 1
20100603052 17:46:00 59334 0 1
20100603053 17:56:00 33665 1 1
20100603054 18:07:00 69945 1 0
20100603055 18:17:00 54208 0 0
20100603056 18:27:00 53363 1 1
20100603057 18:37:00 83112 0 1
20100603058 18:47:00 43685 0 0
20100603059 18:57:00 89852 1 0
20100603060 19:08:00 41759 0 0
20100603061 19:18:00 49607 0 0
20100603062 19:28:00 80703 0 0
20100603063 19:38:00 71517 0 0
20100603064 19:48:00 62198 0 0
20100603065 19:58:00 23871 0 0
20100603066 20:08:00 50116 0 1
20100603067 20:19:00 38208 0 0
20100603068 20:29:00 18334 0 1
20100603069 20:39:00 14548 0 0
20100603070 20:49:00 07226 0 1
20100603071 20:59:00 66947 1 0
20100603072 21:09:00 97910 1 0
20100603073 21:19:00 46173 0 0
20100603074 21:30:00 22418 1 0
20100603075 21:40:00 34757 0 1
20100603076 21:50:00 52558 1 1
20100603077 22:00:00 33057 1 0
20100603078 22:10:00 86990 0 1
20100603079 22:20:00 40797 0 1
20100603080 22:31:00 82790 0 0
20100603081 22:41:00 55688 1 1
20100603082 22:51:00 87726 1 0
20100603083 23:01:00 56166 0 1
20100603084 23:11:00 38981 0 0
