20101022001 09:09:00 95217 0 0
20101022002 09:19:00 83156 0 0
20101022003 09:29:00 51751 0 0
20101022004 09:39:00 06932 0 0
20101022005 09:49:00 57751 1 0
20101022006 09:59:00 46759 0 0
20101022007 10:10:00 14279 0 0
20101022008 10:20:00 63318 1 0
20101022009 10:30:00 14888 0 1
20101022010 10:40:00 28483 0 0
20101022011 10:50:00 27750 1 0
20101022012 11:00:00 22673 1 0
20101022013 11:10:00 86187 0 0
20101022014 11:21:00 73811 0 1
20101022015 11:31:00 47304 0 0
20101022016 11:41:00 45907 0 0
20101022017 11:51:00 55116 1 1
20101022018 12:01:00 52017 0 0
20101022019 12:11:00 96316 0 0
20101022020 12:22:00 45012 0 0
20101022021 12:32:00 59600 0 1
20101022022 12:42:00 05527 1 0
20101022023 12:52:00 41713 0 0
20101022024 13:02:00 08384 0 0
20101022025 13:12:00 35175 0 0
20101022026 13:22:00 52577 1 1
20101022027 13:33:00 34989 0 1
20101022028 13:43:00 09334 0 1
20101022029 13:53:00 73921 0 0
20101022030 14:03:00 72181 0 1
20101022031 14:13:00 23172 0 0
20101022032 14:23:00 07079 1 0
20101022033 14:33:00 95223 0 1
20101022034 14:44:00 87494 0 1
20101022035 14:54:00 08980 0 0
20101022036 15:04:00 82804 1 0
20101022037 15:14:00 13477 0 1
20101022038 15:24:00 17161 1 1
20101022039 15:34:00 88644 1 1
20101022040 15:45:00 77532 1 0
20101022041 15:55:00 58163 0 0
20101022042 16:05:00 45225 0 1
20101022043 16:15:00 34573 0 0
20101022044 16:25:00 47660 0 1
20101022045 16:35:00 16229 0 1
20101022046 16:45:00 36289 0 0
20101022047 16:56:00 14593 0 0
20101022048 17:06:00 25848 0 1
20101022049 17:16:00 64233 0 1
20101022050 17:26:00 24230 1 0
20101022051 17:36:00 40280 0 0
20101022052 17:46:00 41647 0 0
20101022053 17:56:00 12459 0 0
20101022054 18:07:00 29379 0 0
20101022055 18:17:00 60104 0 0
20101022056 18:27:00 98369 0 0
20101022057 18:37:00 28928 0 0
20101022058 18:47:00 30926 0 0
20101022059 18:57:00 75486 0 0
20101022060 19:08:00 53539 1 0
20101022061 19:18:00 99064 1 0
20101022062 19:28:00 03129 0 0
20101022063 19:38:00 02248 1 0
20101022064 19:48:00 70180 0 0
20101022065 19:58:00 33073 1 0
20101022066 20:08:00 57707 1 1
20101022067 20:19:00 50496 0 0
20101022068 20:29:00 91256 0 0
20101022069 20:39:00 90920 1 0
20101022070 20:49:00 41827 0 0
20101022071 20:59:00 38679 0 0
20101022072 21:09:00 96971 1 0
20101022073 21:19:00 05648 0 0
20101022074 21:30:00 31599 0 1
20101022075 21:40:00 32353 1 1
20101022076 21:50:00 58972 0 0
20101022077 22:00:00 59592 1 0
20101022078 22:10:00 87038 0 0
20101022079 22:20:00 63853 0 0
20101022080 22:31:00 89641 0 0
20101022081 22:41:00 98532 0 0
20101022082 22:51:00 93390 1 0
20101022083 23:01:00 07684 0 0
20101022084 23:11:00 37610 0 0
