20100131001 09:09:00 61787 0 1
20100131002 09:19:00 72547 0 0
20100131003 09:29:00 04838 0 1
20100131004 09:39:00 67178 0 0
20100131005 09:49:00 35859 0 0
20100131006 09:59:00 76680 1 0
20100131007 10:10:00 37906 0 0
20100131008 10:20:00 02860 0 0
20100131009 10:30:00 47211 0 1
20100131010 10:40:00 33286 1 0
20100131011 10:50:00 69300 0 1
20100131012 11:00:00 04867 0 0
20100131013 11:10:00 43574 0 0
20100131014 11:21:00 65938 0 0
20100131015 11:31:00 20119 0 1
20100131016 11:41:00 23377 1 1
20100131017 11:51:00 91734 0 0
20100131018 12:01:00 36452 0 0
20100131019 12:11:00 13137 1 0
20100131020 12:22:00 13336 1 1
20100131021 12:32:00 36954 0 0
20100131022 12:42:00 89599 0 1
20100131023 12:52:00 36817 0 0
20100131024 13:02:00 86286 0 0
20100131025 13:12:00 66876 1 0
20100131026 13:22:00 24427 1 0
20100131027 13:33:00 32144 0 1
20100131028 13:43:00 47228 0 1
20100131029 13:53:00 71250 0 0
20100131030 14:03:00 49614 0 0
20100131031 14:13:00 61583 0 0
20100131032 14:23:00 44340 1 0
20100131033 14:33:00 33655 1 1
20100131034 14:44:00 40482 1 0
20100131035 14:54:00 80184 0 0
20100131036 15:04:00 46440 1 1
20100131037 15:14:00 03239 0 0
20100131038 15:24:00 37363 1 1
20100131039 15:34:00 98723 0 0
20100131040 15:45:00 25712 0 0
20100131041 15:55:00 71073 0 0
20100131042 16:05:00 09836 0 0
20100131043 16:15:00 48012 0 0
20100131044 16:25:00 14231 0 0
20100131045 16:35:00 23603 0 0
20100131046 16:45:00 23112 0 1
20100131047 16:56:00 98282 0 1
20100131048 17:06:00 12044 0 1
20100131049 17:16:00 61291 0 0
20100131050 17:26:00 96422 0 1
20100131051 17:36:00 72718 1 0
20100131052 17:46:00 74841 0 0
20100131053 17:56:00 19697 0 0
20100131054 18:07:00 04208 0 0
20100131055 18:17:00 59456 0 0
20100131056 18:27:00 52875 0 0
20100131057 18:37:00 50510 1 0
20100131058 18:47:00 52467 0 0
20100131059 18:57:00 79791 1 0
20100131060 19:08:00 60178 0 0
20100131061 19:18:00 68267 0 0
20100131062 19:28:00 98406 0 0
20100131063 19:38:00 07111 0 1
20100131064 19:48:00 99230 1 0
20100131065 19:58:00 40457 1 0
20100131066 20:08:00 10118 1 1
20100131067 20:19:00 33265 1 0
20100131068 20:29:00 45634 0 0
20100131069 20:39:00 63178 0 0
20100131070 20:49:00 16067 0 0
20100131071 20:59:00 01598 0 0
20100131072 21:09:00 70839 0 0
20100131073 21:19:00 60421 0 0
20100131074 21:30:00 22612 1 0
20100131075 21:40:00 95930 1 0
20100131076 21:50:00 06110 0 1
20100131077 22:00:00 13961 0 0
20100131078 22:10:00 48744 0 1
20100131079 22:20:00 76773 1 1
20100131080 22:31:00 92080 0 1
20100131081 22:41:00 67544 0 1
20100131082 22:51:00 20159 0 0
20100131083 23:01:00 90064 1 0
20100131084 23:11:00 50339 0 1
