20100712001 09:09:00 95688 0 1
20100712002 09:19:00 14612 0 0
20100712003 09:29:00 42753 0 0
20100712004 09:39:00 21600 0 1
20100712005 09:49:00 34206 0 0
20100712006 09:59:00 89793 0 0
20100712007 10:10:00 31653 0 0
20100712008 10:20:00 49628 0 0
20100712009 10:30:00 14855 0 1
20100712010 10:40:00 43395 1 0
20100712011 10:50:00 38385 1 0
20100712012 11:00:00 31428 0 0
20100712013 11:10:00 42001 0 1
20100712014 11:21:00 78811 1 1
20100712015 11:31:00 25234 1 0
20100712016 11:41:00 22466 1 1
20100712017 11:51:00 58865 1 0
20100712018 12:01:00 23131 0 1
20100712019 12:11:00 61382 0 0
20100712020 12:22:00 12794 0 0
20100712021 12:32:00 89310 0 0
20100712022 12:42:00 84518 0 0
20100712023 12:52:00 94887 0 1
20100712024 13:02:00 53599 1 1
20100712025 13:12:00 35144 0 1
20100712026 13:22:00 77165 1 0
20100712027 13:33:00 50501 1 0
20100712028 13:43:00 53181 0 1
20100712029 13:53:00 62084 0 0
20100712030 14:03:00 91054 0 0
20100712031 14:13:00 25372 0 0
20100712032 14:23:00 68703 0 0
20100712033 14:33:00 25301 0 0
20100712034 14:44:00 26052 0 0
20100712035 14:54:00 55337 1 1
20100712036 15:04:00 42602 0 0
20100712037 15:14:00 22853 1 0
20100712038 15:24:00 40999 0 1
20100712039 15:34:00 28779 0 1
20100712040 15:45:00 09607 0 0
20100712041 15:55:00 90798 0 0
20100712042 16:05:00 08211 0 1
20100712043 16:15:00 68403 0 0
20100712044 16:25:00 82273 1 0
20100712045 16:35:00 49389 0 0
20100712046 16:45:00 69539 0 0
20100712047 16:56:00 66369 1 0
20100712048 17:06:00 88666 1 1
20100712049 17:16:00 20388 0 1
20100712050 17:26:00 05800 0 1
20100712051 17:36:00 14872 0 0
20100712052 17:46:00 13955 0 1
20100712053 17:56:00 44966 1 1
20100712054 18:07:00 56394 0 0
20100712055 18:17:00 71901 0 0
20100712056 18:27:00 54163 0 0
20100712057 18:37:00 40727 0 1
20100712058 18:47:00 45990 0 1
20100712059 18:57:00 95611 0 1
20100712060 19:08:00 13716 0 0
20100712061 19:18:00 04409 1 0
20100712062 19:28:00 74152 0 0
20100712063 19:38:00 11465 1 0
20100712064 19:48:00 99335 1 1
20100712065 19:58:00 93465 0 0
20100712066 20:08:00 73880 0 1
20100712067 20:19:00 97977 1 1
20100712068 20:29:00 20701 0 0
20100712069 20:39:00 34396 1 0
20100712070 20:49:00 19398 0 0
20100712071 20:59:00 13281 0 0
20100712072 21:09:00 95824 0 0
20100712073 21:19:00 24745 0 0
20100712074 21:30:00 88743 1 0
20100712075 21:40:00 41427 1 0
20100712076 21:50:00 86906 0 0
20100712077 22:00:00 61723 0 0
20100712078 22:10:00 61457 0 0
20100712079 22:20:00 34372 1 0
20100712080 22:31:00 60696 1 1
20100712081 22:41:00 01906 0 0
20100712082 22:51:00 25771 0 1
20100712083 23:01:00 45688 0 1
20100712084 23:11:00 48779 0 1
