20101116001 09:09:00 97154 0 0
20101116002 09:19:00 30847 0 0
20101116003 09:29:00 35572 1 0
20101116004 09:39:00 29741 0 0
20101116005 09:49:00 82795 0 0
20101116006 09:59:00 93242 0 1
20101116007 10:10:00 97929 1 1
20101116008 10:20:00 73186 0 0
20101116009 10:30:00 59303 0 1
20101116010 10:40:00 87439 0 0
20101116011 10:50:00 79970 1 0
20101116012 11:00:00 35112 0 1
20101116013 11:10:00 72519 0 0
20101116014 11:21:00 10781 0 0
20101116015 11:31:00 21417 0 0
20101116016 11:41:00 30508 0 0
20101116017 11:51:00 87299 0 1
20101116018 12:01:00 05147 0 0
20101116019 12:11:00 24542 0 0
20101116020 12:22:00 63536 0 0
20101116021 12:32:00 05106 0 0
20101116022 12:42:00 67258 0 0
20101116023 12:52:00 61473 0 0
20101116024 13:02:00 31635 0 0
20101116025 13:12:00 80353 0 1
20101116026 13:22:00 10595 0 1
20101116027 13:33:00 71306 0 0
20101116028 13:43:00 94281 0 0
20101116029 13:53:00 23503 0 0
20101116030 14:03:00 71059 0 0
20101116031 14:13:00 80856 1 0
20101116032 14:23:00 73496 0 0
20101116033 14:33:00 40680 0 0
20101116034 14:44:00 70968 0 0
20101116035 14:54:00 05590 1 0
20101116036 15:04:00 83812 1 0
20101116037 15:14:00 17424 0 1
20101116038 15:24:00 89434 0 1
20101116039 15:34:00 56265 0 0
20101116040 15:45:00 66532 1 0
20101116041 15:55:00 76906 0 0
20101116042 16:05:00 01035 1 0
20101116043 16:15:00 65473 0 0
20101116044 16:25:00 84539 0 0
20101116045 16:35:00 54776 0 1
20101116046 16:45:00 20979 0 1
20101116047 16:56:00 67271 0 0
20101116048 17:06:00 75040 0 1
20101116049 17:16:00 69021 0 0
20101116050 17:26:00 43288 0 1
20101116051 17:36:00 47257 0 0
20101116052 17:46:00 06773 0 1
20101116053 17:56:00 19606 0 1
20101116054 18:07:00 86595 0 1
20101116055 18:17:00 94769 0 0
20101116056 18:27:00 15083 0 0
20101116057 18:37:00 00493 1 0
20101116058 18:47:00 28343 0 1
20101116059 18:57:00 63471 0 0
20101116060 19:08:00 27368 0 0
20101116061 19:18:00 85848 1 1
20101116062 19:28:00 61094 0 0
20101116063 19:38:00 30610 0 0
20101116064 19:48:00 22461 1 0
20101116065 19:58:00 47102 0 0
20101116066 20:08:00 84809 1 0
20101116067 20:19:00 78980 0 0
20101116068 20:29:00 32451 0 0
20101116069 20:39:00 65801 0 0
20101116070 20:49:00 47743 1 0
20101116071 20:59:00 38994 0 1
20101116072 21:09:00 76240 0 0
20101116073 21:19:00 27620 0 0
20101116074 21:30:00 20659 0 0
20101116075 21:40:00 38874 1 0
20101116076 21:50:00 59582 1 0
20101116077 22:00:00 54096 0 0
20101116078 22:10:00 04537 0 0
20101116079 22:20:00 06698 1 0
20101116080 22:31:00 23332 1 1
20101116081 22:41:00 38661 0 1
20101116082 22:51:00 79687 0 0
20101116083 23:01:00 21752 0 0
20101116084 23:11:00 41111 1 1
