20100408001 09:09:00 45024 0 0
20100408002 09:19:00 53478 0 0
20100408003 09:29:00 07447 0 1
20100408004 09:39:00 60003 1 1
20100408005 09:49:00 97000 0 1
20100408006 09:59:00 70526 0 0
20100408007 10:10:00 89780 0 0
20100408008 10:20:00 88048 1 0
20100408009 10:30:00 41111 1 1
20100408010 10:40:00 08612 0 0
20100408011 10:50:00 47628 0 0
20100408012 11:00:00 71352 0 0
20100408013 11:10:00 31052 0 0
20100408014 11:21:00 34015 0 0
20100408015 11:31:00 64412 1 0
20100408016 11:41:00 24568 0 0
20100408017 11:51:00 97839 0 0
20100408018 12:01:00 02454 0 1
20100408019 12:11:00 96902 1 0
20100408020 12:22:00 01301 0 0
20100408021 12:32:00 44167 1 0
20100408022 12:42:00 18184 1 0
20100408023 12:52:00 04372 0 0
20100408024 13:02:00 68508 0 0
20100408025 13:12:00 33706 1 0
20100408026 13:22:00 21332 0 1
20100408027 13:33:00 30326 1 0
20100408028 13:43:00 95460 0 0
20100408029 13:53:00 56860 0 0
20100408030 14:03:00 61359 0 0
20100408031 14:13:00 45243 0 0
20100408032 14:23:00 09993 1 1
20100408033 14:33:00 86053 0 0
20100408034 14:44:00 03056 1 0
20100408035 14:54:00 39849 0 0
20100408036 15:04:00 08496 0 0
20100408037 15:14:00 21102 1 0
20100408038 15:24:00 52774 0 1
20100408039 15:34:00 59375 0 0
20100408040 15:45:00 10458 0 0
20100408041 15:55:00 86016 0 0
20100408042 16:05:00 10765 0 0
20100408043 16:15:00 35639 0 0
20100408044 16:25:00 13901 0 0
20100408045 16:35:00 09405 0 0
20100408046 16:45:00 16958 0 0
20100408047 16:56:00 90992 1 1
20100408048 17:06:00 49065 0 0
20100408049 17:16:00 90485 0 0
20100408050 17:26:00 99369 1 0
20100408051 17:36:00 87040 0 1
20100408052 17:46:00 25250 1 0
20100408053 17:56:00 94413 1 0
20100408054 18:07:00 63440 0 1
20100408055 18:17:00 51576 1 0
20100408056 18:27:00 87387 0 0
20100408057 18:37:00 22791 1 0
20100408058 18:47:00 51211 0 1
20100408059 18:57:00 42759 0 0
20100408060 19:08:00 67267 0 0
20100408061 19:18:00 18693 0 0
20100408062 19:28:00 78223 0 1
20100408063 19:38:00 72898 0 1
20100408064 19:48:00 42028 0 0
20100408065 19:58:00 47824 0 0
20100408066 20:08:00 37513 0 0
20100408067 20:19:00 96270 0 0
20100408068 20:29:00 78667 0 1
20100408069 20:39:00 78829 1 0
20100408070 20:49:00 04644 0 1
20100408071 20:59:00 76917 0 0
20100408072 21:09:00 69169 0 0
20100408073 21:19:00 60248 0 0
20100408074 21:30:00 24205 1 0
20100408075 21:40:00 36092 0 0
20100408076 21:50:00 16997 0 1
20100408077 22:00:00 84306 0 0
20100408078 22:10:00 89605 0 0
20100408079 22:20:00 92010 0 1
20100408080 22:31:00 46227 0 1
20100408081 22:41:00 10725 0 0
20100408082 22:51:00 95739 0 0
20100408083 23:01:00 56483 0 0
20100408084 23:11:00 24296 1 0
