20100402001 09:09:00 10869 0 0
20100402002 09:19:00 48249 0 0
20100402003 09:29:00 97124 0 0
20100402004 09:39:00 52394 0 0
20100402005 09:49:00 29969 1 1
20100402006 09:59:00 32531 0 0
20100402007 10:10:00 88555 1 1
20100402008 10:20:00 53071 0 0
20100402009 10:30:00 83214 0 0
20100402010 10:40:00 07543 0 0
20100402011 10:50:00 21954 0 0
20100402012 11:00:00 63185 0 0
20100402013 11:10:00 20028 1 0
20100402014 11:21:00 60119 0 1
20100402015 11:31:00 30113 0 1
20100402016 11:41:00 63156 0 0
20100402017 11:51:00 14323 0 1
20100402018 12:01:00 73216 0 0
20100402019 12:11:00 39592 0 0
20100402020 12:22:00 53900 0 1
20100402021 12:32:00 17389 0 0
20100402022 12:42:00 43721 0 0
20100402023 12:52:00 25759 0 0
20100402024 13:02:00 16813 0 0
20100402025 13:12:00 24057 0 0
20100402026 13:22:00 69442 0 1
20100402027 13:33:00 61512 0 0
20100402028 13:43:00 23703 0 0
20100402029 13:53:00 04844 0 1
20100402030 14:03:00 91573 0 0
20100402031 14:13:00 48700 0 1
20100402032 14:23:00 37768 1 0
20100402033 14:33:00 91669 0 1
20100402034 14:44:00 56353 0 1
20100402035 14:54:00 69083 0 0
20100402036 15:04:00 88014 1 0
20100402037 15:14:00 47143 0 0
20100402038 15:24:00 81907 0 0
20100402039 15:34:00 25914 0 0
20100402040 15:45:00 42924 0 0
20100402041 15:55:00 90758 0 0
20100402042 16:05:00 45238 0 0
20100402043 16:15:00 78765 1 0
20100402044 16:25:00 49009 0 1
20100402045 16:35:00 47213 0 0
20100402046 16:45:00 02907 0 0
20100402047 16:56:00 69990 1 1
20100402048 17:06:00 56999 0 1
20100402049 17:16:00 45941 0 0
20100402050 17:26:00 19378 0 0
20100402051 17:36:00 11947 1 0
20100402052 17:46:00 23709 0 0
20100402053 17:56:00 08368 0 0
20100402054 18:07:00 67759 1 0
20100402055 18:17:00 66847 1 0
20100402056 18:27:00 92660 0 1
20100402057 18:37:00 25134 0 0
20100402058 18:47:00 21378 0 0
20100402059 18:57:00 67375 0 0
20100402060 19:08:00 04753 0 0
20100402061 19:18:00 30084 1 0
20100402062 19:28:00 90691 0 0
20100402063 19:38:00 91360 0 0
20100402064 19:48:00 28767 0 1
20100402065 19:58:00 45388 0 1
20100402066 20:08:00 90368 0 0
20100402067 20:19:00 22691 1 0
20100402068 20:29:00 42085 0 0
20100402069 20:39:00 50461 0 0
20100402070 20:49:00 44696 1 1
20100402071 20:59:00 95980 1 0
20100402072 21:09:00 05526 1 0
20100402073 21:19:00 67969 0 1
20100402074 21:30:00 93911 1 1
20100402075 21:40:00 15948 0 0
20100402076 21:50:00 73829 0 0
20100402077 22:00:00 77852 1 0
20100402078 22:10:00 26806 0 0
20100402079 22:20:00 47938 0 0
20100402080 22:31:00 56773 0 1
20100402081 22:41:00 72973 0 0
20100402082 22:51:00 86080 0 1
20100402083 23:01:00 38823 1 0
20100402084 23:11:00 10112 1 1
