20100625001 09:09:00 98745 0 0
20100625002 09:19:00 40470 1 0
20100625003 09:29:00 85399 0 1
20100625004 09:39:00 01616 0 1
20100625005 09:49:00 47658 0 0
20100625006 09:59:00 71220 0 1
20100625007 10:10:00 81431 0 0
20100625008 10:20:00 86781 0 0
20100625009 10:30:00 09317 0 0
20100625010 10:40:00 45033 0 1
20100625011 10:50:00 20650 0 0
20100625012 11:00:00 10336 0 1
20100625013 11:10:00 13870 0 0
20100625014 11:21:00 97845 0 0
20100625015 11:31:00 56994 0 1
20100625016 11:41:00 55201 1 0
20100625017 11:51:00 36910 0 0
20100625018 12:01:00 71034 0 0
20100625019 12:11:00 68069 0 0
20100625020 12:22:00 98232 0 1
20100625021 12:32:00 62984 0 0
20100625022 12:42:00 19654 0 0
20100625023 12:52:00 87205 0 0
20100625024 13:02:00 84338 0 1
20100625025 13:12:00 08691 0 0
20100625026 13:22:00 66778 1 1
20100625027 13:33:00 92084 0 0
20100625028 13:43:00 62919 0 1
20100625029 13:53:00 93315 1 0
20100625030 14:03:00 86730 0 0
20100625031 14:13:00 73034 0 0
20100625032 14:23:00 06189 0 0
20100625033 14:33:00 99642 1 0
20100625034 14:44:00 37686 0 1
20100625035 14:54:00 41568 0 0
20100625036 15:04:00 54338 0 1
20100625037 15:14:00 48944 0 1
20100625038 15:24:00 54204 0 0
20100625039 15:34:00 46952 0 0
20100625040 15:45:00 88717 1 1
20100625041 15:55:00 17491 0 0
20100625042 16:05:00 76025 0 0
20100625043 16:15:00 08952 0 0
20100625044 16:25:00 95688 0 1
20100625045 16:35:00 51954 0 0
20100625046 16:45:00 77928 1 0
20100625047 16:56:00 66117 1 1
20100625048 17:06:00 15971 0 0
20100625049 17:16:00 95198 0 0
20100625050 17:26:00 01952 0 0
20100625051 17:36:00 50136 0 0
20100625052 17:46:00 28877 1 1
20100625053 17:56:00 18387 0 0
20100625054 18:07:00 83598 0 0
20100625055 18:17:00 95317 0 0
20100625056 18:27:00 54478 1 0
20100625057 18:37:00 51475 0 0
20100625058 18:47:00 77500 1 1
20100625059 18:57:00 11624 1 0
20100625060 19:08:00 62670 1 0
20100625061 19:18:00 41339 0 1
20100625062 19:28:00 73289 0 0
20100625063 19:38:00 62001 0 1
20100625064 19:48:00 40229 0 1
20100625065 19:58:00 58417 0 0
20100625066 20:08:00 22197 1 0
20100625067 20:19:00 13246 0 0
20100625068 20:29:00 59292 0 1
20100625069 20:39:00 23815 0 0
20100625070 20:49:00 66018 1 0
20100625071 20:59:00 30449 0 1
20100625072 21:09:00 82125 0 0
20100625073 21:19:00 14985 0 0
20100625074 21:30:00 12050 0 1
20100625075 21:40:00 84816 1 0
20100625076 21:50:00 45708 0 0
20100625077 22:00:00 84901 0 0
20100625078 22:10:00 93567 0 0
20100625079 22:20:00 40812 0 0
20100625080 22:31:00 12382 0 0
20100625081 22:41:00 89510 0 0
20100625082 22:51:00 73518 0 0
20100625083 23:01:00 28545 0 1
20100625084 23:11:00 62812 0 0
