20101108001 09:09:00 00567 1 0
20101108002 09:19:00 73528 0 0
20101108003 09:29:00 62700 0 1
20101108004 09:39:00 98569 0 0
20101108005 09:49:00 88828 1 1
20101108006 09:59:00 73379 1 0
20101108007 10:10:00 21602 0 0
20101108008 10:20:00 11998 1 1
20101108009 10:30:00 97273 0 0
20101108010 10:40:00 87384 0 0
20101108011 10:50:00 53198 0 0
20101108012 11:00:00 74045 0 0
20101108013 11:10:00 60871 0 0
20101108014 11:21:00 26416 0 0
20101108015 11:31:00 33989 1 1
20101108016 11:41:00 21289 1 0
20101108017 11:51:00 09697 0 0
20101108018 12:01:00 17829 0 0
20101108019 12:11:00 39253 0 0
20101108020 12:22:00 74370 0 0
20101108021 12:32:00 39935 1 0
20101108022 12:42:00 89911 1 1
20101108023 12:52:00 85907 0 0
20101108024 13:02:00 53673 0 0
20101108025 13:12:00 99345 1 0
20101108026 13:22:00 21492 0 0
20101108027 13:33:00 39378 1 0
20101108028 13:43:00 04682 0 0
20101108029 13:53:00 68956 0 0
20101108030 14:03:00 78390 0 0
20101108031 14:13:00 54193 0 0
20101108032 14:23:00 34297 0 0
20101108033 14:33:00 87831 1 0
20101108034 14:44:00 04401 1 0
20101108035 14:54:00 13807 0 0
20101108036 15:04:00 47478 1 0
20101108037 15:14:00 57451 0 0
20101108038 15:24:00 45036 0 0
20101108039 15:34:00 39242 0 1
20101108040 15:45:00 88921 1 0
20101108041 15:55:00 15179 1 0
20101108042 16:05:00 61224 0 1
20101108043 16:15:00 60422 0 1
20101108044 16:25:00 93291 0 0
20101108045 16:35:00 68636 1 1
20101108046 16:45:00 60262 0 1
20101108047 16:56:00 85312 0 0
20101108048 17:06:00 21924 0 0
20101108049 17:16:00 40293 0 0
20101108050 17:26:00 63152 0 0
20101108051 17:36:00 50573 1 0
20101108052 17:46:00 60013 1 0
20101108053 17:56:00 23657 0 0
20101108054 18:07:00 45012 0 0
20101108055 18:17:00 96190 0 0
20101108056 18:27:00 85220 0 1
20101108057 18:37:00 12769 0 0
20101108058 18:47:00 08741 0 0
20101108059 18:57:00 86760 0 0
20101108060 19:08:00 36769 0 0
20101108061 19:18:00 55102 1 0
20101108062 19:28:00 88865 1 0
20101108063 19:38:00 43088 0 1
20101108064 19:48:00 78352 0 0
20101108065 19:58:00 54521 1 0
20101108066 20:08:00 18142 1 0
20101108067 20:19:00 99236 1 0
20101108068 20:29:00 42046 0 0
20101108069 20:39:00 40554 0 1
20101108070 20:49:00 53331 1 1
20101108071 20:59:00 46266 0 1
20101108072 21:09:00 59895 0 0
20101108073 21:19:00 49410 1 0
20101108074 21:30:00 89984 1 0
20101108075 21:40:00 98629 0 0
20101108076 21:50:00 34326 1 0
20101108077 22:00:00 36841 0 0
20101108078 22:10:00 86671 1 0
20101108079 22:20:00 80631 0 0
20101108080 22:31:00 94783 0 0
20101108081 22:41:00 93950 1 0
20101108082 22:51:00 38329 1 0
20101108083 23:01:00 29355 0 1
20101108084 23:11:00 18581 0 0
