20100926001 09:09:00 84523 0 0
20100926002 09:19:00 49348 0 0
20100926003 09:29:00 22604 1 0
20100926004 09:39:00 58965 0 0
20100926005 09:49:00 17633 0 1
20100926006 09:59:00 61504 0 0
20100926007 10:10:00 16448 0 1
20100926008 10:20:00 17110 1 1
20100926009 10:30:00 28019 0 0
20100926010 10:40:00 60753 0 0
20100926011 10:50:00 80922 0 1
20100926012 11:00:00 10019 1 0
20100926013 11:10:00 83630 0 0
20100926014 11:21:00 40039 1 0
20100926015 11:31:00 65850 0 0
20100926016 11:41:00 76996 0 1
20100926017 11:51:00 80866 1 1
20100926018 12:01:00 58003 0 1
20100926019 12:11:00 55722 1 1
20100926020 12:22:00 54296 0 0
20100926021 12:32:00 92965 1 0
20100926022 12:42:00 85627 0 0
20100926023 12:52:00 70155 0 1
20100926024 13:02:00 29963 1 0
20100926025 13:12:00 80606 0 1
20100926026 13:22:00 30425 0 0
20100926027 13:33:00 71031 0 0
20100926028 13:43:00 05188 0 1
20100926029 13:53:00 43191 0 1
20100926030 14:03:00 67971 0 0
20100926031 14:13:00 53780 0 0
20100926032 14:23:00 97451 0 0
20100926033 14:33:00 62417 0 0
20100926034 14:44:00 56972 0 0
20100926035 14:54:00 91637 0 0
20100926036 15:04:00 83826 1 0
20100926037 15:14:00 79990 1 1
20100926038 15:24:00 29383 0 1
20100926039 15:34:00 14129 1 0
20100926040 15:45:00 49066 0 1
20100926041 15:55:00 12771 0 1
20100926042 16:05:00 07674 0 0
20100926043 16:15:00 00899 1 1
20100926044 16:25:00 18839 1 0
20100926045 16:35:00 06611 1 1
20100926046 16:45:00 30534 0 0
20100926047 16:56:00 84598 0 0
20100926048 17:06:00 79227 0 1
20100926049 17:16:00 45661 0 1
20100926050 17:26:00 17012 0 0
20100926051 17:36:00 10101 1 1
20100926052 17:46:00 62302 0 0
20100926053 17:56:00 88728 1 0
20100926054 18:07:00 79716 1 0
20100926055 18:17:00 87294 0 0
20100926056 18:27:00 01904 0 0
20100926057 18:37:00 63224 0 1
20100926058 18:47:00 17201 0 0
20100926059 18:57:00 30343 1 1
20100926060 19:08:00 55254 1 0
20100926061 19:18:00 04857 0 0
20100926062 19:28:00 84628 0 0
20100926063 19:38:00 66230 1 0
20100926064 19:48:00 04360 0 0
20100926065 19:58:00 62407 0 0
20100926066 20:08:00 41200 0 1
20100926067 20:19:00 07336 0 1
20100926068 20:29:00 50702 0 0
20100926069 20:39:00 88716 1 0
20100926070 20:49:00 13038 0 0
20100926071 20:59:00 27284 1 0
20100926072 21:09:00 28985 0 0
20100926073 21:19:00 50993 0 1
20100926074 21:30:00 70725 1 0
20100926075 21:40:00 40377 0 1
20100926076 21:50:00 17449 0 1
20100926077 22:00:00 68094 0 0
20100926078 22:10:00 32660 0 1
20100926079 22:20:00 32516 0 0
20100926080 22:31:00 61062 0 0
20100926081 22:41:00 29619 0 0
20100926082 22:51:00 33520 1 0
20100926083 23:01:00 40674 0 0
20100926084 23:11:00 88641 1 0
