20100210001 09:09:00 15259 0 0
20100210002 09:19:00 54916 0 0
20100210003 09:29:00 26700 0 1
20100210004 09:39:00 76516 0 0
20100210005 09:49:00 51281 0 0
20100210006 09:59:00 45374 0 0
20100210007 10:10:00 52793 0 0
20100210008 10:20:00 00746 1 0
20100210009 10:30:00 33820 1 0
20100210010 10:40:00 39767 0 1
20100210011 10:50:00 69803 0 0
20100210012 11:00:00 12487 0 0
20100210013 11:10:00 46855 0 1
20100210014 11:21:00 15006 0 1
20100210015 11:31:00 63384 1 0
20100210016 11:41:00 30262 0 1
20100210017 11:51:00 41189 1 0
20100210018 12:01:00 93512 0 0
20100210019 12:11:00 49339 0 1
20100210020 12:22:00 99152 1 0
20100210021 12:32:00 63138 0 0
20100210022 12:42:00 72362 0 0
20100210023 12:52:00 65444 0 1
20100210024 13:02:00 08357 0 0
20100210025 13:12:00 16357 0 0
20100210026 13:22:00 09240 0 0
20100210027 13:33:00 61587 0 0
20100210028 13:43:00 65485 0 0
20100210029 13:53:00 30839 0 0
20100210030 14:03:00 94856 0 0
20100210031 14:13:00 79612 0 0
20100210032 14:23:00 68490 0 0
20100210033 14:33:00 04271 0 0
20100210034 14:44:00 43047 0 0
20100210035 14:54:00 87369 0 0
20100210036 15:04:00 57150 0 0
20100210037 15:14:00 54939 0 1
20100210038 15:24:00 62077 0 1
20100210039 15:34:00 34921 0 0
20100210040 15:45:00 60083 1 0
20100210041 15:55:00 87569 0 0
20100210042 16:05:00 06452 0 0
20100210043 16:15:00 36151 0 1
20100210044 16:25:00 11477 1 1
20100210045 16:35:00 70948 0 0
20100210046 16:45:00 95672 0 0
20100210047 16:56:00 02988 0 1
20100210048 17:06:00 33733 1 1
20100210049 17:16:00 26785 0 0
20100210050 17:26:00 14544 0 1
20100210051 17:36:00 22497 1 0
20100210052 17:46:00 21727 0 1
20100210053 17:56:00 27860 0 0
20100210054 18:07:00 52226 1 1
20100210055 18:17:00 91968 1 0
20100210056 18:27:00 34392 1 0
20100210057 18:37:00 85563 1 0
20100210058 18:47:00 77721 1 0
20100210059 18:57:00 48773 0 1
20100210060 19:08:00 45098 0 0
20100210061 19:18:00 74878 0 1
20100210062 19:28:00 19246 0 0
20100210063 19:38:00 24008 0 1
20100210064 19:48:00 63581 0 0
20100210065 19:58:00 15271 0 0
20100210066 20:08:00 51739 0 0
20100210067 20:19:00 23739 0 0
20100210068 20:29:00 19273 0 0
20100210069 20:39:00 75883 0 1
20100210070 20:49:00 87134 0 0
20100210071 20:59:00 78788 1 1
20100210072 21:09:00 72994 0 1
20100210073 21:19:00 49919 1 1
20100210074 21:30:00 78012 0 0
20100210075 21:40:00 55214 1 0
20100210076 21:50:00 04313 0 1
20100210077 22:00:00 41690 0 0
20100210078 22:10:00 14485 1 0
20100210079 22:20:00 67435 0 0
20100210080 22:31:00 69341 0 0
20100210081 22:41:00 32348 1 0
20100210082 22:51:00 66197 1 0
20100210083 23:01:00 16363 0 1
20100210084 23:11:00 57413 0 0
