20100604001 09:09:00 28739 0 0
20100604002 09:19:00 97621 0 0
20100604003 09:29:00 22867 1 0
20100604004 09:39:00 99602 1 0
20100604005 09:49:00 07311 0 1
20100604006 09:59:00 62132 0 0
20100604007 10:10:00 99732 1 0
20100604008 10:20:00 65815 0 0
20100604009 10:30:00 44599 1 1
20100604010 10:40:00 87616 0 1
20100604011 10:50:00 65018 0 0
20100604012 11:00:00 73929 0 1
20100604013 11:10:00 30072 1 0
20100604014 11:21:00 86240 0 0
20100604015 11:31:00 09671 0 0
20100604016 11:41:00 90334 0 1
20100604017 11:51:00 80057 1 0
20100604018 12:01:00 53463 0 0
20100604019 12:11:00 74392 0 0
20100604020 12:22:00 83418 0 0
20100604021 12:32:00 76182 0 0
20100604022 12:42:00 60509 0 0
20100604023 12:52:00 43107 0 0
20100604024 13:02:00 36696 1 1
20100604025 13:12:00 06717 0 1
20100604026 13:22:00 71481 0 0
20100604027 13:33:00 76556 0 1
20100604028 13:43:00 52153 0 0
20100604029 13:53:00 63067 0 0
20100604030 14:03:00 17205 0 0
20100604031 14:13:00 60881 0 1
20100604032 14:23:00 60544 0 1
20100604033 14:33:00 31346 1 0
20100604034 14:44:00 28069 0 0
20100604035 14:54:00 82506 0 0
20100604036 15:04:00 63570 0 0
20100604037 15:14:00 55540 1 0
20100604038 15:24:00 22216 1 0
20100604039 15:34:00 86857 1 0
20100604040 15:45:00 66567 1 0
20100604041 15:55:00 67560 0 0
20100604042 16:05:00 06617 1 0
20100604043 16:15:00 72698 0 0
20100604044 16:25:00 67993 0 1
20100604045 16:35:00 24858 0 1
20100604046 16:45:00 49508 0 0
20100604047 16:56:00 82890 1 0
20100604048 17:06:00 04469 1 0
20100604049 17:16:00 19590 0 0
20100604050 17:26:00 23071 0 0
20100604051 17:36:00 86488 0 1
20100604052 17:46:00 50940 0 0
20100604053 17:56:00 54991 0 1
20100604054 18:07:00 94839 0 0
20100604055 18:17:00 02101 0 1
20100604056 18:27:00 27279 1 0
20100604057 18:37:00 98960 1 0
20100604058 18:47:00 91023 0 0
20100604059 18:57:00 36332 1 1
20100604060 19:08:00 97688 0 1
20100604061 19:18:00 41065 0 0
20100604062 19:28:00 64847 0 0
20100604063 19:38:00 52099 0 1
20100604064 19:48:00 29040 0 1
20100604065 19:58:00 02644 0 1
20100604066 20:08:00 68204 0 0
20100604067 20:19:00 89580 0 0
20100604068 20:29:00 08501 0 0
20100604069 20:39:00 17181 1 1
20100604070 20:49:00 29614 0 0
20100604071 20:59:00 29814 0 0
20100604072 21:09:00 07496 0 0
20100604073 21:19:00 04381 0 0
20100604074 21:30:00 80537 0 0
20100604075 21:40:00 58134 0 0
20100604076 21:50:00 22977 1 1
20100604077 22:00:00 26017 0 0
20100604078 22:10:00 42694 0 0
20100604079 22:20:00 14626 0 1
20100604080 22:31:00 77311 1 1
20100604081 22:41:00 37182 0 0
20100604082 22:51:00 75157 0 0
20100604083 23:01:00 73146 0 0
20100604084 23:11:00 47396 0 0
