20100310001 09:09:00 94038 0 0
20100310002 09:19:00 31444 0 1
20100310003 09:29:00 04328 0 0
20100310004 09:39:00 25178 0 0
20100310005 09:49:00 86274 0 0
20100310006 09:59:00 19678 0 0
20100310007 10:10:00 07138 0 0
20100310008 10:20:00 26470 0 0
20100310009 10:30:00 73480 0 0
20100310010 10:40:00 54260 0 0
20100310011 10:50:00 13009 0 1
20100310012 11:00:00 66446 1 1
20100310013 11:10:00 46525 0 1
20100310014 11:21:00 40124 0 0
20100310015 11:31:00 57910 0 0
20100310016 11:41:00 23979 0 1
20100310017 11:51:00 69288 0 1
20100310018 12:01:00 57946 0 0
20100310019 12:11:00 96342 0 0
20100310020 12:22:00 41912 0 0
20100310021 12:32:00 02486 0 0
20100310022 12:42:00 55752 1 0
20100310023 12:52:00 93608 0 0
20100310024 13:02:00 40195 0 0
20100310025 13:12:00 96908 1 0
20100310026 13:22:00 48832 1 0
20100310027 13:33:00 95024 0 0
20100310028 13:43:00 72025 0 0
20100310029 13:53:00 00545 1 1
20100310030 14:03:00 24620 0 0
20100310031 14:13:00 66515 1 1
20100310032 14:23:00 03634 0 0
20100310033 14:33:00 76291 0 0
20100310034 14:44:00 39205 0 0
20100310035 14:54:00 38754 0 0
20100310036 15:04:00 37639 0 0
20100310037 15:14:00 74049 0 0
20100310038 15:24:00 49033 0 1
20100310039 15:34:00 98597 0 0
20100310040 15:45:00 18975 0 0
20100310041 15:55:00 65244 0 1
20100310042 16:05:00 24806 0 0
20100310043 16:15:00 37611 0 1
20100310044 16:25:00 69005 0 1
20100310045 16:35:00 60791 0 0
20100310046 16:45:00 85881 1 1
20100310047 16:56:00 28651 0 0
20100310048 17:06:00 66383 1 1
20100310049 17:16:00 12115 1 1
20100310050 17:26:00 82283 1 0
20100310051 17:36:00 00535 1 1
20100310052 17:46:00 04447 1 1
20100310053 17:56:00 98751 0 0
20100310054 18:07:00 37208 0 0
20100310055 18:17:00 26415 0 0
20100310056 18:27:00 25248 1 0
20100310057 18:37:00 00279 1 0
20100310058 18:47:00 54801 0 0
20100310059 18:57:00 82333 0 1
20100310060 19:08:00 86323 0 1
20100310061 19:18:00 51998 0 1
20100310062 19:28:00 90384 0 0
20100310063 19:38:00 93084 0 0
20100310064 19:48:00 11009 1 1
20100310065 19:58:00 62184 0 0
20100310066 20:08:00 82762 0 0
20100310067 20:19:00 29925 1 0
20100310068 20:29:00 94436 1 0
20100310069 20:39:00 82802 1 0
20100310070 20:49:00 16751 0 0
20100310071 20:59:00 09492 0 0
20100310072 21:09:00 03671 0 0
20100310073 21:19:00 65823 0 0
20100310074 21:30:00 87769 1 0
20100310075 21:40:00 43314 1 0
20100310076 21:50:00 59695 0 0
20100310077 22:00:00 20071 1 0
20100310078 22:10:00 10382 0 0
20100310079 22:20:00 34469 1 0
20100310080 22:31:00 36509 0 0
20100310081 22:41:00 27317 0 0
20100310082 22:51:00 69366 0 1
20100310083 23:01:00 95429 0 0
20100310084 23:11:00 21266 1 1
