20100328001 09:09:00 62151 0 1
20100328002 09:19:00 14570 0 0
20100328003 09:29:00 55569 1 0
20100328004 09:39:00 88771 1 1
20100328005 09:49:00 54558 1 1
20100328006 09:59:00 33490 1 0
20100328007 10:10:00 67483 0 0
20100328008 10:20:00 93692 0 0
20100328009 10:30:00 31655 0 1
20100328010 10:40:00 01010 1 1
20100328011 10:50:00 89973 1 0
20100328012 11:00:00 90415 0 0
20100328013 11:10:00 45766 0 1
20100328014 11:21:00 51709 0 0
20100328015 11:31:00 10474 0 1
20100328016 11:41:00 82268 1 0
20100328017 11:51:00 66771 1 1
20100328018 12:01:00 17981 0 0
20100328019 12:11:00 03177 0 1
20100328020 12:22:00 00924 1 0
20100328021 12:32:00 60470 0 0
20100328022 12:42:00 51926 0 0
20100328023 12:52:00 37679 0 0
20100328024 13:02:00 61248 0 0
20100328025 13:12:00 53654 0 0
20100328026 13:22:00 86262 0 1
20100328027 13:33:00 44742 1 0
20100328028 13:43:00 15831 0 0
20100328029 13:53:00 51946 0 0
20100328030 14:03:00 10738 0 0
20100328031 14:13:00 81959 0 1
20100328032 14:23:00 60910 0 0
20100328033 14:33:00 27504 0 0
20100328034 14:44:00 80190 0 0
20100328035 14:54:00 26171 0 1
20100328036 15:04:00 36697 1 0
20100328037 15:14:00 62256 1 0
20100328038 15:24:00 14007 0 1
20100328039 15:34:00 83328 1 0
20100328040 15:45:00 06258 0 0
20100328041 15:55:00 62978 0 0
20100328042 16:05:00 04944 0 1
20100328043 16:15:00 07827 0 0
20100328044 16:25:00 71423 0 0
20100328045 16:35:00 41243 0 0
20100328046 16:45:00 83296 0 0
20100328047 16:56:00 93150 0 0
20100328048 17:06:00 27571 0 0
20100328049 17:16:00 01766 0 1
20100328050 17:26:00 27831 0 0
20100328051 17:36:00 31432 0 0
20100328052 17:46:00 82929 0 1
20100328053 17:56:00 78553 0 1
20100328054 18:07:00 55586 1 0
20100328055 18:17:00 21487 0 0
20100328056 18:27:00 53832 0 0
20100328057 18:37:00 64369 0 0
20100328058 18:47:00 58649 0 0
20100328059 18:57:00 61208 0 0
20100328060 19:08:00 62856 0 0
20100328061 19:18:00 52024 0 0
20100328062 19:28:00 84198 0 0
20100328063 19:38:00 50995 0 1
20100328064 19:48:00 45345 0 0
20100328065 19:58:00 08032 1 0
20100328066 20:08:00 55421 1 0
20100328067 20:19:00 54698 0 0
20100328068 20:29:00 35385 1 0
20100328069 20:39:00 25208 1 0
20100328070 20:49:00 31670 0 0
20100328071 20:59:00 39846 0 0
20100328072 21:09:00 91959 1 1
20100328073 21:19:00 65272 0 1
20100328074 21:30:00 08241 0 0
20100328075 21:40:00 42871 0 0
20100328076 21:50:00 90536 0 0
20100328077 22:00:00 92787 0 1
20100328078 22:10:00 69359 0 0
20100328079 22:20:00 64702 0 0
20100328080 22:31:00 35215 0 0
20100328081 22:41:00 32742 0 0
20100328082 22:51:00 68241 0 0
20100328083 23:01:00 10564 0 0
20100328084 23:11:00 27071 0 0
