20100322001 09:09:00 86457 0 0
20100322002 09:19:00 62305 0 0
20100322003 09:29:00 58628 0 0
20100322004 09:39:00 38035 0 0
20100322005 09:49:00 84455 1 1
20100322006 09:59:00 78015 0 0
20100322007 10:10:00 34537 0 0
20100322008 10:20:00 22210 1 0
20100322009 10:30:00 76235 0 0
20100322010 10:40:00 20425 0 0
20100322011 10:50:00 22220 1 1
20100322012 11:00:00 15747 0 1
20100322013 11:10:00 15995 0 1
20100322014 11:21:00 09173 0 0
20100322015 11:31:00 64410 1 0
20100322016 11:41:00 72285 1 0
20100322017 11:51:00 23005 0 1
20100322018 12:01:00 97099 0 1
20100322019 12:11:00 21921 0 0
20100322020 12:22:00 91481 0 0
20100322021 12:32:00 58109 0 0
20100322022 12:42:00 90862 0 0
20100322023 12:52:00 00308 1 0
20100322024 13:02:00 89678 0 0
20100322025 13:12:00 86743 0 0
20100322026 13:22:00 99698 1 0
20100322027 13:33:00 22230 1 0
20100322028 13:43:00 84719 0 0
20100322029 13:53:00 80110 0 1
20100322030 14:03:00 31282 0 1
20100322031 14:13:00 30368 1 0
20100322032 14:23:00 80576 0 0
20100322033 14:33:00 40757 0 1
20100322034 14:44:00 89655 0 1
20100322035 14:54:00 58073 0 0
20100322036 15:04:00 65708 0 0
20100322037 15:14:00 01965 0 0
20100322038 15:24:00 32260 1 0
20100322039 15:34:00 54154 0 0
20100322040 15:45:00 31297 0 0
20100322041 15:55:00 23022 0 1
20100322042 16:05:00 55585 1 1
20100322043 16:15:00 35770 0 1
20100322044 16:25:00 07467 0 0
20100322045 16:35:00 92212 1 1
20100322046 16:45:00 17308 0 0
20100322047 16:56:00 77496 1 0
20100322048 17:06:00 43720 0 0
20100322049 17:16:00 26912 0 0
20100322050 17:26:00 61353 0 1
20100322051 17:36:00 96240 0 0
20100322052 17:46:00 39284 0 0
20100322053 17:56:00 24995 0 1
20100322054 18:07:00 63508 0 0
20100322055 18:17:00 69447 0 1
20100322056 18:27:00 71241 0 0
20100322057 18:37:00 39831 0 0
20100322058 18:47:00 05987 0 0
20100322059 18:57:00 02884 0 1
20100322060 19:08:00 03484 0 1
20100322061 19:18:00 56391 0 0
20100322062 19:28:00 55013 1 0
20100322063 19:38:00 37178 0 0
20100322064 19:48:00 81437 0 0
20100322065 19:58:00 09131 0 1
20100322066 20:08:00 74883 0 1
20100322067 20:19:00 67459 0 0
20100322068 20:29:00 30565 0 1
20100322069 20:39:00 24751 0 0
20100322070 20:49:00 59318 0 0
20100322071 20:59:00 78997 0 1
20100322072 21:09:00 45801 0 0
20100322073 21:19:00 93774 0 1
20100322074 21:30:00 58273 0 0
20100322075 21:40:00 76143 0 0
20100322076 21:50:00 42409 1 0
20100322077 22:00:00 62718 0 0
20100322078 22:10:00 20549 0 0
20100322079 22:20:00 02201 1 0
20100322080 22:31:00 22907 1 0
20100322081 22:41:00 63850 0 0
20100322082 22:51:00 82877 1 1
20100322083 23:01:00 28295 1 0
20100322084 23:11:00 64326 0 0
