20100916001 09:09:00 43459 1 0
20100916002 09:19:00 90100 0 1
20100916003 09:29:00 84950 0 0
20100916004 09:39:00 82587 0 0
20100916005 09:49:00 72317 0 0
20100916006 09:59:00 17399 0 1
20100916007 10:10:00 91593 0 0
20100916008 10:20:00 33093 1 0
20100916009 10:30:00 62203 1 0
20100916010 10:40:00 35719 0 0
20100916011 10:50:00 76404 0 1
20100916012 11:00:00 68439 0 0
20100916013 11:10:00 20731 0 0
20100916014 11:21:00 58137 0 0
20100916015 11:31:00 51179 1 0
20100916016 11:41:00 50818 0 1
20100916017 11:51:00 26116 0 1
20100916018 12:01:00 28368 0 0
20100916019 12:11:00 32815 0 0
20100916020 12:22:00 65474 0 1
20100916021 12:32:00 62397 0 0
20100916022 12:42:00 49192 0 0
20100916023 12:52:00 65632 1 0
20100916024 13:02:00 45721 0 0
20100916025 13:12:00 22077 1 1
20100916026 13:22:00 03815 0 0
20100916027 13:33:00 68350 0 0
20100916028 13:43:00 13230 0 0
20100916029 13:53:00 76018 0 0
20100916030 14:03:00 12642 0 0
20100916031 14:13:00 18361 0 0
20100916032 14:23:00 04478 1 0
20100916033 14:33:00 64281 0 0
20100916034 14:44:00 31331 1 1
20100916035 14:54:00 55602 1 0
20100916036 15:04:00 01690 0 0
20100916037 15:14:00 63491 0 0
20100916038 15:24:00 64752 0 0
20100916039 15:34:00 01937 0 0
20100916040 15:45:00 15034 0 0
20100916041 15:55:00 92247 1 0
20100916042 16:05:00 28422 0 1
20100916043 16:15:00 72136 0 0
20100916044 16:25:00 37401 0 0
20100916045 16:35:00 06128 0 0
20100916046 16:45:00 94986 1 0
20100916047 16:56:00 98238 0 0
20100916048 17:06:00 57640 0 0
20100916049 17:16:00 25376 0 0
20100916050 17:26:00 03100 0 1
20100916051 17:36:00 06985 0 0
20100916052 17:46:00 91238 0 0
20100916053 17:56:00 10996 0 1
20100916054 18:07:00 06567 0 0
20100916055 18:17:00 14539 0 0
20100916056 18:27:00 30032 1 0
20100916057 18:37:00 30890 0 0
20100916058 18:47:00 92895 0 0
20100916059 18:57:00 27113 0 1
20100916060 19:08:00 26601 1 0
20100916061 19:18:00 88973 1 0
20100916062 19:28:00 97014 0 0
20100916063 19:38:00 45028 0 0
20100916064 19:48:00 84471 1 0
20100916065 19:58:00 09310 0 0
20100916066 20:08:00 47021 0 0
20100916067 20:19:00 66731 1 0
20100916068 20:29:00 97229 0 1
20100916069 20:39:00 15694 0 0
20100916070 20:49:00 04471 1 0
20100916071 20:59:00 88534 1 0
20100916072 21:09:00 23059 0 0
20100916073 21:19:00 25805 0 0
20100916074 21:30:00 03645 0 0
20100916075 21:40:00 66247 1 0
20100916076 21:50:00 31464 0 1
20100916077 22:00:00 18227 0 1
20100916078 22:10:00 98334 0 1
20100916079 22:20:00 54889 0 1
20100916080 22:31:00 29830 0 0
20100916081 22:41:00 33690 1 0
20100916082 22:51:00 98320 0 0
20100916083 23:01:00 00719 1 0
20100916084 23:11:00 38530 0 0
