20100909001 09:09:00 29800 0 1
20100909002 09:19:00 97948 1 0
20100909003 09:29:00 95573 1 0
20100909004 09:39:00 42746 0 0
20100909005 09:49:00 28083 0 0
20100909006 09:59:00 99968 1 0
20100909007 10:10:00 31789 0 0
20100909008 10:20:00 92251 1 0
20100909009 10:30:00 01398 0 0
20100909010 10:40:00 71761 1 0
20100909011 10:50:00 79986 1 0
20100909012 11:00:00 79627 0 0
20100909013 11:10:00 64178 0 0
20100909014 11:21:00 47734 1 0
20100909015 11:31:00 45426 1 0
20100909016 11:41:00 72943 0 0
20100909017 11:51:00 75379 0 0
20100909018 12:01:00 43928 0 0
20100909019 12:11:00 85179 0 0
20100909020 12:22:00 19638 0 0
20100909021 12:32:00 61706 0 0
20100909022 12:42:00 35107 0 0
20100909023 12:52:00 61973 0 0
20100909024 13:02:00 83492 0 0
20100909025 13:12:00 42189 0 0
20100909026 13:22:00 83639 0 0
20100909027 13:33:00 38879 1 0
20100909028 13:43:00 07847 0 0
20100909029 13:53:00 58792 0 0
20100909030 14:03:00 75378 0 0
20100909031 14:13:00 90470 0 0
20100909032 14:23:00 82771 0 1
20100909033 14:33:00 07417 0 0
20100909034 14:44:00 71511 0 1
20100909035 14:54:00 34474 1 1
20100909036 15:04:00 36731 0 0
20100909037 15:14:00 07526 0 0
20100909038 15:24:00 93063 0 0
20100909039 15:34:00 91804 0 0
20100909040 15:45:00 49090 0 1
20100909041 15:55:00 41079 0 0
20100909042 16:05:00 98002 0 1
20100909043 16:15:00 25107 0 0
20100909044 16:25:00 22454 1 1
20100909045 16:35:00 95427 0 0
20100909046 16:45:00 04978 0 0
20100909047 16:56:00 33628 1 0
20100909048 17:06:00 55424 1 1
20100909049 17:16:00 79818 0 1
20100909050 17:26:00 31953 0 0
20100909051 17:36:00 41790 0 0
20100909052 17:46:00 43385 1 0
20100909053 17:56:00 78839 1 0
20100909054 18:07:00 02337 0 1
20100909055 18:17:00 28517 0 0
20100909056 18:27:00 11818 1 1
20100909057 18:37:00 54109 0 0
20100909058 18:47:00 13888 0 1
20100909059 18:57:00 54331 0 1
20100909060 19:08:00 47108 0 0
20100909061 19:18:00 81630 0 0
20100909062 19:28:00 31295 0 0
20100909063 19:38:00 40209 0 0
20100909064 19:48:00 79661 0 1
20100909065 19:58:00 71048 0 0
20100909066 20:08:00 99624 1 0
20100909067 20:19:00 46240 0 0
20100909068 20:29:00 12525 0 1
20100909069 20:39:00 38818 1 1
20100909070 20:49:00 07268 0 0
20100909071 20:59:00 00202 1 1
20100909072 21:09:00 43903 0 0
20100909073 21:19:00 86103 0 0
20100909074 21:30:00 89257 0 0
20100909075 21:40:00 95938 1 0
20100909076 21:50:00 98573 0 0
20100909077 22:00:00 33621 1 0
20100909078 22:10:00 97633 0 1
20100909079 22:20:00 02211 1 1
20100909080 22:31:00 12208 1 0
20100909081 22:41:00 43324 1 0
20100909082 22:51:00 19876 0 0
20100909083 23:01:00 81407 0 0
20100909084 23:11:00 42923 0 0
