20101122001 09:09:00 18479 0 0
20101122002 09:19:00 10158 1 0
20101122003 09:29:00 49656 0 1
20101122004 09:39:00 86613 1 0
20101122005 09:49:00 97507 0 0
20101122006 09:59:00 10531 0 0
20101122007 10:10:00 63919 0 1
20101122008 10:20:00 69446 0 1
20101122009 10:30:00 58968 0 0
20101122010 10:40:00 64083 0 0
20101122011 10:50:00 33304 1 0
20101122012 11:00:00 52150 0 0
20101122013 11:10:00 59820 0 0
20101122014 11:21:00 87575 0 1
20101122015 11:31:00 33080 1 1
20101122016 11:41:00 91711 0 1
20101122017 11:51:00 48725 0 0
20101122018 12:01:00 62624 1 0
20101122019 12:11:00 48969 0 1
20101122020 12:22:00 33482 1 0
20101122021 12:32:00 04777 0 1
20101122022 12:42:00 10890 0 0
20101122023 12:52:00 52004 0 1
20101122024 13:02:00 73794 1 0
20101122025 13:12:00 70298 0 0
20101122026 13:22:00 41179 1 0
20101122027 13:33:00 59623 0 0
20101122028 13:43:00 85115 0 1
20101122029 13:53:00 14431 1 0
20101122030 14:03:00 66053 1 0
20101122031 14:13:00 47918 0 0
20101122032 14:23:00 80910 0 0
20101122033 14:33:00 42105 0 0
20101122034 14:44:00 19479 0 0
20101122035 14:54:00 31937 0 0
20101122036 15:04:00 12249 1 0
20101122037 15:14:00 26325 0 0
20101122038 15:24:00 66694 1 0
20101122039 15:34:00 86769 0 0
20101122040 15:45:00 96311 0 1
20101122041 15:55:00 91871 0 0
20101122042 16:05:00 01866 0 1
20101122043 16:15:00 17210 0 0
20101122044 16:25:00 44861 1 0
20101122045 16:35:00 74946 0 0
20101122046 16:45:00 19217 0 0
20101122047 16:56:00 11288 1 1
20101122048 17:06:00 31145 1 0
20101122049 17:16:00 18456 0 0
20101122050 17:26:00 87507 0 0
20101122051 17:36:00 48336 0 1
20101122052 17:46:00 76084 0 0
20101122053 17:56:00 68945 0 0
20101122054 18:07:00 09011 1 1
20101122055 18:17:00 96327 0 0
20101122056 18:27:00 90668 0 1
20101122057 18:37:00 65252 0 1
20101122058 18:47:00 89542 0 0
20101122059 18:57:00 86640 1 0
20101122060 19:08:00 92004 0 1
20101122061 19:18:00 24227 1 1
20101122062 19:28:00 96854 0 0
20101122063 19:38:00 58192 0 0
20101122064 19:48:00 98505 0 1
20101122065 19:58:00 29357 0 0
20101122066 20:08:00 89141 0 1
20101122067 20:19:00 22681 1 0
20101122068 20:29:00 04954 0 0
20101122069 20:39:00 98107 0 0
20101122070 20:49:00 81083 0 0
20101122071 20:59:00 18961 0 0
20101122072 21:09:00 71056 0 0
20101122073 21:19:00 15337 0 1
20101122074 21:30:00 17226 0 1
20101122075 21:40:00 36167 0 0
20101122076 21:50:00 04351 0 0
20101122077 22:00:00 27382 0 0
20101122078 22:10:00 11207 1 0
20101122079 22:20:00 48606 0 1
20101122080 22:31:00 09979 1 1
20101122081 22:41:00 81312 0 0
20101122082 22:51:00 22215 1 0
20101122083 23:01:00 25133 0 1
20101122084 23:11:00 57570 1 0
