20100421001 09:09:00 83998 0 1
20100421002 09:19:00 17928 0 0
20100421003 09:29:00 92829 0 0
20100421004 09:39:00 08499 0 1
20100421005 09:49:00 25449 0 1
20100421006 09:59:00 14999 0 1
20100421007 10:10:00 71840 0 0
20100421008 10:20:00 30731 0 0
20100421009 10:30:00 79288 0 1
20100421010 10:40:00 97368 0 0
20100421011 10:50:00 87414 0 1
20100421012 11:00:00 59527 1 0
20100421013 11:10:00 45822 0 1
20100421014 11:21:00 88246 1 0
20100421015 11:31:00 82570 0 0
20100421016 11:41:00 34081 0 0
20100421017 11:51:00 99451 1 0
20100421018 12:01:00 92421 0 0
20100421019 12:11:00 42212 1 1
20100421020 12:22:00 32517 0 0
20100421021 12:32:00 95085 0 0
20100421022 12:42:00 21614 0 0
20100421023 12:52:00 97040 0 1
20100421024 13:02:00 35624 0 0
20100421025 13:12:00 40057 1 0
20100421026 13:22:00 06794 0 0
20100421027 13:33:00 22386 1 0
20100421028 13:43:00 67195 0 0
20100421029 13:53:00 98089 0 0
20100421030 14:03:00 36827 0 0
20100421031 14:13:00 15383 0 1
20100421032 14:23:00 81039 0 0
20100421033 14:33:00 47866 0 1
20100421034 14:44:00 63862 0 0
20100421035 14:54:00 88541 1 0
20100421036 15:04:00 48215 0 0
20100421037 15:14:00 94824 0 0
20100421038 15:24:00 80363 0 1
20100421039 15:34:00 44540 1 0
20100421040 15:45:00 91163 1 0
20100421041 15:55:00 95068 0 0
20100421042 16:05:00 90850 0 0
20100421043 16:15:00 44845 1 0
20100421044 16:25:00 37174 0 0
20100421045 16:35:00 97426 0 0
20100421046 16:45:00 84131 0 1
20100421047 16:56:00 33366 1 1
20100421048 17:06:00 88970 1 0
20100421049 17:16:00 27776 1 1
20100421050 17:26:00 68383 0 1
20100421051 17:36:00 66535 1 1
20100421052 17:46:00 89332 0 1
20100421053 17:56:00 65013 0 0
20100421054 18:07:00 58061 0 0
20100421055 18:17:00 37141 0 1
20100421056 18:27:00 39819 0 0
20100421057 18:37:00 81757 0 1
20100421058 18:47:00 86032 0 0
20100421059 18:57:00 86323 0 1
20100421060 19:08:00 97530 0 0
20100421061 19:18:00 04729 0 0
20100421062 19:28:00 13535 0 1
20100421063 19:38:00 83204 0 0
20100421064 19:48:00 16406 0 0
20100421065 19:58:00 52872 0 0
20100421066 20:08:00 42711 0 1
20100421067 20:19:00 90675 0 0
20100421068 20:29:00 10715 0 0
20100421069 20:39:00 00904 1 0
20100421070 20:49:00 74689 0 0
20100421071 20:59:00 47318 0 0
20100421072 21:09:00 38721 0 0
20100421073 21:19:00 78496 0 0
20100421074 21:30:00 78803 1 0
20100421075 21:40:00 21172 1 0
20100421076 21:50:00 27619 0 0
20100421077 22:00:00 33318 1 0
20100421078 22:10:00 72882 0 1
20100421079 22:20:00 26876 0 0
20100421080 22:31:00 03651 0 0
20100421081 22:41:00 47236 0 0
20100421082 22:51:00 62384 0 0
20100421083 23:01:00 91539 0 0
20100421084 23:11:00 46619 1 0
