20100211001 09:09:00 43274 0 0
20100211002 09:19:00 62496 0 0
20100211003 09:29:00 52886 0 1
20100211004 09:39:00 82078 0 0
20100211005 09:49:00 29707 0 1
20100211006 09:59:00 69005 0 1
20100211007 10:10:00 78521 0 0
20100211008 10:20:00 59300 0 1
20100211009 10:30:00 43121 0 1
20100211010 10:40:00 93449 0 1
20100211011 10:50:00 07058 1 0
20100211012 11:00:00 02907 0 0
20100211013 11:10:00 77328 1 0
20100211014 11:21:00 25767 0 1
20100211015 11:31:00 64127 0 0
20100211016 11:41:00 38487 0 0
20100211017 11:51:00 90918 1 0
20100211018 12:01:00 74764 1 0
20100211019 12:11:00 16207 0 0
20100211020 12:22:00 32893 0 0
20100211021 12:32:00 16557 0 1
20100211022 12:42:00 01141 1 1
20100211023 12:52:00 31790 0 0
20100211024 13:02:00 86082 0 0
20100211025 13:12:00 36228 0 1
20100211026 13:22:00 01267 0 0
20100211027 13:33:00 38999 0 1
20100211028 13:43:00 10724 0 0
20100211029 13:53:00 99137 1 0
20100211030 14:03:00 48986 0 0
20100211031 14:13:00 75509 1 0
20100211032 14:23:00 38239 0 0
20100211033 14:33:00 19080 0 1
20100211034 14:44:00 36951 0 0
20100211035 14:54:00 69622 1 1
20100211036 15:04:00 74064 0 0
20100211037 15:14:00 29046 0 0
20100211038 15:24:00 84126 0 0
20100211039 15:34:00 23391 1 0
20100211040 15:45:00 77746 1 0
20100211041 15:55:00 76274 0 0
20100211042 16:05:00 23807 0 0
20100211043 16:15:00 86935 0 0
20100211044 16:25:00 91172 1 0
20100211045 16:35:00 93357 1 0
20100211046 16:45:00 44676 1 1
20100211047 16:56:00 62413 0 0
20100211048 17:06:00 94269 0 0
20100211049 17:16:00 75979 0 1
20100211050 17:26:00 30979 0 1
20100211051 17:36:00 01806 0 0
20100211052 17:46:00 66386 1 0
20100211053 17:56:00 44407 1 0
20100211054 18:07:00 50333 0 1
20100211055 18:17:00 36682 1 0
20100211056 18:27:00 96407 0 0
20100211057 18:37:00 50005 1 1
20100211058 18:47:00 65451 0 0
20100211059 18:57:00 58661 0 1
20100211060 19:08:00 99813 1 0
20100211061 19:18:00 93998 1 1
20100211062 19:28:00 38931 0 0
20100211063 19:38:00 20789 0 0
20100211064 19:48:00 57619 0 0
20100211065 19:58:00 04039 1 0
20100211066 20:08:00 98867 1 0
20100211067 20:19:00 57593 1 0
20100211068 20:29:00 70375 0 0
20100211069 20:39:00 18973 0 0
20100211070 20:49:00 63808 0 1
20100211071 20:59:00 95675 0 0
20100211072 21:09:00 29151 0 1
20100211073 21:19:00 53305 1 0
20100211074 21:30:00 27559 0 1
20100211075 21:40:00 92801 0 0
20100211076 21:50:00 35439 0 0
20100211077 22:00:00 81611 0 1
20100211078 22:10:00 00519 1 0
20100211079 22:20:00 97729 1 0
20100211080 22:31:00 46243 0 0
20100211081 22:41:00 48234 0 0
20100211082 22:51:00 91008 0 1
20100211083 23:01:00 50971 0 0
20100211084 23:11:00 30769 0 0
