20100223001 09:09:00 21100 1 1
20100223002 09:19:00 78894 1 0
20100223003 09:29:00 69433 0 1
20100223004 09:39:00 88442 1 1
20100223005 09:49:00 25044 0 1
20100223006 09:59:00 49702 0 0
20100223007 10:10:00 17805 0 0
20100223008 10:20:00 57273 0 0
20100223009 10:30:00 37888 0 1
20100223010 10:40:00 82260 1 0
20100223011 10:50:00 83122 0 1
20100223012 11:00:00 82700 0 1
20100223013 11:10:00 10352 0 0
20100223014 11:21:00 27628 0 0
20100223015 11:31:00 20102 0 0
20100223016 11:41:00 19086 0 0
20100223017 11:51:00 89175 0 0
20100223018 12:01:00 41914 0 0
20100223019 12:11:00 35887 0 1
20100223020 12:22:00 89293 0 0
20100223021 12:32:00 75971 0 0
20100223022 12:42:00 21566 0 1
20100223023 12:52:00 86033 0 1
20100223024 13:02:00 17622 0 1
20100223025 13:12:00 82045 0 0
20100223026 13:22:00 81934 0 0
20100223027 13:33:00 64706 0 0
20100223028 13:43:00 17362 0 0
20100223029 13:53:00 49078 0 0
20100223030 14:03:00 05700 0 1
20100223031 14:13:00 12537 0 0
20100223032 14:23:00 07960 0 0
20100223033 14:33:00 55473 1 0
20100223034 14:44:00 80119 0 1
20100223035 14:54:00 49833 0 1
20100223036 15:04:00 77217 1 0
20100223037 15:14:00 76015 0 0
20100223038 15:24:00 17839 0 0
20100223039 15:34:00 43770 0 1
20100223040 15:45:00 23520 0 0
20100223041 15:55:00 24722 0 1
20100223042 16:05:00 90205 0 0
20100223043 16:15:00 78999 0 1
20100223044 16:25:00 19556 0 1
20100223045 16:35:00 57937 0 0
20100223046 16:45:00 83999 0 1
20100223047 16:56:00 12309 0 0
20100223048 17:06:00 85976 0 0
20100223049 17:16:00 85137 0 0
20100223050 17:26:00 76282 0 1
20100223051 17:36:00 77661 1 1
20100223052 17:46:00 29130 0 0
20100223053 17:56:00 54648 0 0
20100223054 18:07:00 33258 1 0
20100223055 18:17:00 66888 1 1
20100223056 18:27:00 02724 0 0
20100223057 18:37:00 50629 0 0
20100223058 18:47:00 07778 1 1
20100223059 18:57:00 63602 1 0
20100223060 19:08:00 31341 1 0
20100223061 19:18:00 66706 1 0
20100223062 19:28:00 45031 0 0
20100223063 19:38:00 77928 1 0
20100223064 19:48:00 61924 0 0
20100223065 19:58:00 22511 1 1
20100223066 20:08:00 51507 1 0
20100223067 20:19:00 50453 0 0
20100223068 20:29:00 17557 0 1
20100223069 20:39:00 69378 0 0
20100223070 20:49:00 51589 1 0
20100223071 20:59:00 20159 0 0
20100223072 21:09:00 21501 0 0
20100223073 21:19:00 02404 0 1
20100223074 21:30:00 97497 0 0
20100223075 21:40:00 82448 0 1
20100223076 21:50:00 10511 0 1
20100223077 22:00:00 23337 1 1
20100223078 22:10:00 07411 0 1
20100223079 22:20:00 57532 1 0
20100223080 22:31:00 64601 1 0
20100223081 22:41:00 94039 0 0
20100223082 22:51:00 27303 0 1
20100223083 23:01:00 28807 1 0
20100223084 23:11:00 71560 0 0
