20101229001 09:09:00 59451 0 0
20101229002 09:19:00 54426 1 0
20101229003 09:29:00 61381 0 0
20101229004 09:39:00 97008 0 1
20101229005 09:49:00 12063 0 0
20101229006 09:59:00 82238 1 0
20101229007 10:10:00 58776 0 1
20101229008 10:20:00 90960 1 0
20101229009 10:30:00 94680 0 0
20101229010 10:40:00 31086 0 0
20101229011 10:50:00 72241 1 0
20101229012 11:00:00 89809 1 0
20101229013 11:10:00 39384 1 0
20101229014 11:21:00 94143 0 0
20101229015 11:31:00 66054 1 0
20101229016 11:41:00 30633 0 1
20101229017 11:51:00 23653 0 0
20101229018 12:01:00 03396 1 0
20101229019 12:11:00 29212 1 1
20101229020 12:22:00 39185 0 0
20101229021 12:32:00 78869 1 0
20101229022 12:42:00 58060 0 1
20101229023 12:52:00 29603 0 0
20101229024 13:02:00 92165 0 0
20101229025 13:12:00 06255 0 1
20101229026 13:22:00 55166 1 1
20101229027 13:33:00 30522 0 1
20101229028 13:43:00 52213 1 0
20101229029 13:53:00 38754 0 0
20101229030 14:03:00 05758 0 0
20101229031 14:13:00 39283 0 0
20101229032 14:23:00 71413 0 0
20101229033 14:33:00 83794 0 0
20101229034 14:44:00 36586 0 0
20101229035 14:54:00 93125 0 0
20101229036 15:04:00 31298 0 0
20101229037 15:14:00 77029 1 0
20101229038 15:24:00 97776 1 1
20101229039 15:34:00 16823 0 0
20101229040 15:45:00 05511 1 1
20101229041 15:55:00 08473 0 0
20101229042 16:05:00 29841 0 0
20101229043 16:15:00 37007 0 1
20101229044 16:25:00 22158 1 0
20101229045 16:35:00 80870 1 0
20101229046 16:45:00 53547 1 0
20101229047 16:56:00 79110 0 1
20101229048 17:06:00 76965 0 0
20101229049 17:16:00 13484 0 1
20101229050 17:26:00 52354 0 0
20101229051 17:36:00 23464 0 1
20101229052 17:46:00 09507 0 0
20101229053 17:56:00 65438 0 0
20101229054 18:07:00 04310 0 0
20101229055 18:17:00 49028 0 0
20101229056 18:27:00 96140 0 0
20101229057 18:37:00 24088 0 1
20101229058 18:47:00 26976 0 0
20101229059 18:57:00 29059 0 0
20101229060 19:08:00 60942 0 0
20101229061 19:18:00 46359 0 0
20101229062 19:28:00 14099 0 1
20101229063 19:38:00 70221 0 1
20101229064 19:48:00 81131 1 1
20101229065 19:58:00 73994 0 1
20101229066 20:08:00 92270 1 0
20101229067 20:19:00 77832 1 0
20101229068 20:29:00 17059 0 0
20101229069 20:39:00 54197 0 0
20101229070 20:49:00 87405 0 0
20101229071 20:59:00 80336 0 1
20101229072 21:09:00 99514 1 0
20101229073 21:19:00 46690 1 0
20101229074 21:30:00 97093 0 0
20101229075 21:40:00 79028 0 0
20101229076 21:50:00 92194 0 0
20101229077 22:00:00 49444 1 1
20101229078 22:10:00 59325 0 0
20101229079 22:20:00 87182 0 0
20101229080 22:31:00 79194 0 0
20101229081 22:41:00 22736 1 0
20101229082 22:51:00 81273 0 0
20101229083 23:01:00 95289 0 0
20101229084 23:11:00 75509 1 0
