20100626001 09:09:00 56716 0 0
20100626002 09:19:00 50404 0 1
20100626003 09:29:00 37925 0 0
20100626004 09:39:00 79731 1 0
20100626005 09:49:00 96143 0 0
20100626006 09:59:00 51279 0 0
20100626007 10:10:00 29383 0 1
20100626008 10:20:00 81711 0 1
20100626009 10:30:00 00968 1 0
20100626010 10:40:00 70489 0 0
20100626011 10:50:00 08418 0 0
20100626012 11:00:00 02664 0 1
20100626013 11:10:00 25750 0 0
20100626014 11:21:00 67638 1 0
20100626015 11:31:00 51477 0 1
20100626016 11:41:00 91020 0 1
20100626017 11:51:00 66547 1 0
20100626018 12:01:00 38239 0 0
20100626019 12:11:00 40103 0 0
20100626020 12:22:00 84459 1 0
20100626021 12:32:00 29756 0 0
20100626022 12:42:00 73430 0 0
20100626023 12:52:00 57766 1 1
20100626024 13:02:00 65702 0 0
20100626025 13:12:00 97910 1 0
20100626026 13:22:00 13553 0 1
20100626027 13:33:00 99317 1 0
20100626028 13:43:00 11357 1 0
20100626029 13:53:00 71222 0 1
20100626030 14:03:00 08199 0 1
20100626031 14:13:00 27772 1 1
20100626032 14:23:00 65575 1 1
20100626033 14:33:00 80128 0 0
20100626034 14:44:00 90299 0 1
20100626035 14:54:00 29446 0 1
20100626036 15:04:00 52276 1 0
20100626037 15:14:00 36234 0 0
20100626038 15:24:00 09997 1 1
20100626039 15:34:00 31574 0 0
20100626040 15:45:00 90638 0 0
20100626041 15:55:00 95510 1 0
20100626042 16:05:00 21449 0 1
20100626043 16:15:00 45534 1 0
20100626044 16:25:00 23703 0 0
20100626045 16:35:00 22379 1 0
20100626046 16:45:00 76640 1 0
20100626047 16:56:00 99304 1 0
20100626048 17:06:00 45993 0 1
20100626049 17:16:00 39184 0 0
20100626050 17:26:00 26112 0 1
20100626051 17:36:00 68304 0 0
20100626052 17:46:00 22977 1 1
20100626053 17:56:00 99973 1 0
20100626054 18:07:00 07656 0 1
20100626055 18:17:00 87073 0 0
20100626056 18:27:00 58614 0 0
20100626057 18:37:00 28105 0 0
20100626058 18:47:00 48704 0 0
20100626059 18:57:00 07303 0 1
20100626060 19:08:00 82035 0 0
20100626061 19:18:00 52798 0 0
20100626062 19:28:00 35100 0 1
20100626063 19:38:00 96152 0 0
20100626064 19:48:00 88703 1 0
20100626065 19:58:00 78560 0 0
20100626066 20:08:00 44236 1 0
20100626067 20:19:00 09545 0 1
20100626068 20:29:00 56378 0 0
20100626069 20:39:00 39019 0 0
20100626070 20:49:00 33700 1 1
20100626071 20:59:00 00557 1 1
20100626072 21:09:00 73794 1 0
20100626073 21:19:00 23352 1 0
20100626074 21:30:00 61036 0 0
20100626075 21:40:00 22762 1 0
20100626076 21:50:00 16509 0 0
20100626077 22:00:00 47040 0 1
20100626078 22:10:00 43508 0 0
20100626079 22:20:00 06939 0 1
20100626080 22:31:00 52709 0 0
20100626081 22:41:00 71992 0 1
20100626082 22:51:00 10344 0 1
20100626083 23:01:00 60094 1 0
20100626084 23:11:00 26288 1 1
