20100812001 09:09:00 27919 0 1
20100812002 09:19:00 11797 1 1
20100812003 09:29:00 82056 0 0
20100812004 09:39:00 47845 0 0
20100812005 09:49:00 72297 1 0
20100812006 09:59:00 42625 0 0
20100812007 10:10:00 52281 1 0
20100812008 10:20:00 16161 1 1
20100812009 10:30:00 69151 0 1
20100812010 10:40:00 43437 1 0
20100812011 10:50:00 48073 0 0
20100812012 11:00:00 44917 1 0
20100812013 11:10:00 62856 0 0
20100812014 11:21:00 83835 1 0
20100812015 11:31:00 71944 0 1
20100812016 11:41:00 90362 0 0
20100812017 11:51:00 95415 0 0
20100812018 12:01:00 27563 0 0
20100812019 12:11:00 65822 0 1
20100812020 12:22:00 63363 1 1
20100812021 12:32:00 61317 0 0
20100812022 12:42:00 42797 0 1
20100812023 12:52:00 24265 1 0
20100812024 13:02:00 53430 0 0
20100812025 13:12:00 41236 0 0
20100812026 13:22:00 65345 0 0
20100812027 13:33:00 88044 1 1
20100812028 13:43:00 11809 1 0
20100812029 13:53:00 98516 0 0
20100812030 14:03:00 98407 0 0
20100812031 14:13:00 63233 0 1
20100812032 14:23:00 10620 0 0
20100812033 14:33:00 18422 0 1
20100812034 14:44:00 97677 0 1
20100812035 14:54:00 39012 0 0
20100812036 15:04:00 31095 0 0
20100812037 15:14:00 98935 1 0
20100812038 15:24:00 79725 1 0
20100812039 15:34:00 04374 0 0
20100812040 15:45:00 45362 0 0
20100812041 15:55:00 32261 1 0
20100812042 16:05:00 83222 0 1
20100812043 16:15:00 68921 0 0
20100812044 16:25:00 12474 0 1
20100812045 16:35:00 09504 0 0
20100812046 16:45:00 20243 1 0
20100812047 16:56:00 32280 1 0
20100812048 17:06:00 73962 0 0
20100812049 17:16:00 81342 0 0
20100812050 17:26:00 59931 1 0
20100812051 17:36:00 22039 1 0
20100812052 17:46:00 68965 0 0
20100812053 17:56:00 60558 0 1
20100812054 18:07:00 99513 1 0
20100812055 18:17:00 16051 0 0
20100812056 18:27:00 63202 0 1
20100812057 18:37:00 01616 0 1
20100812058 18:47:00 37738 1 0
20100812059 18:57:00 08859 1 0
20100812060 19:08:00 55601 1 0
20100812061 19:18:00 35607 0 0
20100812062 19:28:00 78874 1 0
20100812063 19:38:00 23251 1 0
20100812064 19:48:00 00187 1 0
20100812065 19:58:00 31456 0 0
20100812066 20:08:00 37671 0 0
20100812067 20:19:00 37678 0 0
20100812068 20:29:00 19559 0 1
20100812069 20:39:00 47408 1 0
20100812070 20:49:00 84761 0 0
20100812071 20:59:00 40409 1 0
20100812072 21:09:00 90752 0 0
20100812073 21:19:00 19298 0 0
20100812074 21:30:00 63826 0 0
20100812075 21:40:00 03895 0 0
20100812076 21:50:00 22740 1 0
20100812077 22:00:00 70623 0 0
20100812078 22:10:00 89436 0 0
20100812079 22:20:00 11697 1 0
20100812080 22:31:00 84679 0 0
20100812081 22:41:00 47167 0 0
20100812082 22:51:00 09051 1 0
20100812083 23:01:00 62016 0 0
20100812084 23:11:00 54779 0 1
