20110405001 09:09:00 57119 0 1
20110405002 09:19:00 65927 0 0
20110405003 09:29:00 40855 0 1
20110405004 09:39:00 48271 0 0
20110405005 09:49:00 83913 0 0
20110405006 09:59:00 31023 0 0
20110405007 10:10:00 75269 0 0
20110405008 10:20:00 63130 0 0
20110405009 10:30:00 76048 0 0
20110405010 10:40:00 32294 1 0
20110405011 10:50:00 19433 0 1
20110405012 11:00:00 99809 1 0
20110405013 11:10:00 38223 0 1
20110405014 11:21:00 51697 0 0
20110405015 11:31:00 33032 1 0
20110405016 11:41:00 61662 1 1
20110405017 11:51:00 32633 0 1
20110405018 12:01:00 70157 0 0
20110405019 12:11:00 85356 0 0
20110405020 12:22:00 08384 0 0
20110405021 12:32:00 41664 0 1
20110405022 12:42:00 09758 0 0
20110405023 12:52:00 13632 0 0
20110405024 13:02:00 91407 0 0
20110405025 13:12:00 06663 1 1
20110405026 13:22:00 22087 1 0
20110405027 13:33:00 40385 0 0
20110405028 13:43:00 01508 0 0
20110405029 13:53:00 55246 1 0
20110405030 14:03:00 83533 0 1
20110405031 14:13:00 06512 0 0
20110405032 14:23:00 03021 1 0
20110405033 14:33:00 08952 0 0
20110405034 14:44:00 74076 0 0
20110405035 14:54:00 19694 0 0
20110405036 15:04:00 68489 0 0
20110405037 15:14:00 12458 0 0
20110405038 15:24:00 89256 0 0
20110405039 15:34:00 24139 0 0
20110405040 15:45:00 78380 0 0
20110405041 15:55:00 07124 0 0
20110405042 16:05:00 48011 0 1
20110405043 16:15:00 58013 0 0
20110405044 16:25:00 66449 1 1
20110405045 16:35:00 84266 0 1
20110405046 16:45:00 89468 0 0
20110405047 16:56:00 16012 0 0
20110405048 17:06:00 98129 0 0
20110405049 17:16:00 73566 0 1
20110405050 17:26:00 33956 1 0
20110405051 17:36:00 95183 0 0
20110405052 17:46:00 24650 0 0
20110405053 17:56:00 15630 0 0
20110405054 18:07:00 64490 1 0
20110405055 18:17:00 45249 0 0
20110405056 18:27:00 80017 1 0
20110405057 18:37:00 58579 1 0
20110405058 18:47:00 64179 0 0
20110405059 18:57:00 32722 0 1
20110405060 19:08:00 43354 1 0
20110405061 19:18:00 67545 0 1
20110405062 19:28:00 76649 1 0
20110405063 19:38:00 99854 1 0
20110405064 19:48:00 93510 0 0
20110405065 19:58:00 15777 0 1
20110405066 20:08:00 77664 1 1
20110405067 20:19:00 08256 0 0
20110405068 20:29:00 40833 0 1
20110405069 20:39:00 22176 1 0
20110405070 20:49:00 84795 0 0
20110405071 20:59:00 59090 0 1
20110405072 21:09:00 45037 0 0
20110405073 21:19:00 45126 0 0
20110405074 21:30:00 41569 0 0
20110405075 21:40:00 40423 1 0
20110405076 21:50:00 06288 0 1
20110405077 22:00:00 50072 1 0
20110405078 22:10:00 10765 0 0
20110405079 22:20:00 95271 0 0
20110405080 22:31:00 21500 0 1
20110405081 22:41:00 93034 0 0
20110405082 22:51:00 53698 0 0
20110405083 23:01:00 50475 0 0
20110405084 23:11:00 78569 0 0
