20111003001 09:09:00 30316 1 0
20111003002 09:19:00 75682 0 0
20111003003 09:29:00 70982 0 0
20111003004 09:39:00 70699 0 1
20111003005 09:49:00 64466 1 1
20111003006 09:59:00 85261 0 0
20111003007 10:10:00 34042 0 0
20111003008 10:20:00 28279 1 0
20111003009 10:30:00 29848 0 1
20111003010 10:40:00 29209 1 0
20111003011 10:50:00 77722 1 1
20111003012 11:00:00 61690 1 0
20111003013 11:10:00 10470 0 0
20111003014 11:21:00 67797 1 1
20111003015 11:31:00 52332 0 1
20111003016 11:41:00 52213 1 0
20111003017 11:51:00 12306 0 0
20111003018 12:01:00 64718 0 0
20111003019 12:11:00 05567 1 0
20111003020 12:22:00 08157 0 0
20111003021 12:32:00 81608 0 0
20111003022 12:42:00 54032 0 0
20111003023 12:52:00 27565 0 1
20111003024 13:02:00 41633 0 1
20111003025 13:12:00 84377 0 1
20111003026 13:22:00 21553 0 1
20111003027 13:33:00 74171 0 1
20111003028 13:43:00 11554 1 1
20111003029 13:53:00 97296 0 0
20111003030 14:03:00 89047 0 0
20111003031 14:13:00 51020 0 1
20111003032 14:23:00 66281 1 0
20111003033 14:33:00 22871 1 0
20111003034 14:44:00 38220 0 1
20111003035 14:54:00 16178 1 0
20111003036 15:04:00 75437 0 0
20111003037 15:14:00 57224 0 1
20111003038 15:24:00 28130 0 0
20111003039 15:34:00 82835 1 0
20111003040 15:45:00 14676 0 1
20111003041 15:55:00 23379 1 0
20111003042 16:05:00 66314 1 0
20111003043 16:15:00 83743 0 0
20111003044 16:25:00 74994 0 1
20111003045 16:35:00 93122 0 1
20111003046 16:45:00 48509 0 0
20111003047 16:56:00 51614 0 0
20111003048 17:06:00 30370 1 0
20111003049 17:16:00 42581 0 0
20111003050 17:26:00 33114 1 1
20111003051 17:36:00 55248 1 0
20111003052 17:46:00 72214 1 0
20111003053 17:56:00 20265 1 0
20111003054 18:07:00 35077 0 1
20111003055 18:17:00 14613 0 0
20111003056 18:27:00 67781 1 0
20111003057 18:37:00 28395 0 0
20111003058 18:47:00 75016 0 0
20111003059 18:57:00 91157 1 0
20111003060 19:08:00 16377 0 1
20111003061 19:18:00 09436 0 0
20111003062 19:28:00 83296 0 0
20111003063 19:38:00 28309 0 0
20111003064 19:48:00 16798 0 0
20111003065 19:58:00 67362 0 0
20111003066 20:08:00 20911 0 1
20111003067 20:19:00 91305 0 0
20111003068 20:29:00 37051 0 0
20111003069 20:39:00 82281 1 0
20111003070 20:49:00 45834 0 0
20111003071 20:59:00 46494 1 1
20111003072 21:09:00 76953 0 0
20111003073 21:19:00 98408 0 0
20111003074 21:30:00 39060 0 1
20111003075 21:40:00 69093 0 0
20111003076 21:50:00 64391 0 0
20111003077 22:00:00 98545 0 1
20111003078 22:10:00 95363 0 1
20111003079 22:20:00 79264 0 0
20111003080 22:31:00 47258 0 0
20111003081 22:41:00 17920 0 0
20111003082 22:51:00 49009 0 1
20111003083 23:01:00 13040 0 1
20111003084 23:11:00 99923 1 0
