20110524001 09:09:00 72421 0 0
20110524002 09:19:00 56026 0 0
20110524003 09:29:00 96711 0 1
20110524004 09:39:00 11733 1 1
20110524005 09:49:00 90733 0 1
20110524006 09:59:00 29182 0 0
20110524007 10:10:00 72353 0 1
20110524008 10:20:00 14822 0 1
20110524009 10:30:00 81814 1 0
20110524010 10:40:00 39430 0 0
20110524011 10:50:00 01594 0 0
20110524012 11:00:00 91910 1 0
20110524013 11:10:00 94805 0 0
20110524014 11:21:00 43805 0 0
20110524015 11:31:00 52358 0 0
20110524016 11:41:00 71039 0 0
20110524017 11:51:00 54726 0 0
20110524018 12:01:00 04448 1 1
20110524019 12:11:00 20079 1 0
20110524020 12:22:00 95948 1 0
20110524021 12:32:00 43687 0 0
20110524022 12:42:00 25071 0 0
20110524023 12:52:00 08626 0 1
20110524024 13:02:00 29656 0 1
20110524025 13:12:00 31436 0 0
20110524026 13:22:00 71254 0 0
20110524027 13:33:00 40741 0 0
20110524028 13:43:00 26926 0 0
20110524029 13:53:00 46794 0 0
20110524030 14:03:00 30770 0 1
20110524031 14:13:00 46561 0 0
20110524032 14:23:00 74693 0 0
20110524033 14:33:00 61725 0 0
20110524034 14:44:00 92405 0 0
20110524035 14:54:00 10063 1 0
20110524036 15:04:00 01240 0 0
20110524037 15:14:00 35774 0 1
20110524038 15:24:00 70600 0 1
20110524039 15:34:00 90139 0 0
20110524040 15:45:00 09963 1 0
20110524041 15:55:00 02929 0 1
20110524042 16:05:00 15052 0 0
20110524043 16:15:00 40463 1 0
20110524044 16:25:00 31319 1 0
20110524045 16:35:00 61911 0 1
20110524046 16:45:00 60571 0 0
20110524047 16:56:00 68595 0 1
20110524048 17:06:00 04387 0 0
20110524049 17:16:00 69612 1 0
20110524050 17:26:00 26077 0 1
20110524051 17:36:00 93061 0 0
20110524052 17:46:00 65838 0 1
20110524053 17:56:00 67856 0 0
20110524054 18:07:00 87956 0 0
20110524055 18:17:00 52416 0 0
20110524056 18:27:00 90453 0 0
20110524057 18:37:00 03124 0 0
20110524058 18:47:00 13446 0 1
20110524059 18:57:00 80446 0 1
20110524060 19:08:00 30824 0 0
20110524061 19:18:00 61986 0 0
20110524062 19:28:00 02271 1 0
20110524063 19:38:00 71399 0 1
20110524064 19:48:00 11438 1 0
20110524065 19:58:00 72798 1 0
20110524066 20:08:00 47080 0 1
20110524067 20:19:00 30530 0 0
20110524068 20:29:00 59959 1 1
20110524069 20:39:00 62453 0 0
20110524070 20:49:00 02997 0 1
20110524071 20:59:00 11617 1 0
20110524072 21:09:00 18438 0 0
20110524073 21:19:00 71935 0 0
20110524074 21:30:00 48475 1 0
20110524075 21:40:00 15797 0 1
20110524076 21:50:00 19124 1 0
20110524077 22:00:00 56972 0 0
20110524078 22:10:00 97103 0 0
20110524079 22:20:00 95346 0 0
20110524080 22:31:00 77601 1 0
20110524081 22:41:00 83222 0 1
20110524082 22:51:00 50016 1 0
20110524083 23:01:00 80918 0 0
20110524084 23:11:00 31885 0 1
