20110607001 09:09:00 85750 0 0
20110607002 09:19:00 62123 0 0
20110607003 09:29:00 43127 0 0
20110607004 09:39:00 72129 0 0
20110607005 09:49:00 20513 0 0
20110607006 09:59:00 39435 0 0
20110607007 10:10:00 91073 0 0
20110607008 10:20:00 19322 0 1
20110607009 10:30:00 47454 1 1
20110607010 10:40:00 14520 0 0
20110607011 10:50:00 56364 0 0
20110607012 11:00:00 19836 0 0
20110607013 11:10:00 74734 1 0
20110607014 11:21:00 34462 1 0
20110607015 11:31:00 01625 0 0
20110607016 11:41:00 51475 0 0
20110607017 11:51:00 50237 0 0
20110607018 12:01:00 44063 1 0
20110607019 12:11:00 08500 0 1
20110607020 12:22:00 33916 1 0
20110607021 12:32:00 64061 0 0
20110607022 12:42:00 56783 0 0
20110607023 12:52:00 71707 1 1
20110607024 13:02:00 68936 0 0
20110607025 13:12:00 32393 1 1
20110607026 13:22:00 16039 0 0
20110607027 13:33:00 49633 0 1
20110607028 13:43:00 05445 0 1
20110607029 13:53:00 46490 1 0
20110607030 14:03:00 95548 1 0
20110607031 14:13:00 61810 0 0
20110607032 14:23:00 93672 0 0
20110607033 14:33:00 07678 0 0
20110607034 14:44:00 65261 0 0
20110607035 14:54:00 03568 0 0
20110607036 15:04:00 84315 0 0
20110607037 15:14:00 36401 0 0
20110607038 15:24:00 42960 0 0
20110607039 15:34:00 77593 1 0
20110607040 15:45:00 53081 0 0
20110607041 15:55:00 25560 1 0
20110607042 16:05:00 48346 0 0
20110607043 16:15:00 19083 0 0
20110607044 16:25:00 99206 1 0
20110607045 16:35:00 17768 1 0
20110607046 16:45:00 29422 0 1
20110607047 16:56:00 13066 0 1
20110607048 17:06:00 45092 0 0
20110607049 17:16:00 33065 1 0
20110607050 17:26:00 95471 0 0
20110607051 17:36:00 18181 1 1
20110607052 17:46:00 65215 0 0
20110607053 17:56:00 42854 0 0
20110607054 18:07:00 63861 0 0
20110607055 18:17:00 29141 0 1
20110607056 18:27:00 57456 0 0
20110607057 18:37:00 33069 1 0
20110607058 18:47:00 48557 0 1
20110607059 18:57:00 30580 0 0
20110607060 19:08:00 29500 0 1
20110607061 19:18:00 73540 0 0
20110607062 19:28:00 33716 1 0
20110607063 19:38:00 70667 0 1
20110607064 19:48:00 47275 0 0
20110607065 19:58:00 66026 1 0
20110607066 20:08:00 59646 0 1
20110607067 20:19:00 67264 0 0
20110607068 20:29:00 85916 0 0
20110607069 20:39:00 75054 0 0
20110607070 20:49:00 64370 0 0
20110607071 20:59:00 94078 0 0
20110607072 21:09:00 59717 0 1
20110607073 21:19:00 14141 1 1
20110607074 21:30:00 52961 0 0
20110607075 21:40:00 98954 1 0
20110607076 21:50:00 29173 0 0
20110607077 22:00:00 72524 0 0
20110607078 22:10:00 53619 0 0
20110607079 22:20:00 24790 0 0
20110607080 22:31:00 96905 1 0
20110607081 22:41:00 43379 1 0
20110607082 22:51:00 74162 0 0
20110607083 23:01:00 30385 1 0
20110607084 23:11:00 35256 0 0
