20111016001 09:09:00 49536 0 0
20111016002 09:19:00 61030 0 1
20111016003 09:29:00 72461 0 0
20111016004 09:39:00 93715 0 0
20111016005 09:49:00 86174 0 0
20111016006 09:59:00 58138 0 0
20111016007 10:10:00 38663 0 1
20111016008 10:20:00 71567 0 0
20111016009 10:30:00 81868 1 1
20111016010 10:40:00 24697 0 0
20111016011 10:50:00 88205 1 0
20111016012 11:00:00 07756 1 0
20111016013 11:10:00 13412 0 0
20111016014 11:21:00 90433 0 1
20111016015 11:31:00 34787 0 1
20111016016 11:41:00 18978 0 0
20111016017 11:51:00 32482 0 0
20111016018 12:01:00 57284 0 0
20111016019 12:11:00 80845 1 0
20111016020 12:22:00 00042 1 0
20111016021 12:32:00 64265 0 0
20111016022 12:42:00 98719 0 0
20111016023 12:52:00 10326 0 0
20111016024 13:02:00 96382 0 0
20111016025 13:12:00 53845 0 0
20111016026 13:22:00 60565 0 1
20111016027 13:33:00 21675 0 0
20111016028 13:43:00 70891 0 0
20111016029 13:53:00 86804 1 0
20111016030 14:03:00 61696 1 1
20111016031 14:13:00 05470 0 0
20111016032 14:23:00 43589 0 0
20111016033 14:33:00 19328 0 0
20111016034 14:44:00 87665 0 1
20111016035 14:54:00 94393 0 1
20111016036 15:04:00 21707 0 1
20111016037 15:14:00 20157 0 0
20111016038 15:24:00 19319 0 0
20111016039 15:34:00 17763 1 0
20111016040 15:45:00 16524 0 0
20111016041 15:55:00 73411 0 1
20111016042 16:05:00 60503 0 0
20111016043 16:15:00 04815 0 0
20111016044 16:25:00 50758 0 0
20111016045 16:35:00 11388 1 1
20111016046 16:45:00 09534 0 0
20111016047 16:56:00 09933 1 1
20111016048 17:06:00 99519 1 0
20111016049 17:16:00 68576 0 0
20111016050 17:26:00 29983 1 0
20111016051 17:36:00 48121 0 1
20111016052 17:46:00 64944 0 1
20111016053 17:56:00 80234 0 0
20111016054 18:07:00 51350 0 0
20111016055 18:17:00 25405 0 0
20111016056 18:27:00 22962 1 0
20111016057 18:37:00 10441 0 1
20111016058 18:47:00 33317 1 0
20111016059 18:57:00 04192 0 0
20111016060 19:08:00 39840 0 0
20111016061 19:18:00 78673 0 0
20111016062 19:28:00 48776 0 1
20111016063 19:38:00 20387 0 0
20111016064 19:48:00 30002 1 1
20111016065 19:58:00 40985 0 0
20111016066 20:08:00 05124 0 0
20111016067 20:19:00 70168 0 0
20111016068 20:29:00 90169 0 0
20111016069 20:39:00 94535 0 1
20111016070 20:49:00 39583 0 0
20111016071 20:59:00 51594 1 0
20111016072 21:09:00 49584 0 0
20111016073 21:19:00 49752 0 0
20111016074 21:30:00 30895 0 0
20111016075 21:40:00 52757 0 1
20111016076 21:50:00 32281 1 0
20111016077 22:00:00 75259 0 0
20111016078 22:10:00 38096 0 0
20111016079 22:20:00 68614 1 0
20111016080 22:31:00 05908 0 0
20111016081 22:41:00 43582 0 0
20111016082 22:51:00 18627 0 0
20111016083 23:01:00 52294 1 0
20111016084 23:11:00 06884 0 1
