20110506001 09:09:00 34756 0 0
20110506002 09:19:00 38131 0 1
20110506003 09:29:00 68319 0 0
20110506004 09:39:00 53084 0 0
20110506005 09:49:00 83618 0 0
20110506006 09:59:00 92220 1 1
20110506007 10:10:00 09133 0 1
20110506008 10:20:00 74568 0 0
20110506009 10:30:00 79521 0 0
20110506010 10:40:00 34012 0 0
20110506011 10:50:00 32201 1 0
20110506012 11:00:00 46629 1 0
20110506013 11:10:00 93623 0 0
20110506014 11:21:00 66623 1 0
20110506015 11:31:00 24871 0 0
20110506016 11:41:00 04728 0 0
20110506017 11:51:00 54229 0 1
20110506018 12:01:00 80919 0 1
20110506019 12:11:00 71205 0 0
20110506020 12:22:00 13590 0 0
20110506021 12:32:00 91778 0 1
20110506022 12:42:00 79071 0 0
20110506023 12:52:00 51960 0 0
20110506024 13:02:00 20370 0 0
20110506025 13:12:00 97109 0 0
20110506026 13:22:00 10781 0 0
20110506027 13:33:00 20739 0 0
20110506028 13:43:00 58696 0 1
20110506029 13:53:00 08643 0 0
20110506030 14:03:00 08591 0 0
20110506031 14:13:00 71219 0 0
20110506032 14:23:00 47832 0 0
20110506033 14:33:00 97281 0 0
20110506034 14:44:00 88262 1 1
20110506035 14:54:00 70549 0 0
20110506036 15:04:00 58631 0 0
20110506037 15:14:00 03484 0 1
20110506038 15:24:00 74100 0 1
20110506039 15:34:00 15167 1 0
20110506040 15:45:00 78928 0 0
20110506041 15:55:00 44944 1 1
20110506042 16:05:00 38655 0 1
20110506043 16:15:00 85050 0 1
20110506044 16:25:00 34333 1 1
20110506045 16:35:00 38160 0 0
20110506046 16:45:00 81681 0 0
20110506047 16:56:00 04660 0 1
20110506048 17:06:00 64701 0 0
20110506049 17:16:00 34761 0 0
20110506050 17:26:00 58826 1 0
20110506051 17:36:00 99240 1 0
20110506052 17:46:00 04373 0 1
20110506053 17:56:00 73470 0 0
20110506054 18:07:00 03615 0 0
20110506055 18:17:00 92530 0 0
20110506056 18:27:00 34949 0 1
20110506057 18:37:00 07712 1 0
20110506058 18:47:00 83597 0 0
20110506059 18:57:00 72356 0 0
20110506060 19:08:00 61033 0 1
20110506061 19:18:00 43204 0 0
20110506062 19:28:00 25854 0 0
20110506063 19:38:00 54445 1 1
20110506064 19:48:00 91248 0 0
20110506065 19:58:00 26257 1 0
20110506066 20:08:00 40116 0 1
20110506067 20:19:00 00245 1 0
20110506068 20:29:00 41971 0 0
20110506069 20:39:00 78942 0 0
20110506070 20:49:00 71445 0 1
20110506071 20:59:00 12512 0 0
20110506072 21:09:00 14466 1 1
20110506073 21:19:00 65977 0 1
20110506074 21:30:00 44481 1 0
20110506075 21:40:00 88759 1 0
20110506076 21:50:00 26169 0 0
20110506077 22:00:00 20491 0 0
20110506078 22:10:00 73087 0 0
20110506079 22:20:00 23143 0 0
20110506080 22:31:00 63388 1 1
20110506081 22:41:00 43949 0 1
20110506082 22:51:00 92931 1 0
20110506083 23:01:00 26172 0 0
20110506084 23:11:00 60583 0 0
