20110108001 09:09:00 78713 1 0
20110108002 09:19:00 09302 0 0
20110108003 09:29:00 61997 0 1
20110108004 09:39:00 48810 1 0
20110108005 09:49:00 49936 1 0
20110108006 09:59:00 48922 0 1
20110108007 10:10:00 17059 0 0
20110108008 10:20:00 57822 0 1
20110108009 10:30:00 58940 0 0
20110108010 10:40:00 77015 1 0
20110108011 10:50:00 58485 0 0
20110108012 11:00:00 94278 0 0
20110108013 11:10:00 77494 1 1
20110108014 11:21:00 15136 1 0
20110108015 11:31:00 80567 0 0
20110108016 11:41:00 78911 0 1
20110108017 11:51:00 95584 1 0
20110108018 12:01:00 92741 0 0
20110108019 12:11:00 00041 1 0
20110108020 12:22:00 11724 1 0
20110108021 12:32:00 09063 1 0
20110108022 12:42:00 45541 1 0
20110108023 12:52:00 69505 0 1
20110108024 13:02:00 39845 0 0
20110108025 13:12:00 66547 1 0
20110108026 13:22:00 66640 1 0
20110108027 13:33:00 46144 0 1
20110108028 13:43:00 86147 0 0
20110108029 13:53:00 97866 0 1
20110108030 14:03:00 02253 1 0
20110108031 14:13:00 72856 0 0
20110108032 14:23:00 60009 1 1
20110108033 14:33:00 66582 1 0
20110108034 14:44:00 22864 1 0
20110108035 14:54:00 98354 0 0
20110108036 15:04:00 90799 0 1
20110108037 15:14:00 44237 1 0
20110108038 15:24:00 91378 0 0
20110108039 15:34:00 20227 1 1
20110108040 15:45:00 53370 1 0
20110108041 15:55:00 15755 0 1
20110108042 16:05:00 62660 1 1
20110108043 16:15:00 98682 0 0
20110108044 16:25:00 20966 0 1
20110108045 16:35:00 19602 0 0
20110108046 16:45:00 43617 0 0
20110108047 16:56:00 54205 0 0
20110108048 17:06:00 21740 0 0
20110108049 17:16:00 26408 0 0
20110108050 17:26:00 22303 1 1
20110108051 17:36:00 93248 0 0
20110108052 17:46:00 97272 0 1
20110108053 17:56:00 80001 1 1
20110108054 18:07:00 56173 0 0
20110108055 18:17:00 65275 0 0
20110108056 18:27:00 33542 1 0
20110108057 18:37:00 16075 0 0
20110108058 18:47:00 75813 0 0
20110108059 18:57:00 73026 0 0
20110108060 19:08:00 97620 0 0
20110108061 19:18:00 66476 1 0
20110108062 19:28:00 25598 1 0
20110108063 19:38:00 57079 0 0
20110108064 19:48:00 88286 1 0
20110108065 19:58:00 72246 1 0
20110108066 20:08:00 77497 1 0
20110108067 20:19:00 43524 0 0
20110108068 20:29:00 54961 0 0
20110108069 20:39:00 34398 1 0
20110108070 20:49:00 56188 0 1
20110108071 20:59:00 00777 1 1
20110108072 21:09:00 83115 0 1
20110108073 21:19:00 09301 0 0
20110108074 21:30:00 07913 0 0
20110108075 21:40:00 27769 1 0
20110108076 21:50:00 72107 0 0
20110108077 22:00:00 07580 0 0
20110108078 22:10:00 12140 1 0
20110108079 22:20:00 24554 0 1
20110108080 22:31:00 07381 0 0
20110108081 22:41:00 61841 0 0
20110108082 22:51:00 80866 1 1
20110108083 23:01:00 62884 0 1
20110108084 23:11:00 31765 0 0
