20110102001 09:09:00 13710 0 0
20110102002 09:19:00 07937 0 0
20110102003 09:29:00 14779 0 1
20110102004 09:39:00 72684 0 0
20110102005 09:49:00 91842 0 0
20110102006 09:59:00 75739 1 0
20110102007 10:10:00 11965 1 0
20110102008 10:20:00 85247 0 0
20110102009 10:30:00 30876 0 0
20110102010 10:40:00 39736 0 0
20110102011 10:50:00 96581 0 0
20110102012 11:00:00 27378 0 0
20110102013 11:10:00 37784 1 0
20110102014 11:21:00 24890 0 0
20110102015 11:31:00 46914 0 0
20110102016 11:41:00 21701 0 0
20110102017 11:51:00 12777 0 1
20110102018 12:01:00 07254 0 0
20110102019 12:11:00 46059 0 0
20110102020 12:22:00 42848 0 1
20110102021 12:32:00 72293 1 0
20110102022 12:42:00 36050 0 1
20110102023 12:52:00 42827 0 0
20110102024 13:02:00 29139 0 0
20110102025 13:12:00 54554 1 1
20110102026 13:22:00 24745 0 0
20110102027 13:33:00 57149 0 0
20110102028 13:43:00 75665 0 1
20110102029 13:53:00 59870 0 0
20110102030 14:03:00 04077 1 1
20110102031 14:13:00 45489 1 0
20110102032 14:23:00 59709 0 0
20110102033 14:33:00 74880 0 1
20110102034 14:44:00 56241 0 0
20110102035 14:54:00 72504 0 0
20110102036 15:04:00 36130 0 0
20110102037 15:14:00 85277 0 1
20110102038 15:24:00 00200 1 1
20110102039 15:34:00 69690 1 0
20110102040 15:45:00 26715 0 0
20110102041 15:55:00 01003 1 1
20110102042 16:05:00 97607 0 0
20110102043 16:15:00 57376 0 0
20110102044 16:25:00 85321 0 0
20110102045 16:35:00 62696 1 1
20110102046 16:45:00 02158 0 0
20110102047 16:56:00 40403 1 0
20110102048 17:06:00 83836 1 0
20110102049 17:16:00 37973 0 0
20110102050 17:26:00 95888 0 1
20110102051 17:36:00 51970 0 0
20110102052 17:46:00 69114 0 1
20110102053 17:56:00 22037 1 0
20110102054 18:07:00 75447 0 1
20110102055 18:17:00 48361 0 0
20110102056 18:27:00 40754 0 0
20110102057 18:37:00 08978 0 0
20110102058 18:47:00 77209 1 0
20110102059 18:57:00 49688 0 1
20110102060 19:08:00 04729 0 0
20110102061 19:18:00 05120 0 0
20110102062 19:28:00 68234 0 0
20110102063 19:38:00 42692 0 0
20110102064 19:48:00 30898 0 1
20110102065 19:58:00 87206 0 0
20110102066 20:08:00 82686 0 1
20110102067 20:19:00 73797 1 1
20110102068 20:29:00 74255 0 1
20110102069 20:39:00 71171 1 1
20110102070 20:49:00 77095 1 0
20110102071 20:59:00 78659 0 0
20110102072 21:09:00 51019 0 0
20110102073 21:19:00 29448 0 1
20110102074 21:30:00 62018 0 0
20110102075 21:40:00 19275 0 0
20110102076 21:50:00 55167 1 0
20110102077 22:00:00 86488 0 1
20110102078 22:10:00 05809 0 0
20110102079 22:20:00 39995 1 1
20110102080 22:31:00 08501 0 0
20110102081 22:41:00 23738 0 0
20110102082 22:51:00 41416 1 0
20110102083 23:01:00 39681 0 0
20110102084 23:11:00 18936 0 0
