20110904001 09:09:00 24227 1 1
20110904002 09:19:00 01365 0 0
20110904003 09:29:00 95911 1 1
20110904004 09:39:00 04543 0 0
20110904005 09:49:00 11540 1 0
20110904006 09:59:00 48630 0 0
20110904007 10:10:00 53376 1 0
20110904008 10:20:00 78089 0 0
20110904009 10:30:00 50305 0 0
20110904010 10:40:00 10926 0 0
20110904011 10:50:00 65074 0 0
20110904012 11:00:00 25648 0 0
20110904013 11:10:00 72372 0 0
20110904014 11:21:00 67165 0 0
20110904015 11:31:00 14538 0 0
20110904016 11:41:00 79894 0 0
20110904017 11:51:00 94390 0 0
20110904018 12:01:00 64118 0 1
20110904019 12:11:00 70688 0 1
20110904020 12:22:00 43723 0 0
20110904021 12:32:00 60262 0 1
20110904022 12:42:00 92944 1 1
20110904023 12:52:00 70242 0 1
20110904024 13:02:00 16624 1 0
20110904025 13:12:00 58153 0 0
20110904026 13:22:00 75085 0 0
20110904027 13:33:00 86884 1 1
20110904028 13:43:00 25393 0 1
20110904029 13:53:00 51395 0 0
20110904030 14:03:00 28974 0 0
20110904031 14:13:00 94571 0 0
20110904032 14:23:00 18328 0 0
20110904033 14:33:00 22582 1 0
20110904034 14:44:00 96306 0 0
20110904035 14:54:00 96337 0 1
20110904036 15:04:00 39377 1 1
20110904037 15:14:00 34606 0 1
20110904038 15:24:00 20167 0 0
20110904039 15:34:00 77808 1 1
20110904040 15:45:00 39528 0 0
20110904041 15:55:00 83293 0 0
20110904042 16:05:00 48529 0 0
20110904043 16:15:00 96241 0 0
20110904044 16:25:00 90785 0 0
20110904045 16:35:00 42306 0 0
20110904046 16:45:00 02136 0 0
20110904047 16:56:00 06358 0 0
20110904048 17:06:00 88414 1 1
20110904049 17:16:00 19021 0 0
20110904050 17:26:00 63822 0 1
20110904051 17:36:00 92304 0 0
20110904052 17:46:00 17796 1 0
20110904053 17:56:00 24703 0 0
20110904054 18:07:00 14911 0 1
20110904055 18:17:00 65491 0 0
20110904056 18:27:00 61902 0 0
20110904057 18:37:00 85946 0 0
20110904058 18:47:00 11324 1 0
20110904059 18:57:00 83268 0 0
20110904060 19:08:00 39241 0 0
20110904061 19:18:00 39004 0 1
20110904062 19:28:00 29396 0 0
20110904063 19:38:00 86990 0 1
20110904064 19:48:00 19670 0 0
20110904065 19:58:00 09030 1 1
20110904066 20:08:00 70666 0 1
20110904067 20:19:00 07232 0 1
20110904068 20:29:00 16189 1 0
20110904069 20:39:00 19406 0 0
20110904070 20:49:00 88796 1 0
20110904071 20:59:00 08283 0 0
20110904072 21:09:00 41527 0 0
20110904073 21:19:00 93516 0 0
20110904074 21:30:00 96970 1 0
20110904075 21:40:00 15083 0 0
20110904076 21:50:00 50238 0 0
20110904077 22:00:00 33834 1 0
20110904078 22:10:00 59389 0 0
20110904079 22:20:00 64334 0 1
20110904080 22:31:00 73794 1 0
20110904081 22:41:00 14569 0 0
20110904082 22:51:00 31207 0 0
20110904083 23:01:00 29947 1 0
20110904084 23:11:00 08100 0 1
