20110917001 09:09:00 69684 1 0
20110917002 09:19:00 14672 0 0
20110917003 09:29:00 00304 1 0
20110917004 09:39:00 65008 0 1
20110917005 09:49:00 56365 0 0
20110917006 09:59:00 61520 0 0
20110917007 10:10:00 31223 0 1
20110917008 10:20:00 41082 0 0
20110917009 10:30:00 17178 1 0
20110917010 10:40:00 10596 0 0
20110917011 10:50:00 63058 0 0
20110917012 11:00:00 11082 1 0
20110917013 11:10:00 27509 0 0
20110917014 11:21:00 27827 0 0
20110917015 11:31:00 29232 1 1
20110917016 11:41:00 97164 0 0
20110917017 11:51:00 58787 0 1
20110917018 12:01:00 62632 1 0
20110917019 12:11:00 19444 0 1
20110917020 12:22:00 88543 1 0
20110917021 12:32:00 51746 0 0
20110917022 12:42:00 60051 1 0
20110917023 12:52:00 65713 0 0
20110917024 13:02:00 51888 0 1
20110917025 13:12:00 40239 0 0
20110917026 13:22:00 11546 1 0
20110917027 13:33:00 37464 0 1
20110917028 13:43:00 52307 0 0
20110917029 13:53:00 68723 0 0
20110917030 14:03:00 99050 1 1
20110917031 14:13:00 26038 0 0
20110917032 14:23:00 62177 0 1
20110917033 14:33:00 29982 1 0
20110917034 14:44:00 96628 1 0
20110917035 14:54:00 54405 1 0
20110917036 15:04:00 82023 0 0
20110917037 15:14:00 58987 0 0
20110917038 15:24:00 61193 1 0
20110917039 15:34:00 31965 0 0
20110917040 15:45:00 76626 1 1
20110917041 15:55:00 28475 0 0
20110917042 16:05:00 36623 1 0
20110917043 16:15:00 24321 0 0
20110917044 16:25:00 81879 1 0
20110917045 16:35:00 98309 0 0
20110917046 16:45:00 66035 1 0
20110917047 16:56:00 81096 0 0
20110917048 17:06:00 25633 0 1
20110917049 17:16:00 43528 0 0
20110917050 17:26:00 06864 0 0
20110917051 17:36:00 42485 1 0
20110917052 17:46:00 47586 0 0
20110917053 17:56:00 61338 0 1
20110917054 18:07:00 99636 1 1
20110917055 18:17:00 18829 1 0
20110917056 18:27:00 12122 1 1
20110917057 18:37:00 43559 0 1
20110917058 18:47:00 20922 0 1
20110917059 18:57:00 63614 1 0
20110917060 19:08:00 82922 0 1
20110917061 19:18:00 91894 0 0
20110917062 19:28:00 74842 0 0
20110917063 19:38:00 04515 0 1
20110917064 19:48:00 29758 0 0
20110917065 19:58:00 66609 1 0
20110917066 20:08:00 34886 0 1
20110917067 20:19:00 49764 0 0
20110917068 20:29:00 06633 1 1
20110917069 20:39:00 58500 1 1
20110917070 20:49:00 31135 1 0
20110917071 20:59:00 58655 0 1
20110917072 21:09:00 82262 1 1
20110917073 21:19:00 50033 1 1
20110917074 21:30:00 26442 0 1
20110917075 21:40:00 41861 0 0
20110917076 21:50:00 32858 0 1
20110917077 22:00:00 93933 1 1
20110917078 22:10:00 44867 1 0
20110917079 22:20:00 26816 0 0
20110917080 22:31:00 20056 1 0
20110917081 22:41:00 32121 0 1
20110917082 22:51:00 02302 0 0
20110917083 23:01:00 92985 1 0
20110917084 23:11:00 06178 0 0
