20110531001 09:09:00 51209 0 0
20110531002 09:19:00 00742 1 0
20110531003 09:29:00 81758 0 0
20110531004 09:39:00 58232 0 1
20110531005 09:49:00 69585 0 1
20110531006 09:59:00 61947 0 0
20110531007 10:10:00 33366 1 1
20110531008 10:20:00 52585 1 1
20110531009 10:30:00 76394 0 0
20110531010 10:40:00 90445 0 1
20110531011 10:50:00 91221 0 1
20110531012 11:00:00 21985 0 0
20110531013 11:10:00 88619 1 0
20110531014 11:21:00 52582 1 0
20110531015 11:31:00 62439 0 0
20110531016 11:41:00 05144 0 1
20110531017 11:51:00 81111 1 1
20110531018 12:01:00 87144 0 1
20110531019 12:11:00 00882 1 1
20110531020 12:22:00 01929 0 1
20110531021 12:32:00 08422 0 1
20110531022 12:42:00 41911 0 1
20110531023 12:52:00 04614 0 0
20110531024 13:02:00 76153 0 0
20110531025 13:12:00 88855 1 1
20110531026 13:22:00 59900 1 1
20110531027 13:33:00 99103 1 0
20110531028 13:43:00 92209 1 0
20110531029 13:53:00 17721 1 0
20110531030 14:03:00 42581 0 0
20110531031 14:13:00 91930 1 0
20110531032 14:23:00 04356 0 0
20110531033 14:33:00 43687 0 0
20110531034 14:44:00 88887 1 1
20110531035 14:54:00 71033 0 1
20110531036 15:04:00 11496 1 0
20110531037 15:14:00 56475 0 0
20110531038 15:24:00 45358 0 0
20110531039 15:34:00 79410 0 0
20110531040 15:45:00 34017 0 0
20110531041 15:55:00 88193 1 0
20110531042 16:05:00 76365 0 0
20110531043 16:15:00 04694 0 0
20110531044 16:25:00 42674 0 0
20110531045 16:35:00 90598 0 0
20110531046 16:45:00 03908 0 0
20110531047 16:56:00 15653 0 0
20110531048 17:06:00 82414 0 1
20110531049 17:16:00 75722 1 1
20110531050 17:26:00 46149 0 0
20110531051 17:36:00 61304 0 0
20110531052 17:46:00 56425 0 0
20110531053 17:56:00 49328 0 0
20110531054 18:07:00 88571 1 0
20110531055 18:17:00 12575 0 1
20110531056 18:27:00 13430 0 0
20110531057 18:37:00 03097 1 0
20110531058 18:47:00 34290 0 0
20110531059 18:57:00 83013 0 0
20110531060 19:08:00 83712 0 0
20110531061 19:18:00 39838 0 1
20110531062 19:28:00 33858 1 1
20110531063 19:38:00 04325 0 0
20110531064 19:48:00 72430 0 0
20110531065 19:58:00 15447 0 1
20110531066 20:08:00 43487 1 0
20110531067 20:19:00 37039 0 0
20110531068 20:29:00 34308 1 0
20110531069 20:39:00 32978 0 0
20110531070 20:49:00 77847 1 0
20110531071 20:59:00 37115 0 1
20110531072 21:09:00 98828 1 1
20110531073 21:19:00 66519 1 0
20110531074 21:30:00 60291 0 0
20110531075 21:40:00 32416 0 0
20110531076 21:50:00 62036 0 0
20110531077 22:00:00 47607 0 0
20110531078 22:10:00 75302 0 0
20110531079 22:20:00 42994 0 1
20110531080 22:31:00 21664 0 1
20110531081 22:41:00 97079 0 0
20110531082 22:51:00 06794 0 0
20110531083 23:01:00 36644 1 1
20110531084 23:11:00 00716 1 0
