20110730001 09:09:00 08658 0 0
20110730002 09:19:00 95880 0 1
20110730003 09:29:00 81267 0 0
20110730004 09:39:00 83995 0 1
20110730005 09:49:00 69432 0 0
20110730006 09:59:00 68691 1 0
20110730007 10:10:00 78663 0 1
20110730008 10:20:00 95198 0 0
20110730009 10:30:00 83427 0 0
20110730010 10:40:00 59930 1 0
20110730011 10:50:00 17898 0 1
20110730012 11:00:00 54748 0 0
20110730013 11:10:00 45295 0 0
20110730014 11:21:00 97283 0 0
20110730015 11:31:00 01564 0 0
20110730016 11:41:00 39749 0 0
20110730017 11:51:00 47580 0 0
20110730018 12:01:00 43267 0 0
20110730019 12:11:00 81749 0 0
20110730020 12:22:00 00244 1 1
20110730021 12:32:00 29354 0 0
20110730022 12:42:00 40942 0 0
20110730023 12:52:00 01140 1 0
20110730024 13:02:00 11709 1 0
20110730025 13:12:00 38078 0 0
20110730026 13:22:00 08862 1 0
20110730027 13:33:00 62680 1 0
20110730028 13:43:00 82442 0 1
20110730029 13:53:00 28551 0 1
20110730030 14:03:00 96089 0 0
20110730031 14:13:00 59841 0 0
20110730032 14:23:00 94966 1 1
20110730033 14:33:00 27454 0 1
20110730034 14:44:00 81067 0 0
20110730035 14:54:00 73280 0 0
20110730036 15:04:00 82122 0 1
20110730037 15:14:00 66336 1 1
20110730038 15:24:00 11371 1 0
20110730039 15:34:00 10772 0 1
20110730040 15:45:00 78029 0 0
20110730041 15:55:00 33301 1 0
20110730042 16:05:00 53181 0 1
20110730043 16:15:00 90762 0 0
20110730044 16:25:00 54367 0 0
20110730045 16:35:00 96618 1 0
20110730046 16:45:00 78514 0 0
20110730047 16:56:00 45028 0 0
20110730048 17:06:00 89928 1 0
20110730049 17:16:00 51495 0 0
20110730050 17:26:00 72622 0 1
20110730051 17:36:00 19348 0 0
20110730052 17:46:00 47024 0 0
20110730053 17:56:00 27898 0 1
20110730054 18:07:00 60357 0 0
20110730055 18:17:00 99989 1 1
20110730056 18:27:00 45117 0 1
20110730057 18:37:00 19720 0 0
20110730058 18:47:00 79788 1 1
20110730059 18:57:00 35114 0 1
20110730060 19:08:00 63436 0 0
20110730061 19:18:00 91941 1 0
20110730062 19:28:00 72695 0 0
20110730063 19:38:00 62523 0 0
20110730064 19:48:00 05818 0 1
20110730065 19:58:00 05169 0 0
20110730066 20:08:00 26357 0 0
20110730067 20:19:00 77942 1 0
20110730068 20:29:00 21768 0 0
20110730069 20:39:00 52663 0 1
20110730070 20:49:00 17441 0 1
20110730071 20:59:00 59215 0 0
20110730072 21:09:00 22701 1 0
20110730073 21:19:00 40515 0 1
20110730074 21:30:00 73183 0 0
20110730075 21:40:00 12767 0 1
20110730076 21:50:00 00023 1 0
20110730077 22:00:00 76015 0 0
20110730078 22:10:00 98258 0 0
20110730079 22:20:00 30943 0 0
20110730080 22:31:00 21585 0 1
20110730081 22:41:00 80496 0 0
20110730082 22:51:00 52426 0 0
20110730083 23:01:00 90991 1 1
20110730084 23:11:00 43830 0 0
