20111010001 09:09:00 21275 1 0
20111010002 09:19:00 37029 0 0
20111010003 09:29:00 39573 0 0
20111010004 09:39:00 53583 1 0
20111010005 09:49:00 97494 0 1
20111010006 09:59:00 80657 0 0
20111010007 10:10:00 58185 0 0
20111010008 10:20:00 61580 0 0
20111010009 10:30:00 69078 0 0
20111010010 10:40:00 76916 0 0
20111010011 10:50:00 63731 0 0
20111010012 11:00:00 40376 0 0
20111010013 11:10:00 01230 0 0
20111010014 11:21:00 56071 0 0
20111010015 11:31:00 17693 0 0
20111010016 11:41:00 62427 0 0
20111010017 11:51:00 14897 0 0
20111010018 12:01:00 46529 0 0
20111010019 12:11:00 04676 0 1
20111010020 12:22:00 34210 0 0
20111010021 12:32:00 83377 1 1
20111010022 12:42:00 47506 0 0
20111010023 12:52:00 99565 1 1
20111010024 13:02:00 06263 0 0
20111010025 13:12:00 30774 0 1
20111010026 13:22:00 51359 0 0
20111010027 13:33:00 20402 0 0
20111010028 13:43:00 89961 1 0
20111010029 13:53:00 51403 0 0
20111010030 14:03:00 08441 0 1
20111010031 14:13:00 98557 0 1
20111010032 14:23:00 99355 1 1
20111010033 14:33:00 30521 0 0
20111010034 14:44:00 78901 0 0
20111010035 14:54:00 06041 1 0
20111010036 15:04:00 59305 0 0
20111010037 15:14:00 59781 0 0
20111010038 15:24:00 79317 0 0
20111010039 15:34:00 45408 1 0
20111010040 15:45:00 97131 0 1
20111010041 15:55:00 04770 0 1
20111010042 16:05:00 54511 1 1
20111010043 16:15:00 20120 0 0
20111010044 16:25:00 15041 0 0
20111010045 16:35:00 45401 1 0
20111010046 16:45:00 40865 0 0
20111010047 16:56:00 73950 0 0
20111010048 17:06:00 19799 0 1
20111010049 17:16:00 63917 0 0
20111010050 17:26:00 51197 1 0
20111010051 17:36:00 56155 0 1
20111010052 17:46:00 85905 0 0
20111010053 17:56:00 60527 0 0
20111010054 18:07:00 64967 0 0
20111010055 18:17:00 32240 1 0
20111010056 18:27:00 25715 0 0
20111010057 18:37:00 49126 0 0
20111010058 18:47:00 76016 0 0
20111010059 18:57:00 29586 0 0
20111010060 19:08:00 45823 0 0
20111010061 19:18:00 07470 0 0
20111010062 19:28:00 87499 0 1
20111010063 19:38:00 87873 1 0
20111010064 19:48:00 10428 0 0
20111010065 19:58:00 43471 1 0
20111010066 20:08:00 28161 0 1
20111010067 20:19:00 98918 1 0
20111010068 20:29:00 99078 1 0
20111010069 20:39:00 13448 0 1
20111010070 20:49:00 69079 0 0
20111010071 20:59:00 62986 0 0
20111010072 21:09:00 08146 0 0
20111010073 21:19:00 93842 0 0
20111010074 21:30:00 21521 0 0
20111010075 21:40:00 51512 1 0
20111010076 21:50:00 26765 0 0
20111010077 22:00:00 22329 1 0
20111010078 22:10:00 75635 0 0
20111010079 22:20:00 18301 0 0
20111010080 22:31:00 12428 0 0
20111010081 22:41:00 74833 0 1
20111010082 22:51:00 98473 0 0
20111010083 23:01:00 36181 0 1
20111010084 23:11:00 21029 0 0
