20111128001 09:09:00 18172 1 0
20111128002 09:19:00 12071 0 0
20111128003 09:29:00 29998 1 1
20111128004 09:39:00 27278 1 0
20111128005 09:49:00 15615 0 0
20111128006 09:59:00 80594 0 0
20111128007 10:10:00 55356 1 0
20111128008 10:20:00 98732 0 0
20111128009 10:30:00 24420 1 0
20111128010 10:40:00 32608 0 0
20111128011 10:50:00 95975 1 0
20111128012 11:00:00 70912 0 0
20111128013 11:10:00 09713 0 0
20111128014 11:21:00 59902 1 0
20111128015 11:31:00 61661 1 1
20111128016 11:41:00 73222 0 1
20111128017 11:51:00 49400 1 1
20111128018 12:01:00 35031 0 0
20111128019 12:11:00 23617 0 0
20111128020 12:22:00 41454 1 1
20111128021 12:32:00 06707 0 1
20111128022 12:42:00 47300 0 1
20111128023 12:52:00 49871 0 0
20111128024 13:02:00 56161 0 1
20111128025 13:12:00 81754 0 0
20111128026 13:22:00 34182 0 0
20111128027 13:33:00 71451 0 0
20111128028 13:43:00 58665 0 1
20111128029 13:53:00 59929 1 1
20111128030 14:03:00 35140 0 0
20111128031 14:13:00 63108 0 0
20111128032 14:23:00 59078 0 0
20111128033 14:33:00 88331 1 1
20111128034 14:44:00 34230 0 0
20111128035 14:54:00 97022 0 1
20111128036 15:04:00 76052 0 0
20111128037 15:14:00 01924 0 0
20111128038 15:24:00 69739 0 0
20111128039 15:34:00 31297 0 0
20111128040 15:45:00 23352 1 0
20111128041 15:55:00 16056 0 0
20111128042 16:05:00 21858 0 1
20111128043 16:15:00 24122 0 1
20111128044 16:25:00 80272 0 1
20111128045 16:35:00 50081 1 0
20111128046 16:45:00 57498 0 0
20111128047 16:56:00 65702 0 0
20111128048 17:06:00 47016 0 0
20111128049 17:16:00 21517 0 0
20111128050 17:26:00 42685 0 0
20111128051 17:36:00 05685 0 0
20111128052 17:46:00 18171 1 1
20111128053 17:56:00 14688 0 1
20111128054 18:07:00 25230 1 0
20111128055 18:17:00 22433 1 1
20111128056 18:27:00 58106 0 0
20111128057 18:37:00 33127 1 0
20111128058 18:47:00 62726 0 0
20111128059 18:57:00 05827 0 0
20111128060 19:08:00 75986 0 0
20111128061 19:18:00 10292 0 1
20111128062 19:28:00 02070 1 1
20111128063 19:38:00 58457 0 0
20111128064 19:48:00 43611 0 1
20111128065 19:58:00 13395 1 0
20111128066 20:08:00 13268 0 0
20111128067 20:19:00 16640 1 0
20111128068 20:29:00 11581 1 0
20111128069 20:39:00 66878 1 1
20111128070 20:49:00 19528 0 0
20111128071 20:59:00 35198 0 0
20111128072 21:09:00 42736 0 0
20111128073 21:19:00 72895 0 0
20111128074 21:30:00 99753 1 0
20111128075 21:40:00 06904 0 0
20111128076 21:50:00 89913 1 0
20111128077 22:00:00 35556 1 1
20111128078 22:10:00 56971 0 0
20111128079 22:20:00 57600 0 1
20111128080 22:31:00 67667 1 1
20111128081 22:41:00 76395 0 0
20111128082 22:51:00 26568 0 0
20111128083 23:01:00 03696 0 1
20111128084 23:11:00 12266 1 1
