20111018001 09:09:00 20440 0 1
20111018002 09:19:00 31455 0 1
20111018003 09:29:00 93673 0 0
20111018004 09:39:00 71282 0 1
20111018005 09:49:00 86129 0 0
20111018006 09:59:00 67051 0 0
20111018007 10:10:00 23454 0 1
20111018008 10:20:00 22334 1 1
20111018009 10:30:00 48716 0 0
20111018010 10:40:00 16667 1 1
20111018011 10:50:00 92519 0 0
20111018012 11:00:00 39302 1 0
20111018013 11:10:00 61847 0 0
20111018014 11:21:00 92981 1 0
20111018015 11:31:00 17917 0 0
20111018016 11:41:00 63578 0 0
20111018017 11:51:00 73644 0 1
20111018018 12:01:00 82152 0 0
20111018019 12:11:00 56704 0 0
20111018020 12:22:00 74157 0 0
20111018021 12:32:00 70799 1 1
20111018022 12:42:00 28409 0 0
20111018023 12:52:00 22296 1 0
20111018024 13:02:00 64592 0 0
20111018025 13:12:00 81089 0 0
20111018026 13:22:00 08966 0 1
20111018027 13:33:00 45108 0 0
20111018028 13:43:00 01401 0 0
20111018029 13:53:00 75592 1 0
20111018030 14:03:00 48292 0 1
20111018031 14:13:00 07497 0 0
20111018032 14:23:00 76501 0 0
20111018033 14:33:00 72180 0 0
20111018034 14:44:00 72768 1 0
20111018035 14:54:00 11967 1 0
20111018036 15:04:00 18881 1 1
20111018037 15:14:00 32446 0 1
20111018038 15:24:00 67750 1 0
20111018039 15:34:00 16947 0 0
20111018040 15:45:00 16710 0 0
20111018041 15:55:00 07618 0 0
20111018042 16:05:00 58746 0 0
20111018043 16:15:00 59450 0 0
20111018044 16:25:00 09999 1 1
20111018045 16:35:00 62734 0 0
20111018046 16:45:00 79861 0 0
20111018047 16:56:00 16963 0 0
20111018048 17:06:00 32857 0 0
20111018049 17:16:00 85745 0 0
20111018050 17:26:00 44706 1 0
20111018051 17:36:00 95736 0 0
20111018052 17:46:00 74749 1 0
20111018053 17:56:00 63850 0 0
20111018054 18:07:00 42283 1 0
20111018055 18:17:00 43834 0 0
20111018056 18:27:00 54028 0 0
20111018057 18:37:00 04525 0 1
20111018058 18:47:00 16754 0 0
20111018059 18:57:00 56061 0 0
20111018060 19:08:00 62695 1 0
20111018061 19:18:00 29414 0 1
20111018062 19:28:00 04633 0 1
20111018063 19:38:00 92690 0 0
20111018064 19:48:00 87358 0 0
20111018065 19:58:00 41878 0 1
20111018066 20:08:00 87844 1 1
20111018067 20:19:00 92013 0 0
20111018068 20:29:00 88006 1 1
20111018069 20:39:00 05791 0 0
20111018070 20:49:00 41384 0 0
20111018071 20:59:00 49832 0 0
20111018072 21:09:00 99210 1 0
20111018073 21:19:00 69632 1 0
20111018074 21:30:00 88693 1 0
20111018075 21:40:00 73983 0 0
20111018076 21:50:00 35257 0 0
20111018077 22:00:00 04430 1 0
20111018078 22:10:00 91218 0 0
20111018079 22:20:00 62236 1 0
20111018080 22:31:00 51675 0 0
20111018081 22:41:00 35277 0 1
20111018082 22:51:00 83791 0 0
20111018083 23:01:00 61266 0 1
