20110110001 09:09:00 16785 0 0
20110110002 09:19:00 84855 1 1
20110110003 09:29:00 42875 0 0
20110110004 09:39:00 94927 1 0
20110110005 09:49:00 65356 0 0
20110110006 09:59:00 41506 0 0
20110110007 10:10:00 86145 0 0
20110110008 10:20:00 36914 0 0
20110110009 10:30:00 65914 0 0
20110110010 10:40:00 15083 0 0
20110110011 10:50:00 60422 0 1
20110110012 11:00:00 05195 0 0
20110110013 11:10:00 31258 0 0
20110110014 11:21:00 11478 1 0
20110110015 11:31:00 04805 0 0
20110110016 11:41:00 17963 0 0
20110110017 11:51:00 90169 0 0
20110110018 12:01:00 03465 0 0
20110110019 12:11:00 86122 0 1
20110110020 12:22:00 90165 0 0
20110110021 12:32:00 15214 0 0
20110110022 12:42:00 37843 0 0
20110110023 12:52:00 58491 0 0
20110110024 13:02:00 74814 0 0
20110110025 13:12:00 25675 0 0
20110110026 13:22:00 46422 1 1
20110110027 13:33:00 29833 0 1
20110110028 13:43:00 09540 0 0
20110110029 13:53:00 91898 0 1
20110110030 14:03:00 37846 0 0
20110110031 14:13:00 49551 0 1
20110110032 14:23:00 40272 0 1
20110110033 14:33:00 15967 0 0
20110110034 14:44:00 09900 1 1
20110110035 14:54:00 34861 0 0
20110110036 15:04:00 89728 0 0
20110110037 15:14:00 50557 1 1
20110110038 15:24:00 80260 0 0
20110110039 15:34:00 89935 1 0
20110110040 15:45:00 70626 0 1
20110110041 15:55:00 89450 0 0
20110110042 16:05:00 74474 1 1
20110110043 16:15:00 04712 0 0
20110110044 16:25:00 72765 1 0
20110110045 16:35:00 06192 0 0
20110110046 16:45:00 33076 1 0
20110110047 16:56:00 90527 0 0
20110110048 17:06:00 22064 1 0
20110110049 17:16:00 99138 1 0
20110110050 17:26:00 76982 0 0
20110110051 17:36:00 47381 0 0
20110110052 17:46:00 41982 0 0
20110110053 17:56:00 65509 1 0
20110110054 18:07:00 80025 1 0
20110110055 18:17:00 54166 0 1
20110110056 18:27:00 10810 0 0
20110110057 18:37:00 69696 1 1
20110110058 18:47:00 66576 1 0
20110110059 18:57:00 69045 0 0
20110110060 19:08:00 06912 0 0
20110110061 19:18:00 26021 0 0
20110110062 19:28:00 11030 1 1
20110110063 19:38:00 08730 0 0
20110110064 19:48:00 67000 0 1
20110110065 19:58:00 43749 0 0
20110110066 20:08:00 55187 1 0
20110110067 20:19:00 73872 0 0
20110110068 20:29:00 82296 1 0
20110110069 20:39:00 92869 0 0
20110110070 20:49:00 17862 0 0
20110110071 20:59:00 52580 1 0
20110110072 21:09:00 09092 1 0
20110110073 21:19:00 67121 0 1
20110110074 21:30:00 09465 0 0
20110110075 21:40:00 74006 0 1
20110110076 21:50:00 85868 1 1
20110110077 22:00:00 37565 0 1
20110110078 22:10:00 57075 0 0
20110110079 22:20:00 69349 0 0
20110110080 22:31:00 75483 0 0
20110110081 22:41:00 90078 1 0
20110110082 22:51:00 00737 1 1
20110110083 23:01:00 01298 0 0
20110110084 23:11:00 78216 0 0
