20110916001 09:09:00 26345 0 0
20110916002 09:19:00 40472 1 0
20110916003 09:29:00 25755 0 1
20110916004 09:39:00 13753 0 0
20110916005 09:49:00 44512 1 0
20110916006 09:59:00 54948 0 0
20110916007 10:10:00 43688 0 1
20110916008 10:20:00 43847 0 0
20110916009 10:30:00 54742 0 0
20110916010 10:40:00 18051 0 0
20110916011 10:50:00 12622 0 1
20110916012 11:00:00 67284 0 0
20110916013 11:10:00 87265 0 0
20110916014 11:21:00 46796 0 0
20110916015 11:31:00 94993 1 1
20110916016 11:41:00 45191 0 1
20110916017 11:51:00 17451 0 0
20110916018 12:01:00 71611 0 1
20110916019 12:11:00 13471 0 0
20110916020 12:22:00 26441 0 1
20110916021 12:32:00 81737 0 1
20110916022 12:42:00 21257 1 0
20110916023 12:52:00 40606 0 1
20110916024 13:02:00 67684 1 0
20110916025 13:12:00 18067 0 0
20110916026 13:22:00 21138 1 0
20110916027 13:33:00 18204 0 0
20110916028 13:43:00 73572 0 0
20110916029 13:53:00 39336 1 1
20110916030 14:03:00 17156 1 0
20110916031 14:13:00 51353 0 1
20110916032 14:23:00 86637 1 0
20110916033 14:33:00 95337 0 1
20110916034 14:44:00 87645 0 0
20110916035 14:54:00 24339 0 1
20110916036 15:04:00 37613 0 0
20110916037 15:14:00 69785 0 0
20110916038 15:24:00 44677 1 1
20110916039 15:34:00 89382 0 0
20110916040 15:45:00 22882 1 1
20110916041 15:55:00 60471 0 0
20110916042 16:05:00 65928 0 0
20110916043 16:15:00 96882 0 1
20110916044 16:25:00 32201 1 0
20110916045 16:35:00 96404 0 1
20110916046 16:45:00 64501 0 0
20110916047 16:56:00 71666 0 1
20110916048 17:06:00 57865 0 0
20110916049 17:16:00 84263 0 0
20110916050 17:26:00 76067 0 0
20110916051 17:36:00 56781 0 0
20110916052 17:46:00 73994 0 1
20110916053 17:56:00 19106 1 0
20110916054 18:07:00 05347 0 0
20110916055 18:17:00 10882 0 1
20110916056 18:27:00 75197 0 0
20110916057 18:37:00 13337 1 1
20110916058 18:47:00 55732 1 0
20110916059 18:57:00 99374 1 0
20110916060 19:08:00 19989 1 1
20110916061 19:18:00 97626 0 1
20110916062 19:28:00 09949 1 1
20110916063 19:38:00 90882 0 1
20110916064 19:48:00 32440 0 1
20110916065 19:58:00 77616 1 1
20110916066 20:08:00 68625 1 0
20110916067 20:19:00 17214 0 0
20110916068 20:29:00 94398 0 0
20110916069 20:39:00 01238 0 0
20110916070 20:49:00 00510 1 0
20110916071 20:59:00 34777 0 1
20110916072 21:09:00 22115 1 1
20110916073 21:19:00 97816 0 0
20110916074 21:30:00 11836 1 0
20110916075 21:40:00 06318 0 0
20110916076 21:50:00 14549 0 0
20110916077 22:00:00 80895 1 0
20110916078 22:10:00 16355 0 1
20110916079 22:20:00 73466 0 1
20110916080 22:31:00 73604 0 0
20110916081 22:41:00 57308 0 0
20110916082 22:51:00 57040 0 1
20110916083 23:01:00 68665 1 1
