20110902001 09:09:00 57740 1 0
20110902002 09:19:00 47777 1 1
20110902003 09:29:00 40396 0 0
20110902004 09:39:00 11740 1 0
20110902005 09:49:00 61707 0 1
20110902006 09:59:00 43585 0 1
20110902007 10:10:00 59103 0 0
20110902008 10:20:00 22034 1 0
20110902009 10:30:00 07718 1 0
20110902010 10:40:00 92251 1 0
20110902011 10:50:00 10270 0 0
20110902012 11:00:00 61686 1 1
20110902013 11:10:00 48049 0 0
20110902014 11:21:00 28926 0 0
20110902015 11:31:00 30027 1 0
20110902016 11:41:00 64937 0 0
20110902017 11:51:00 08304 0 0
20110902018 12:01:00 88440 1 1
20110902019 12:11:00 39152 0 0
20110902020 12:22:00 81968 0 0
20110902021 12:32:00 48656 0 1
20110902022 12:42:00 21025 0 0
20110902023 12:52:00 92267 1 0
20110902024 13:02:00 52495 0 0
20110902025 13:12:00 10984 0 0
20110902026 13:22:00 50303 0 1
20110902027 13:33:00 41731 0 0
20110902028 13:43:00 19909 1 1
20110902029 13:53:00 39770 0 1
20110902030 14:03:00 19324 0 0
20110902031 14:13:00 30920 0 0
20110902032 14:23:00 51198 1 0
20110902033 14:33:00 55614 1 0
20110902034 14:44:00 76083 0 0
20110902035 14:54:00 93024 0 0
20110902036 15:04:00 61939 0 1
20110902037 15:14:00 34166 0 1
20110902038 15:24:00 77324 1 0
20110902039 15:34:00 94282 0 1
20110902040 15:45:00 62330 0 1
20110902041 15:55:00 56479 0 0
20110902042 16:05:00 28675 0 0
20110902043 16:15:00 65990 0 1
20110902044 16:25:00 19308 0 0
20110902045 16:35:00 96086 0 0
20110902046 16:45:00 58495 0 0
20110902047 16:56:00 34539 0 0
20110902048 17:06:00 75299 0 1
20110902049 17:16:00 37873 0 0
20110902050 17:26:00 69839 0 0
20110902051 17:36:00 95306 0 0
20110902052 17:46:00 89476 0 0
20110902053 17:56:00 99973 1 0
20110902054 18:07:00 39747 0 1
20110902055 18:17:00 85909 0 1
20110902056 18:27:00 69689 1 0
20110902057 18:37:00 91933 1 1
20110902058 18:47:00 59407 0 0
20110902059 18:57:00 44337 1 1
20110902060 19:08:00 24208 1 0
20110902061 19:18:00 86516 0 0
20110902062 19:28:00 08808 1 1
20110902063 19:38:00 92314 0 0
20110902064 19:48:00 10532 0 0
20110902065 19:58:00 93490 0 0
20110902066 20:08:00 60503 0 0
20110902067 20:19:00 91107 1 0
20110902068 20:29:00 35748 0 0
20110902069 20:39:00 36947 0 0
20110902070 20:49:00 21464 0 1
20110902071 20:59:00 00155 1 1
20110902072 21:09:00 37425 0 0
20110902073 21:19:00 73300 1 1
20110902074 21:30:00 04463 1 0
20110902075 21:40:00 69351 0 0
20110902076 21:50:00 51390 0 0
20110902077 22:00:00 58913 0 0
20110902078 22:10:00 67292 0 1
20110902079 22:20:00 91424 0 1
20110902080 22:31:00 33141 1 1
20110902081 22:41:00 85526 1 0
20110902082 22:51:00 44301 1 0
20110902083 23:01:00 10467 0 0
20110902084 23:11:00 50416 0 0
