20111004001 09:09:00 46178 0 0
20111004002 09:19:00 19192 1 0
20111004003 09:29:00 95491 0 0
20111004004 09:39:00 71012 0 0
20111004005 09:49:00 63278 0 0
20111004006 09:59:00 40584 0 0
20111004007 10:10:00 49245 0 0
20111004008 10:20:00 00392 1 0
20111004009 10:30:00 21883 0 1
20111004010 10:40:00 21190 1 0
20111004011 10:50:00 29455 0 1
20111004012 11:00:00 94347 0 0
20111004013 11:10:00 71902 0 0
20111004014 11:21:00 02398 0 0
20111004015 11:31:00 84282 0 1
20111004016 11:41:00 57669 0 1
20111004017 11:51:00 66718 1 0
20111004018 12:01:00 78784 1 0
20111004019 12:11:00 58378 0 0
20111004020 12:22:00 57584 1 0
20111004021 12:32:00 91505 0 1
20111004022 12:42:00 26006 0 1
20111004023 12:52:00 69914 1 0
20111004024 13:02:00 81197 1 0
20111004025 13:12:00 59058 0 0
20111004026 13:22:00 24350 0 0
20111004027 13:33:00 50567 1 0
20111004028 13:43:00 33638 1 0
20111004029 13:53:00 23091 0 0
20111004030 14:03:00 54068 0 0
20111004031 14:13:00 10206 0 0
20111004032 14:23:00 78443 0 1
20111004033 14:33:00 38208 0 0
20111004034 14:44:00 73204 0 0
20111004035 14:54:00 42991 0 1
20111004036 15:04:00 58879 1 0
20111004037 15:14:00 16133 1 1
20111004038 15:24:00 20026 1 0
20111004039 15:34:00 02225 1 1
20111004040 15:45:00 31840 0 0
20111004041 15:55:00 55343 1 1
20111004042 16:05:00 04913 0 0
20111004043 16:15:00 17468 0 0
20111004044 16:25:00 79926 1 0
20111004045 16:35:00 82274 1 0
20111004046 16:45:00 47490 1 0
20111004047 16:56:00 71311 0 1
20111004048 17:06:00 98373 0 1
20111004049 17:16:00 37971 0 0
20111004050 17:26:00 05942 0 0
20111004051 17:36:00 09444 0 1
20111004052 17:46:00 61008 0 1
20111004053 17:56:00 28319 0 0
20111004054 18:07:00 38970 0 0
20111004055 18:17:00 00145 1 0
20111004056 18:27:00 45140 0 0
20111004057 18:37:00 11028 1 0
20111004058 18:47:00 66198 1 0
20111004059 18:57:00 96028 0 0
20111004060 19:08:00 49580 0 0
20111004061 19:18:00 63512 0 0
20111004062 19:28:00 91572 0 0
20111004063 19:38:00 84232 0 1
20111004064 19:48:00 79839 0 0
20111004065 19:58:00 49605 0 0
20111004066 20:08:00 83546 0 0
20111004067 20:19:00 70854 0 0
20111004068 20:29:00 22763 1 0
20111004069 20:39:00 91744 0 1
20111004070 20:49:00 70095 1 0
20111004071 20:59:00 13954 0 0
20111004072 21:09:00 83479 0 0
20111004073 21:19:00 98802 1 0
20111004074 21:30:00 04727 0 1
20111004075 21:40:00 90466 0 1
20111004076 21:50:00 50503 1 0
20111004077 22:00:00 45446 1 1
20111004078 22:10:00 47177 0 1
20111004079 22:20:00 47448 1 1
20111004080 22:31:00 81656 0 1
20111004081 22:41:00 22303 1 1
20111004082 22:51:00 72227 1 1
20111004083 23:01:00 37163 0 0
20111004084 23:11:00 73153 0 0
