20110404001 09:09:00 24264 1 0
20110404002 09:19:00 44003 1 1
20110404003 09:29:00 16598 0 0
20110404004 09:39:00 78953 0 0
20110404005 09:49:00 77664 1 1
20110404006 09:59:00 59929 1 1
20110404007 10:10:00 25875 0 0
20110404008 10:20:00 11806 1 0
20110404009 10:30:00 19548 0 0
20110404010 10:40:00 44500 1 1
20110404011 10:50:00 76426 0 0
20110404012 11:00:00 96471 0 0
20110404013 11:10:00 10023 1 0
20110404014 11:21:00 00206 1 0
20110404015 11:31:00 57520 1 0
20110404016 11:41:00 12246 1 0
20110404017 11:51:00 14975 0 0
20110404018 12:01:00 14958 0 0
20110404019 12:11:00 77645 1 0
20110404020 12:22:00 74970 0 0
20110404021 12:32:00 18140 1 0
20110404022 12:42:00 15509 1 0
20110404023 12:52:00 60651 1 0
20110404024 13:02:00 90175 0 0
20110404025 13:12:00 55979 1 1
20110404026 13:22:00 63470 0 0
20110404027 13:33:00 44821 1 0
20110404028 13:43:00 39657 0 0
20110404029 13:53:00 58214 0 0
20110404030 14:03:00 13851 0 0
20110404031 14:13:00 84756 0 0
20110404032 14:23:00 11464 1 1
20110404033 14:33:00 63171 0 1
20110404034 14:44:00 09315 0 0
20110404035 14:54:00 77220 1 1
20110404036 15:04:00 12021 0 0
20110404037 15:14:00 58553 1 1
20110404038 15:24:00 91050 0 1
20110404039 15:34:00 38152 0 0
20110404040 15:45:00 37532 0 0
20110404041 15:55:00 63197 0 0
20110404042 16:05:00 21821 0 0
20110404043 16:15:00 52146 0 0
20110404044 16:25:00 26154 0 0
20110404045 16:35:00 65138 0 0
20110404046 16:45:00 23613 0 0
20110404047 16:56:00 51277 0 1
20110404048 17:06:00 66346 1 0
20110404049 17:16:00 95567 1 0
20110404050 17:26:00 21346 0 0
20110404051 17:36:00 43544 0 1
20110404052 17:46:00 01575 0 1
20110404053 17:56:00 47755 1 1
20110404054 18:07:00 06718 0 0
20110404055 18:17:00 66515 1 1
20110404056 18:27:00 49419 1 0
20110404057 18:37:00 92829 0 0
20110404058 18:47:00 23066 0 1
20110404059 18:57:00 14376 0 0
20110404060 19:08:00 12113 1 1
20110404061 19:18:00 18897 1 0
20110404062 19:28:00 92017 0 0
20110404063 19:38:00 50618 0 0
20110404064 19:48:00 64185 0 0
20110404065 19:58:00 25474 0 1
20110404066 20:08:00 77173 1 0
20110404067 20:19:00 70701 1 0
20110404068 20:29:00 20525 0 1
20110404069 20:39:00 87831 1 0
20110404070 20:49:00 00055 1 1
20110404071 20:59:00 08284 0 0
20110404072 21:09:00 71511 0 1
20110404073 21:19:00 64385 0 0
20110404074 21:30:00 56265 0 0
20110404075 21:40:00 21837 0 0
20110404076 21:50:00 49236 0 0
20110404077 22:00:00 09376 0 0
20110404078 22:10:00 64600 1 1
20110404079 22:20:00 66726 1 0
20110404080 22:31:00 20242 1 1
20110404081 22:41:00 60415 0 0
20110404082 22:51:00 34508 0 0
20110404083 23:01:00 89210 0 0
20110404084 23:11:00 04229 0 1
