20111029001 09:09:00 88124 1 0
20111029002 09:19:00 57265 0 0
20111029003 09:29:00 94250 0 0
20111029004 09:39:00 06516 0 0
20111029005 09:49:00 49466 1 1
20111029006 09:59:00 24231 1 0
20111029007 10:10:00 49362 0 0
20111029008 10:20:00 14974 0 0
20111029009 10:30:00 81943 0 0
20111029010 10:40:00 93141 0 1
20111029011 10:50:00 75044 0 1
20111029012 11:00:00 38372 1 0
20111029013 11:10:00 64220 0 1
20111029014 11:21:00 84390 0 0
20111029015 11:31:00 62948 0 0
20111029016 11:41:00 45015 0 0
20111029017 11:51:00 82701 0 0
20111029018 12:01:00 19608 0 0
20111029019 12:11:00 99020 1 1
20111029020 12:22:00 33404 1 1
20111029021 12:32:00 48736 0 0
20111029022 12:42:00 15618 0 0
20111029023 12:52:00 82083 0 0
20111029024 13:02:00 34577 0 1
20111029025 13:12:00 66079 1 0
20111029026 13:22:00 53200 0 1
20111029027 13:33:00 21178 1 0
20111029028 13:43:00 22657 1 0
20111029029 13:53:00 87762 1 0
20111029030 14:03:00 21831 0 0
20111029031 14:13:00 63430 0 0
20111029032 14:23:00 71622 0 1
20111029033 14:33:00 76510 0 0
20111029034 14:44:00 33771 1 1
20111029035 14:54:00 29578 0 0
20111029036 15:04:00 35792 0 0
20111029037 15:14:00 20524 0 0
20111029038 15:24:00 59839 0 0
20111029039 15:34:00 30910 0 0
20111029040 15:45:00 24626 0 1
20111029041 15:55:00 80384 0 0
20111029042 16:05:00 62939 0 1
20111029043 16:15:00 65779 0 1
20111029044 16:25:00 88572 1 0
20111029045 16:35:00 51926 0 0
20111029046 16:45:00 12892 0 0
20111029047 16:56:00 08587 0 0
20111029048 17:06:00 55200 1 1
20111029049 17:16:00 77852 1 0
20111029050 17:26:00 19132 1 0
20111029051 17:36:00 48491 1 0
20111029052 17:46:00 14738 0 0
20111029053 17:56:00 90026 1 0
20111029054 18:07:00 40229 0 1
20111029055 18:17:00 66588 1 1
20111029056 18:27:00 18316 0 0
20111029057 18:37:00 51677 0 1
20111029058 18:47:00 65346 0 0
20111029059 18:57:00 55139 1 0
20111029060 19:08:00 76420 0 0
20111029061 19:18:00 17815 0 0
20111029062 19:28:00 97824 0 0
20111029063 19:38:00 70374 0 0
20111029064 19:48:00 19763 0 0
20111029065 19:58:00 77275 1 0
20111029066 20:08:00 79979 1 1
20111029067 20:19:00 66629 1 0
20111029068 20:29:00 81743 0 0
20111029069 20:39:00 86490 0 0
20111029070 20:49:00 39484 0 1
20111029071 20:59:00 43546 0 0
20111029072 21:09:00 85263 0 0
20111029073 21:19:00 88685 1 0
20111029074 21:30:00 96966 1 1
20111029075 21:40:00 22199 1 1
20111029076 21:50:00 51240 0 0
20111029077 22:00:00 39651 0 0
20111029078 22:10:00 14110 1 1
20111029079 22:20:00 19728 0 0
20111029080 22:31:00 02122 0 1
20111029081 22:41:00 88456 1 0
20111029082 22:51:00 13122 1 1
20111029083 23:01:00 63178 0 0
20111029084 23:11:00 90015 1 0
