20110121001 09:09:00 93850 0 0
20110121002 09:19:00 84253 0 0
20110121003 09:29:00 05162 0 0
20110121004 09:39:00 59562 1 0
20110121005 09:49:00 81543 0 0
20110121006 09:59:00 10611 0 1
20110121007 10:10:00 84402 1 0
20110121008 10:20:00 61754 0 0
20110121009 10:30:00 29826 0 0
20110121010 10:40:00 25844 0 1
20110121011 10:50:00 59756 0 0
20110121012 11:00:00 01748 0 0
20110121013 11:10:00 05540 1 0
20110121014 11:21:00 34684 0 0
20110121015 11:31:00 90852 0 0
20110121016 11:41:00 46117 0 1
20110121017 11:51:00 09519 0 0
20110121018 12:01:00 91114 1 1
20110121019 12:11:00 26421 0 0
20110121020 12:22:00 85125 0 0
20110121021 12:32:00 19290 0 0
20110121022 12:42:00 64967 0 0
20110121023 12:52:00 29016 0 0
20110121024 13:02:00 56880 0 1
20110121025 13:12:00 54290 0 0
20110121026 13:22:00 93966 1 1
20110121027 13:33:00 36128 0 0
20110121028 13:43:00 84223 0 1
20110121029 13:53:00 24789 0 0
20110121030 14:03:00 62357 0 0
20110121031 14:13:00 33429 1 0
20110121032 14:23:00 48208 0 0
20110121033 14:33:00 20851 0 0
20110121034 14:44:00 83161 0 1
20110121035 14:54:00 42947 0 0
20110121036 15:04:00 64005 0 1
20110121037 15:14:00 25032 0 0
20110121038 15:24:00 75879 0 0
20110121039 15:34:00 40450 1 0
20110121040 15:45:00 69633 1 1
20110121041 15:55:00 16253 0 0
20110121042 16:05:00 82334 0 1
20110121043 16:15:00 15651 0 0
20110121044 16:25:00 74214 0 0
20110121045 16:35:00 07418 0 0
20110121046 16:45:00 88480 1 0
20110121047 16:56:00 86570 0 0
20110121048 17:06:00 52753 0 0
20110121049 17:16:00 30747 0 1
20110121050 17:26:00 91178 1 0
20110121051 17:36:00 15934 0 0
20110121052 17:46:00 50964 0 0
20110121053 17:56:00 32699 0 1
20110121054 18:07:00 87768 1 0
20110121055 18:17:00 80456 0 0
20110121056 18:27:00 20564 0 0
20110121057 18:37:00 48029 0 0
20110121058 18:47:00 65342 0 0
20110121059 18:57:00 32929 0 1
20110121060 19:08:00 65668 1 1
20110121061 19:18:00 03433 0 1
20110121062 19:28:00 24630 0 0
20110121063 19:38:00 06683 1 0
20110121064 19:48:00 25932 0 0
20110121065 19:58:00 87263 0 0
20110121066 20:08:00 51137 1 0
20110121067 20:19:00 16361 0 0
20110121068 20:29:00 67355 0 1
20110121069 20:39:00 61433 0 1
20110121070 20:49:00 45007 0 1
20110121071 20:59:00 21871 0 0
20110121072 21:09:00 71306 0 0
20110121073 21:19:00 01709 0 0
20110121074 21:30:00 84303 0 1
20110121075 21:40:00 31235 0 0
20110121076 21:50:00 56500 1 1
20110121077 22:00:00 03893 0 0
20110121078 22:10:00 33126 1 0
20110121079 22:20:00 51174 1 0
20110121080 22:31:00 85625 0 0
20110121081 22:41:00 99671 1 0
20110121082 22:51:00 83656 0 1
20110121083 23:01:00 09709 0 0
20110121084 23:11:00 40817 0 0
