20111124001 09:09:00 43865 0 0
20111124002 09:19:00 36908 0 0
20111124003 09:29:00 28645 0 0
20111124004 09:39:00 12156 1 0
20111124005 09:49:00 53562 1 0
20111124006 09:59:00 37162 0 0
20111124007 10:10:00 30782 0 0
20111124008 10:20:00 40253 0 0
20111124009 10:30:00 79860 0 0
20111124010 10:40:00 85193 0 0
20111124011 10:50:00 14139 1 0
20111124012 11:00:00 53522 1 1
20111124013 11:10:00 28223 1 1
20111124014 11:21:00 75429 0 0
20111124015 11:31:00 34563 0 0
20111124016 11:41:00 63514 0 0
20111124017 11:51:00 53090 0 1
20111124018 12:01:00 89288 0 1
20111124019 12:11:00 59984 1 0
20111124020 12:22:00 82266 1 1
20111124021 12:32:00 09692 0 0
20111124022 12:42:00 14574 0 0
20111124023 12:52:00 86835 1 0
20111124024 13:02:00 63630 1 0
20111124025 13:12:00 55530 1 0
20111124026 13:22:00 58253 0 0
20111124027 13:33:00 29310 0 0
20111124028 13:43:00 33930 1 0
20111124029 13:53:00 94678 0 0
20111124030 14:03:00 76161 0 1
20111124031 14:13:00 92859 0 0
20111124032 14:23:00 20208 1 0
20111124033 14:33:00 99277 1 1
20111124034 14:44:00 12013 0 0
20111124035 14:54:00 78973 0 0
20111124036 15:04:00 93390 1 0
20111124037 15:14:00 14705 0 0
20111124038 15:24:00 19819 0 0
20111124039 15:34:00 74483 1 0
20111124040 15:45:00 76474 0 1
20111124041 15:55:00 39100 0 1
20111124042 16:05:00 10874 0 0
20111124043 16:15:00 21018 0 0
20111124044 16:25:00 38538 0 0
20111124045 16:35:00 64605 1 0
20111124046 16:45:00 10982 0 0
20111124047 16:56:00 48408 1 0
20111124048 17:06:00 15009 0 1
20111124049 17:16:00 85220 0 1
20111124050 17:26:00 51463 0 0
20111124051 17:36:00 30630 0 0
20111124052 17:46:00 14293 0 0
20111124053 17:56:00 28163 0 0
20111124054 18:07:00 45256 0 0
20111124055 18:17:00 36550 0 1
20111124056 18:27:00 91665 0 1
20111124057 18:37:00 44775 1 1
20111124058 18:47:00 96188 0 1
20111124059 18:57:00 31887 0 1
20111124060 19:08:00 11659 1 0
20111124061 19:18:00 56451 0 0
20111124062 19:28:00 54571 1 0
20111124063 19:38:00 43000 0 1
20111124064 19:48:00 54111 0 1
20111124065 19:58:00 68187 0 0
20111124066 20:08:00 38005 0 1
20111124067 20:19:00 99710 1 0
20111124068 20:29:00 79167 0 0
20111124069 20:39:00 15140 1 0
20111124070 20:49:00 27738 1 0
20111124071 20:59:00 30126 0 0
20111124072 21:09:00 38242 0 1
20111124073 21:19:00 35192 0 0
20111124074 21:30:00 62338 0 1
20111124075 21:40:00 17904 0 0
20111124076 21:50:00 71497 0 0
20111124077 22:00:00 15618 0 0
20111124078 22:10:00 67787 1 1
20111124079 22:20:00 61189 1 0
20111124080 22:31:00 67317 0 0
20111124081 22:41:00 92406 0 0
20111124082 22:51:00 13308 1 0
20111124083 23:01:00 62803 0 0
20111124084 23:11:00 65269 0 0
