20111208001 09:09:00 28253 1 0
20111208002 09:19:00 58202 0 1
20111208003 09:29:00 85879 1 0
20111208004 09:39:00 15903 0 0
20111208005 09:49:00 74165 0 0
20111208006 09:59:00 66846 1 0
20111208007 10:10:00 66548 1 0
20111208008 10:20:00 17997 0 1
20111208009 10:30:00 70942 0 0
20111208010 10:40:00 57178 0 0
20111208011 10:50:00 02726 0 0
20111208012 11:00:00 48080 0 1
20111208013 11:10:00 68132 0 0
20111208014 11:21:00 14750 0 0
20111208015 11:31:00 90702 0 0
20111208016 11:41:00 45128 0 0
20111208017 11:51:00 09253 0 0
20111208018 12:01:00 81593 0 0
20111208019 12:11:00 11418 1 0
20111208020 12:22:00 58875 1 0
20111208021 12:32:00 60659 1 0
20111208022 12:42:00 78850 1 0
20111208023 12:52:00 39615 0 0
20111208024 13:02:00 24961 0 0
20111208025 13:12:00 73917 0 0
20111208026 13:22:00 10675 0 0
20111208027 13:33:00 33097 1 0
20111208028 13:43:00 13163 1 0
20111208029 13:53:00 01562 0 0
20111208030 14:03:00 93814 0 0
20111208031 14:13:00 29760 0 0
20111208032 14:23:00 87781 1 0
20111208033 14:33:00 30197 0 0
20111208034 14:44:00 10859 0 0
20111208035 14:54:00 00806 1 0
20111208036 15:04:00 57066 0 1
20111208037 15:14:00 31192 1 0
20111208038 15:24:00 32695 0 0
20111208039 15:34:00 72069 0 0
20111208040 15:45:00 98299 0 1
20111208041 15:55:00 50643 0 0
20111208042 16:05:00 68079 0 0
20111208043 16:15:00 94757 0 1
20111208044 16:25:00 44011 1 1
20111208045 16:35:00 09412 0 0
20111208046 16:45:00 26799 0 1
20111208047 16:56:00 94322 0 1
20111208048 17:06:00 13467 0 0
20111208049 17:16:00 64076 0 0
20111208050 17:26:00 31065 0 0
20111208051 17:36:00 23423 0 0
20111208052 17:46:00 02643 0 0
20111208053 17:56:00 08752 0 0
20111208054 18:07:00 97921 1 0
20111208055 18:17:00 56519 1 0
20111208056 18:27:00 22205 1 0
20111208057 18:37:00 58057 0 0
20111208058 18:47:00 26427 0 0
20111208059 18:57:00 52524 1 0
20111208060 19:08:00 37905 0 0
20111208061 19:18:00 06048 1 0
20111208062 19:28:00 10210 0 0
20111208063 19:38:00 02247 1 0
20111208064 19:48:00 88824 1 0
20111208065 19:58:00 34153 0 0
20111208066 20:08:00 32361 1 0
20111208067 20:19:00 66460 1 0
20111208068 20:29:00 29893 0 0
20111208069 20:39:00 86405 0 0
20111208070 20:49:00 01692 0 0
20111208071 20:59:00 75441 0 1
20111208072 21:09:00 34126 0 0
20111208073 21:19:00 32197 0 0
20111208074 21:30:00 53131 0 1
20111208075 21:40:00 81877 1 1
20111208076 21:50:00 56012 0 0
20111208077 22:00:00 96127 0 0
20111208078 22:10:00 90944 1 1
20111208079 22:20:00 31694 0 0
20111208080 22:31:00 81434 0 1
20111208081 22:41:00 84888 1 1
20111208082 22:51:00 97001 0 1
20111208083 23:01:00 79010 0 1
20111208084 23:11:00 93579 0 0
