20111102001 09:09:00 12362 0 0
20111102002 09:19:00 13770 0 1
20111102003 09:29:00 59638 0 0
20111102004 09:39:00 03743 0 0
20111102005 09:49:00 40363 0 1
20111102006 09:59:00 40600 0 1
20111102007 10:10:00 68149 0 0
20111102008 10:20:00 79082 0 0
20111102009 10:30:00 57778 1 1
20111102010 10:40:00 10372 0 0
20111102011 10:50:00 07821 0 0
20111102012 11:00:00 61797 0 1
20111102013 11:10:00 21010 0 1
20111102014 11:21:00 84602 0 0
20111102015 11:31:00 78464 0 1
20111102016 11:41:00 59520 1 0
20111102017 11:51:00 42145 0 0
20111102018 12:01:00 66653 1 0
20111102019 12:11:00 73157 0 0
20111102020 12:22:00 60580 0 0
20111102021 12:32:00 70531 0 0
20111102022 12:42:00 35975 0 0
20111102023 12:52:00 54239 0 0
20111102024 13:02:00 86188 0 1
20111102025 13:12:00 54452 1 0
20111102026 13:22:00 02204 1 0
20111102027 13:33:00 23386 1 0
20111102028 13:43:00 13039 0 0
20111102029 13:53:00 14595 0 1
20111102030 14:03:00 05824 0 0
20111102031 14:13:00 84276 0 0
20111102032 14:23:00 68372 0 0
20111102033 14:33:00 86569 0 0
20111102034 14:44:00 54140 0 0
20111102035 14:54:00 73206 0 0
20111102036 15:04:00 35759 0 0
20111102037 15:14:00 40731 0 0
20111102038 15:24:00 09579 0 0
20111102039 15:34:00 08106 0 0
20111102040 15:45:00 37438 0 0
20111102041 15:55:00 38067 0 0
20111102042 16:05:00 92306 0 0
20111102043 16:15:00 21073 0 0
20111102044 16:25:00 41412 1 0
20111102045 16:35:00 14879 0 0
20111102046 16:45:00 48532 0 0
20111102047 16:56:00 04619 0 0
20111102048 17:06:00 36129 0 0
20111102049 17:16:00 96395 0 0
20111102050 17:26:00 66375 1 0
20111102051 17:36:00 08941 0 0
20111102052 17:46:00 68454 0 1
20111102053 17:56:00 36500 0 1
20111102054 18:07:00 18863 1 0
20111102055 18:17:00 84817 1 0
20111102056 18:27:00 55074 1 0
20111102057 18:37:00 46794 0 0
20111102058 18:47:00 75709 1 0
20111102059 18:57:00 98262 0 1
20111102060 19:08:00 75251 0 0
20111102061 19:18:00 89710 0 0
20111102062 19:28:00 48440 1 1
20111102063 19:38:00 54103 0 0
20111102064 19:48:00 40538 0 0
20111102065 19:58:00 40573 0 0
20111102066 20:08:00 88418 1 0
20111102067 20:19:00 77044 1 1
20111102068 20:29:00 42524 0 0
20111102069 20:39:00 71855 0 1
20111102070 20:49:00 18503 0 0
20111102071 20:59:00 94048 0 0
20111102072 21:09:00 15399 0 1
20111102073 21:19:00 57605 0 0
20111102074 21:30:00 77851 1 0
20111102075 21:40:00 50372 0 0
20111102076 21:50:00 13623 0 0
20111102077 22:00:00 09925 1 0
20111102078 22:10:00 94362 0 0
20111102079 22:20:00 61318 0 0
20111102080 22:31:00 17353 0 1
20111102081 22:41:00 61325 0 0
20111102082 22:51:00 20388 0 1
20111102083 23:01:00 68539 0 0
20111102084 23:11:00 89623 0 0
