20110406001 09:09:00 89073 0 0
20110406002 09:19:00 35914 0 0
20110406003 09:29:00 47813 0 0
20110406004 09:39:00 82006 0 1
20110406005 09:49:00 47699 0 1
20110406006 09:59:00 97324 0 0
20110406007 10:10:00 41764 0 0
20110406008 10:20:00 58569 1 0
20110406009 10:30:00 07856 0 0
20110406010 10:40:00 86217 0 0
20110406011 10:50:00 52335 0 1
20110406012 11:00:00 12806 0 0
20110406013 11:10:00 33063 1 0
20110406014 11:21:00 24129 0 0
20110406015 11:31:00 28753 0 0
20110406016 11:41:00 14919 0 1
20110406017 11:51:00 51237 0 0
20110406018 12:01:00 82053 0 0
20110406019 12:11:00 54783 0 0
20110406020 12:22:00 81942 0 0
20110406021 12:32:00 94836 0 0
20110406022 12:42:00 27924 0 0
20110406023 12:52:00 48442 1 1
20110406024 13:02:00 76556 0 1
20110406025 13:12:00 73192 0 0
20110406026 13:22:00 48479 1 0
20110406027 13:33:00 28195 0 0
20110406028 13:43:00 63907 0 0
20110406029 13:53:00 03381 1 0
20110406030 14:03:00 33086 1 0
20110406031 14:13:00 92128 0 0
20110406032 14:23:00 28030 0 1
20110406033 14:33:00 40029 1 0
20110406034 14:44:00 52363 0 1
20110406035 14:54:00 96367 0 0
20110406036 15:04:00 21489 0 0
20110406037 15:14:00 83838 1 1
20110406038 15:24:00 12435 0 0
20110406039 15:34:00 00687 1 0
20110406040 15:45:00 68162 0 0
20110406041 15:55:00 15643 0 0
20110406042 16:05:00 54645 0 0
20110406043 16:15:00 40926 0 0
20110406044 16:25:00 19184 1 0
20110406045 16:35:00 07273 0 0
20110406046 16:45:00 53454 0 1
20110406047 16:56:00 32086 0 0
20110406048 17:06:00 87653 0 0
20110406049 17:16:00 56913 0 0
20110406050 17:26:00 69862 0 0
20110406051 17:36:00 29364 0 0
20110406052 17:46:00 46009 0 1
20110406053 17:56:00 68916 0 0
20110406054 18:07:00 07432 0 0
20110406055 18:17:00 80632 0 0
20110406056 18:27:00 96147 0 0
20110406057 18:37:00 25933 0 1
20110406058 18:47:00 72035 0 0
20110406059 18:57:00 78502 0 0
20110406060 19:08:00 77222 1 1
20110406061 19:18:00 09478 0 0
20110406062 19:28:00 23825 0 0
20110406063 19:38:00 39669 0 1
20110406064 19:48:00 23687 0 0
20110406065 19:58:00 92500 0 1
20110406066 20:08:00 39563 0 0
20110406067 20:19:00 44591 1 0
20110406068 20:29:00 66006 1 1
20110406069 20:39:00 65159 0 0
20110406070 20:49:00 55425 1 0
20110406071 20:59:00 02217 1 0
20110406072 21:09:00 23991 0 1
20110406073 21:19:00 01544 0 1
20110406074 21:30:00 57106 0 0
20110406075 21:40:00 05569 1 0
20110406076 21:50:00 47297 0 0
20110406077 22:00:00 39523 0 0
20110406078 22:10:00 88345 1 0
20110406079 22:20:00 40527 0 0
20110406080 22:31:00 22859 1 0
20110406081 22:41:00 74810 0 0
20110406082 22:51:00 54274 0 0
20110406083 23:01:00 04313 0 1
20110406084 23:11:00 40317 0 0
