20110816001 09:09:00 50073 1 0
20110816002 09:19:00 41091 0 0
20110816003 09:29:00 88324 1 0
20110816004 09:39:00 52743 0 0
20110816005 09:49:00 09452 0 0
20110816006 09:59:00 16370 0 0
20110816007 10:10:00 41856 0 0
20110816008 10:20:00 23353 1 1
20110816009 10:30:00 25989 0 1
20110816010 10:40:00 32760 0 0
20110816011 10:50:00 51522 1 1
20110816012 11:00:00 88713 1 0
20110816013 11:10:00 01855 0 1
20110816014 11:21:00 88978 1 0
20110816015 11:31:00 34194 0 0
20110816016 11:41:00 79711 1 1
20110816017 11:51:00 49326 0 0
20110816018 12:01:00 47527 0 0
20110816019 12:11:00 59208 0 0
20110816020 12:22:00 49569 0 0
20110816021 12:32:00 20300 0 1
20110816022 12:42:00 63430 0 0
20110816023 12:52:00 59333 0 1
20110816024 13:02:00 69131 0 1
20110816025 13:12:00 13939 0 1
20110816026 13:22:00 62847 0 0
20110816027 13:33:00 02315 0 0
20110816028 13:43:00 04115 0 1
20110816029 13:53:00 09978 1 0
20110816030 14:03:00 42011 0 1
20110816031 14:13:00 73630 0 0
20110816032 14:23:00 06206 0 0
20110816033 14:33:00 66656 1 1
20110816034 14:44:00 69474 0 1
20110816035 14:54:00 13704 0 0
20110816036 15:04:00 04461 1 0
20110816037 15:14:00 63207 0 0
20110816038 15:24:00 58143 0 0
20110816039 15:34:00 07389 0 0
20110816040 15:45:00 47818 0 1
20110816041 15:55:00 61011 0 1
20110816042 16:05:00 96762 0 0
20110816043 16:15:00 68695 1 0
20110816044 16:25:00 04501 0 0
20110816045 16:35:00 03467 0 0
20110816046 16:45:00 56728 0 0
20110816047 16:56:00 59173 0 0
20110816048 17:06:00 59305 0 0
20110816049 17:16:00 09832 0 0
20110816050 17:26:00 05963 0 0
20110816051 17:36:00 24740 0 0
20110816052 17:46:00 79047 0 0
20110816053 17:56:00 55186 1 0
20110816054 18:07:00 05927 0 0
20110816055 18:17:00 36000 0 1
20110816056 18:27:00 61056 0 0
20110816057 18:37:00 20661 0 1
20110816058 18:47:00 47291 0 0
20110816059 18:57:00 34171 0 1
20110816060 19:08:00 52161 0 1
20110816061 19:18:00 33752 1 0
20110816062 19:28:00 97129 0 0
20110816063 19:38:00 63384 1 0
20110816064 19:48:00 77143 1 0
20110816065 19:58:00 70673 0 0
20110816066 20:08:00 75450 0 0
20110816067 20:19:00 25851 0 0
20110816068 20:29:00 19940 1 0
20110816069 20:39:00 83732 0 0
20110816070 20:49:00 39019 0 0
20110816071 20:59:00 58703 0 0
20110816072 21:09:00 46932 0 0
20110816073 21:19:00 93587 0 0
20110816074 21:30:00 00394 1 0
20110816075 21:40:00 04737 0 1
20110816076 21:50:00 00574 1 0
20110816077 22:00:00 72630 0 0
20110816078 22:10:00 10878 0 1
20110816079 22:20:00 84020 0 1
20110816080 22:31:00 06075 1 0
20110816081 22:41:00 00314 1 0
20110816082 22:51:00 72339 0 1
20110816083 23:01:00 13357 1 0
20110816084 23:11:00 70790 1 0
