20111123001 09:09:00 04920 0 0
20111123002 09:19:00 77750 1 0
20111123003 09:29:00 90864 0 0
20111123004 09:39:00 73952 0 0
20111123005 09:49:00 42109 0 0
20111123006 09:59:00 50007 1 1
20111123007 10:10:00 15319 0 0
20111123008 10:20:00 86441 0 1
20111123009 10:30:00 14524 0 0
20111123010 10:40:00 62906 0 0
20111123011 10:50:00 16849 0 0
20111123012 11:00:00 10512 0 0
20111123013 11:10:00 10223 0 1
20111123014 11:21:00 74248 0 0
20111123015 11:31:00 09405 0 0
20111123016 11:41:00 67550 0 1
20111123017 11:51:00 05198 0 0
20111123018 12:01:00 49357 0 0
20111123019 12:11:00 13385 1 0
20111123020 12:22:00 41307 0 0
20111123021 12:32:00 11736 1 0
20111123022 12:42:00 29917 1 0
20111123023 12:52:00 07963 0 0
20111123024 13:02:00 09658 0 0
20111123025 13:12:00 02868 0 1
20111123026 13:22:00 91584 0 0
20111123027 13:33:00 80201 0 0
20111123028 13:43:00 16631 1 0
20111123029 13:53:00 20869 0 0
20111123030 14:03:00 94170 0 0
20111123031 14:13:00 80225 0 1
20111123032 14:23:00 54101 0 1
20111123033 14:33:00 42791 0 0
20111123034 14:44:00 31946 0 0
20111123035 14:54:00 03013 1 0
20111123036 15:04:00 80987 0 0
20111123037 15:14:00 20527 0 0
20111123038 15:24:00 14150 1 0
20111123039 15:34:00 74360 0 0
20111123040 15:45:00 07631 0 0
20111123041 15:55:00 79105 0 0
20111123042 16:05:00 69740 0 0
20111123043 16:15:00 11912 1 0
20111123044 16:25:00 73306 1 0
20111123045 16:35:00 53600 0 1
20111123046 16:45:00 22159 1 0
20111123047 16:56:00 34556 0 1
20111123048 17:06:00 92366 0 1
20111123049 17:16:00 40747 0 1
20111123050 17:26:00 93175 0 0
20111123051 17:36:00 85454 0 1
20111123052 17:46:00 28276 1 0
20111123053 17:56:00 47639 0 0
20111123054 18:07:00 71374 0 0
20111123055 18:17:00 06186 0 0
20111123056 18:27:00 60652 1 0
20111123057 18:37:00 97919 1 1
20111123058 18:47:00 10287 0 0
20111123059 18:57:00 81727 0 1
20111123060 19:08:00 83390 1 0
20111123061 19:18:00 68225 0 1
20111123062 19:28:00 39783 0 0
20111123063 19:38:00 22579 1 0
20111123064 19:48:00 95205 0 0
20111123065 19:58:00 97146 0 0
20111123066 20:08:00 75287 0 0
20111123067 20:19:00 48511 0 1
20111123068 20:29:00 34289 0 0
20111123069 20:39:00 27815 0 0
20111123070 20:49:00 11403 1 0
20111123071 20:59:00 37350 1 0
20111123072 21:09:00 45161 0 1
20111123073 21:19:00 52585 1 1
20111123074 21:30:00 85480 0 0
20111123075 21:40:00 10805 0 0
20111123076 21:50:00 58419 0 0
20111123077 22:00:00 20711 0 1
20111123078 22:10:00 36518 0 0
20111123079 22:20:00 86095 0 0
20111123080 22:31:00 24280 1 0
20111123081 22:41:00 80638 0 0
20111123082 22:51:00 25399 0 1
20111123083 23:01:00 57119 0 1
20111123084 23:11:00 40216 0 0
