20110717001 09:09:00 17863 0 0
20110717002 09:19:00 05671 0 0
20110717003 09:29:00 33450 1 0
20110717004 09:39:00 29289 1 0
20110717005 09:49:00 03910 0 0
20110717006 09:59:00 98189 0 0
20110717007 10:10:00 85356 0 0
20110717008 10:20:00 18690 0 0
20110717009 10:30:00 15616 0 1
20110717010 10:40:00 48002 0 1
20110717011 10:50:00 51798 0 0
20110717012 11:00:00 61718 0 0
20110717013 11:10:00 33260 1 0
20110717014 11:21:00 02203 1 0
20110717015 11:31:00 10571 0 0
20110717016 11:41:00 78366 0 1
20110717017 11:51:00 95266 0 1
20110717018 12:01:00 93378 1 0
20110717019 12:11:00 46361 0 0
20110717020 12:22:00 06184 0 0
20110717021 12:32:00 70454 0 1
20110717022 12:42:00 71300 0 1
20110717023 12:52:00 60384 0 0
20110717024 13:02:00 68762 0 0
20110717025 13:12:00 21528 0 0
20110717026 13:22:00 11423 1 0
20110717027 13:33:00 97560 0 0
20110717028 13:43:00 16366 0 1
20110717029 13:53:00 12048 0 0
20110717030 14:03:00 31715 0 0
20110717031 14:13:00 01966 0 1
20110717032 14:23:00 47597 0 0
20110717033 14:33:00 08385 0 0
20110717034 14:44:00 94634 0 0
20110717035 14:54:00 29588 0 1
20110717036 15:04:00 32997 0 1
20110717037 15:14:00 22684 1 0
20110717038 15:24:00 72379 0 0
20110717039 15:34:00 97572 0 0
20110717040 15:45:00 44233 1 1
20110717041 15:55:00 12580 0 0
20110717042 16:05:00 42738 0 0
20110717043 16:15:00 07146 0 0
20110717044 16:25:00 11179 1 0
20110717045 16:35:00 18489 0 0
20110717046 16:45:00 90112 0 1
20110717047 16:56:00 99395 1 0
20110717048 17:06:00 18000 0 1
20110717049 17:16:00 90449 0 1
20110717050 17:26:00 89017 0 0
20110717051 17:36:00 24432 1 0
20110717052 17:46:00 46024 0 0
20110717053 17:56:00 71054 0 0
20110717054 18:07:00 28896 1 0
20110717055 18:17:00 77601 1 0
20110717056 18:27:00 63878 0 1
20110717057 18:37:00 72921 0 0
20110717058 18:47:00 91249 0 0
20110717059 18:57:00 52763 0 0
20110717060 19:08:00 30748 0 0
20110717061 19:18:00 21168 1 0
20110717062 19:28:00 25021 0 0
20110717063 19:38:00 68267 0 0
20110717064 19:48:00 47277 0 1
20110717065 19:58:00 06616 1 1
20110717066 20:08:00 45685 0 0
20110717067 20:19:00 13622 0 1
20110717068 20:29:00 98690 0 0
20110717069 20:39:00 13542 0 0
20110717070 20:49:00 29349 0 0
20110717071 20:59:00 58957 0 0
20110717072 21:09:00 27407 0 0
20110717073 21:19:00 33929 1 1
20110717074 21:30:00 54257 0 0
20110717075 21:40:00 80445 0 1
20110717076 21:50:00 44064 1 0
20110717077 22:00:00 57153 0 0
20110717078 22:10:00 54588 1 1
20110717079 22:20:00 50703 0 0
20110717080 22:31:00 91914 1 0
20110717081 22:41:00 51338 0 1
20110717082 22:51:00 45941 0 0
20110717083 23:01:00 21878 0 1
20110717084 23:11:00 46562 0 0
