20110913001 09:09:00 54932 0 0
20110913002 09:19:00 49276 0 0
20110913003 09:29:00 50784 0 0
20110913004 09:39:00 95973 1 0
20110913005 09:49:00 75812 0 0
20110913006 09:59:00 92026 0 0
20110913007 10:10:00 94520 0 0
20110913008 10:20:00 71991 0 1
20110913009 10:30:00 85404 0 1
20110913010 10:40:00 74216 0 0
20110913011 10:50:00 38965 0 0
20110913012 11:00:00 24359 0 0
20110913013 11:10:00 70522 0 1
20110913014 11:21:00 55261 1 0
20110913015 11:31:00 47336 0 1
20110913016 11:41:00 84764 0 0
20110913017 11:51:00 11538 1 0
20110913018 12:01:00 19857 0 0
20110913019 12:11:00 90478 0 0
20110913020 12:22:00 51594 1 0
20110913021 12:32:00 03476 0 0
20110913022 12:42:00 97135 0 0
20110913023 12:52:00 44923 1 0
20110913024 13:02:00 13668 0 1
20110913025 13:12:00 18519 0 0
20110913026 13:22:00 79567 0 0
20110913027 13:33:00 30452 0 0
20110913028 13:43:00 65759 0 0
20110913029 13:53:00 52953 0 0
20110913030 14:03:00 92080 0 1
20110913031 14:13:00 81339 0 1
20110913032 14:23:00 72944 0 1
20110913033 14:33:00 56921 0 0
20110913034 14:44:00 72135 0 0
20110913035 14:54:00 64606 1 1
20110913036 15:04:00 62525 0 1
20110913037 15:14:00 79648 0 0
20110913038 15:24:00 85550 1 1
20110913039 15:34:00 23530 0 0
20110913040 15:45:00 18086 0 0
20110913041 15:55:00 77318 1 0
20110913042 16:05:00 79903 1 0
20110913043 16:15:00 12206 1 0
20110913044 16:25:00 78750 1 0
20110913045 16:35:00 50850 0 0
20110913046 16:45:00 18409 0 0
20110913047 16:56:00 67661 1 1
20110913048 17:06:00 06232 0 1
20110913049 17:16:00 33246 1 0
20110913050 17:26:00 74985 0 0
20110913051 17:36:00 94342 0 0
20110913052 17:46:00 17964 0 0
20110913053 17:56:00 80649 0 0
20110913054 18:07:00 92591 0 0
20110913055 18:17:00 01611 0 1
20110913056 18:27:00 39528 0 0
20110913057 18:37:00 47502 0 0
20110913058 18:47:00 15339 0 1
20110913059 18:57:00 37837 0 0
20110913060 19:08:00 02101 0 1
20110913061 19:18:00 24308 0 0
20110913062 19:28:00 75252 0 1
20110913063 19:38:00 77633 1 1
20110913064 19:48:00 36492 0 0
20110913065 19:58:00 82147 0 0
20110913066 20:08:00 24712 0 0
20110913067 20:19:00 69966 1 1
20110913068 20:29:00 73271 0 0
20110913069 20:39:00 10717 0 1
20110913070 20:49:00 14144 1 1
20110913071 20:59:00 64520 0 0
20110913072 21:09:00 81880 1 1
20110913073 21:19:00 94086 0 0
20110913074 21:30:00 46536 0 0
20110913075 21:40:00 83274 0 0
20110913076 21:50:00 14314 0 0
20110913077 22:00:00 82970 0 0
20110913078 22:10:00 81465 0 0
20110913079 22:20:00 68051 0 0
20110913080 22:31:00 02766 0 1
20110913081 22:41:00 99813 1 0
20110913082 22:51:00 25147 0 0
20110913083 23:01:00 93035 0 0
20110913084 23:11:00 81634 0 0
