20110325001 09:09:00 75884 0 1
20110325002 09:19:00 77947 1 0
20110325003 09:29:00 87578 0 0
20110325004 09:39:00 15611 0 1
20110325005 09:49:00 88343 1 1
20110325006 09:59:00 67078 0 0
20110325007 10:10:00 31051 0 0
20110325008 10:20:00 13266 0 1
20110325009 10:30:00 58718 0 0
20110325010 10:40:00 32746 0 0
20110325011 10:50:00 69904 1 0
20110325012 11:00:00 71421 0 0
20110325013 11:10:00 65306 0 0
20110325014 11:21:00 69933 1 1
20110325015 11:31:00 94794 0 0
20110325016 11:41:00 07103 0 0
20110325017 11:51:00 86482 0 0
20110325018 12:01:00 57827 0 0
20110325019 12:11:00 42167 0 0
20110325020 12:22:00 31697 0 0
20110325021 12:32:00 43630 0 0
20110325022 12:42:00 60246 0 0
20110325023 12:52:00 99281 1 0
20110325024 13:02:00 18366 0 1
20110325025 13:12:00 12952 0 0
20110325026 13:22:00 03085 1 0
20110325027 13:33:00 82763 0 0
20110325028 13:43:00 66841 1 0
20110325029 13:53:00 74617 0 0
20110325030 14:03:00 44803 1 0
20110325031 14:13:00 31565 0 1
20110325032 14:23:00 31352 1 0
20110325033 14:33:00 82073 0 0
20110325034 14:44:00 82410 0 0
20110325035 14:54:00 81804 1 0
20110325036 15:04:00 20205 1 0
20110325037 15:14:00 52678 0 0
20110325038 15:24:00 68498 0 0
20110325039 15:34:00 44330 1 1
20110325040 15:45:00 12093 0 0
20110325041 15:55:00 00941 1 0
20110325042 16:05:00 11996 1 1
20110325043 16:15:00 35768 0 0
20110325044 16:25:00 11816 1 0
20110325045 16:35:00 69539 0 0
20110325046 16:45:00 16161 1 1
20110325047 16:56:00 41320 0 0
20110325048 17:06:00 73584 0 0
20110325049 17:16:00 69152 0 0
20110325050 17:26:00 24515 0 1
20110325051 17:36:00 72052 0 0
20110325052 17:46:00 84709 0 0
20110325053 17:56:00 08966 0 1
20110325054 18:07:00 82135 0 0
20110325055 18:17:00 97051 0 0
20110325056 18:27:00 94130 0 0
20110325057 18:37:00 82710 0 0
20110325058 18:47:00 80941 0 0
20110325059 18:57:00 16143 1 0
20110325060 19:08:00 23847 0 0
20110325061 19:18:00 67089 0 0
20110325062 19:28:00 13600 0 1
20110325063 19:38:00 60522 0 1
20110325064 19:48:00 46344 0 1
20110325065 19:58:00 10604 0 0
20110325066 20:08:00 54937 0 0
20110325067 20:19:00 51048 0 0
20110325068 20:29:00 97963 1 0
20110325069 20:39:00 69716 0 0
20110325070 20:49:00 76481 0 0
20110325071 20:59:00 99458 1 0
20110325072 21:09:00 38869 1 0
20110325073 21:19:00 43904 0 0
20110325074 21:30:00 05784 0 0
20110325075 21:40:00 14949 0 1
20110325076 21:50:00 94112 0 1
20110325077 22:00:00 05621 0 0
20110325078 22:10:00 53363 1 1
20110325079 22:20:00 26867 0 0
20110325080 22:31:00 89694 0 0
20110325081 22:41:00 79599 0 1
20110325082 22:51:00 28121 0 1
20110325083 23:01:00 75367 0 0
20110325084 23:11:00 06954 0 0
