20110827001 09:09:00 04669 0 1
20110827002 09:19:00 52428 0 0
20110827003 09:29:00 06410 0 0
20110827004 09:39:00 84259 0 0
20110827005 09:49:00 50919 0 1
20110827006 09:59:00 63991 0 1
20110827007 10:10:00 55440 1 1
20110827008 10:20:00 11994 1 1
20110827009 10:30:00 28492 0 0
20110827010 10:40:00 11788 1 1
20110827011 10:50:00 09797 0 1
20110827012 11:00:00 31870 0 0
20110827013 11:10:00 06025 1 0
20110827014 11:21:00 50109 0 0
20110827015 11:31:00 78264 0 0
20110827016 11:41:00 87681 0 0
20110827017 11:51:00 76941 0 0
20110827018 12:01:00 83705 0 0
20110827019 12:11:00 66161 1 1
20110827020 12:22:00 58021 0 0
20110827021 12:32:00 38308 1 0
20110827022 12:42:00 55170 1 0
20110827023 12:52:00 80214 0 0
20110827024 13:02:00 75635 0 0
20110827025 13:12:00 22413 1 0
20110827026 13:22:00 13696 0 1
20110827027 13:33:00 98700 0 1
20110827028 13:43:00 32360 1 0
20110827029 13:53:00 07939 0 1
20110827030 14:03:00 55954 1 0
20110827031 14:13:00 19363 0 1
20110827032 14:23:00 78449 0 1
20110827033 14:33:00 27686 0 1
20110827034 14:44:00 68612 1 0
20110827035 14:54:00 72009 0 1
20110827036 15:04:00 53180 0 0
20110827037 15:14:00 00184 1 0
20110827038 15:24:00 85684 0 0
20110827039 15:34:00 76743 1 0
20110827040 15:45:00 46686 1 1
20110827041 15:55:00 69218 0 0
20110827042 16:05:00 53847 0 0
20110827043 16:15:00 10565 0 1
20110827044 16:25:00 05712 0 0
20110827045 16:35:00 01189 1 0
20110827046 16:45:00 00002 1 1
20110827047 16:56:00 92020 0 1
20110827048 17:06:00 84500 0 1
20110827049 17:16:00 74576 0 0
20110827050 17:26:00 01168 1 0
20110827051 17:36:00 60664 1 1
20110827052 17:46:00 72347 0 0
20110827053 17:56:00 57445 0 1
20110827054 18:07:00 17481 0 0
20110827055 18:17:00 27420 0 0
20110827056 18:27:00 49462 1 0
20110827057 18:37:00 88993 1 1
20110827058 18:47:00 22854 1 0
20110827059 18:57:00 31862 0 0
20110827060 19:08:00 76475 0 0
20110827061 19:18:00 95313 0 1
20110827062 19:28:00 21568 0 0
20110827063 19:38:00 83152 0 0
20110827064 19:48:00 48031 0 0
20110827065 19:58:00 25914 0 0
20110827066 20:08:00 29395 0 0
20110827067 20:19:00 32623 0 0
20110827068 20:29:00 16179 1 0
20110827069 20:39:00 38534 0 0
20110827070 20:49:00 73015 0 0
20110827071 20:59:00 65096 0 0
20110827072 21:09:00 86494 0 1
20110827073 21:19:00 81729 0 0
20110827074 21:30:00 19786 0 0
20110827075 21:40:00 52947 0 0
20110827076 21:50:00 97482 0 0
20110827077 22:00:00 03869 0 0
20110827078 22:10:00 59811 0 1
20110827079 22:20:00 22860 1 0
20110827080 22:31:00 03675 0 0
20110827081 22:41:00 44388 1 1
20110827082 22:51:00 54058 0 0
20110827083 23:01:00 96333 0 1
20110827084 23:11:00 58686 0 1
