20110523001 09:09:00 21319 0 0
20110523002 09:19:00 85206 0 0
20110523003 09:29:00 50339 0 1
20110523004 09:39:00 03456 0 0
20110523005 09:49:00 49319 0 0
20110523006 09:59:00 97030 0 1
20110523007 10:10:00 24845 0 0
20110523008 10:20:00 78539 0 0
20110523009 10:30:00 68214 0 0
20110523010 10:40:00 65597 1 0
20110523011 10:50:00 92449 0 1
20110523012 11:00:00 53261 0 0
20110523013 11:10:00 66419 1 0
20110523014 11:21:00 30332 1 1
20110523015 11:31:00 44002 1 1
20110523016 11:41:00 27563 0 0
20110523017 11:51:00 59726 0 0
20110523018 12:01:00 91751 0 0
20110523019 12:11:00 77135 1 0
20110523020 12:22:00 64496 1 0
20110523021 12:32:00 26345 0 0
20110523022 12:42:00 36999 0 1
20110523023 12:52:00 09252 0 1
20110523024 13:02:00 20263 1 0
20110523025 13:12:00 01054 1 0
20110523026 13:22:00 60929 0 1
20110523027 13:33:00 46989 0 1
20110523028 13:43:00 70562 0 0
20110523029 13:53:00 24347 0 0
20110523030 14:03:00 14135 1 0
20110523031 14:13:00 21556 0 1
20110523032 14:23:00 98592 0 0
20110523033 14:33:00 32427 0 0
20110523034 14:44:00 03972 0 0
20110523035 14:54:00 89309 0 0
20110523036 15:04:00 50915 0 0
20110523037 15:14:00 78664 0 1
20110523038 15:24:00 12713 0 0
20110523039 15:34:00 80409 0 0
20110523040 15:45:00 68902 0 0
20110523041 15:55:00 91791 0 0
20110523042 16:05:00 68245 0 0
20110523043 16:15:00 21094 0 0
20110523044 16:25:00 25265 1 0
20110523045 16:35:00 97825 0 0
20110523046 16:45:00 34335 1 1
20110523047 16:56:00 25258 1 0
20110523048 17:06:00 92779 0 1
20110523049 17:16:00 37691 0 0
20110523050 17:26:00 94814 0 0
20110523051 17:36:00 57330 0 1
20110523052 17:46:00 93157 0 0
20110523053 17:56:00 87007 0 1
20110523054 18:07:00 51063 0 0
20110523055 18:17:00 25822 0 1
20110523056 18:27:00 00018 1 0
20110523057 18:37:00 86953 0 0
20110523058 18:47:00 47184 0 0
20110523059 18:57:00 54386 0 0
20110523060 19:08:00 84222 0 1
20110523061 19:18:00 14505 0 1
20110523062 19:28:00 33279 1 0
20110523063 19:38:00 54516 1 0
20110523064 19:48:00 60047 1 0
20110523065 19:58:00 23278 1 0
20110523066 20:08:00 66957 1 0
20110523067 20:19:00 48320 0 0
20110523068 20:29:00 17955 0 1
20110523069 20:39:00 77954 1 0
20110523070 20:49:00 78474 0 1
20110523071 20:59:00 06704 0 0
20110523072 21:09:00 55635 1 0
20110523073 21:19:00 47819 0 0
20110523074 21:30:00 45639 0 0
20110523075 21:40:00 16572 0 0
20110523076 21:50:00 56208 0 0
20110523077 22:00:00 54349 0 0
20110523078 22:10:00 83125 0 0
20110523079 22:20:00 98923 1 0
20110523080 22:31:00 15866 0 1
20110523081 22:41:00 13811 0 1
20110523082 22:51:00 03498 0 0
20110523083 23:01:00 93959 1 1
20110523084 23:11:00 98496 0 0
