20110312001 09:09:00 57231 0 0
20110312002 09:19:00 89079 0 0
20110312003 09:29:00 55206 1 0
20110312004 09:39:00 94189 0 0
20110312005 09:49:00 99326 1 0
20110312006 09:59:00 48799 0 1
20110312007 10:10:00 54762 0 0
20110312008 10:20:00 86066 0 1
20110312009 10:30:00 77648 1 0
20110312010 10:40:00 66645 1 0
20110312011 10:50:00 60125 0 0
20110312012 11:00:00 88031 1 0
20110312013 11:10:00 29106 0 0
20110312014 11:21:00 19212 0 1
20110312015 11:31:00 50063 1 0
20110312016 11:41:00 94435 1 0
20110312017 11:51:00 02127 0 0
20110312018 12:01:00 79661 0 1
20110312019 12:11:00 97810 0 0
20110312020 12:22:00 38163 0 0
20110312021 12:32:00 51392 0 0
20110312022 12:42:00 36999 0 1
20110312023 12:52:00 55900 1 1
20110312024 13:02:00 58435 0 0
20110312025 13:12:00 38987 0 0
20110312026 13:22:00 82191 0 1
20110312027 13:33:00 28467 0 0
20110312028 13:43:00 22665 1 1
20110312029 13:53:00 75464 0 1
20110312030 14:03:00 83610 0 0
20110312031 14:13:00 20958 0 0
20110312032 14:23:00 70006 1 1
20110312033 14:33:00 00728 1 0
20110312034 14:44:00 18262 0 1
20110312035 14:54:00 49284 0 0
20110312036 15:04:00 31962 0 0
20110312037 15:14:00 97657 0 0
20110312038 15:24:00 85466 0 1
20110312039 15:34:00 82376 0 0
20110312040 15:45:00 07847 0 0
20110312041 15:55:00 55418 1 0
20110312042 16:05:00 69156 0 0
20110312043 16:15:00 11441 1 1
20110312044 16:25:00 30666 0 1
20110312045 16:35:00 57895 0 0
20110312046 16:45:00 45340 0 0
20110312047 16:56:00 45092 0 0
20110312048 17:06:00 46752 0 0
20110312049 17:16:00 33756 1 0
20110312050 17:26:00 89949 1 1
20110312051 17:36:00 04198 0 0
20110312052 17:46:00 36595 0 1
20110312053 17:56:00 91146 1 0
20110312054 18:07:00 93389 1 0
20110312055 18:17:00 18040 0 1
20110312056 18:27:00 80924 0 0
20110312057 18:37:00 17508 0 0
20110312058 18:47:00 29210 1 0
20110312059 18:57:00 65445 0 1
20110312060 19:08:00 40148 0 0
20110312061 19:18:00 00461 1 0
20110312062 19:28:00 55375 1 0
20110312063 19:38:00 37644 0 1
20110312064 19:48:00 78571 0 0
20110312065 19:58:00 29800 0 1
20110312066 20:08:00 51600 0 1
20110312067 20:19:00 47424 1 1
20110312068 20:29:00 55940 1 0
20110312069 20:39:00 59338 0 1
20110312070 20:49:00 48665 0 1
20110312071 20:59:00 76535 0 1
20110312072 21:09:00 70420 0 0
20110312073 21:19:00 84771 0 1
20110312074 21:30:00 99785 1 0
20110312075 21:40:00 72493 0 0
20110312076 21:50:00 57080 0 1
20110312077 22:00:00 46906 0 0
20110312078 22:10:00 80999 0 1
20110312079 22:20:00 63867 0 0
20110312080 22:31:00 01785 0 0
20110312081 22:41:00 24782 0 0
20110312082 22:51:00 96424 0 1
20110312083 23:01:00 65119 0 1
20110312084 23:11:00 68856 1 0
