20110129001 09:09:00 75057 0 0
20110129002 09:19:00 02348 0 0
20110129003 09:29:00 01597 0 0
20110129004 09:39:00 41061 0 0
20110129005 09:49:00 29154 0 0
20110129006 09:59:00 20974 0 0
20110129007 10:10:00 31336 1 1
20110129008 10:20:00 93348 1 0
20110129009 10:30:00 95349 0 0
20110129010 10:40:00 65100 0 1
20110129011 10:50:00 57402 0 0
20110129012 11:00:00 44161 1 1
20110129013 11:10:00 91681 0 0
20110129014 11:21:00 01729 0 0
20110129015 11:31:00 77275 1 0
20110129016 11:41:00 28829 1 0
20110129017 11:51:00 35207 0 0
20110129018 12:01:00 81822 1 1
20110129019 12:11:00 75542 1 0
20110129020 12:22:00 73492 0 0
20110129021 12:32:00 61864 0 0
20110129022 12:42:00 83740 0 0
20110129023 12:52:00 97974 1 0
20110129024 13:02:00 65640 1 0
20110129025 13:12:00 67425 0 0
20110129026 13:22:00 23586 0 0
20110129027 13:33:00 59327 0 0
20110129028 13:43:00 30734 0 0
20110129029 13:53:00 12123 1 0
20110129030 14:03:00 07352 0 0
20110129031 14:13:00 77943 1 0
20110129032 14:23:00 36632 1 0
20110129033 14:33:00 25526 1 0
20110129034 14:44:00 35965 0 0
20110129035 14:54:00 87040 0 1
20110129036 15:04:00 66648 1 0
20110129037 15:14:00 12219 1 0
20110129038 15:24:00 06800 0 1
20110129039 15:34:00 59453 0 0
20110129040 15:45:00 22357 1 0
20110129041 15:55:00 05479 0 0
20110129042 16:05:00 44825 1 0
20110129043 16:15:00 68760 0 0
20110129044 16:25:00 17071 0 0
20110129045 16:35:00 33131 1 1
20110129046 16:45:00 97055 0 1
20110129047 16:56:00 48459 1 0
20110129048 17:06:00 00312 1 0
20110129049 17:16:00 82211 1 1
20110129050 17:26:00 81021 0 0
20110129051 17:36:00 67494 0 1
20110129052 17:46:00 21894 0 0
20110129053 17:56:00 29068 0 0
20110129054 18:07:00 10236 0 0
20110129055 18:17:00 83207 0 0
20110129056 18:27:00 14144 1 1
20110129057 18:37:00 65505 1 1
20110129058 18:47:00 52071 0 0
20110129059 18:57:00 71216 0 0
20110129060 19:08:00 50591 1 0
20110129061 19:18:00 97061 0 0
20110129062 19:28:00 43641 0 0
20110129063 19:38:00 57704 1 0
20110129064 19:48:00 04218 0 0
20110129065 19:58:00 52043 0 0
20110129066 20:08:00 62916 0 0
20110129067 20:19:00 57319 0 0
20110129068 20:29:00 53967 0 0
20110129069 20:39:00 35816 0 0
20110129070 20:49:00 83242 0 1
20110129071 20:59:00 28597 0 0
20110129072 21:09:00 72165 0 0
20110129073 21:19:00 29417 0 0
20110129074 21:30:00 97245 0 0
20110129075 21:40:00 22586 1 0
20110129076 21:50:00 21632 0 0
20110129077 22:00:00 58903 0 0
20110129078 22:10:00 01111 1 1
20110129079 22:20:00 08884 1 1
20110129080 22:31:00 59897 0 0
20110129081 22:41:00 83424 0 1
20110129082 22:51:00 10218 0 0
20110129083 23:01:00 74240 0 0
20110129084 23:11:00 29435 0 0
