20110723001 09:09:00 71240 0 0
20110723002 09:19:00 92241 1 0
20110723003 09:29:00 91651 0 0
20110723004 09:39:00 97483 0 0
20110723005 09:49:00 93681 0 0
20110723006 09:59:00 12221 1 1
20110723007 10:10:00 46028 0 0
20110723008 10:20:00 93665 0 1
20110723009 10:30:00 03927 0 0
20110723010 10:40:00 84017 0 0
20110723011 10:50:00 19224 0 1
20110723012 11:00:00 18600 0 1
20110723013 11:10:00 26384 0 0
20110723014 11:21:00 31498 0 0
20110723015 11:31:00 78076 0 0
20110723016 11:41:00 93963 1 0
20110723017 11:51:00 83487 0 0
20110723018 12:01:00 61010 0 1
20110723019 12:11:00 46793 0 0
20110723020 12:22:00 14199 1 1
20110723021 12:32:00 66404 1 1
20110723022 12:42:00 60751 0 0
20110723023 12:52:00 81518 0 0
20110723024 13:02:00 93295 0 0
20110723025 13:12:00 66054 1 0
20110723026 13:22:00 91731 0 0
20110723027 13:33:00 62659 1 0
20110723028 13:43:00 62725 0 0
20110723029 13:53:00 84415 1 0
20110723030 14:03:00 13255 0 1
20110723031 14:13:00 11541 1 0
20110723032 14:23:00 34168 0 0
20110723033 14:33:00 28866 1 1
20110723034 14:44:00 16744 0 1
20110723035 14:54:00 84874 1 0
20110723036 15:04:00 25123 0 0
20110723037 15:14:00 27125 0 0
20110723038 15:24:00 68204 0 0
20110723039 15:34:00 22555 1 1
20110723040 15:45:00 88519 1 0
20110723041 15:55:00 26376 0 0
20110723042 16:05:00 94508 0 0
20110723043 16:15:00 25556 1 1
20110723044 16:25:00 03155 0 1
20110723045 16:35:00 51729 0 0
20110723046 16:45:00 40962 0 0
20110723047 16:56:00 81719 0 0
20110723048 17:06:00 12044 0 1
20110723049 17:16:00 96065 0 0
20110723050 17:26:00 57969 0 1
20110723051 17:36:00 86918 0 0
20110723052 17:46:00 49675 0 0
20110723053 17:56:00 34827 0 0
20110723054 18:07:00 00448 1 1
20110723055 18:17:00 66085 1 0
20110723056 18:27:00 14417 1 0
20110723057 18:37:00 38549 0 0
20110723058 18:47:00 96298 0 0
20110723059 18:57:00 99536 1 0
20110723060 19:08:00 93463 0 0
20110723061 19:18:00 94392 0 0
20110723062 19:28:00 62389 0 0
20110723063 19:38:00 91377 0 1
20110723064 19:48:00 83813 1 0
20110723065 19:58:00 61630 1 0
20110723066 20:08:00 31162 1 0
20110723067 20:19:00 13069 0 0
20110723068 20:29:00 68891 1 0
20110723069 20:39:00 22714 1 0
20110723070 20:49:00 91726 0 0
20110723071 20:59:00 54671 0 0
20110723072 21:09:00 62946 0 0
20110723073 21:19:00 96993 1 1
20110723074 21:30:00 10131 1 1
20110723075 21:40:00 74085 0 0
20110723076 21:50:00 72188 0 1
20110723077 22:00:00 33902 1 0
20110723078 22:10:00 30623 0 0
20110723079 22:20:00 73956 0 0
20110723080 22:31:00 57593 1 0
20110723081 22:41:00 25400 0 1
20110723082 22:51:00 01755 0 1
20110723083 23:01:00 90966 1 1
20110723084 23:11:00 99759 1 0
