20110318001 09:09:00 87881 1 1
20110318002 09:19:00 86872 1 0
20110318003 09:29:00 52585 1 1
20110318004 09:39:00 19443 0 1
20110318005 09:49:00 35323 1 1
20110318006 09:59:00 54317 0 0
20110318007 10:10:00 52465 0 0
20110318008 10:20:00 04774 0 1
20110318009 10:30:00 91306 0 0
20110318010 10:40:00 22950 1 0
20110318011 10:50:00 93562 0 0
20110318012 11:00:00 96971 1 0
20110318013 11:10:00 84892 1 0
20110318014 11:21:00 63757 0 1
20110318015 11:31:00 71024 0 0
20110318016 11:41:00 59798 0 0
20110318017 11:51:00 14165 1 0
20110318018 12:01:00 89549 0 0
20110318019 12:11:00 36107 0 0
20110318020 12:22:00 62433 0 1
20110318021 12:32:00 30830 0 0
20110318022 12:42:00 06613 1 0
20110318023 12:52:00 23515 0 1
20110318024 13:02:00 00284 1 0
20110318025 13:12:00 50145 0 0
20110318026 13:22:00 54434 1 1
20110318027 13:33:00 04416 1 0
20110318028 13:43:00 08533 0 1
20110318029 13:53:00 59474 0 1
20110318030 14:03:00 65126 0 0
20110318031 14:13:00 62858 0 1
20110318032 14:23:00 72378 0 0
20110318033 14:33:00 75351 0 0
20110318034 14:44:00 56206 0 0
20110318035 14:54:00 66975 1 0
20110318036 15:04:00 90128 0 0
20110318037 15:14:00 20376 0 0
20110318038 15:24:00 57604 0 0
20110318039 15:34:00 16335 0 1
20110318040 15:45:00 88010 1 1
20110318041 15:55:00 93622 0 1
20110318042 16:05:00 25136 0 0
20110318043 16:15:00 31894 0 0
20110318044 16:25:00 62217 1 0
20110318045 16:35:00 27506 0 0
20110318046 16:45:00 30465 0 0
20110318047 16:56:00 96421 0 0
20110318048 17:06:00 77884 1 1
20110318049 17:16:00 82922 0 1
20110318050 17:26:00 42937 0 0
20110318051 17:36:00 75424 0 1
20110318052 17:46:00 43907 0 0
20110318053 17:56:00 98814 1 0
20110318054 18:07:00 12887 0 1
20110318055 18:17:00 51231 0 0
20110318056 18:27:00 98888 1 1
20110318057 18:37:00 30935 0 0
20110318058 18:47:00 41338 0 1
20110318059 18:57:00 83483 0 0
20110318060 19:08:00 48810 1 0
20110318061 19:18:00 36103 0 0
20110318062 19:28:00 95724 0 0
20110318063 19:38:00 78525 0 1
20110318064 19:48:00 37057 0 0
20110318065 19:58:00 31949 0 1
20110318066 20:08:00 27671 0 0
20110318067 20:19:00 59243 0 0
20110318068 20:29:00 37442 0 1
20110318069 20:39:00 58067 0 0
20110318070 20:49:00 88211 1 1
20110318071 20:59:00 24318 0 0
20110318072 21:09:00 73611 0 1
20110318073 21:19:00 69071 0 0
20110318074 21:30:00 42439 1 0
20110318075 21:40:00 52096 0 0
20110318076 21:50:00 84204 0 0
20110318077 22:00:00 35306 1 0
20110318078 22:10:00 32881 0 1
20110318079 22:20:00 34548 0 0
20110318080 22:31:00 43309 1 0
20110318081 22:41:00 98520 0 0
20110318082 22:51:00 83373 1 1
20110318083 23:01:00 88863 1 0
20110318084 23:11:00 84535 0 1
