20110329001 09:09:00 02534 0 0
20110329002 09:19:00 66983 1 0
20110329003 09:29:00 34689 0 0
20110329004 09:39:00 87023 0 0
20110329005 09:49:00 32280 1 0
20110329006 09:59:00 18191 1 1
20110329007 10:10:00 09429 0 0
20110329008 10:20:00 31276 0 0
20110329009 10:30:00 74155 0 1
20110329010 10:40:00 30673 0 0
20110329011 10:50:00 08683 0 0
20110329012 11:00:00 51926 0 0
20110329013 11:10:00 65102 0 0
20110329014 11:21:00 01504 0 0
20110329015 11:31:00 19437 0 0
20110329016 11:41:00 34869 0 0
20110329017 11:51:00 60084 1 0
20110329018 12:01:00 38472 0 0
20110329019 12:11:00 20978 0 0
20110329020 12:22:00 04293 0 0
20110329021 12:32:00 51703 0 0
20110329022 12:42:00 78567 0 0
20110329023 12:52:00 06590 0 0
20110329024 13:02:00 38327 1 0
20110329025 13:12:00 83587 0 0
20110329026 13:22:00 16242 0 1
20110329027 13:33:00 61154 1 0
20110329028 13:43:00 38710 0 0
20110329029 13:53:00 24728 0 0
20110329030 14:03:00 21265 1 0
20110329031 14:13:00 15453 0 0
20110329032 14:23:00 39437 0 0
20110329033 14:33:00 44973 1 0
20110329034 14:44:00 50257 0 0
20110329035 14:54:00 71936 0 0
20110329036 15:04:00 11950 1 0
20110329037 15:14:00 95664 0 1
20110329038 15:24:00 95952 1 0
20110329039 15:34:00 34619 0 0
20110329040 15:45:00 90324 0 0
20110329041 15:55:00 34533 0 1
20110329042 16:05:00 14076 0 0
20110329043 16:15:00 41938 0 0
20110329044 16:25:00 34644 0 1
20110329045 16:35:00 77000 1 1
20110329046 16:45:00 42272 1 1
20110329047 16:56:00 33718 1 0
20110329048 17:06:00 03591 0 0
20110329049 17:16:00 71037 0 0
20110329050 17:26:00 88395 1 0
20110329051 17:36:00 80341 0 0
20110329052 17:46:00 20446 0 1
20110329053 17:56:00 68766 0 1
20110329054 18:07:00 74729 1 0
20110329055 18:17:00 97860 0 0
20110329056 18:27:00 22635 1 0
20110329057 18:37:00 55606 1 1
20110329058 18:47:00 62793 0 0
20110329059 18:57:00 92443 0 1
20110329060 19:08:00 29307 0 0
20110329061 19:18:00 76310 0 0
20110329062 19:28:00 61734 0 0
20110329063 19:38:00 45623 0 0
20110329064 19:48:00 69415 0 0
20110329065 19:58:00 04027 1 0
20110329066 20:08:00 11114 1 1
20110329067 20:19:00 78313 0 1
20110329068 20:29:00 43495 1 0
20110329069 20:39:00 83539 0 0
20110329070 20:49:00 74285 0 0
20110329071 20:59:00 39737 0 1
20110329072 21:09:00 81662 0 1
20110329073 21:19:00 12410 0 0
20110329074 21:30:00 89696 0 1
20110329075 21:40:00 26339 0 1
20110329076 21:50:00 01178 1 0
20110329077 22:00:00 02525 0 1
20110329078 22:10:00 67430 0 0
20110329079 22:20:00 54222 0 1
20110329080 22:31:00 79628 0 0
20110329081 22:41:00 06569 0 0
20110329082 22:51:00 45312 0 0
20110329083 23:01:00 63742 0 0
20110329084 23:11:00 59558 1 1
