20110106001 09:09:00 98968 1 0
20110106002 09:19:00 34677 0 1
20110106003 09:29:00 42009 0 1
20110106004 09:39:00 42918 0 0
20110106005 09:49:00 93881 0 1
20110106006 09:59:00 99814 1 0
20110106007 10:10:00 33384 1 0
20110106008 10:20:00 99686 1 1
20110106009 10:30:00 02213 1 0
20110106010 10:40:00 28450 0 0
20110106011 10:50:00 35522 1 1
20110106012 11:00:00 36929 0 1
20110106013 11:10:00 05670 0 0
20110106014 11:21:00 86861 1 0
20110106015 11:31:00 74672 0 0
20110106016 11:41:00 61682 1 0
20110106017 11:51:00 64464 1 1
20110106018 12:01:00 59261 0 0
20110106019 12:11:00 33327 1 0
20110106020 12:22:00 30039 1 0
20110106021 12:32:00 11266 1 1
20110106022 12:42:00 26870 0 0
20110106023 12:52:00 61811 0 1
20110106024 13:02:00 24303 0 1
20110106025 13:12:00 48689 0 0
20110106026 13:22:00 93580 0 0
20110106027 13:33:00 76446 0 1
20110106028 13:43:00 23842 0 0
20110106029 13:53:00 66168 1 0
20110106030 14:03:00 56108 0 0
20110106031 14:13:00 47447 1 1
20110106032 14:23:00 09353 0 1
20110106033 14:33:00 70826 0 0
20110106034 14:44:00 69163 0 0
20110106035 14:54:00 75557 1 1
20110106036 15:04:00 57816 0 0
20110106037 15:14:00 22180 1 0
20110106038 15:24:00 43355 1 1
20110106039 15:34:00 22941 1 0
20110106040 15:45:00 65276 0 0
20110106041 15:55:00 21845 0 0
20110106042 16:05:00 84186 0 0
20110106043 16:15:00 36491 0 0
20110106044 16:25:00 14794 0 0
20110106045 16:35:00 91548 0 0
20110106046 16:45:00 67902 0 0
20110106047 16:56:00 21739 0 0
20110106048 17:06:00 59025 0 0
20110106049 17:16:00 23063 0 0
20110106050 17:26:00 83419 0 0
20110106051 17:36:00 48918 0 0
20110106052 17:46:00 39000 0 1
20110106053 17:56:00 51552 1 1
20110106054 18:07:00 52852 0 0
20110106055 18:17:00 63339 1 1
20110106056 18:27:00 74671 0 0
20110106057 18:37:00 68550 0 1
20110106058 18:47:00 85115 0 1
20110106059 18:57:00 69932 1 0
20110106060 19:08:00 77008 1 1
20110106061 19:18:00 02227 1 1
20110106062 19:28:00 89081 0 0
20110106063 19:38:00 46112 0 1
20110106064 19:48:00 80098 1 0
20110106065 19:58:00 79849 0 0
20110106066 20:08:00 81885 1 1
20110106067 20:19:00 35814 0 0
20110106068 20:29:00 76713 1 0
20110106069 20:39:00 38668 0 1
20110106070 20:49:00 33570 1 0
20110106071 20:59:00 02346 0 0
20110106072 21:09:00 68865 1 0
20110106073 21:19:00 73324 1 0
20110106074 21:30:00 59196 0 0
20110106075 21:40:00 90165 0 0
20110106076 21:50:00 59098 0 0
20110106077 22:00:00 18735 0 0
20110106078 22:10:00 52761 0 0
20110106079 22:20:00 60046 1 0
20110106080 22:31:00 66372 1 0
20110106081 22:41:00 20734 0 0
20110106082 22:51:00 98612 0 0
20110106083 23:01:00 73399 1 1
20110106084 23:11:00 67827 0 0
