20110327001 09:09:00 40786 0 0
20110327002 09:19:00 40149 0 0
20110327003 09:29:00 42362 0 0
20110327004 09:39:00 91566 0 1
20110327005 09:49:00 68075 0 0
20110327006 09:59:00 67392 0 0
20110327007 10:10:00 03220 0 1
20110327008 10:20:00 91959 1 1
20110327009 10:30:00 35841 0 0
20110327010 10:40:00 51529 1 0
20110327011 10:50:00 00845 1 0
20110327012 11:00:00 08271 0 0
20110327013 11:10:00 09864 0 0
20110327014 11:21:00 46830 0 0
20110327015 11:31:00 07333 0 1
20110327016 11:41:00 34720 0 0
20110327017 11:51:00 72642 0 0
20110327018 12:01:00 19648 0 0
20110327019 12:11:00 15423 0 0
20110327020 12:22:00 77375 1 0
20110327021 12:32:00 34800 0 1
20110327022 12:42:00 12248 1 0
20110327023 12:52:00 01133 1 1
20110327024 13:02:00 60830 0 0
20110327025 13:12:00 66182 1 0
20110327026 13:22:00 41352 0 0
20110327027 13:33:00 94346 0 0
20110327028 13:43:00 14952 0 0
20110327029 13:53:00 06692 1 0
20110327030 14:03:00 47173 0 0
20110327031 14:13:00 83329 1 0
20110327032 14:23:00 61096 0 0
20110327033 14:33:00 29114 0 1
20110327034 14:44:00 84953 0 0
20110327035 14:54:00 03172 0 0
20110327036 15:04:00 21210 1 0
20110327037 15:14:00 93514 0 0
20110327038 15:24:00 22360 1 0
20110327039 15:34:00 31236 0 0
20110327040 15:45:00 25139 0 0
20110327041 15:55:00 55948 1 0
20110327042 16:05:00 09787 0 1
20110327043 16:15:00 40907 0 0
20110327044 16:25:00 74507 0 0
20110327045 16:35:00 46690 1 0
20110327046 16:45:00 72824 0 0
20110327047 16:56:00 28982 0 0
20110327048 17:06:00 83871 1 0
20110327049 17:16:00 26070 0 1
20110327050 17:26:00 39217 0 0
20110327051 17:36:00 26678 1 0
20110327052 17:46:00 20885 0 1
20110327053 17:56:00 73688 0 1
20110327054 18:07:00 88877 1 1
20110327055 18:17:00 34454 1 1
20110327056 18:27:00 08582 0 0
20110327057 18:37:00 48878 1 1
20110327058 18:47:00 06334 0 1
20110327059 18:57:00 04842 0 0
20110327060 19:08:00 99099 1 1
20110327061 19:18:00 42569 0 0
20110327062 19:28:00 00661 1 1
20110327063 19:38:00 28408 0 0
20110327064 19:48:00 04428 1 0
20110327065 19:58:00 61647 1 0
20110327066 20:08:00 57950 0 0
20110327067 20:19:00 49647 0 0
20110327068 20:29:00 15554 1 1
20110327069 20:39:00 49370 0 0
20110327070 20:49:00 39919 1 1
20110327071 20:59:00 39976 1 0
20110327072 21:09:00 18157 1 0
20110327073 21:19:00 09073 1 0
20110327074 21:30:00 74951 0 0
20110327075 21:40:00 51112 1 1
20110327076 21:50:00 39421 0 0
20110327077 22:00:00 55356 1 0
20110327078 22:10:00 47337 0 1
20110327079 22:20:00 60475 0 0
20110327080 22:31:00 94942 1 0
20110327081 22:41:00 93900 1 1
20110327082 22:51:00 55305 1 0
20110327083 23:01:00 14732 0 0
20110327084 23:11:00 01608 0 0
