20111211001 09:09:00 01872 0 0
20111211002 09:19:00 31798 0 0
20111211003 09:29:00 87629 0 0
20111211004 09:39:00 58161 0 1
20111211005 09:49:00 11966 1 1
20111211006 09:59:00 23623 0 0
20111211007 10:10:00 75496 0 0
20111211008 10:20:00 28664 0 1
20111211009 10:30:00 24981 0 0
20111211010 10:40:00 20348 0 0
20111211011 10:50:00 70481 0 0
20111211012 11:00:00 73672 0 0
20111211013 11:10:00 00555 1 1
20111211014 11:21:00 53543 1 0
20111211015 11:31:00 90374 0 0
20111211016 11:41:00 98127 0 0
20111211017 11:51:00 17960 0 0
20111211018 12:01:00 22523 1 0
20111211019 12:11:00 56432 0 0
20111211020 12:22:00 37185 0 0
20111211021 12:32:00 73839 0 0
20111211022 12:42:00 98116 0 1
20111211023 12:52:00 23626 0 1
20111211024 13:02:00 35814 0 0
20111211025 13:12:00 29223 1 1
20111211026 13:22:00 28854 1 0
20111211027 13:33:00 92946 1 0
20111211028 13:43:00 00285 1 0
20111211029 13:53:00 31152 1 0
20111211030 14:03:00 31686 0 1
20111211031 14:13:00 63910 0 0
20111211032 14:23:00 13141 1 1
20111211033 14:33:00 74102 0 0
20111211034 14:44:00 54790 0 0
20111211035 14:54:00 67583 0 0
20111211036 15:04:00 93656 0 1
20111211037 15:14:00 70309 0 0
20111211038 15:24:00 35881 0 1
20111211039 15:34:00 60137 0 0
20111211040 15:45:00 53874 0 0
20111211041 15:55:00 78673 0 0
20111211042 16:05:00 46891 0 0
20111211043 16:15:00 87094 0 0
20111211044 16:25:00 68574 0 0
20111211045 16:35:00 66802 1 0
20111211046 16:45:00 39208 0 0
20111211047 16:56:00 72669 0 1
20111211048 17:06:00 72235 1 0
20111211049 17:16:00 71540 0 0
20111211050 17:26:00 88634 1 0
20111211051 17:36:00 74855 0 1
20111211052 17:46:00 61519 0 0
20111211053 17:56:00 05846 0 0
20111211054 18:07:00 03452 0 0
20111211055 18:17:00 62567 0 0
20111211056 18:27:00 98434 0 1
20111211057 18:37:00 93886 0 1
20111211058 18:47:00 53713 0 0
20111211059 18:57:00 45955 0 1
20111211060 19:08:00 66644 1 1
20111211061 19:18:00 84784 0 0
20111211062 19:28:00 92396 0 0
20111211063 19:38:00 65043 0 0
20111211064 19:48:00 76842 0 0
20111211065 19:58:00 02708 0 0
20111211066 20:08:00 32857 0 0
20111211067 20:19:00 97922 1 1
20111211068 20:29:00 64318 0 0
20111211069 20:39:00 86418 0 0
20111211070 20:49:00 01512 0 0
20111211071 20:59:00 14074 0 0
20111211072 21:09:00 38268 0 0
20111211073 21:19:00 22204 1 0
20111211074 21:30:00 07059 1 0
20111211075 21:40:00 50869 0 0
20111211076 21:50:00 28180 0 0
20111211077 22:00:00 46091 0 0
20111211078 22:10:00 50249 0 0
20111211079 22:20:00 33661 1 1
20111211080 22:31:00 78331 0 1
20111211081 22:41:00 87436 0 0
20111211082 22:51:00 88653 1 0
20111211083 23:01:00 55366 1 1
20111211084 23:11:00 61747 0 1
