20110505001 09:09:00 05224 0 1
20110505002 09:19:00 71031 0 0
20110505003 09:29:00 13372 1 0
20110505004 09:39:00 33941 1 0
20110505005 09:49:00 69152 0 0
20110505006 09:59:00 80678 0 0
20110505007 10:10:00 51843 0 0
20110505008 10:20:00 91759 0 0
20110505009 10:30:00 46048 0 0
20110505010 10:40:00 27756 1 0
20110505011 10:50:00 45366 0 1
20110505012 11:00:00 93218 0 0
20110505013 11:10:00 15045 0 0
20110505014 11:21:00 85410 0 0
20110505015 11:31:00 33656 1 1
20110505016 11:41:00 96323 0 1
20110505017 11:51:00 10277 0 1
20110505018 12:01:00 11646 1 1
20110505019 12:11:00 14586 0 0
20110505020 12:22:00 01309 0 0
20110505021 12:32:00 48318 0 0
20110505022 12:42:00 51056 0 0
20110505023 12:52:00 44674 1 0
20110505024 13:02:00 87835 1 0
20110505025 13:12:00 03105 0 0
20110505026 13:22:00 74905 0 0
20110505027 13:33:00 09061 1 0
20110505028 13:43:00 17535 0 1
20110505029 13:53:00 64661 1 1
20110505030 14:03:00 42225 1 1
20110505031 14:13:00 31479 0 0
20110505032 14:23:00 99382 1 0
20110505033 14:33:00 43845 0 0
20110505034 14:44:00 79903 1 0
20110505035 14:54:00 38106 0 0
20110505036 15:04:00 01343 0 1
20110505037 15:14:00 45666 0 1
20110505038 15:24:00 29664 0 1
20110505039 15:34:00 19929 1 1
20110505040 15:45:00 89962 1 0
20110505041 15:55:00 19439 0 0
20110505042 16:05:00 08886 1 1
20110505043 16:15:00 29793 0 0
20110505044 16:25:00 85578 1 0
20110505045 16:35:00 35255 0 1
20110505046 16:45:00 69095 0 0
20110505047 16:56:00 11494 1 1
20110505048 17:06:00 50371 0 0
20110505049 17:16:00 31901 0 0
20110505050 17:26:00 62173 0 0
20110505051 17:36:00 56477 0 1
20110505052 17:46:00 16350 0 0
20110505053 17:56:00 63443 0 1
20110505054 18:07:00 10335 0 1
20110505055 18:17:00 66766 1 1
20110505056 18:27:00 13200 0 1
20110505057 18:37:00 28952 0 0
20110505058 18:47:00 19720 0 0
20110505059 18:57:00 07784 1 0
20110505060 19:08:00 94306 0 0
20110505061 19:18:00 73352 1 0
20110505062 19:28:00 17409 0 0
20110505063 19:38:00 65278 0 0
20110505064 19:48:00 55325 1 0
20110505065 19:58:00 12795 0 0
20110505066 20:08:00 64518 0 0
20110505067 20:19:00 67734 1 0
20110505068 20:29:00 50614 0 0
20110505069 20:39:00 51456 0 0
20110505070 20:49:00 75018 0 0
20110505071 20:59:00 93610 0 0
20110505072 21:09:00 75045 0 0
20110505073 21:19:00 49321 0 0
20110505074 21:30:00 47532 0 0
20110505075 21:40:00 75864 0 0
20110505076 21:50:00 64104 0 0
20110505077 22:00:00 56229 0 1
20110505078 22:10:00 58438 0 0
20110505079 22:20:00 28742 0 0
20110505080 22:31:00 03005 1 1
20110505081 22:41:00 34631 0 0
20110505082 22:51:00 34255 0 1
20110505083 23:01:00 29118 0 1
20110505084 23:11:00 40119 0 1
