20111228001 09:09:00 32637 0 0
20111228002 09:19:00 80036 1 0
20111228003 09:29:00 28341 0 0
20111228004 09:39:00 49327 0 0
20111228005 09:49:00 92847 0 0
20111228006 09:59:00 55564 1 0
20111228007 10:10:00 69541 0 0
20111228008 10:20:00 13542 0 0
20111228009 10:30:00 47941 0 0
20111228010 10:40:00 35128 0 0
20111228011 10:50:00 69804 0 0
20111228012 11:00:00 30909 0 1
20111228013 11:10:00 46676 1 1
20111228014 11:21:00 99284 1 0
20111228015 11:31:00 97355 0 1
20111228016 11:41:00 15577 1 1
20111228017 11:51:00 46210 0 0
20111228018 12:01:00 82215 1 0
20111228019 12:11:00 82923 0 0
20111228020 12:22:00 79114 0 1
20111228021 12:32:00 64929 0 1
20111228022 12:42:00 79041 0 0
20111228023 12:52:00 68283 0 0
20111228024 13:02:00 35854 0 0
20111228025 13:12:00 80493 0 0
20111228026 13:22:00 19835 0 0
20111228027 13:33:00 39370 1 0
20111228028 13:43:00 06207 0 0
20111228029 13:53:00 38938 0 0
20111228030 14:03:00 03173 0 0
20111228031 14:13:00 07290 0 0
20111228032 14:23:00 41410 1 0
20111228033 14:33:00 94552 0 1
20111228034 14:44:00 70239 0 0
20111228035 14:54:00 61090 0 1
20111228036 15:04:00 52562 1 0
20111228037 15:14:00 97546 0 0
20111228038 15:24:00 44257 1 0
20111228039 15:34:00 07752 1 0
20111228040 15:45:00 59889 0 1
20111228041 15:55:00 58924 0 0
20111228042 16:05:00 66575 1 1
20111228043 16:15:00 33798 1 0
20111228044 16:25:00 42985 0 0
20111228045 16:35:00 74684 0 0
20111228046 16:45:00 39372 1 0
20111228047 16:56:00 71229 0 1
20111228048 17:06:00 07291 0 0
20111228049 17:16:00 05931 0 0
20111228050 17:26:00 70773 1 1
20111228051 17:36:00 09881 0 1
20111228052 17:46:00 02324 0 0
20111228053 17:56:00 17284 0 0
20111228054 18:07:00 05661 0 1
20111228055 18:17:00 20177 0 1
20111228056 18:27:00 84272 0 1
20111228057 18:37:00 33405 1 0
20111228058 18:47:00 60252 0 1
20111228059 18:57:00 35717 0 1
20111228060 19:08:00 05445 0 1
20111228061 19:18:00 66984 1 0
20111228062 19:28:00 41088 0 1
20111228063 19:38:00 55109 1 0
20111228064 19:48:00 71028 0 0
20111228065 19:58:00 29761 0 0
20111228066 20:08:00 42487 1 0
20111228067 20:19:00 53575 1 1
20111228068 20:29:00 75442 0 1
20111228069 20:39:00 21227 1 1
20111228070 20:49:00 91240 0 0
20111228071 20:59:00 88884 1 1
20111228072 21:09:00 81942 0 0
20111228073 21:19:00 39698 0 0
20111228074 21:30:00 36661 1 1
20111228075 21:40:00 77013 1 0
20111228076 21:50:00 84970 0 0
20111228077 22:00:00 34113 0 1
20111228078 22:10:00 40905 0 0
20111228079 22:20:00 06544 0 1
20111228080 22:31:00 38259 0 0
20111228081 22:41:00 06356 0 0
20111228082 22:51:00 63419 0 0
20111228083 23:01:00 33700 1 1
20111228084 23:11:00 51936 0 0
