20110828001 09:09:00 25646 0 1
20110828002 09:19:00 68737 0 1
20110828003 09:29:00 96727 0 1
20110828004 09:39:00 64850 0 0
20110828005 09:49:00 36118 0 1
20110828006 09:59:00 76259 0 0
20110828007 10:10:00 00161 1 1
20110828008 10:20:00 49351 0 0
20110828009 10:30:00 11057 1 0
20110828010 10:40:00 75651 0 0
20110828011 10:50:00 18916 0 0
20110828012 11:00:00 56165 0 0
20110828013 11:10:00 34684 0 0
20110828014 11:21:00 42272 1 1
20110828015 11:31:00 50603 0 0
20110828016 11:41:00 64867 0 0
20110828017 11:51:00 53953 0 0
20110828018 12:01:00 47554 0 1
20110828019 12:11:00 40460 1 0
20110828020 12:22:00 22638 1 0
20110828021 12:32:00 74650 0 0
20110828022 12:42:00 58787 0 1
20110828023 12:52:00 17559 0 1
20110828024 13:02:00 35350 1 0
20110828025 13:12:00 16391 0 0
20110828026 13:22:00 26906 0 0
20110828027 13:33:00 04131 0 1
20110828028 13:43:00 91151 1 1
20110828029 13:53:00 40735 0 0
20110828030 14:03:00 55743 1 0
20110828031 14:13:00 84617 0 0
20110828032 14:23:00 18478 0 0
20110828033 14:33:00 25878 0 1
20110828034 14:44:00 50505 1 1
20110828035 14:54:00 86947 0 0
20110828036 15:04:00 11540 1 0
20110828037 15:14:00 46198 0 0
20110828038 15:24:00 15231 0 0
20110828039 15:34:00 21122 1 1
20110828040 15:45:00 43609 0 0
20110828041 15:55:00 06535 0 1
20110828042 16:05:00 13754 0 0
20110828043 16:15:00 18937 0 0
20110828044 16:25:00 69295 0 0
20110828045 16:35:00 96747 0 1
20110828046 16:45:00 32891 0 0
20110828047 16:56:00 60003 1 1
20110828048 17:06:00 70117 0 1
20110828049 17:16:00 90670 0 0
20110828050 17:26:00 55463 1 0
20110828051 17:36:00 10987 0 0
20110828052 17:46:00 84702 0 0
20110828053 17:56:00 31001 0 1
20110828054 18:07:00 50127 0 0
20110828055 18:17:00 11203 1 0
20110828056 18:27:00 08333 0 1
20110828057 18:37:00 20138 0 0
20110828058 18:47:00 26822 0 1
20110828059 18:57:00 98683 0 0
20110828060 19:08:00 58639 0 0
20110828061 19:18:00 55881 1 1
20110828062 19:28:00 67665 1 1
20110828063 19:38:00 78872 1 0
20110828064 19:48:00 32495 0 0
20110828065 19:58:00 15286 0 0
20110828066 20:08:00 64370 0 0
20110828067 20:19:00 86746 0 0
20110828068 20:29:00 42956 0 0
20110828069 20:39:00 51923 0 0
20110828070 20:49:00 83614 0 0
20110828071 20:59:00 80947 0 0
20110828072 21:09:00 33032 1 0
20110828073 21:19:00 14721 0 0
20110828074 21:30:00 73051 0 0
20110828075 21:40:00 31985 0 0
20110828076 21:50:00 92076 0 0
20110828077 22:00:00 33951 1 0
20110828078 22:10:00 57418 0 0
20110828079 22:20:00 71240 0 0
20110828080 22:31:00 22304 1 0
20110828081 22:41:00 98707 0 1
20110828082 22:51:00 75564 1 0
20110828083 23:01:00 24324 0 0
20110828084 23:11:00 35712 0 0
