20110823001 09:09:00 59003 0 1
20110823002 09:19:00 06884 0 1
20110823003 09:29:00 55097 1 0
20110823004 09:39:00 03482 0 0
20110823005 09:49:00 35655 0 1
20110823006 09:59:00 44549 1 0
20110823007 10:10:00 92930 1 0
20110823008 10:20:00 46365 0 0
20110823009 10:30:00 72393 0 1
20110823010 10:40:00 50336 0 1
20110823011 10:50:00 66588 1 1
20110823012 11:00:00 35942 0 0
20110823013 11:10:00 39970 1 0
20110823014 11:21:00 47220 0 1
20110823015 11:31:00 93491 0 0
20110823016 11:41:00 64822 0 1
20110823017 11:51:00 04544 0 1
20110823018 12:01:00 33403 1 0
20110823019 12:11:00 55163 1 0
20110823020 12:22:00 56938 0 0
20110823021 12:32:00 07170 0 0
20110823022 12:42:00 87262 0 1
20110823023 12:52:00 14461 1 0
20110823024 13:02:00 68729 0 0
20110823025 13:12:00 18763 0 0
20110823026 13:22:00 53853 0 0
20110823027 13:33:00 76940 0 0
20110823028 13:43:00 87657 0 0
20110823029 13:53:00 70475 0 0
20110823030 14:03:00 08997 0 1
20110823031 14:13:00 13903 0 0
20110823032 14:23:00 61048 0 0
20110823033 14:33:00 79495 0 0
20110823034 14:44:00 41149 1 0
20110823035 14:54:00 13717 0 1
20110823036 15:04:00 20845 0 0
20110823037 15:14:00 56527 1 0
20110823038 15:24:00 75574 1 0
20110823039 15:34:00 87417 0 0
20110823040 15:45:00 76051 0 0
20110823041 15:55:00 76798 1 0
20110823042 16:05:00 25782 0 0
20110823043 16:15:00 73930 0 0
20110823044 16:25:00 34518 0 0
20110823045 16:35:00 33358 1 0
20110823046 16:45:00 55053 1 0
20110823047 16:56:00 32915 0 0
20110823048 17:06:00 00640 1 0
20110823049 17:16:00 20677 0 1
20110823050 17:26:00 31551 0 1
20110823051 17:36:00 83747 0 1
20110823052 17:46:00 54567 1 0
20110823053 17:56:00 22769 1 0
20110823054 18:07:00 20052 1 0
20110823055 18:17:00 38597 0 0
20110823056 18:27:00 91765 0 0
20110823057 18:37:00 77671 1 0
20110823058 18:47:00 81771 0 1
20110823059 18:57:00 73827 0 0
20110823060 19:08:00 98393 0 1
20110823061 19:18:00 55856 1 0
20110823062 19:28:00 53623 0 0
20110823063 19:38:00 25539 1 0
20110823064 19:48:00 11329 1 0
20110823065 19:58:00 58619 0 0
20110823066 20:08:00 33904 1 0
20110823067 20:19:00 11463 1 0
20110823068 20:29:00 73040 0 1
20110823069 20:39:00 91592 0 0
20110823070 20:49:00 89957 1 0
20110823071 20:59:00 82876 1 0
20110823072 21:09:00 84495 1 0
20110823073 21:19:00 32538 0 0
20110823074 21:30:00 21971 0 0
20110823075 21:40:00 33233 1 1
20110823076 21:50:00 10184 1 0
20110823077 22:00:00 46582 0 0
20110823078 22:10:00 40996 0 1
20110823079 22:20:00 49795 0 0
20110823080 22:31:00 08787 0 1
20110823081 22:41:00 84873 1 0
20110823082 22:51:00 39174 0 0
20110823083 23:01:00 87168 0 0
20110823084 23:11:00 04464 1 1
