20110910001 09:09:00 73151 0 1
20110910002 09:19:00 21553 0 1
20110910003 09:29:00 78082 0 0
20110910004 09:39:00 03000 1 1
20110910005 09:49:00 50387 0 0
20110910006 09:59:00 16382 0 0
20110910007 10:10:00 81623 0 0
20110910008 10:20:00 40058 1 0
20110910009 10:30:00 12553 0 1
20110910010 10:40:00 79429 0 0
20110910011 10:50:00 41735 0 0
20110910012 11:00:00 36152 0 0
20110910013 11:10:00 92979 1 1
20110910014 11:21:00 35469 0 0
20110910015 11:31:00 38715 0 0
20110910016 11:41:00 60095 1 0
20110910017 11:51:00 65523 1 0
20110910018 12:01:00 95984 1 0
20110910019 12:11:00 17216 0 0
20110910020 12:22:00 39649 0 0
20110910021 12:32:00 99779 1 1
20110910022 12:42:00 02910 0 0
20110910023 12:52:00 56135 0 0
20110910024 13:02:00 73557 0 1
20110910025 13:12:00 80925 0 0
20110910026 13:22:00 58746 0 0
20110910027 13:33:00 67835 0 0
20110910028 13:43:00 46920 0 0
20110910029 13:53:00 39564 0 0
20110910030 14:03:00 56995 0 1
20110910031 14:13:00 34300 1 1
20110910032 14:23:00 80934 0 0
20110910033 14:33:00 12523 0 0
20110910034 14:44:00 28558 0 1
20110910035 14:54:00 35190 0 0
20110910036 15:04:00 27114 0 1
20110910037 15:14:00 46210 0 0
20110910038 15:24:00 58573 1 0
20110910039 15:34:00 82895 1 0
20110910040 15:45:00 70762 1 0
20110910041 15:55:00 31353 1 1
20110910042 16:05:00 59126 0 0
20110910043 16:15:00 72063 0 0
20110910044 16:25:00 75407 0 0
20110910045 16:35:00 01013 1 0
20110910046 16:45:00 40283 0 0
20110910047 16:56:00 96934 1 0
20110910048 17:06:00 07968 0 0
20110910049 17:16:00 05966 0 1
20110910050 17:26:00 98253 0 0
20110910051 17:36:00 81400 0 1
20110910052 17:46:00 40341 0 0
20110910053 17:56:00 87240 0 0
20110910054 18:07:00 35256 0 0
20110910055 18:17:00 84974 0 0
20110910056 18:27:00 26536 0 0
20110910057 18:37:00 68570 0 0
20110910058 18:47:00 14930 0 0
20110910059 18:57:00 36287 0 0
20110910060 19:08:00 12473 0 0
20110910061 19:18:00 92225 1 1
20110910062 19:28:00 97197 0 0
20110910063 19:38:00 61708 0 0
20110910064 19:48:00 24963 0 0
20110910065 19:58:00 60983 0 0
20110910066 20:08:00 67043 0 0
20110910067 20:19:00 56615 1 0
20110910068 20:29:00 09848 0 1
20110910069 20:39:00 38470 0 0
20110910070 20:49:00 03988 0 1
20110910071 20:59:00 59445 0 1
20110910072 21:09:00 25179 0 0
20110910073 21:19:00 56230 0 0
20110910074 21:30:00 05995 0 1
20110910075 21:40:00 16792 0 0
20110910076 21:50:00 07903 0 0
20110910077 22:00:00 59407 0 0
20110910078 22:10:00 85601 0 0
20110910079 22:20:00 95755 0 1
20110910080 22:31:00 50867 0 0
20110910081 22:41:00 85453 0 0
20110910082 22:51:00 63591 0 0
20110910083 23:01:00 15902 0 0
20110910084 23:11:00 42805 0 0
