20110519001 09:09:00 55470 1 0
20110519002 09:19:00 95243 0 0
20110519003 09:29:00 10623 0 0
20110519004 09:39:00 33401 1 0
20110519005 09:49:00 56324 0 0
20110519006 09:59:00 39134 0 0
20110519007 10:10:00 35005 0 1
20110519008 10:20:00 30516 0 0
20110519009 10:30:00 54274 0 0
20110519010 10:40:00 11503 1 0
20110519011 10:50:00 14929 0 1
20110519012 11:00:00 67113 0 1
20110519013 11:10:00 33418 1 0
20110519014 11:21:00 32045 0 0
20110519015 11:31:00 43443 1 1
20110519016 11:41:00 21692 0 0
20110519017 11:51:00 66165 1 0
20110519018 12:01:00 24844 0 1
20110519019 12:11:00 69932 1 0
20110519020 12:22:00 30340 1 0
20110519021 12:32:00 14699 0 1
20110519022 12:42:00 00059 1 0
20110519023 12:52:00 26330 0 1
20110519024 13:02:00 62713 0 0
20110519025 13:12:00 09084 1 0
20110519026 13:22:00 58659 0 0
20110519027 13:33:00 12415 0 0
20110519028 13:43:00 27724 1 0
20110519029 13:53:00 80537 0 0
20110519030 14:03:00 20499 0 1
20110519031 14:13:00 88780 1 0
20110519032 14:23:00 62114 0 1
20110519033 14:33:00 50820 0 0
20110519034 14:44:00 14815 0 0
20110519035 14:54:00 56231 0 0
20110519036 15:04:00 81504 0 0
20110519037 15:14:00 71668 0 1
20110519038 15:24:00 74885 0 1
20110519039 15:34:00 18626 0 1
20110519040 15:45:00 05152 0 0
20110519041 15:55:00 96000 0 1
20110519042 16:05:00 81813 1 0
20110519043 16:15:00 28659 0 0
20110519044 16:25:00 39409 0 0
20110519045 16:35:00 68257 0 0
20110519046 16:45:00 31848 0 1
20110519047 16:56:00 37483 0 0
20110519048 17:06:00 78181 0 1
20110519049 17:16:00 26345 0 0
20110519050 17:26:00 53626 0 1
20110519051 17:36:00 30268 0 0
20110519052 17:46:00 39179 0 0
20110519053 17:56:00 70511 0 1
20110519054 18:07:00 18691 0 0
20110519055 18:17:00 64855 0 1
20110519056 18:27:00 32628 0 0
20110519057 18:37:00 07397 0 0
20110519058 18:47:00 83001 0 1
20110519059 18:57:00 54973 0 0
20110519060 19:08:00 55739 1 0
20110519061 19:18:00 67965 0 0
20110519062 19:28:00 19177 1 1
20110519063 19:38:00 10307 0 0
20110519064 19:48:00 96385 0 0
20110519065 19:58:00 31283 0 0
20110519066 20:08:00 07988 0 1
20110519067 20:19:00 37803 0 0
20110519068 20:29:00 22593 1 0
20110519069 20:39:00 02999 0 1
20110519070 20:49:00 39696 0 1
20110519071 20:59:00 73766 1 1
20110519072 21:09:00 92434 0 1
20110519073 21:19:00 86218 0 0
20110519074 21:30:00 94102 0 0
20110519075 21:40:00 30820 0 0
20110519076 21:50:00 19285 0 0
20110519077 22:00:00 74234 0 0
20110519078 22:10:00 27964 0 0
20110519079 22:20:00 81551 0 1
20110519080 22:31:00 64777 0 1
20110519081 22:41:00 17883 0 1
20110519082 22:51:00 04768 0 0
20110519083 23:01:00 07589 0 0
