20110305001 09:09:00 36384 1 0
20110305002 09:19:00 96553 0 1
20110305003 09:29:00 17390 0 0
20110305004 09:39:00 83081 0 0
20110305005 09:49:00 99057 1 0
20110305006 09:59:00 30352 1 0
20110305007 10:10:00 61018 0 0
20110305008 10:20:00 85095 0 0
20110305009 10:30:00 48816 1 0
20110305010 10:40:00 72014 0 0
20110305011 10:50:00 80642 0 0
20110305012 11:00:00 37591 0 0
20110305013 11:10:00 00346 1 0
20110305014 11:21:00 47783 1 0
20110305015 11:31:00 82519 0 0
20110305016 11:41:00 87326 0 0
20110305017 11:51:00 09763 0 0
20110305018 12:01:00 66993 1 1
20110305019 12:11:00 78739 1 0
20110305020 12:22:00 80175 0 0
20110305021 12:32:00 27758 1 0
20110305022 12:42:00 60204 0 0
20110305023 12:52:00 41361 0 0
20110305024 13:02:00 59722 0 1
20110305025 13:12:00 65155 0 1
20110305026 13:22:00 53429 0 0
20110305027 13:33:00 84109 0 0
20110305028 13:43:00 46835 0 0
20110305029 13:53:00 35023 0 0
20110305030 14:03:00 12046 0 0
20110305031 14:13:00 68748 0 0
20110305032 14:23:00 17166 1 1
20110305033 14:33:00 88038 1 0
20110305034 14:44:00 16846 0 0
20110305035 14:54:00 82634 0 0
20110305036 15:04:00 07297 0 0
20110305037 15:14:00 75693 0 0
20110305038 15:24:00 35801 0 0
20110305039 15:34:00 70353 0 1
20110305040 15:45:00 82895 1 0
20110305041 15:55:00 54790 0 0
20110305042 16:05:00 46283 0 0
20110305043 16:15:00 13841 0 0
20110305044 16:25:00 39441 0 1
20110305045 16:35:00 16287 0 0
20110305046 16:45:00 31570 0 0
20110305047 16:56:00 69015 0 0
20110305048 17:06:00 40863 0 0
20110305049 17:16:00 68731 0 0
20110305050 17:26:00 96252 0 1
20110305051 17:36:00 21951 0 0
20110305052 17:46:00 19619 0 0
20110305053 17:56:00 12376 0 0
20110305054 18:07:00 66167 1 0
20110305055 18:17:00 28246 1 0
20110305056 18:27:00 21691 0 0
20110305057 18:37:00 05461 0 0
20110305058 18:47:00 72600 0 1
20110305059 18:57:00 41557 0 1
20110305060 19:08:00 32717 0 1
20110305061 19:18:00 96324 0 0
20110305062 19:28:00 05380 0 0
20110305063 19:38:00 23116 0 1
20110305064 19:48:00 69697 1 0
20110305065 19:58:00 11263 1 0
20110305066 20:08:00 64050 0 1
20110305067 20:19:00 20752 0 0
20110305068 20:29:00 51572 1 0
20110305069 20:39:00 16469 0 0
20110305070 20:49:00 67523 0 0
20110305071 20:59:00 38246 0 0
20110305072 21:09:00 32562 0 0
20110305073 21:19:00 46697 1 0
20110305074 21:30:00 28932 0 0
20110305075 21:40:00 21082 0 0
20110305076 21:50:00 16251 0 0
20110305077 22:00:00 43634 0 0
20110305078 22:10:00 34665 0 1
20110305079 22:20:00 61922 0 1
20110305080 22:31:00 97361 0 0
20110305081 22:41:00 72747 1 1
20110305082 22:51:00 82133 0 1
20110305083 23:01:00 17613 0 0
20110305084 23:11:00 48042 0 0
