20110819001 09:09:00 85072 0 0
20110819002 09:19:00 40497 1 0
20110819003 09:29:00 56746 0 0
20110819004 09:39:00 16319 0 0
20110819005 09:49:00 03521 0 0
20110819006 09:59:00 51761 0 0
20110819007 10:10:00 41332 0 1
20110819008 10:20:00 21045 0 0
20110819009 10:30:00 38326 1 0
20110819010 10:40:00 25516 1 0
20110819011 10:50:00 26147 0 0
20110819012 11:00:00 84222 0 1
20110819013 11:10:00 85293 0 0
20110819014 11:21:00 23457 0 0
20110819015 11:31:00 41350 0 0
20110819016 11:41:00 81752 0 0
20110819017 11:51:00 20782 0 0
20110819018 12:01:00 98808 1 1
20110819019 12:11:00 42018 0 0
20110819020 12:22:00 61024 0 0
20110819021 12:32:00 49498 1 0
20110819022 12:42:00 07565 0 1
20110819023 12:52:00 01717 0 1
20110819024 13:02:00 05873 0 0
20110819025 13:12:00 91609 0 0
20110819026 13:22:00 94629 0 0
20110819027 13:33:00 11865 1 0
20110819028 13:43:00 65258 0 0
20110819029 13:53:00 65046 0 0
20110819030 14:03:00 17000 0 1
20110819031 14:13:00 06372 0 0
20110819032 14:23:00 80383 0 1
20110819033 14:33:00 93259 0 0
20110819034 14:44:00 60663 1 1
20110819035 14:54:00 17742 1 0
20110819036 15:04:00 09604 0 0
20110819037 15:14:00 07358 0 0
20110819038 15:24:00 40549 0 0
20110819039 15:34:00 19256 0 0
20110819040 15:45:00 78858 1 1
20110819041 15:55:00 10649 0 0
20110819042 16:05:00 06818 0 1
20110819043 16:15:00 31687 0 0
20110819044 16:25:00 30546 0 0
20110819045 16:35:00 69866 0 1
20110819046 16:45:00 48173 0 0
20110819047 16:56:00 15716 0 0
20110819048 17:06:00 24344 0 1
20110819049 17:16:00 62474 0 1
20110819050 17:26:00 21894 0 0
20110819051 17:36:00 01255 0 1
20110819052 17:46:00 96564 0 0
20110819053 17:56:00 74184 0 0
20110819054 18:07:00 31970 0 0
20110819055 18:17:00 43070 0 1
20110819056 18:27:00 77834 1 0
20110819057 18:37:00 66588 1 1
20110819058 18:47:00 32794 0 0
20110819059 18:57:00 48287 0 0
20110819060 19:08:00 52500 1 1
20110819061 19:18:00 36923 0 0
20110819062 19:28:00 84430 1 0
20110819063 19:38:00 50581 1 0
20110819064 19:48:00 42384 0 0
20110819065 19:58:00 08487 0 0
20110819066 20:08:00 29424 0 1
20110819067 20:19:00 68477 0 1
20110819068 20:29:00 71943 0 0
20110819069 20:39:00 67047 0 0
20110819070 20:49:00 27229 1 1
20110819071 20:59:00 47487 1 0
20110819072 21:09:00 26559 0 1
20110819073 21:19:00 19914 1 0
20110819074 21:30:00 50333 0 1
20110819075 21:40:00 99219 1 0
20110819076 21:50:00 53505 1 1
20110819077 22:00:00 11867 1 0
20110819078 22:10:00 70605 0 0
20110819079 22:20:00 08365 0 0
20110819080 22:31:00 88153 1 0
20110819081 22:41:00 07555 0 1
20110819082 22:51:00 18769 0 0
20110819083 23:01:00 58445 0 1
20110819084 23:11:00 06655 1 1
