20110417001 09:09:00 58170 0 0
20110417002 09:19:00 67800 0 1
20110417003 09:29:00 74482 1 0
20110417004 09:39:00 15807 0 0
20110417005 09:49:00 65570 1 0
20110417006 09:59:00 74748 1 0
20110417007 10:10:00 58083 0 0
20110417008 10:20:00 17599 0 1
20110417009 10:30:00 00050 1 1
20110417010 10:40:00 75142 0 0
20110417011 10:50:00 13304 1 0
20110417012 11:00:00 25689 0 0
20110417013 11:10:00 65356 0 0
20110417014 11:21:00 78070 0 1
20110417015 11:31:00 04749 0 0
20110417016 11:41:00 98186 0 0
20110417017 11:51:00 90788 0 1
20110417018 12:01:00 03367 1 0
20110417019 12:11:00 98742 0 0
20110417020 12:22:00 93220 0 1
20110417021 12:32:00 28079 0 0
20110417022 12:42:00 26143 0 0
20110417023 12:52:00 32768 0 0
20110417024 13:02:00 70717 1 1
20110417025 13:12:00 91917 1 0
20110417026 13:22:00 82259 1 0
20110417027 13:33:00 65219 0 0
20110417028 13:43:00 74407 1 0
20110417029 13:53:00 49073 0 0
20110417030 14:03:00 14114 1 1
20110417031 14:13:00 08434 0 1
20110417032 14:23:00 61532 0 0
20110417033 14:33:00 23753 0 0
20110417034 14:44:00 63809 0 0
20110417035 14:54:00 09540 0 0
20110417036 15:04:00 32435 0 0
20110417037 15:14:00 07778 1 1
20110417038 15:24:00 44864 1 0
20110417039 15:34:00 16015 0 0
20110417040 15:45:00 73718 1 0
20110417041 15:55:00 88578 1 0
20110417042 16:05:00 94165 0 0
20110417043 16:15:00 32868 0 1
20110417044 16:25:00 95993 1 1
20110417045 16:35:00 10973 0 0
20110417046 16:45:00 57444 0 1
20110417047 16:56:00 77695 1 0
20110417048 17:06:00 01373 0 1
20110417049 17:16:00 45749 0 0
20110417050 17:26:00 63164 0 0
20110417051 17:36:00 88087 1 0
20110417052 17:46:00 63401 0 0
20110417053 17:56:00 33445 1 1
20110417054 18:07:00 04743 0 0
20110417055 18:17:00 52001 0 1
20110417056 18:27:00 03862 0 0
20110417057 18:37:00 17076 0 0
20110417058 18:47:00 43379 1 0
20110417059 18:57:00 35811 0 1
20110417060 19:08:00 90613 0 0
20110417061 19:18:00 55972 1 0
20110417062 19:28:00 27380 0 0
20110417063 19:38:00 06478 0 0
20110417064 19:48:00 39171 0 1
20110417065 19:58:00 72349 0 0
20110417066 20:08:00 81389 0 0
20110417067 20:19:00 27673 0 0
20110417068 20:29:00 60640 1 0
20110417069 20:39:00 01629 0 0
20110417070 20:49:00 63005 0 1
20110417071 20:59:00 18944 0 1
20110417072 21:09:00 19415 0 0
20110417073 21:19:00 22408 1 0
20110417074 21:30:00 60447 0 1
20110417075 21:40:00 42440 1 1
20110417076 21:50:00 04351 0 0
20110417077 22:00:00 84698 0 0
20110417078 22:10:00 95183 0 0
20110417079 22:20:00 31442 0 1
20110417080 22:31:00 41582 0 0
20110417081 22:41:00 96945 1 0
20110417082 22:51:00 71661 0 1
20110417083 23:01:00 46321 0 0
