20111114001 09:09:00 85600 0 1
20111114002 09:19:00 12428 0 0
20111114003 09:29:00 24664 0 1
20111114004 09:39:00 94126 0 0
20111114005 09:49:00 92594 0 0
20111114006 09:59:00 94266 0 1
20111114007 10:10:00 90448 0 1
20111114008 10:20:00 39411 0 1
20111114009 10:30:00 96277 0 1
20111114010 10:40:00 62444 0 1
20111114011 10:50:00 17877 0 1
20111114012 11:00:00 33441 1 1
20111114013 11:10:00 78005 0 1
20111114014 11:21:00 49457 1 0
20111114015 11:31:00 32057 0 0
20111114016 11:41:00 28825 1 0
20111114017 11:51:00 85138 0 0
20111114018 12:01:00 02902 0 0
20111114019 12:11:00 50021 1 0
20111114020 12:22:00 61007 0 1
20111114021 12:32:00 09832 0 0
20111114022 12:42:00 25225 1 1
20111114023 12:52:00 49924 1 0
20111114024 13:02:00 08560 0 0
20111114025 13:12:00 23916 0 0
20111114026 13:22:00 03934 0 0
20111114027 13:33:00 67902 0 0
20111114028 13:43:00 77409 1 0
20111114029 13:53:00 87092 0 0
20111114030 14:03:00 11935 1 0
20111114031 14:13:00 91701 0 0
20111114032 14:23:00 19819 0 0
20111114033 14:33:00 17045 0 0
20111114034 14:44:00 19603 0 0
20111114035 14:54:00 61139 1 0
20111114036 15:04:00 79980 1 0
20111114037 15:14:00 63134 0 0
20111114038 15:24:00 87948 0 0
20111114039 15:34:00 21046 0 0
20111114040 15:45:00 67691 1 0
20111114041 15:55:00 06544 0 1
20111114042 16:05:00 99373 1 1
20111114043 16:15:00 31564 0 0
20111114044 16:25:00 88785 1 0
20111114045 16:35:00 97107 0 0
20111114046 16:45:00 23325 1 0
20111114047 16:56:00 79194 0 0
20111114048 17:06:00 31109 1 0
20111114049 17:16:00 68667 1 1
20111114050 17:26:00 42974 0 0
20111114051 17:36:00 79248 0 0
20111114052 17:46:00 16062 0 0
20111114053 17:56:00 30757 0 1
20111114054 18:07:00 48669 0 1
20111114055 18:17:00 93715 0 0
20111114056 18:27:00 74964 0 0
20111114057 18:37:00 13657 0 0
20111114058 18:47:00 82428 0 0
20111114059 18:57:00 73546 0 0
20111114060 19:08:00 37036 0 0
20111114061 19:18:00 11511 1 1
20111114062 19:28:00 81696 0 1
20111114063 19:38:00 32934 0 0
20111114064 19:48:00 99006 1 1
20111114065 19:58:00 29504 0 0
20111114066 20:08:00 45825 0 0
20111114067 20:19:00 81265 0 0
20111114068 20:29:00 50296 0 0
20111114069 20:39:00 09573 0 0
20111114070 20:49:00 93005 0 1
20111114071 20:59:00 90903 1 0
20111114072 21:09:00 46801 0 0
20111114073 21:19:00 03214 0 0
20111114074 21:30:00 54309 0 0
20111114075 21:40:00 14351 0 0
20111114076 21:50:00 06955 0 1
20111114077 22:00:00 61454 0 1
20111114078 22:10:00 24855 0 1
20111114079 22:20:00 47913 0 0
20111114080 22:31:00 12008 0 1
20111114081 22:41:00 08463 0 0
20111114082 22:51:00 97761 1 0
20111114083 23:01:00 47153 0 0
20111114084 23:11:00 36545 0 1
