20111120001 09:09:00 88021 1 0
20111120002 09:19:00 44068 1 0
20111120003 09:29:00 03781 0 0
20111120004 09:39:00 73030 0 1
20111120005 09:49:00 67193 0 0
20111120006 09:59:00 04770 0 1
20111120007 10:10:00 06449 0 1
20111120008 10:20:00 21710 0 0
20111120009 10:30:00 56466 0 1
20111120010 10:40:00 71934 0 0
20111120011 10:50:00 23206 1 0
20111120012 11:00:00 65593 1 0
20111120013 11:10:00 73530 0 0
20111120014 11:21:00 26767 0 1
20111120015 11:31:00 47343 0 1
20111120016 11:41:00 26303 0 1
20111120017 11:51:00 10381 0 0
20111120018 12:01:00 95551 1 1
20111120019 12:11:00 72017 0 0
20111120020 12:22:00 24162 0 0
20111120021 12:32:00 83279 0 0
20111120022 12:42:00 65738 0 0
20111120023 12:52:00 10535 0 1
20111120024 13:02:00 32101 0 1
20111120025 13:12:00 59420 0 0
20111120026 13:22:00 14914 0 0
20111120027 13:33:00 36417 0 0
20111120028 13:43:00 56325 0 0
20111120029 13:53:00 79110 0 1
20111120030 14:03:00 36278 0 0
20111120031 14:13:00 11895 1 0
20111120032 14:23:00 75927 0 0
20111120033 14:33:00 35558 1 1
20111120034 14:44:00 27855 0 1
20111120035 14:54:00 14583 0 0
20111120036 15:04:00 02814 0 0
20111120037 15:14:00 81972 0 0
20111120038 15:24:00 81065 0 0
20111120039 15:34:00 12506 0 0
20111120040 15:45:00 96248 0 0
20111120041 15:55:00 72201 1 0
20111120042 16:05:00 07201 0 0
20111120043 16:15:00 18734 0 0
20111120044 16:25:00 26322 0 1
20111120045 16:35:00 16724 0 0
20111120046 16:45:00 74019 0 0
20111120047 16:56:00 28933 0 1
20111120048 17:06:00 32956 0 0
20111120049 17:16:00 70748 1 0
20111120050 17:26:00 54811 0 1
20111120051 17:36:00 75419 0 0
20111120052 17:46:00 92426 0 0
20111120053 17:56:00 71323 0 1
20111120054 18:07:00 59230 0 0
20111120055 18:17:00 11509 1 0
20111120056 18:27:00 93136 0 0
20111120057 18:37:00 02651 0 0
20111120058 18:47:00 57363 0 1
20111120059 18:57:00 17807 0 0
20111120060 19:08:00 40895 0 0
20111120061 19:18:00 94033 0 1
20111120062 19:28:00 77176 1 0
20111120063 19:38:00 92508 0 0
20111120064 19:48:00 79846 0 0
20111120065 19:58:00 84626 0 1
20111120066 20:08:00 23355 1 1
20111120067 20:19:00 50679 0 0
20111120068 20:29:00 05056 1 0
20111120069 20:39:00 56405 0 0
20111120070 20:49:00 91452 0 0
20111120071 20:59:00 95913 1 0
20111120072 21:09:00 26491 0 0
20111120073 21:19:00 02495 0 0
20111120074 21:30:00 31253 0 0
20111120075 21:40:00 48948 0 0
20111120076 21:50:00 56852 0 0
20111120077 22:00:00 98723 0 0
20111120078 22:10:00 49447 1 1
20111120079 22:20:00 23889 0 1
20111120080 22:31:00 64436 1 0
20111120081 22:41:00 52022 0 1
20111120082 22:51:00 27411 0 1
20111120083 23:01:00 80550 0 1
