20110702001 09:09:00 31163 1 0
20110702002 09:19:00 48811 1 1
20110702003 09:29:00 96465 0 0
20110702004 09:39:00 69593 0 0
20110702005 09:49:00 58817 1 0
20110702006 09:59:00 06851 0 0
20110702007 10:10:00 84976 0 0
20110702008 10:20:00 70019 1 0
20110702009 10:30:00 32528 0 0
20110702010 10:40:00 86964 0 0
20110702011 10:50:00 93915 1 0
20110702012 11:00:00 86740 0 0
20110702013 11:10:00 63941 0 0
20110702014 11:21:00 47276 0 0
20110702015 11:31:00 19895 0 0
20110702016 11:41:00 01372 0 0
20110702017 11:51:00 22735 1 0
20110702018 12:01:00 25071 0 0
20110702019 12:11:00 46945 0 0
20110702020 12:22:00 34069 0 0
20110702021 12:32:00 52997 0 1
20110702022 12:42:00 92123 0 0
20110702023 12:52:00 90347 0 0
20110702024 13:02:00 73935 0 0
20110702025 13:12:00 05209 0 0
20110702026 13:22:00 29055 0 1
20110702027 13:33:00 92293 1 0
20110702028 13:43:00 49926 1 0
20110702029 13:53:00 45416 1 0
20110702030 14:03:00 55814 1 0
20110702031 14:13:00 28146 0 0
20110702032 14:23:00 15925 0 0
20110702033 14:33:00 78017 0 0
20110702034 14:44:00 02249 1 0
20110702035 14:54:00 61446 0 1
20110702036 15:04:00 53519 1 0
20110702037 15:14:00 10625 0 0
20110702038 15:24:00 87634 0 0
20110702039 15:34:00 01757 0 1
20110702040 15:45:00 56071 0 0
20110702041 15:55:00 53797 0 1
20110702042 16:05:00 24210 1 0
20110702043 16:15:00 21103 1 0
20110702044 16:25:00 62703 0 0
20110702045 16:35:00 19499 0 1
20110702046 16:45:00 38859 1 0
20110702047 16:56:00 34242 0 1
20110702048 17:06:00 52098 0 0
20110702049 17:16:00 99185 1 0
20110702050 17:26:00 28013 0 0
20110702051 17:36:00 08127 0 0
20110702052 17:46:00 29896 0 0
20110702053 17:56:00 39263 0 0
20110702054 18:07:00 79936 1 0
20110702055 18:17:00 89173 0 0
20110702056 18:27:00 57667 0 1
20110702057 18:37:00 55506 1 0
20110702058 18:47:00 88588 1 1
20110702059 18:57:00 94987 1 0
20110702060 19:08:00 27467 0 0
20110702061 19:18:00 17020 0 1
20110702062 19:28:00 14315 0 0
20110702063 19:38:00 62448 0 1
20110702064 19:48:00 38842 1 0
20110702065 19:58:00 74880 0 1
20110702066 20:08:00 52029 0 0
20110702067 20:19:00 70100 0 1
20110702068 20:29:00 77797 1 1
20110702069 20:39:00 96647 1 0
20110702070 20:49:00 25782 0 0
20110702071 20:59:00 67382 0 0
20110702072 21:09:00 20151 0 1
20110702073 21:19:00 00521 1 0
20110702074 21:30:00 41624 0 0
20110702075 21:40:00 88530 1 0
20110702076 21:50:00 60109 0 0
20110702077 22:00:00 67382 0 0
20110702078 22:10:00 68974 0 0
20110702079 22:20:00 08364 0 0
20110702080 22:31:00 02701 0 0
20110702081 22:41:00 81155 1 1
20110702082 22:51:00 00491 1 0
20110702083 23:01:00 44259 1 0
20110702084 23:11:00 22278 1 0
