20110522001 09:09:00 90811 0 1
20110522002 09:19:00 15284 0 0
20110522003 09:29:00 47896 0 0
20110522004 09:39:00 07709 1 0
20110522005 09:49:00 24591 0 0
20110522006 09:59:00 08659 0 0
20110522007 10:10:00 78221 0 1
20110522008 10:20:00 84517 0 0
20110522009 10:30:00 99312 1 0
20110522010 10:40:00 40543 0 0
20110522011 10:50:00 36662 1 1
20110522012 11:00:00 05915 0 0
20110522013 11:10:00 47894 0 0
20110522014 11:21:00 98230 0 0
20110522015 11:31:00 71590 0 0
20110522016 11:41:00 80462 0 0
20110522017 11:51:00 13237 0 0
20110522018 12:01:00 37647 0 0
20110522019 12:11:00 54571 1 0
20110522020 12:22:00 67601 1 0
20110522021 12:32:00 25681 0 0
20110522022 12:42:00 88384 1 0
20110522023 12:52:00 50405 0 0
20110522024 13:02:00 51616 0 1
20110522025 13:12:00 82964 0 0
20110522026 13:22:00 36921 0 0
20110522027 13:33:00 83225 0 1
20110522028 13:43:00 74054 0 0
20110522029 13:53:00 31276 0 0
20110522030 14:03:00 86156 0 0
20110522031 14:13:00 47169 0 0
20110522032 14:23:00 03372 1 0
20110522033 14:33:00 84830 1 0
20110522034 14:44:00 55099 1 1
20110522035 14:54:00 79954 1 0
20110522036 15:04:00 66790 1 0
20110522037 15:14:00 06231 0 0
20110522038 15:24:00 57680 0 0
20110522039 15:34:00 23836 0 0
20110522040 15:45:00 56249 0 0
20110522041 15:55:00 54199 0 1
20110522042 16:05:00 32756 0 0
20110522043 16:15:00 19908 1 0
20110522044 16:25:00 98167 0 0
20110522045 16:35:00 58770 0 1
20110522046 16:45:00 49590 0 0
20110522047 16:56:00 54033 0 1
20110522048 17:06:00 44625 1 0
20110522049 17:16:00 22545 1 1
20110522050 17:26:00 78753 1 0
20110522051 17:36:00 87486 0 0
20110522052 17:46:00 76424 0 1
20110522053 17:56:00 70505 0 1
20110522054 18:07:00 68627 1 0
20110522055 18:17:00 71026 0 0
20110522056 18:27:00 38936 0 0
20110522057 18:37:00 00613 1 0
20110522058 18:47:00 41233 0 1
20110522059 18:57:00 11005 1 1
20110522060 19:08:00 35299 0 1
20110522061 19:18:00 84206 0 0
20110522062 19:28:00 15275 0 0
20110522063 19:38:00 98852 1 0
20110522064 19:48:00 33997 1 1
20110522065 19:58:00 18821 1 0
20110522066 20:08:00 23914 0 0
20110522067 20:19:00 96096 0 0
20110522068 20:29:00 79575 0 1
20110522069 20:39:00 70251 0 0
20110522070 20:49:00 49726 0 0
20110522071 20:59:00 75151 0 1
20110522072 21:09:00 72422 0 1
20110522073 21:19:00 86423 0 0
20110522074 21:30:00 52329 0 0
20110522075 21:40:00 87932 0 0
20110522076 21:50:00 45679 0 0
20110522077 22:00:00 41093 0 0
20110522078 22:10:00 12590 0 0
20110522079 22:20:00 04567 0 0
20110522080 22:31:00 73977 0 1
20110522081 22:41:00 55212 1 1
20110522082 22:51:00 60185 0 0
20110522083 23:01:00 85927 0 0
20110522084 23:11:00 32739 0 0
