20110520001 09:09:00 42484 1 1
20110520002 09:19:00 86950 0 0
20110520003 09:29:00 85380 0 0
20110520004 09:39:00 99918 1 0
20110520005 09:49:00 04567 0 0
20110520006 09:59:00 11785 1 0
20110520007 10:10:00 16457 0 0
20110520008 10:20:00 27430 0 0
20110520009 10:30:00 69947 1 0
20110520010 10:40:00 56190 0 0
20110520011 10:50:00 11899 1 1
20110520012 11:00:00 51110 1 1
20110520013 11:10:00 61857 0 0
20110520014 11:21:00 42145 0 0
20110520015 11:31:00 88489 1 0
20110520016 11:41:00 91968 1 0
20110520017 11:51:00 68713 0 0
20110520018 12:01:00 24835 0 0
20110520019 12:11:00 45466 1 1
20110520020 12:22:00 49982 1 0
20110520021 12:32:00 04799 0 1
20110520022 12:42:00 91632 0 0
20110520023 12:52:00 56129 0 0
20110520024 13:02:00 68556 0 1
20110520025 13:12:00 28757 0 1
20110520026 13:22:00 83397 1 0
20110520027 13:33:00 30569 0 0
20110520028 13:43:00 81458 0 0
20110520029 13:53:00 00360 1 0
20110520030 14:03:00 12215 1 0
20110520031 14:13:00 90688 0 1
20110520032 14:23:00 13576 0 0
20110520033 14:33:00 22778 1 1
20110520034 14:44:00 60792 0 0
20110520035 14:54:00 96809 0 0
20110520036 15:04:00 68832 1 0
20110520037 15:14:00 81876 1 0
20110520038 15:24:00 55227 1 1
20110520039 15:34:00 66226 1 1
20110520040 15:45:00 58473 0 0
20110520041 15:55:00 79214 0 0
20110520042 16:05:00 10574 0 0
20110520043 16:15:00 66761 1 0
20110520044 16:25:00 73084 0 0
20110520045 16:35:00 27062 0 0
20110520046 16:45:00 91447 0 1
20110520047 16:56:00 14154 1 0
20110520048 17:06:00 73593 0 0
20110520049 17:16:00 69761 0 0
20110520050 17:26:00 89294 0 0
20110520051 17:36:00 64040 0 1
20110520052 17:46:00 24947 0 0
20110520053 17:56:00 31013 0 0
20110520054 18:07:00 83294 0 0
20110520055 18:17:00 19007 0 1
20110520056 18:27:00 40766 0 1
20110520057 18:37:00 97867 0 0
20110520058 18:47:00 31844 0 1
20110520059 18:57:00 10629 0 0
20110520060 19:08:00 82059 0 0
20110520061 19:18:00 00035 1 0
20110520062 19:28:00 76007 0 1
20110520063 19:38:00 14390 0 0
20110520064 19:48:00 89034 0 0
20110520065 19:58:00 69475 0 0
20110520066 20:08:00 96266 0 1
20110520067 20:19:00 87109 0 0
20110520068 20:29:00 12578 0 0
20110520069 20:39:00 69900 1 1
20110520070 20:49:00 43853 0 0
20110520071 20:59:00 52791 0 0
20110520072 21:09:00 66100 1 1
20110520073 21:19:00 95902 1 0
20110520074 21:30:00 74863 0 0
20110520075 21:40:00 47053 0 0
20110520076 21:50:00 28920 0 0
20110520077 22:00:00 02961 0 0
20110520078 22:10:00 45048 0 0
20110520079 22:20:00 81010 0 1
20110520080 22:31:00 11811 1 1
20110520081 22:41:00 92706 0 0
20110520082 22:51:00 43302 1 0
20110520083 23:01:00 74416 1 0
20110520084 23:11:00 26281 1 0
