20110605001 09:09:00 54493 1 0
20110605002 09:19:00 75852 0 0
20110605003 09:29:00 36868 0 1
20110605004 09:39:00 05344 0 1
20110605005 09:49:00 81315 0 0
20110605006 09:59:00 33962 1 0
20110605007 10:10:00 18141 1 1
20110605008 10:20:00 29919 1 1
20110605009 10:30:00 14061 0 0
20110605010 10:40:00 82929 0 1
20110605011 10:50:00 36789 0 0
20110605012 11:00:00 71407 0 0
20110605013 11:10:00 50411 0 1
20110605014 11:21:00 73482 0 0
20110605015 11:31:00 45850 0 0
20110605016 11:41:00 45335 0 1
20110605017 11:51:00 29650 0 0
20110605018 12:01:00 83869 1 0
20110605019 12:11:00 27270 1 0
20110605020 12:22:00 70027 1 0
20110605021 12:32:00 22963 1 0
20110605022 12:42:00 88632 1 0
20110605023 12:52:00 80419 0 0
20110605024 13:02:00 36518 0 0
20110605025 13:12:00 81687 0 0
20110605026 13:22:00 92778 0 1
20110605027 13:33:00 80762 0 0
20110605028 13:43:00 69388 0 1
20110605029 13:53:00 91306 0 0
20110605030 14:03:00 74379 0 0
20110605031 14:13:00 90327 0 0
20110605032 14:23:00 45422 1 1
20110605033 14:33:00 85329 0 0
20110605034 14:44:00 40134 0 0
20110605035 14:54:00 08543 0 0
20110605036 15:04:00 38568 0 0
20110605037 15:14:00 06135 0 0
20110605038 15:24:00 56858 0 1
20110605039 15:34:00 35018 0 0
20110605040 15:45:00 79497 0 0
20110605041 15:55:00 18847 1 0
20110605042 16:05:00 87770 1 1
20110605043 16:15:00 55071 1 0
20110605044 16:25:00 06016 1 0
20110605045 16:35:00 20868 0 1
20110605046 16:45:00 70368 0 0
20110605047 16:56:00 89289 0 0
20110605048 17:06:00 53641 0 0
20110605049 17:16:00 42954 0 0
20110605050 17:26:00 39490 0 0
20110605051 17:36:00 41898 0 1
20110605052 17:46:00 19503 0 0
20110605053 17:56:00 32115 0 1
20110605054 18:07:00 64966 0 1
20110605055 18:17:00 51507 1 0
20110605056 18:27:00 92621 0 0
20110605057 18:37:00 22604 1 0
20110605058 18:47:00 34568 0 0
20110605059 18:57:00 46774 0 1
20110605060 19:08:00 17013 0 0
20110605061 19:18:00 39087 0 0
20110605062 19:28:00 50652 0 0
20110605063 19:38:00 36622 1 1
20110605064 19:48:00 37135 0 0
20110605065 19:58:00 22726 1 0
20110605066 20:08:00 94309 0 0
20110605067 20:19:00 83169 0 0
20110605068 20:29:00 24172 0 0
20110605069 20:39:00 32350 1 0
20110605070 20:49:00 78748 1 0
20110605071 20:59:00 04577 0 1
20110605072 21:09:00 34378 1 0
20110605073 21:19:00 10162 1 0
20110605074 21:30:00 85582 1 0
20110605075 21:40:00 99491 1 0
20110605076 21:50:00 01401 0 0
20110605077 22:00:00 38636 0 1
20110605078 22:10:00 73001 0 1
20110605079 22:20:00 84008 0 1
20110605080 22:31:00 37363 1 1
20110605081 22:41:00 19133 1 1
20110605082 22:51:00 78083 0 0
20110605083 23:01:00 23040 0 1
20110605084 23:11:00 36339 1 1
