20110418001 09:09:00 97974 1 0
20110418002 09:19:00 55131 1 1
20110418003 09:29:00 21661 0 1
20110418004 09:39:00 73010 0 1
20110418005 09:49:00 48267 0 0
20110418006 09:59:00 69418 0 0
20110418007 10:10:00 82583 0 0
20110418008 10:20:00 62032 0 0
20110418009 10:30:00 42138 0 0
20110418010 10:40:00 22997 1 1
20110418011 10:50:00 67243 0 0
20110418012 11:00:00 65548 1 0
20110418013 11:10:00 76012 0 0
20110418014 11:21:00 28956 0 0
20110418015 11:31:00 27711 1 1
20110418016 11:41:00 11498 1 0
20110418017 11:51:00 21903 0 0
20110418018 12:01:00 05664 0 1
20110418019 12:11:00 07322 0 1
20110418020 12:22:00 93269 0 0
20110418021 12:32:00 26531 0 0
20110418022 12:42:00 76987 0 0
20110418023 12:52:00 82547 0 0
20110418024 13:02:00 94230 0 0
20110418025 13:12:00 65731 0 0
20110418026 13:22:00 51307 0 0
20110418027 13:33:00 91522 0 1
20110418028 13:43:00 20758 0 0
20110418029 13:53:00 22030 1 1
20110418030 14:03:00 87878 1 1
20110418031 14:13:00 83024 0 0
20110418032 14:23:00 32918 0 0
20110418033 14:33:00 06925 0 0
20110418034 14:44:00 37950 0 0
20110418035 14:54:00 09471 0 0
20110418036 15:04:00 48565 0 1
20110418037 15:14:00 26730 0 0
20110418038 15:24:00 96163 0 0
20110418039 15:34:00 59486 0 0
20110418040 15:45:00 30933 0 1
20110418041 15:55:00 22647 1 0
20110418042 16:05:00 06466 0 1
20110418043 16:15:00 94113 0 1
20110418044 16:25:00 02827 0 0
20110418045 16:35:00 18297 0 0
20110418046 16:45:00 83546 0 0
20110418047 16:56:00 47200 0 1
20110418048 17:06:00 05135 0 0
20110418049 17:16:00 82266 1 1
20110418050 17:26:00 26925 0 0
20110418051 17:36:00 47371 0 0
20110418052 17:46:00 38480 0 0
20110418053 17:56:00 29280 1 0
20110418054 18:07:00 07960 0 0
20110418055 18:17:00 64206 0 0
20110418056 18:27:00 02872 0 0
20110418057 18:37:00 28605 0 0
20110418058 18:47:00 82983 0 0
20110418059 18:57:00 53566 1 1
20110418060 19:08:00 52071 0 0
20110418061 19:18:00 92053 0 0
20110418062 19:28:00 62776 0 1
20110418063 19:38:00 83645 0 0
20110418064 19:48:00 82407 0 0
20110418065 19:58:00 65463 0 0
20110418066 20:08:00 61554 0 1
20110418067 20:19:00 99047 1 0
20110418068 20:29:00 48685 0 0
20110418069 20:39:00 44023 1 0
20110418070 20:49:00 80495 0 0
20110418071 20:59:00 11044 1 1
20110418072 21:09:00 02838 0 1
20110418073 21:19:00 81665 0 1
20110418074 21:30:00 66593 1 0
20110418075 21:40:00 19258 0 0
20110418076 21:50:00 86165 0 0
20110418077 22:00:00 87870 1 0
20110418078 22:10:00 04192 0 0
20110418079 22:20:00 15678 0 0
20110418080 22:31:00 03269 0 0
20110418081 22:41:00 52808 0 1
20110418082 22:51:00 88156 1 0
20110418083 23:01:00 29499 0 1
