20120920001 09:09:00 67872 0 0
20120920002 09:19:00 47040 0 1
20120920003 09:29:00 70060 1 1
20120920004 09:39:00 49949 1 1
20120920005 09:49:00 14714 0 0
20120920006 09:59:00 98306 0 0
20120920007 10:10:00 17898 0 1
20120920008 10:20:00 82167 0 0
20120920009 10:30:00 06810 0 0
20120920010 10:40:00 83057 0 0
20120920011 10:50:00 99607 1 0
20120920012 11:00:00 80241 0 0
20120920013 11:10:00 32285 1 0
20120920014 11:21:00 80239 0 0
20120920015 11:31:00 83661 0 1
20120920016 11:41:00 84439 1 0
20120920017 11:51:00 94199 0 1
20120920018 12:01:00 91365 0 0
20120920019 12:11:00 56630 1 0
20120920020 12:22:00 66666 1 1
20120920021 12:32:00 81878 1 1
20120920022 12:42:00 67680 1 0
20120920023 12:52:00 17451 0 0
20120920024 13:02:00 37621 0 0
20120920025 13:12:00 53418 0 0
20120920026 13:22:00 87894 1 0
20120920027 13:33:00 06411 0 1
20120920028 13:43:00 08158 0 0
20120920029 13:53:00 91540 0 0
20120920030 14:03:00 43880 0 1
20120920031 14:13:00 70268 0 0
20120920032 14:23:00 44426 1 0
20120920033 14:33:00 07317 0 0
20120920034 14:44:00 54466 1 1
20120920035 14:54:00 12449 0 1
20120920036 15:04:00 74921 0 0
20120920037 15:14:00 73766 1 1
20120920038 15:24:00 77824 1 0
20120920039 15:34:00 24159 0 0
20120920040 15:45:00 31021 0 0
20120920041 15:55:00 60961 0 0
20120920042 16:05:00 09069 1 0
20120920043 16:15:00 25593 1 0
20120920044 16:25:00 83043 0 0
20120920045 16:35:00 24706 0 0
20120920046 16:45:00 75343 0 1
20120920047 16:56:00 65065 0 0
20120920048 17:06:00 49073 0 0
20120920049 17:16:00 93063 0 0
20120920050 17:26:00 29802 0 0
20120920051 17:36:00 49184 0 0
20120920052 17:46:00 42582 0 0
20120920053 17:56:00 25294 1 0
20120920054 18:07:00 15642 0 0
20120920055 18:17:00 87746 1 0
20120920056 18:27:00 81914 0 0
20120920057 18:37:00 87688 0 1
20120920058 18:47:00 58124 0 0
20120920059 18:57:00 77417 1 0
20120920060 19:08:00 14187 1 0
20120920061 19:18:00 52614 0 0
20120920062 19:28:00 40309 0 0
20120920063 19:38:00 10720 0 0
20120920064 19:48:00 93283 0 0
20120920065 19:58:00 77843 1 0
20120920066 20:08:00 43333 1 1
20120920067 20:19:00 42050 0 1
20120920068 20:29:00 85143 0 0
20120920069 20:39:00 71667 0 1
20120920070 20:49:00 99649 1 0
20120920071 20:59:00 07918 0 0
20120920072 21:09:00 35443 0 1
20120920073 21:19:00 34075 0 0
20120920074 21:30:00 75477 0 1
20120920075 21:40:00 32468 0 0
20120920076 21:50:00 44424 1 1
20120920077 22:00:00 45984 0 0
20120920078 22:10:00 92517 0 0
20120920079 22:20:00 20667 0 1
20120920080 22:31:00 85552 1 1
20120920081 22:41:00 46201 0 0
20120920082 22:51:00 75502 1 0
20120920083 23:01:00 25168 0 0
20120920084 23:11:00 16243 0 0
