20120414001 09:09:00 87385 0 0
20120414002 09:19:00 35896 0 0
20120414003 09:29:00 44173 1 0
20120414004 09:39:00 85254 0 0
20120414005 09:49:00 05638 0 0
20120414006 09:59:00 06377 0 1
20120414007 10:10:00 58496 0 0
20120414008 10:20:00 91734 0 0
20120414009 10:30:00 07532 0 0
20120414010 10:40:00 03404 0 1
20120414011 10:50:00 40577 0 1
20120414012 11:00:00 40923 0 0
20120414013 11:10:00 99621 1 0
20120414014 11:21:00 92311 0 1
20120414015 11:31:00 58050 0 1
20120414016 11:41:00 41477 1 1
20120414017 11:51:00 48895 1 0
20120414018 12:01:00 55388 1 1
20120414019 12:11:00 02705 0 0
20120414020 12:22:00 95570 1 0
20120414021 12:32:00 43740 0 0
20120414022 12:42:00 53511 1 1
20120414023 12:52:00 43519 0 0
20120414024 13:02:00 22040 1 1
20120414025 13:12:00 53659 0 0
20120414026 13:22:00 70314 0 0
20120414027 13:33:00 18531 0 0
20120414028 13:43:00 52036 0 0
20120414029 13:53:00 56382 0 0
20120414030 14:03:00 05036 1 0
20120414031 14:13:00 52511 1 1
20120414032 14:23:00 86634 1 0
20120414033 14:33:00 67835 0 0
20120414034 14:44:00 77714 1 0
20120414035 14:54:00 01854 0 0
20120414036 15:04:00 38359 1 0
20120414037 15:14:00 14460 1 0
20120414038 15:24:00 70485 0 0
20120414039 15:34:00 03789 0 0
20120414040 15:45:00 65223 0 1
20120414041 15:55:00 62162 0 0
20120414042 16:05:00 33628 1 0
20120414043 16:15:00 51151 1 1
20120414044 16:25:00 98521 0 0
20120414045 16:35:00 08033 1 1
20120414046 16:45:00 28760 0 0
20120414047 16:56:00 69147 0 0
20120414048 17:06:00 69337 0 1
20120414049 17:16:00 41086 0 0
20120414050 17:26:00 12602 0 0
20120414051 17:36:00 95251 0 0
20120414052 17:46:00 23201 1 0
20120414053 17:56:00 39148 0 0
20120414054 18:07:00 07357 0 0
20120414055 18:17:00 09775 0 1
20120414056 18:27:00 34437 1 0
20120414057 18:37:00 14462 1 0
20120414058 18:47:00 45405 1 0
20120414059 18:57:00 45789 0 0
20120414060 19:08:00 35907 0 0
20120414061 19:18:00 03083 1 0
20120414062 19:28:00 13859 0 0
20120414063 19:38:00 15870 0 0
20120414064 19:48:00 91859 0 0
20120414065 19:58:00 86805 1 0
20120414066 20:08:00 96016 0 0
20120414067 20:19:00 07394 0 0
20120414068 20:29:00 47415 1 0
20120414069 20:39:00 94419 1 0
20120414070 20:49:00 13683 0 0
20120414071 20:59:00 09801 0 0
20120414072 21:09:00 55539 1 0
20120414073 21:19:00 89268 0 0
20120414074 21:30:00 61854 0 0
20120414075 21:40:00 61368 0 0
20120414076 21:50:00 15668 0 1
20120414077 22:00:00 20275 1 0
20120414078 22:10:00 93254 0 0
20120414079 22:20:00 13890 0 0
20120414080 22:31:00 31485 0 0
20120414081 22:41:00 42270 1 0
20120414082 22:51:00 90036 1 0
20120414083 23:01:00 96746 0 0
20120414084 23:11:00 14292 0 1
