20121122001 09:09:00 93668 0 1
20121122002 09:19:00 95316 0 0
20121122003 09:29:00 45626 0 1
20121122004 09:39:00 74382 0 0
20121122005 09:49:00 98088 0 1
20121122006 09:59:00 52974 0 0
20121122007 10:10:00 54942 0 0
20121122008 10:20:00 83142 0 0
20121122009 10:30:00 50306 0 0
20121122010 10:40:00 14498 1 0
20121122011 10:50:00 75915 0 0
20121122012 11:00:00 19997 1 1
20121122013 11:10:00 12373 0 1
20121122014 11:21:00 19097 0 0
20121122015 11:31:00 31599 0 1
20121122016 11:41:00 38263 0 0
20121122017 11:51:00 59028 0 0
20121122018 12:01:00 66793 1 0
20121122019 12:11:00 93567 0 0
20121122020 12:22:00 53712 0 0
20121122021 12:32:00 92188 0 1
20121122022 12:42:00 20469 0 0
20121122023 12:52:00 53326 1 0
20121122024 13:02:00 54116 0 1
20121122025 13:12:00 12457 0 0
20121122026 13:22:00 39331 1 1
20121122027 13:33:00 38503 0 0
20121122028 13:43:00 77065 1 0
20121122029 13:53:00 18255 0 1
20121122030 14:03:00 46560 0 0
20121122031 14:13:00 57137 0 0
20121122032 14:23:00 35013 0 0
20121122033 14:33:00 05437 0 0
20121122034 14:44:00 08662 0 1
20121122035 14:54:00 21872 0 0
20121122036 15:04:00 38897 1 0
20121122037 15:14:00 40884 0 1
20121122038 15:24:00 02624 0 0
20121122039 15:34:00 31026 0 0
20121122040 15:45:00 68249 0 0
20121122041 15:55:00 97956 1 0
20121122042 16:05:00 45604 0 0
20121122043 16:15:00 38743 0 0
20121122044 16:25:00 45291 0 0
20121122045 16:35:00 81165 1 0
20121122046 16:45:00 18928 0 0
20121122047 16:56:00 07131 0 1
20121122048 17:06:00 32306 1 0
20121122049 17:16:00 88195 1 0
20121122050 17:26:00 98048 0 0
20121122051 17:36:00 02005 1 1
20121122052 17:46:00 04926 0 0
20121122053 17:56:00 56968 0 0
20121122054 18:07:00 33756 1 0
20121122055 18:17:00 57863 0 0
20121122056 18:27:00 14067 0 0
20121122057 18:37:00 21127 1 0
20121122058 18:47:00 22595 1 1
20121122059 18:57:00 00443 1 1
20121122060 19:08:00 81084 0 0
20121122061 19:18:00 31636 0 1
20121122062 19:28:00 60183 0 0
20121122063 19:38:00 48760 0 0
20121122064 19:48:00 11245 1 0
20121122065 19:58:00 94168 0 0
20121122066 20:08:00 92309 0 0
20121122067 20:19:00 33541 1 0
20121122068 20:29:00 01925 0 0
20121122069 20:39:00 58324 0 0
20121122070 20:49:00 30514 0 0
20121122071 20:59:00 75125 0 0
20121122072 21:09:00 49829 0 0
20121122073 21:19:00 11716 1 0
20121122074 21:30:00 08001 1 1
20121122075 21:40:00 53255 0 1
20121122076 21:50:00 44522 1 1
20121122077 22:00:00 07381 0 0
20121122078 22:10:00 53639 0 0
20121122079 22:20:00 39499 0 1
20121122080 22:31:00 96041 0 0
20121122081 22:41:00 80752 0 0
20121122082 22:51:00 41000 0 1
20121122083 23:01:00 13513 0 0
20121122084 23:11:00 35735 0 0
