20121001001 09:09:00 79554 0 1
20121001002 09:19:00 98429 0 0
20121001003 09:29:00 94579 0 0
20121001004 09:39:00 70278 0 0
20121001005 09:49:00 80026 1 0
20121001006 09:59:00 79092 0 0
20121001007 10:10:00 33865 1 0
20121001008 10:20:00 37035 0 0
20121001009 10:30:00 57296 0 0
20121001010 10:40:00 05053 1 0
20121001011 10:50:00 78138 0 0
20121001012 11:00:00 07265 0 0
20121001013 11:10:00 20563 0 0
20121001014 11:21:00 05780 0 0
20121001015 11:31:00 19542 0 0
20121001016 11:41:00 25982 0 0
20121001017 11:51:00 01205 0 0
20121001018 12:01:00 58983 0 0
20121001019 12:11:00 87011 0 1
20121001020 12:22:00 61986 0 0
20121001021 12:32:00 99340 1 0
20121001022 12:42:00 43302 1 0
20121001023 12:52:00 68728 0 0
20121001024 13:02:00 07257 0 0
20121001025 13:12:00 80206 0 0
20121001026 13:22:00 90678 0 0
20121001027 13:33:00 41942 0 0
20121001028 13:43:00 33477 1 1
20121001029 13:53:00 82004 0 1
20121001030 14:03:00 21894 0 0
20121001031 14:13:00 56906 0 0
20121001032 14:23:00 22583 1 0
20121001033 14:33:00 25147 0 0
20121001034 14:44:00 54230 0 0
20121001035 14:54:00 81265 0 0
20121001036 15:04:00 09462 0 0
20121001037 15:14:00 71459 0 0
20121001038 15:24:00 79793 1 0
20121001039 15:34:00 13287 0 0
20121001040 15:45:00 70957 0 0
20121001041 15:55:00 15645 0 0
20121001042 16:05:00 29449 0 1
20121001043 16:15:00 10884 0 1
20121001044 16:25:00 43838 0 1
20121001045 16:35:00 73794 1 0
20121001046 16:45:00 13571 0 0
20121001047 16:56:00 89483 0 0
20121001048 17:06:00 27383 0 1
20121001049 17:16:00 73516 0 0
20121001050 17:26:00 70049 1 0
20121001051 17:36:00 22719 1 0
20121001052 17:46:00 91581 0 0
20121001053 17:56:00 17257 0 0
20121001054 18:07:00 14920 0 0
20121001055 18:17:00 32216 1 0
20121001056 18:27:00 56127 0 0
20121001057 18:37:00 99733 1 1
20121001058 18:47:00 14168 1 0
20121001059 18:57:00 50330 0 1
20121001060 19:08:00 98905 1 0
20121001061 19:18:00 70320 0 0
20121001062 19:28:00 12698 0 0
20121001063 19:38:00 45586 1 0
20121001064 19:48:00 91323 0 1
20121001065 19:58:00 78769 1 0
20121001066 20:08:00 88779 1 1
20121001067 20:19:00 73982 0 0
20121001068 20:29:00 52705 0 0
20121001069 20:39:00 34869 0 0
20121001070 20:49:00 50805 0 0
20121001071 20:59:00 08343 0 1
20121001072 21:09:00 57114 0 1
20121001073 21:19:00 91913 1 0
20121001074 21:30:00 17858 0 1
20121001075 21:40:00 69073 0 0
20121001076 21:50:00 26163 0 0
20121001077 22:00:00 14927 0 0
20121001078 22:10:00 97503 0 0
20121001079 22:20:00 63853 0 0
20121001080 22:31:00 48503 0 0
20121001081 22:41:00 69840 0 0
20121001082 22:51:00 89774 0 1
20121001083 23:01:00 44917 1 0
20121001084 23:11:00 01670 0 0
