20120310001 09:09:00 23857 0 0
20120310002 09:19:00 66318 1 0
20120310003 09:29:00 09544 0 1
20120310004 09:39:00 07964 0 0
20120310005 09:49:00 43420 1 0
20120310006 09:59:00 52730 0 0
20120310007 10:10:00 75742 1 0
20120310008 10:20:00 57124 0 0
20120310009 10:30:00 35702 0 0
20120310010 10:40:00 02127 0 0
20120310011 10:50:00 87708 1 0
20120310012 11:00:00 49024 0 0
20120310013 11:10:00 09742 0 0
20120310014 11:21:00 54362 0 0
20120310015 11:31:00 15647 0 0
20120310016 11:41:00 43338 1 1
20120310017 11:51:00 98092 0 0
20120310018 12:01:00 75683 0 0
20120310019 12:11:00 59681 0 0
20120310020 12:22:00 31395 1 0
20120310021 12:32:00 07718 1 0
20120310022 12:42:00 79181 0 1
20120310023 12:52:00 32551 0 1
20120310024 13:02:00 13782 0 0
20120310025 13:12:00 01144 1 1
20120310026 13:22:00 09599 0 1
20120310027 13:33:00 90637 0 0
20120310028 13:43:00 79101 0 1
20120310029 13:53:00 87672 0 0
20120310030 14:03:00 71294 0 0
20120310031 14:13:00 66772 1 1
20120310032 14:23:00 34604 0 0
20120310033 14:33:00 49177 0 1
20120310034 14:44:00 84470 1 0
20120310035 14:54:00 68080 0 1
20120310036 15:04:00 42724 0 0
20120310037 15:14:00 19170 1 0
20120310038 15:24:00 85393 0 1
20120310039 15:34:00 43049 0 0
20120310040 15:45:00 88573 1 0
20120310041 15:55:00 02533 0 1
20120310042 16:05:00 88826 1 0
20120310043 16:15:00 67519 0 0
20120310044 16:25:00 53961 0 0
20120310045 16:35:00 61246 0 0
20120310046 16:45:00 16632 1 0
20120310047 16:56:00 13914 0 0
20120310048 17:06:00 95295 0 0
20120310049 17:16:00 56807 0 0
20120310050 17:26:00 14734 0 0
20120310051 17:36:00 96419 0 0
20120310052 17:46:00 43344 1 1
20120310053 17:56:00 24389 0 0
20120310054 18:07:00 77641 1 0
20120310055 18:17:00 86254 0 0
20120310056 18:27:00 61687 1 0
20120310057 18:37:00 36344 1 1
20120310058 18:47:00 46154 0 0
20120310059 18:57:00 08769 0 0
20120310060 19:08:00 90674 0 0
20120310061 19:18:00 96120 0 0
20120310062 19:28:00 60693 1 0
20120310063 19:38:00 57027 0 0
20120310064 19:48:00 60876 0 0
20120310065 19:58:00 97072 0 0
20120310066 20:08:00 93211 0 1
20120310067 20:19:00 15999 0 1
20120310068 20:29:00 43598 0 0
20120310069 20:39:00 21652 0 0
20120310070 20:49:00 20756 0 0
20120310071 20:59:00 86554 0 1
20120310072 21:09:00 53138 0 0
20120310073 21:19:00 08902 0 0
20120310074 21:30:00 11645 1 0
20120310075 21:40:00 59365 0 0
20120310076 21:50:00 28024 0 0
20120310077 22:00:00 83718 0 0
20120310078 22:10:00 60418 0 0
20120310079 22:20:00 74556 0 1
20120310080 22:31:00 45472 1 0
20120310081 22:41:00 16853 0 0
20120310082 22:51:00 52352 0 0
20120310083 23:01:00 27664 0 1
20120310084 23:11:00 02791 0 0
