20120618001 09:09:00 74183 0 0
20120618002 09:19:00 14187 1 0
20120618003 09:29:00 26757 0 1
20120618004 09:39:00 38706 0 0
20120618005 09:49:00 08349 0 0
20120618006 09:59:00 45342 0 0
20120618007 10:10:00 44140 1 0
20120618008 10:20:00 01906 0 0
20120618009 10:30:00 26489 0 0
20120618010 10:40:00 25577 1 1
20120618011 10:50:00 40522 0 1
20120618012 11:00:00 77299 1 1
20120618013 11:10:00 18713 0 0
20120618014 11:21:00 22546 1 0
20120618015 11:31:00 33051 1 0
20120618016 11:41:00 05798 0 0
20120618017 11:51:00 75018 0 0
20120618018 12:01:00 06597 0 0
20120618019 12:11:00 31710 0 0
20120618020 12:22:00 40874 0 0
20120618021 12:32:00 43012 0 0
20120618022 12:42:00 93012 0 0
20120618023 12:52:00 44110 1 1
20120618024 13:02:00 91514 0 0
20120618025 13:12:00 65821 0 0
20120618026 13:22:00 87220 0 1
20120618027 13:33:00 05014 1 0
20120618028 13:43:00 52203 1 0
20120618029 13:53:00 24331 0 1
20120618030 14:03:00 56011 0 1
20120618031 14:13:00 74779 1 1
20120618032 14:23:00 24485 1 0
20120618033 14:33:00 71988 0 1
20120618034 14:44:00 99820 1 0
20120618035 14:54:00 71542 0 0
20120618036 15:04:00 22628 1 0
20120618037 15:14:00 99097 1 0
20120618038 15:24:00 41152 1 0
20120618039 15:34:00 33584 1 0
20120618040 15:45:00 67427 0 0
20120618041 15:55:00 96139 0 0
20120618042 16:05:00 89186 0 0
20120618043 16:15:00 08544 0 1
20120618044 16:25:00 44439 1 0
20120618045 16:35:00 06178 0 0
20120618046 16:45:00 85355 0 1
20120618047 16:56:00 74199 0 1
20120618048 17:06:00 01403 0 0
20120618049 17:16:00 94174 0 0
20120618050 17:26:00 65677 1 1
20120618051 17:36:00 00829 1 0
20120618052 17:46:00 05447 0 1
20120618053 17:56:00 37514 0 0
20120618054 18:07:00 92683 0 0
20120618055 18:17:00 75705 1 0
20120618056 18:27:00 42276 1 0
20120618057 18:37:00 27258 1 0
20120618058 18:47:00 01543 0 0
20120618059 18:57:00 64442 1 1
20120618060 19:08:00 43646 0 1
20120618061 19:18:00 07610 0 0
20120618062 19:28:00 46591 0 0
20120618063 19:38:00 29124 0 0
20120618064 19:48:00 03565 0 1
20120618065 19:58:00 28265 1 0
20120618066 20:08:00 71743 1 0
20120618067 20:19:00 13418 0 0
20120618068 20:29:00 64351 0 0
20120618069 20:39:00 52730 0 0
20120618070 20:49:00 78200 0 1
20120618071 20:59:00 67931 0 0
20120618072 21:09:00 07693 0 0
20120618073 21:19:00 54595 1 1
20120618074 21:30:00 31202 0 1
20120618075 21:40:00 79390 0 0
20120618076 21:50:00 05417 0 0
20120618077 22:00:00 99588 1 1
20120618078 22:10:00 11821 1 0
20120618079 22:20:00 12482 0 0
20120618080 22:31:00 18086 0 0
20120618081 22:41:00 67728 1 0
20120618082 22:51:00 95473 0 0
20120618083 23:01:00 33677 1 1
20120618084 23:11:00 69613 1 0
