20120425001 09:09:00 46457 1 0
20120425002 09:19:00 73097 0 0
20120425003 09:29:00 23902 0 0
20120425004 09:39:00 04198 0 0
20120425005 09:49:00 42688 0 1
20120425006 09:59:00 52981 0 0
20120425007 10:10:00 13674 0 0
20120425008 10:20:00 73731 1 0
20120425009 10:30:00 79719 1 0
20120425010 10:40:00 49058 0 0
20120425011 10:50:00 09843 0 0
20120425012 11:00:00 98165 0 0
20120425013 11:10:00 00734 1 0
20120425014 11:21:00 86326 0 0
20120425015 11:31:00 96166 0 1
20120425016 11:41:00 94404 1 1
20120425017 11:51:00 15588 1 1
20120425018 12:01:00 07139 0 0
20120425019 12:11:00 73588 0 1
20120425020 12:22:00 61833 0 1
20120425021 12:32:00 38858 1 1
20120425022 12:42:00 99079 1 0
20120425023 12:52:00 70771 1 1
20120425024 13:02:00 57458 0 0
20120425025 13:12:00 93251 0 0
20120425026 13:22:00 28511 0 1
20120425027 13:33:00 67229 0 1
20120425028 13:43:00 40406 1 0
20120425029 13:53:00 53102 0 0
20120425030 14:03:00 05662 0 1
20120425031 14:13:00 92274 1 0
20120425032 14:23:00 37870 0 0
20120425033 14:33:00 13544 0 1
20120425034 14:44:00 99415 1 0
20120425035 14:54:00 68691 1 0
20120425036 15:04:00 84943 0 0
20120425037 15:14:00 25723 0 0
20120425038 15:24:00 27268 1 0
20120425039 15:34:00 82250 1 0
20120425040 15:45:00 06806 0 0
20120425041 15:55:00 12352 0 0
20120425042 16:05:00 56911 0 1
20120425043 16:15:00 90670 0 0
20120425044 16:25:00 76346 0 0
20120425045 16:35:00 02138 0 0
20120425046 16:45:00 67214 0 0
20120425047 16:56:00 45709 0 0
20120425048 17:06:00 67904 0 0
20120425049 17:16:00 63902 0 0
20120425050 17:26:00 71765 1 0
20120425051 17:36:00 45009 0 1
20120425052 17:46:00 37791 1 0
20120425053 17:56:00 47697 0 0
20120425054 18:07:00 28551 0 1
20120425055 18:17:00 01177 1 1
20120425056 18:27:00 36620 1 0
20120425057 18:37:00 92300 0 1
20120425058 18:47:00 65198 0 0
20120425059 18:57:00 83426 0 0
20120425060 19:08:00 50326 0 0
20120425061 19:18:00 71177 1 1
20120425062 19:28:00 45145 0 0
20120425063 19:38:00 93457 0 0
20120425064 19:48:00 93940 1 0
20120425065 19:58:00 53231 0 0
20120425066 20:08:00 75680 0 0
20120425067 20:19:00 17310 0 0
20120425068 20:29:00 46187 0 0
20120425069 20:39:00 90736 0 0
20120425070 20:49:00 68724 0 0
20120425071 20:59:00 41033 0 1
20120425072 21:09:00 23136 0 0
20120425073 21:19:00 76353 0 1
20120425074 21:30:00 81148 1 0
20120425075 21:40:00 36754 0 0
20120425076 21:50:00 75380 0 0
20120425077 22:00:00 35557 1 1
20120425078 22:10:00 16905 0 0
20120425079 22:20:00 83765 0 0
20120425080 22:31:00 16074 0 0
20120425081 22:41:00 72840 0 0
20120425082 22:51:00 07728 1 0
20120425083 23:01:00 20991 0 1
20120425084 23:11:00 16765 0 0
