20120114001 09:09:00 03742 0 0
20120114002 09:19:00 98857 1 0
20120114003 09:29:00 98074 0 0
20120114004 09:39:00 99100 1 1
20120114005 09:49:00 09078 1 0
20120114006 09:59:00 57428 0 0
20120114007 10:10:00 15768 0 0
20120114008 10:20:00 49101 0 1
20120114009 10:30:00 18546 0 0
20120114010 10:40:00 11287 1 0
20120114011 10:50:00 99118 1 1
20120114012 11:00:00 12557 0 1
20120114013 11:10:00 44244 1 1
20120114014 11:21:00 88188 1 1
20120114015 11:31:00 20572 0 0
20120114016 11:41:00 36902 0 0
20120114017 11:51:00 02837 0 0
20120114018 12:01:00 34754 0 0
20120114019 12:11:00 42457 1 0
20120114020 12:22:00 06327 0 0
20120114021 12:32:00 59880 0 1
20120114022 12:42:00 24945 0 0
20120114023 12:52:00 57723 1 0
20120114024 13:02:00 74375 0 0
20120114025 13:12:00 61540 0 0
20120114026 13:22:00 72230 1 0
20120114027 13:33:00 11577 1 1
20120114028 13:43:00 84833 1 1
20120114029 13:53:00 63543 0 0
20120114030 14:03:00 15296 0 0
20120114031 14:13:00 92864 0 0
20120114032 14:23:00 60439 0 0
20120114033 14:33:00 99575 1 1
20120114034 14:44:00 67212 0 1
20120114035 14:54:00 77672 1 0
20120114036 15:04:00 92332 0 1
20120114037 15:14:00 77599 1 1
20120114038 15:24:00 58471 0 0
20120114039 15:34:00 42308 0 0
20120114040 15:45:00 84076 0 0
20120114041 15:55:00 34765 0 0
20120114042 16:05:00 42597 0 0
20120114043 16:15:00 23393 1 1
20120114044 16:25:00 25151 0 1
20120114045 16:35:00 18024 0 0
20120114046 16:45:00 28950 0 0
20120114047 16:56:00 65754 0 0
20120114048 17:06:00 09214 0 0
20120114049 17:16:00 28874 1 0
20120114050 17:26:00 54097 0 0
20120114051 17:36:00 73295 0 0
20120114052 17:46:00 95921 1 0
20120114053 17:56:00 13334 1 1
20120114054 18:07:00 47256 0 0
20120114055 18:17:00 24156 0 0
20120114056 18:27:00 29986 1 0
20120114057 18:37:00 11171 1 1
20120114058 18:47:00 01092 1 0
20120114059 18:57:00 41414 1 1
20120114060 19:08:00 88669 1 1
20120114061 19:18:00 92103 0 0
20120114062 19:28:00 37984 0 0
20120114063 19:38:00 36040 0 1
20120114064 19:48:00 95712 0 0
20120114065 19:58:00 16665 1 1
20120114066 20:08:00 46569 0 0
20120114067 20:19:00 14878 0 1
20120114068 20:29:00 66144 1 1
20120114069 20:39:00 64656 1 1
20120114070 20:49:00 51268 0 0
20120114071 20:59:00 40517 0 0
20120114072 21:09:00 27642 0 0
20120114073 21:19:00 13447 0 1
20120114074 21:30:00 69869 0 0
20120114075 21:40:00 38474 0 1
20120114076 21:50:00 87606 0 1
20120114077 22:00:00 00943 1 0
20120114078 22:10:00 32572 0 0
20120114079 22:20:00 59591 1 0
20120114080 22:31:00 28090 0 1
20120114081 22:41:00 18302 0 0
20120114082 22:51:00 27189 0 0
20120114083 23:01:00 75617 0 0
20120114084 23:11:00 70730 1 0
