20120921001 09:09:00 66309 1 0
20120921002 09:19:00 92001 0 1
20120921003 09:29:00 68704 0 0
20120921004 09:39:00 82123 0 0
20120921005 09:49:00 26448 0 1
20120921006 09:59:00 55368 1 0
20120921007 10:10:00 88863 1 0
20120921008 10:20:00 26567 0 0
20120921009 10:30:00 06335 0 1
20120921010 10:40:00 12490 0 0
20120921011 10:50:00 63096 0 0
20120921012 11:00:00 66744 1 1
20120921013 11:10:00 23458 0 0
20120921014 11:21:00 65213 0 0
20120921015 11:31:00 24127 0 0
20120921016 11:41:00 42678 0 0
20120921017 11:51:00 26673 1 0
20120921018 12:01:00 46357 0 0
20120921019 12:11:00 73976 0 0
20120921020 12:22:00 68220 0 1
20120921021 12:32:00 87225 0 1
20120921022 12:42:00 31806 0 0
20120921023 12:52:00 63852 0 0
20120921024 13:02:00 61673 1 0
20120921025 13:12:00 21755 0 1
20120921026 13:22:00 02436 0 0
20120921027 13:33:00 55613 1 0
20120921028 13:43:00 43761 0 0
20120921029 13:53:00 70241 0 0
20120921030 14:03:00 47834 0 0
20120921031 14:13:00 02150 0 0
20120921032 14:23:00 56640 1 0
20120921033 14:33:00 35668 0 1
20120921034 14:44:00 56754 0 0
20120921035 14:54:00 49446 1 1
20120921036 15:04:00 43175 0 0
20120921037 15:14:00 19026 0 0
20120921038 15:24:00 72159 0 0
20120921039 15:34:00 01925 0 0
20120921040 15:45:00 15993 0 1
20120921041 15:55:00 63980 0 0
20120921042 16:05:00 59447 0 1
20120921043 16:15:00 28423 0 0
20120921044 16:25:00 60929 0 1
20120921045 16:35:00 53341 1 0
20120921046 16:45:00 85862 1 0
20120921047 16:56:00 25048 0 0
20120921048 17:06:00 11001 1 1
20120921049 17:16:00 38517 0 0
20120921050 17:26:00 11249 1 0
20120921051 17:36:00 02540 0 0
20120921052 17:46:00 28316 0 0
20120921053 17:56:00 46438 1 0
20120921054 18:07:00 90533 0 1
20120921055 18:17:00 81432 0 0
20120921056 18:27:00 95083 0 0
20120921057 18:37:00 85322 0 1
20120921058 18:47:00 30236 0 0
20120921059 18:57:00 19047 0 0
20120921060 19:08:00 90975 1 0
20120921061 19:18:00 50119 0 1
20120921062 19:28:00 01469 0 0
20120921063 19:38:00 37198 0 0
20120921064 19:48:00 50956 0 0
20120921065 19:58:00 00895 1 0
20120921066 20:08:00 79596 0 0
20120921067 20:19:00 63145 0 0
20120921068 20:29:00 61646 1 1
20120921069 20:39:00 78645 0 0
20120921070 20:49:00 91458 0 0
20120921071 20:59:00 12017 0 0
20120921072 21:09:00 66483 1 0
20120921073 21:19:00 91043 0 0
20120921074 21:30:00 88148 1 0
20120921075 21:40:00 65371 0 0
20120921076 21:50:00 55618 1 0
20120921077 22:00:00 50141 0 1
20120921078 22:10:00 41107 1 0
20120921079 22:20:00 66990 1 1
20120921080 22:31:00 71663 0 1
20120921081 22:41:00 81412 0 0
20120921082 22:51:00 05594 1 0
20120921083 23:01:00 82069 0 0
20120921084 23:11:00 72982 0 0
