20120924001 09:09:00 76380 0 0
20120924002 09:19:00 88232 1 1
20120924003 09:29:00 59016 0 0
20120924004 09:39:00 32173 0 0
20120924005 09:49:00 00884 1 1
20120924006 09:59:00 08322 0 1
20120924007 10:10:00 08507 0 0
20120924008 10:20:00 51471 0 0
20120924009 10:30:00 56467 0 0
20120924010 10:40:00 27215 1 0
20120924011 10:50:00 49500 0 1
20120924012 11:00:00 25267 1 0
20120924013 11:10:00 53499 0 1
20120924014 11:21:00 44188 1 1
20120924015 11:31:00 91230 0 0
20120924016 11:41:00 56604 1 0
20120924017 11:51:00 11839 1 0
20120924018 12:01:00 01443 0 1
20120924019 12:11:00 72383 0 1
20120924020 12:22:00 43149 0 0
20120924021 12:32:00 23319 1 0
20120924022 12:42:00 83783 0 0
20120924023 12:52:00 11618 1 0
20120924024 13:02:00 90205 0 0
20120924025 13:12:00 35099 0 1
20120924026 13:22:00 43792 0 0
20120924027 13:33:00 04291 0 0
20120924028 13:43:00 84032 0 0
20120924029 13:53:00 45664 0 1
20120924030 14:03:00 62054 0 0
20120924031 14:13:00 84402 1 0
20120924032 14:23:00 13698 0 0
20120924033 14:33:00 75032 0 0
20120924034 14:44:00 67667 1 1
20120924035 14:54:00 48241 0 0
20120924036 15:04:00 73115 0 1
20120924037 15:14:00 45349 0 0
20120924038 15:24:00 79960 1 0
20120924039 15:34:00 22694 1 0
20120924040 15:45:00 97760 1 0
20120924041 15:55:00 73008 0 1
20120924042 16:05:00 33842 1 0
20120924043 16:15:00 65396 0 0
20120924044 16:25:00 85829 1 0
20120924045 16:35:00 16566 0 1
20120924046 16:45:00 06553 0 1
20120924047 16:56:00 08168 0 0
20120924048 17:06:00 80415 0 0
20120924049 17:16:00 68045 0 0
20120924050 17:26:00 32368 1 0
20120924051 17:36:00 18158 1 0
20120924052 17:46:00 34483 1 0
20120924053 17:56:00 02594 0 0
20120924054 18:07:00 01537 0 0
20120924055 18:17:00 77249 1 0
20120924056 18:27:00 79462 0 0
20120924057 18:37:00 03095 1 0
20120924058 18:47:00 23039 0 0
20120924059 18:57:00 84430 1 0
20120924060 19:08:00 40161 0 1
20120924061 19:18:00 06274 0 0
20120924062 19:28:00 80049 1 0
20120924063 19:38:00 22969 1 1
20120924064 19:48:00 95652 0 0
20120924065 19:58:00 43043 0 0
20120924066 20:08:00 67542 0 0
20120924067 20:19:00 79137 0 0
20120924068 20:29:00 38626 0 1
20120924069 20:39:00 75105 0 0
20120924070 20:49:00 50889 0 1
20120924071 20:59:00 21808 0 1
20120924072 21:09:00 93940 1 0
20120924073 21:19:00 17489 0 0
20120924074 21:30:00 07943 0 0
20120924075 21:40:00 91262 0 1
20120924076 21:50:00 49112 0 1
20120924077 22:00:00 59427 0 0
20120924078 22:10:00 70879 0 0
20120924079 22:20:00 04879 0 0
20120924080 22:31:00 40775 0 1
20120924081 22:41:00 12960 0 0
20120924082 22:51:00 25742 0 0
20120924083 23:01:00 34208 0 0
20120924084 23:11:00 18261 0 0
