20120720001 09:09:00 82206 1 0
20120720002 09:19:00 26577 0 1
20120720003 09:29:00 40842 0 0
20120720004 09:39:00 65812 0 0
20120720005 09:49:00 60507 0 0
20120720006 09:59:00 95346 0 0
20120720007 10:10:00 95095 0 0
20120720008 10:20:00 50515 1 1
20120720009 10:30:00 50403 0 0
20120720010 10:40:00 87022 0 1
20120720011 10:50:00 39765 0 0
20120720012 11:00:00 42597 0 0
20120720013 11:10:00 48874 1 0
20120720014 11:21:00 79706 1 0
20120720015 11:31:00 56493 0 0
20120720016 11:41:00 43827 0 0
20120720017 11:51:00 82794 0 0
20120720018 12:01:00 86903 0 0
20120720019 12:11:00 07908 0 0
20120720020 12:22:00 45092 0 0
20120720021 12:32:00 21141 1 1
20120720022 12:42:00 52826 0 0
20120720023 12:52:00 92033 0 1
20120720024 13:02:00 66383 1 1
20120720025 13:12:00 95938 1 0
20120720026 13:22:00 32813 0 0
20120720027 13:33:00 04893 0 0
20120720028 13:43:00 45569 1 0
20120720029 13:53:00 75521 1 0
20120720030 14:03:00 96315 0 0
20120720031 14:13:00 73791 1 0
20120720032 14:23:00 42480 1 0
20120720033 14:33:00 50642 0 0
20120720034 14:44:00 01397 0 0
20120720035 14:54:00 41725 0 0
20120720036 15:04:00 57962 0 0
20120720037 15:14:00 20114 0 1
20120720038 15:24:00 48850 1 0
20120720039 15:34:00 58674 0 0
20120720040 15:45:00 00951 1 0
20120720041 15:55:00 41773 0 1
20120720042 16:05:00 29806 0 0
20120720043 16:15:00 18187 1 0
20120720044 16:25:00 27978 0 0
20120720045 16:35:00 40832 0 0
20120720046 16:45:00 12717 0 1
20120720047 16:56:00 24214 1 0
20120720048 17:06:00 41652 0 0
20120720049 17:16:00 14220 0 1
20120720050 17:26:00 01384 0 0
20120720051 17:36:00 36642 1 0
20120720052 17:46:00 44428 1 0
20120720053 17:56:00 16242 0 1
20120720054 18:07:00 78055 0 1
20120720055 18:17:00 70937 0 0
20120720056 18:27:00 10404 0 1
20120720057 18:37:00 65363 0 1
20120720058 18:47:00 81124 1 0
20120720059 18:57:00 87289 0 0
20120720060 19:08:00 14361 0 0
20120720061 19:18:00 15022 0 1
20120720062 19:28:00 44135 1 0
20120720063 19:38:00 77051 1 0
20120720064 19:48:00 18534 0 0
20120720065 19:58:00 49749 0 0
20120720066 20:08:00 75523 1 0
20120720067 20:19:00 75064 0 0
20120720068 20:29:00 22064 1 0
20120720069 20:39:00 64045 0 0
20120720070 20:49:00 31964 0 0
20120720071 20:59:00 87195 0 0
20120720072 21:09:00 58785 0 0
20120720073 21:19:00 54762 0 0
20120720074 21:30:00 83780 0 0
20120720075 21:40:00 28239 1 0
20120720076 21:50:00 74691 0 0
20120720077 22:00:00 89935 1 0
20120720078 22:10:00 68186 0 0
20120720079 22:20:00 13795 0 0
20120720080 22:31:00 42240 1 0
20120720081 22:41:00 73906 0 0
20120720082 22:51:00 92862 0 0
20120720083 23:01:00 97332 0 1
20120720084 23:11:00 19221 0 1
