20120518001 09:09:00 71132 1 0
20120518002 09:19:00 39247 0 0
20120518003 09:29:00 96036 0 0
20120518004 09:39:00 09643 0 0
20120518005 09:49:00 09958 1 0
20120518006 09:59:00 54709 0 0
20120518007 10:10:00 73088 0 1
20120518008 10:20:00 72036 0 0
20120518009 10:30:00 73376 1 0
20120518010 10:40:00 37552 0 1
20120518011 10:50:00 52347 0 0
20120518012 11:00:00 54042 0 0
20120518013 11:10:00 67776 1 1
20120518014 11:21:00 56681 1 0
20120518015 11:31:00 48323 0 1
20120518016 11:41:00 29492 0 0
20120518017 11:51:00 04286 0 0
20120518018 12:01:00 52647 0 0
20120518019 12:11:00 76176 0 0
20120518020 12:22:00 84642 0 0
20120518021 12:32:00 61574 0 0
20120518022 12:42:00 16789 0 0
20120518023 12:52:00 15850 0 0
20120518024 13:02:00 04129 0 0
20120518025 13:12:00 30522 0 1
20120518026 13:22:00 79976 1 0
20120518027 13:33:00 32706 0 0
20120518028 13:43:00 18657 0 0
20120518029 13:53:00 64376 0 0
20120518030 14:03:00 55945 1 0
20120518031 14:13:00 75906 0 0
20120518032 14:23:00 99771 1 1
20120518033 14:33:00 02450 0 0
20120518034 14:44:00 63975 0 0
20120518035 14:54:00 80184 0 0
20120518036 15:04:00 14862 0 0
20120518037 15:14:00 80311 0 1
20120518038 15:24:00 93363 1 1
20120518039 15:34:00 82237 1 0
20120518040 15:45:00 89743 0 0
20120518041 15:55:00 63887 0 1
20120518042 16:05:00 60011 1 1
20120518043 16:15:00 36056 0 0
20120518044 16:25:00 54711 0 1
20120518045 16:35:00 03532 0 0
20120518046 16:45:00 36432 0 0
20120518047 16:56:00 01464 0 1
20120518048 17:06:00 76220 0 1
20120518049 17:16:00 71960 0 0
20120518050 17:26:00 08472 0 0
20120518051 17:36:00 02661 0 1
20120518052 17:46:00 98259 0 0
20120518053 17:56:00 31494 0 1
20120518054 18:07:00 10912 0 0
20120518055 18:17:00 14045 0 0
20120518056 18:27:00 85717 0 1
20120518057 18:37:00 92097 0 0
20120518058 18:47:00 94838 0 1
20120518059 18:57:00 85665 0 1
20120518060 19:08:00 73191 0 1
20120518061 19:18:00 55467 1 0
20120518062 19:28:00 99264 1 0
20120518063 19:38:00 65225 0 1
20120518064 19:48:00 51911 0 1
20120518065 19:58:00 50387 0 0
20120518066 20:08:00 58230 0 0
20120518067 20:19:00 08118 0 1
20120518068 20:29:00 66599 1 1
20120518069 20:39:00 21383 0 1
20120518070 20:49:00 28110 0 1
20120518071 20:59:00 36521 0 0
20120518072 21:09:00 75613 0 0
20120518073 21:19:00 76838 0 1
20120518074 21:30:00 35866 0 1
20120518075 21:40:00 93484 0 1
20120518076 21:50:00 84946 0 0
20120518077 22:00:00 23761 0 0
20120518078 22:10:00 30427 0 0
20120518079 22:20:00 73378 1 0
20120518080 22:31:00 99426 1 0
20120518081 22:41:00 11479 1 0
20120518082 22:51:00 01425 0 0
20120518083 23:01:00 06116 0 1
20120518084 23:11:00 12904 0 0
