20121120001 09:09:00 88296 1 0
20121120002 09:19:00 28815 1 0
20121120003 09:29:00 77940 1 0
20121120004 09:39:00 19356 0 0
20121120005 09:49:00 03399 1 1
20121120006 09:59:00 11279 1 0
20121120007 10:10:00 49693 0 0
20121120008 10:20:00 28396 0 0
20121120009 10:30:00 93751 0 0
20121120010 10:40:00 89994 1 1
20121120011 10:50:00 39359 1 0
20121120012 11:00:00 88480 1 0
20121120013 11:10:00 41091 0 0
20121120014 11:21:00 25732 0 0
20121120015 11:31:00 63443 0 1
20121120016 11:41:00 04199 0 1
20121120017 11:51:00 03964 0 0
20121120018 12:01:00 45764 0 0
20121120019 12:11:00 29396 0 0
20121120020 12:22:00 69030 0 1
20121120021 12:32:00 11081 1 0
20121120022 12:42:00 19444 0 1
20121120023 12:52:00 64374 0 0
20121120024 13:02:00 19219 0 0
20121120025 13:12:00 29443 0 1
20121120026 13:22:00 88275 1 0
20121120027 13:33:00 68513 0 0
20121120028 13:43:00 41501 0 0
20121120029 13:53:00 72589 0 0
20121120030 14:03:00 44186 1 0
20121120031 14:13:00 62394 0 0
20121120032 14:23:00 52186 0 0
20121120033 14:33:00 37308 1 0
20121120034 14:44:00 28983 0 0
20121120035 14:54:00 04309 0 0
20121120036 15:04:00 38001 0 1
20121120037 15:14:00 58833 1 1
20121120038 15:24:00 16678 1 0
20121120039 15:34:00 40239 0 0
20121120040 15:45:00 07878 0 1
20121120041 15:55:00 48945 0 0
20121120042 16:05:00 73045 0 0
20121120043 16:15:00 31747 0 1
20121120044 16:25:00 16885 0 1
20121120045 16:35:00 95654 0 0
20121120046 16:45:00 18801 1 0
20121120047 16:56:00 19321 0 0
20121120048 17:06:00 66972 1 0
20121120049 17:16:00 14762 0 0
20121120050 17:26:00 03841 0 0
20121120051 17:36:00 43582 0 0
20121120052 17:46:00 22348 1 0
20121120053 17:56:00 45788 0 1
20121120054 18:07:00 28037 0 0
20121120055 18:17:00 26395 0 0
20121120056 18:27:00 89590 0 0
20121120057 18:37:00 10736 0 0
20121120058 18:47:00 91607 0 0
20121120059 18:57:00 74681 0 0
20121120060 19:08:00 26244 1 1
20121120061 19:18:00 53244 0 1
20121120062 19:28:00 94877 0 1
20121120063 19:38:00 60923 0 0
20121120064 19:48:00 87022 0 1
20121120065 19:58:00 60623 1 0
20121120066 20:08:00 81577 0 1
20121120067 20:19:00 91486 0 0
20121120068 20:29:00 18296 0 0
20121120069 20:39:00 05579 1 0
20121120070 20:49:00 01741 0 0
20121120071 20:59:00 49470 1 0
20121120072 21:09:00 22713 1 0
20121120073 21:19:00 91721 0 0
20121120074 21:30:00 49890 0 0
20121120075 21:40:00 14886 0 1
20121120076 21:50:00 76799 1 1
20121120077 22:00:00 99170 1 0
20121120078 22:10:00 99832 1 0
20121120079 22:20:00 25794 0 0
20121120080 22:31:00 42222 1 1
20121120081 22:41:00 01911 0 1
20121120082 22:51:00 26906 0 0
20121120083 23:01:00 76328 0 0
20121120084 23:11:00 90925 1 0
