20120406001 09:09:00 37231 0 0
20120406002 09:19:00 58105 0 0
20120406003 09:29:00 62883 0 1
20120406004 09:39:00 28133 0 1
20120406005 09:49:00 36370 1 0
20120406006 09:59:00 54501 1 0
20120406007 10:10:00 82595 0 1
20120406008 10:20:00 45062 0 0
20120406009 10:30:00 97052 0 0
20120406010 10:40:00 99885 1 1
20120406011 10:50:00 63141 0 1
20120406012 11:00:00 92458 0 0
20120406013 11:10:00 52000 0 1
20120406014 11:21:00 17128 1 0
20120406015 11:31:00 63248 0 0
20120406016 11:41:00 89972 1 0
20120406017 11:51:00 81499 0 1
20120406018 12:01:00 76219 0 0
20120406019 12:11:00 54768 0 0
20120406020 12:22:00 30117 0 1
20120406021 12:32:00 78599 0 1
20120406022 12:42:00 19469 0 0
20120406023 12:52:00 02273 1 0
20120406024 13:02:00 72825 0 0
20120406025 13:12:00 28180 0 0
20120406026 13:22:00 02705 0 0
20120406027 13:33:00 15454 0 1
20120406028 13:43:00 70566 0 1
20120406029 13:53:00 22008 1 1
20120406030 14:03:00 73816 0 0
20120406031 14:13:00 56304 0 0
20120406032 14:23:00 98062 0 0
20120406033 14:33:00 44971 1 0
20120406034 14:44:00 01542 0 0
20120406035 14:54:00 71588 0 1
20120406036 15:04:00 59500 1 1
20120406037 15:14:00 75237 0 0
20120406038 15:24:00 51021 0 0
20120406039 15:34:00 51010 0 1
20120406040 15:45:00 37909 0 1
20120406041 15:55:00 28351 0 0
20120406042 16:05:00 40425 1 0
20120406043 16:15:00 22413 1 0
20120406044 16:25:00 15121 1 1
20120406045 16:35:00 68702 0 0
20120406046 16:45:00 37455 0 1
20120406047 16:56:00 67092 0 0
20120406048 17:06:00 16751 0 0
20120406049 17:16:00 15722 0 1
20120406050 17:26:00 35446 0 1
20120406051 17:36:00 82825 1 0
20120406052 17:46:00 28175 0 0
20120406053 17:56:00 95825 0 0
20120406054 18:07:00 72539 0 0
20120406055 18:17:00 09088 1 1
20120406056 18:27:00 93745 0 0
20120406057 18:37:00 03662 0 1
20120406058 18:47:00 05482 0 0
20120406059 18:57:00 54691 0 0
20120406060 19:08:00 48251 0 0
20120406061 19:18:00 88705 1 0
20120406062 19:28:00 37989 0 1
20120406063 19:38:00 88949 1 1
20120406064 19:48:00 15874 0 0
20120406065 19:58:00 89542 0 0
20120406066 20:08:00 79630 0 0
20120406067 20:19:00 59634 0 0
20120406068 20:29:00 38031 0 0
20120406069 20:39:00 18061 0 0
20120406070 20:49:00 01904 0 0
20120406071 20:59:00 05302 0 0
20120406072 21:09:00 66296 1 0
20120406073 21:19:00 69959 1 1
20120406074 21:30:00 18518 0 0
20120406075 21:40:00 09001 1 1
20120406076 21:50:00 39187 0 0
20120406077 22:00:00 24999 0 1
20120406078 22:10:00 27071 0 0
20120406079 22:20:00 97371 0 0
20120406080 22:31:00 48562 0 0
20120406081 22:41:00 25830 0 0
20120406082 22:51:00 05726 0 0
20120406083 23:01:00 43157 0 0
20120406084 23:11:00 63767 0 1
