20121105001 09:09:00 15792 0 0
20121105002 09:19:00 03828 0 1
20121105003 09:29:00 08386 0 0
20121105004 09:39:00 90876 0 0
20121105005 09:49:00 78838 1 1
20121105006 09:59:00 84179 0 0
20121105007 10:10:00 85975 0 0
20121105008 10:20:00 12148 1 0
20121105009 10:30:00 68338 0 1
20121105010 10:40:00 97107 0 0
20121105011 10:50:00 23619 0 0
20121105012 11:00:00 95002 0 1
20121105013 11:10:00 24194 0 0
20121105014 11:21:00 89371 0 0
20121105015 11:31:00 24336 0 1
20121105016 11:41:00 85200 0 1
20121105017 11:51:00 44619 1 0
20121105018 12:01:00 56584 1 0
20121105019 12:11:00 80361 0 0
20121105020 12:22:00 70841 0 0
20121105021 12:32:00 01395 0 0
20121105022 12:42:00 73762 1 0
20121105023 12:52:00 34131 0 1
20121105024 13:02:00 58598 1 0
20121105025 13:12:00 59716 0 0
20121105026 13:22:00 37203 0 0
20121105027 13:33:00 75027 0 0
20121105028 13:43:00 51535 1 1
20121105029 13:53:00 57683 0 0
20121105030 14:03:00 47150 0 0
20121105031 14:13:00 85308 0 0
20121105032 14:23:00 06440 0 1
20121105033 14:33:00 28046 0 0
20121105034 14:44:00 10970 0 0
20121105035 14:54:00 87903 0 0
20121105036 15:04:00 23395 1 0
20121105037 15:14:00 83080 0 1
20121105038 15:24:00 36910 0 0
20121105039 15:34:00 34788 0 1
20121105040 15:45:00 40398 0 0
20121105041 15:55:00 49431 1 0
20121105042 16:05:00 89136 0 0
20121105043 16:15:00 51273 0 0
20121105044 16:25:00 97111 0 1
20121105045 16:35:00 62062 0 0
20121105046 16:45:00 20069 1 0
20121105047 16:56:00 07765 1 0
20121105048 17:06:00 36516 0 0
20121105049 17:16:00 04572 0 0
20121105050 17:26:00 44390 1 0
20121105051 17:36:00 94611 0 1
20121105052 17:46:00 81318 0 0
20121105053 17:56:00 99470 1 0
20121105054 18:07:00 48102 0 0
20121105055 18:17:00 14510 0 0
20121105056 18:27:00 35205 0 0
20121105057 18:37:00 01627 0 0
20121105058 18:47:00 14826 0 0
20121105059 18:57:00 72862 0 0
20121105060 19:08:00 13526 0 0
20121105061 19:18:00 61478 0 0
20121105062 19:28:00 24254 1 0
20121105063 19:38:00 42833 0 1
20121105064 19:48:00 87792 1 0
20121105065 19:58:00 65624 1 0
20121105066 20:08:00 16459 0 0
20121105067 20:19:00 39465 0 0
20121105068 20:29:00 17247 0 0
20121105069 20:39:00 35314 1 0
20121105070 20:49:00 87396 0 0
20121105071 20:59:00 22405 1 0
20121105072 21:09:00 64733 0 1
20121105073 21:19:00 54986 0 0
20121105074 21:30:00 63573 0 0
20121105075 21:40:00 97500 0 1
20121105076 21:50:00 15119 1 1
20121105077 22:00:00 43058 0 0
20121105078 22:10:00 33885 1 1
20121105079 22:20:00 80019 1 0
20121105080 22:31:00 55260 1 0
20121105081 22:41:00 73338 1 1
20121105082 22:51:00 12957 0 0
20121105083 23:01:00 05214 0 0
20121105084 23:11:00 77707 1 1
