20121128001 09:09:00 80707 0 1
20121128002 09:19:00 48695 0 0
20121128003 09:29:00 44303 1 1
20121128004 09:39:00 81057 0 0
20121128005 09:49:00 61745 0 0
20121128006 09:59:00 86615 1 0
20121128007 10:10:00 28513 0 0
20121128008 10:20:00 51421 0 0
20121128009 10:30:00 28385 0 0
20121128010 10:40:00 76740 1 0
20121128011 10:50:00 73729 1 0
20121128012 11:00:00 14110 1 1
20121128013 11:10:00 97235 0 0
20121128014 11:21:00 38852 1 0
20121128015 11:31:00 47073 0 0
20121128016 11:41:00 65453 0 0
20121128017 11:51:00 21196 1 0
20121128018 12:01:00 73246 0 0
20121128019 12:11:00 20502 0 0
20121128020 12:22:00 32232 1 1
20121128021 12:32:00 10833 0 1
20121128022 12:42:00 65552 1 1
20121128023 12:52:00 16095 0 0
20121128024 13:02:00 87255 0 1
20121128025 13:12:00 35082 0 0
20121128026 13:22:00 32438 0 0
20121128027 13:33:00 86328 0 0
20121128028 13:43:00 01547 0 0
20121128029 13:53:00 50594 1 0
20121128030 14:03:00 86788 0 1
20121128031 14:13:00 92585 0 1
20121128032 14:23:00 24415 1 0
20121128033 14:33:00 93750 0 0
20121128034 14:44:00 27420 0 0
20121128035 14:54:00 23420 0 0
20121128036 15:04:00 13428 0 0
20121128037 15:14:00 09504 0 0
20121128038 15:24:00 51897 0 0
20121128039 15:34:00 07999 0 1
20121128040 15:45:00 79425 0 0
20121128041 15:55:00 53978 0 0
20121128042 16:05:00 94960 1 0
20121128043 16:15:00 56482 0 0
20121128044 16:25:00 65700 0 1
20121128045 16:35:00 86480 0 0
20121128046 16:45:00 10858 0 1
20121128047 16:56:00 35090 0 1
20121128048 17:06:00 45045 0 0
20121128049 17:16:00 96838 0 1
20121128050 17:26:00 76523 0 0
20121128051 17:36:00 66894 1 0
20121128052 17:46:00 55223 1 1
20121128053 17:56:00 99384 1 0
20121128054 18:07:00 43202 0 1
20121128055 18:17:00 99549 1 0
20121128056 18:27:00 09430 0 0
20121128057 18:37:00 29216 1 0
20121128058 18:47:00 99209 1 0
20121128059 18:57:00 51838 0 1
20121128060 19:08:00 13511 0 1
20121128061 19:18:00 13539 0 0
20121128062 19:28:00 41929 0 1
20121128063 19:38:00 47432 1 0
20121128064 19:48:00 21529 0 0
20121128065 19:58:00 83885 1 1
20121128066 20:08:00 61923 0 0
20121128067 20:19:00 63479 0 0
20121128068 20:29:00 18058 0 0
20121128069 20:39:00 20691 0 0
20121128070 20:49:00 12563 0 0
20121128071 20:59:00 14533 0 1
20121128072 21:09:00 36065 0 0
20121128073 21:19:00 93159 0 0
20121128074 21:30:00 54370 0 0
20121128075 21:40:00 02342 0 0
20121128076 21:50:00 92218 1 0
20121128077 22:00:00 43436 1 0
20121128078 22:10:00 32703 0 0
20121128079 22:20:00 17972 0 0
20121128080 22:31:00 55219 1 0
20121128081 22:41:00 62502 0 0
20121128082 22:51:00 48370 0 0
20121128083 23:01:00 69593 0 0
20121128084 23:11:00 21020 0 1
