20121125001 09:09:00 13017 0 0
20121125002 09:19:00 15268 0 0
20121125003 09:29:00 78680 0 0
20121125004 09:39:00 31201 0 0
20121125005 09:49:00 66318 1 0
20121125006 09:59:00 52641 0 0
20121125007 10:10:00 22172 1 0
20121125008 10:20:00 43918 0 0
20121125009 10:30:00 35282 0 1
20121125010 10:40:00 43941 0 0
20121125011 10:50:00 76467 0 0
20121125012 11:00:00 18854 1 0
20121125013 11:10:00 38505 0 1
20121125014 11:21:00 72178 0 0
20121125015 11:31:00 19470 0 0
20121125016 11:41:00 39265 0 0
20121125017 11:51:00 93301 1 0
20121125018 12:01:00 75095 0 0
20121125019 12:11:00 26076 0 0
20121125020 12:22:00 69742 0 0
20121125021 12:32:00 16239 0 0
20121125022 12:42:00 46058 0 0
20121125023 12:52:00 93327 1 0
20121125024 13:02:00 61494 0 1
20121125025 13:12:00 09351 0 0
20121125026 13:22:00 36845 0 0
20121125027 13:33:00 38708 0 0
20121125028 13:43:00 01314 0 0
20121125029 13:53:00 34849 0 0
20121125030 14:03:00 00658 1 0
20121125031 14:13:00 11440 1 1
20121125032 14:23:00 33156 1 0
20121125033 14:33:00 79712 1 0
20121125034 14:44:00 50481 0 0
20121125035 14:54:00 26603 1 0
20121125036 15:04:00 00740 1 0
20121125037 15:14:00 72469 0 0
20121125038 15:24:00 98771 0 1
20121125039 15:34:00 88814 1 0
20121125040 15:45:00 82164 0 0
20121125041 15:55:00 98250 0 0
20121125042 16:05:00 31649 0 0
20121125043 16:15:00 31978 0 0
20121125044 16:25:00 08927 0 0
20121125045 16:35:00 82694 0 0
20121125046 16:45:00 78564 0 0
20121125047 16:56:00 20496 0 0
20121125048 17:06:00 98573 0 0
20121125049 17:16:00 75995 0 1
20121125050 17:26:00 54092 0 0
20121125051 17:36:00 00622 1 1
20121125052 17:46:00 18923 0 0
20121125053 17:56:00 60750 0 0
20121125054 18:07:00 03047 1 0
20121125055 18:17:00 47880 0 1
20121125056 18:27:00 76358 0 0
20121125057 18:37:00 08191 0 1
20121125058 18:47:00 93734 0 0
20121125059 18:57:00 61256 0 0
20121125060 19:08:00 69479 0 0
20121125061 19:18:00 62081 0 0
20121125062 19:28:00 80032 1 0
20121125063 19:38:00 61667 1 1
20121125064 19:48:00 23926 0 0
20121125065 19:58:00 07671 0 0
20121125066 20:08:00 04311 0 1
20121125067 20:19:00 81327 0 0
20121125068 20:29:00 71079 0 0
20121125069 20:39:00 80651 0 0
20121125070 20:49:00 88324 1 0
20121125071 20:59:00 95450 0 0
20121125072 21:09:00 52391 0 0
20121125073 21:19:00 41545 0 1
20121125074 21:30:00 39616 0 1
20121125075 21:40:00 17142 1 0
20121125076 21:50:00 67773 1 1
20121125077 22:00:00 24584 0 0
20121125078 22:10:00 94076 0 0
20121125079 22:20:00 76621 1 0
20121125080 22:31:00 80568 0 0
20121125081 22:41:00 29180 0 0
20121125082 22:51:00 38091 0 0
20121125083 23:01:00 19545 0 1
20121125084 23:11:00 44363 1 1
