20120922001 09:09:00 76138 0 0
20120922002 09:19:00 26054 0 0
20120922003 09:29:00 78843 1 0
20120922004 09:39:00 81674 0 0
20120922005 09:49:00 15480 0 0
20120922006 09:59:00 35544 1 1
20120922007 10:10:00 94961 1 0
20120922008 10:20:00 93056 0 0
20120922009 10:30:00 04814 0 0
20120922010 10:40:00 58273 0 0
20120922011 10:50:00 70188 0 1
20120922012 11:00:00 93405 0 0
20120922013 11:10:00 50434 0 1
20120922014 11:21:00 38784 0 0
20120922015 11:31:00 99948 1 0
20120922016 11:41:00 84730 0 0
20120922017 11:51:00 42356 0 0
20120922018 12:01:00 34766 0 1
20120922019 12:11:00 07681 0 0
20120922020 12:22:00 46324 0 0
20120922021 12:32:00 20777 0 1
20120922022 12:42:00 30478 0 0
20120922023 12:52:00 24581 0 0
20120922024 13:02:00 23787 0 1
20120922025 13:12:00 98196 0 0
20120922026 13:22:00 56608 1 0
20120922027 13:33:00 58092 0 0
20120922028 13:43:00 10376 0 0
20120922029 13:53:00 11038 1 0
20120922030 14:03:00 80008 1 1
20120922031 14:13:00 93780 0 0
20120922032 14:23:00 53539 1 0
20120922033 14:33:00 79236 0 0
20120922034 14:44:00 70450 0 0
20120922035 14:54:00 80487 0 0
20120922036 15:04:00 25020 0 1
20120922037 15:14:00 24163 0 0
20120922038 15:24:00 54264 0 0
20120922039 15:34:00 18360 0 0
20120922040 15:45:00 46953 0 0
20120922041 15:55:00 00974 1 0
20120922042 16:05:00 23459 0 0
20120922043 16:15:00 14929 0 1
20120922044 16:25:00 64059 0 0
20120922045 16:35:00 69120 0 0
20120922046 16:45:00 57941 0 0
20120922047 16:56:00 61239 0 0
20120922048 17:06:00 48737 0 1
20120922049 17:16:00 58913 0 0
20120922050 17:26:00 51942 0 0
20120922051 17:36:00 28263 1 0
20120922052 17:46:00 65825 0 0
20120922053 17:56:00 82943 0 0
20120922054 18:07:00 25139 0 0
20120922055 18:17:00 50573 1 0
20120922056 18:27:00 33741 1 0
20120922057 18:37:00 03378 1 0
20120922058 18:47:00 21727 0 1
20120922059 18:57:00 47669 0 1
20120922060 19:08:00 32822 0 1
20120922061 19:18:00 45426 1 0
20120922062 19:28:00 77569 1 0
20120922063 19:38:00 52437 0 0
20120922064 19:48:00 46280 0 0
20120922065 19:58:00 19399 0 1
20120922066 20:08:00 01212 0 1
20120922067 20:19:00 70818 0 1
20120922068 20:29:00 17726 1 0
20120922069 20:39:00 99387 1 0
20120922070 20:49:00 81971 0 0
20120922071 20:59:00 45874 0 0
20120922072 21:09:00 53500 1 1
20120922073 21:19:00 26235 1 0
20120922074 21:30:00 58050 0 1
20120922075 21:40:00 23700 0 1
20120922076 21:50:00 35499 0 1
20120922077 22:00:00 48911 0 1
20120922078 22:10:00 76864 0 0
20120922079 22:20:00 97637 0 0
20120922080 22:31:00 60102 0 0
20120922081 22:41:00 81839 1 0
20120922082 22:51:00 62126 0 0
20120922083 23:01:00 55072 1 0
20120922084 23:11:00 12658 0 0
