20121027001 09:09:00 88649 1 0
20121027002 09:19:00 05292 0 1
20121027003 09:29:00 79062 0 0
20121027004 09:39:00 30946 0 0
20121027005 09:49:00 01453 0 0
20121027006 09:59:00 26381 0 0
20121027007 10:10:00 35469 0 0
20121027008 10:20:00 76485 0 0
20121027009 10:30:00 14408 1 0
20121027010 10:40:00 57308 0 0
20121027011 10:50:00 93718 0 0
20121027012 11:00:00 37656 0 1
20121027013 11:10:00 50450 0 0
20121027014 11:21:00 48167 0 0
20121027015 11:31:00 56192 0 0
20121027016 11:41:00 63825 0 0
20121027017 11:51:00 69096 0 0
20121027018 12:01:00 40793 0 0
20121027019 12:11:00 85511 1 1
20121027020 12:22:00 49111 0 1
20121027021 12:32:00 70654 0 0
20121027022 12:42:00 29762 0 0
20121027023 12:52:00 75062 0 0
20121027024 13:02:00 32967 0 0
20121027025 13:12:00 07926 0 0
20121027026 13:22:00 25794 0 0
20121027027 13:33:00 86824 1 0
20121027028 13:43:00 41685 0 0
20121027029 13:53:00 73182 0 0
20121027030 14:03:00 30589 0 0
20121027031 14:13:00 86574 0 0
20121027032 14:23:00 59877 0 1
20121027033 14:33:00 37343 1 1
20121027034 14:44:00 09925 1 0
20121027035 14:54:00 83876 1 0
20121027036 15:04:00 66346 1 0
20121027037 15:14:00 64600 1 1
20121027038 15:24:00 57696 0 1
20121027039 15:34:00 97674 0 0
20121027040 15:45:00 12777 0 1
20121027041 15:55:00 39196 0 0
20121027042 16:05:00 82115 0 1
20121027043 16:15:00 78964 0 0
20121027044 16:25:00 80360 0 0
20121027045 16:35:00 59766 0 1
20121027046 16:45:00 58789 0 0
20121027047 16:56:00 21304 0 0
20121027048 17:06:00 76680 1 0
20121027049 17:16:00 13598 0 0
20121027050 17:26:00 31688 0 1
20121027051 17:36:00 11314 1 0
20121027052 17:46:00 93904 1 0
20121027053 17:56:00 59795 0 0
20121027054 18:07:00 96097 0 0
20121027055 18:17:00 50876 0 0
20121027056 18:27:00 69210 0 0
20121027057 18:37:00 76775 1 1
20121027058 18:47:00 81052 0 0
20121027059 18:57:00 85656 0 1
20121027060 19:08:00 08852 1 0
20121027061 19:18:00 76077 0 1
20121027062 19:28:00 59857 0 0
20121027063 19:38:00 15967 0 0
20121027064 19:48:00 77881 1 1
20121027065 19:58:00 47658 0 0
20121027066 20:08:00 32730 0 0
20121027067 20:19:00 16983 0 0
20121027068 20:29:00 16858 0 1
20121027069 20:39:00 58671 0 0
20121027070 20:49:00 03110 0 1
20121027071 20:59:00 88916 1 0
20121027072 21:09:00 99170 1 0
20121027073 21:19:00 86217 0 0
20121027074 21:30:00 37557 0 1
20121027075 21:40:00 21462 0 0
20121027076 21:50:00 62840 0 0
20121027077 22:00:00 45746 0 0
20121027078 22:10:00 08671 0 0
20121027079 22:20:00 15356 0 0
20121027080 22:31:00 03919 0 1
20121027081 22:41:00 85097 0 0
20121027082 22:51:00 44823 1 0
20121027083 23:01:00 16450 0 0
20121027084 23:11:00 28894 1 0
