20120424001 09:09:00 49898 0 1
20120424002 09:19:00 44010 1 1
20120424003 09:29:00 82441 0 1
20120424004 09:39:00 26094 0 0
20120424005 09:49:00 36198 0 0
20120424006 09:59:00 06740 0 0
20120424007 10:10:00 61290 0 0
20120424008 10:20:00 28529 0 0
20120424009 10:30:00 11501 1 0
20120424010 10:40:00 59432 0 0
20120424011 10:50:00 52679 0 0
20120424012 11:00:00 10966 0 1
20120424013 11:10:00 23272 1 1
20120424014 11:21:00 52255 1 1
20120424015 11:31:00 14195 1 0
20120424016 11:41:00 55321 1 0
20120424017 11:51:00 05124 0 0
20120424018 12:01:00 80672 0 0
20120424019 12:11:00 62879 0 0
20120424020 12:22:00 60575 0 1
20120424021 12:32:00 88099 1 1
20120424022 12:42:00 04007 1 1
20120424023 12:52:00 95141 0 1
20120424024 13:02:00 15981 0 0
20120424025 13:12:00 53355 1 1
20120424026 13:22:00 33542 1 0
20120424027 13:33:00 09136 0 0
20120424028 13:43:00 09835 0 0
20120424029 13:53:00 75035 0 0
20120424030 14:03:00 29906 1 0
20120424031 14:13:00 25009 0 1
20120424032 14:23:00 06377 0 1
20120424033 14:33:00 98425 0 0
20120424034 14:44:00 75542 1 0
20120424035 14:54:00 80189 0 0
20120424036 15:04:00 68744 0 1
20120424037 15:14:00 97816 0 0
20120424038 15:24:00 24462 1 0
20120424039 15:34:00 14973 0 0
20120424040 15:45:00 25295 1 0
20120424041 15:55:00 58763 0 0
20120424042 16:05:00 73045 0 0
20120424043 16:15:00 43360 1 0
20120424044 16:25:00 02307 0 0
20120424045 16:35:00 41814 0 0
20120424046 16:45:00 31589 0 0
20120424047 16:56:00 16943 0 0
20120424048 17:06:00 94378 0 0
20120424049 17:16:00 41731 0 0
20120424050 17:26:00 84304 0 0
20120424051 17:36:00 58369 0 0
20120424052 17:46:00 64736 0 0
20120424053 17:56:00 82316 0 0
20120424054 18:07:00 30883 0 1
20120424055 18:17:00 87384 0 0
20120424056 18:27:00 56320 0 0
20120424057 18:37:00 06735 0 0
20120424058 18:47:00 62621 1 0
20120424059 18:57:00 68110 0 1
20120424060 19:08:00 21023 0 0
20120424061 19:18:00 62148 0 0
20120424062 19:28:00 87941 0 0
20120424063 19:38:00 65666 1 1
20120424064 19:48:00 25471 0 0
20120424065 19:58:00 56708 0 0
20120424066 20:08:00 20188 0 1
20120424067 20:19:00 99809 1 0
20120424068 20:29:00 01205 0 0
20120424069 20:39:00 01435 0 0
20120424070 20:49:00 65474 0 1
20120424071 20:59:00 50652 0 0
20120424072 21:09:00 84575 0 1
20120424073 21:19:00 27986 0 0
20120424074 21:30:00 36992 0 1
20120424075 21:40:00 56686 1 1
20120424076 21:50:00 61253 0 0
20120424077 22:00:00 30743 0 0
20120424078 22:10:00 80513 0 0
20120424079 22:20:00 24036 0 0
20120424080 22:31:00 15723 0 0
20120424081 22:41:00 10613 0 0
20120424082 22:51:00 30241 0 0
20120424083 23:01:00 23833 0 1
20120424084 23:11:00 56095 0 0
