20120901001 09:09:00 86686 1 1
20120901002 09:19:00 24869 0 0
20120901003 09:29:00 15049 0 0
20120901004 09:39:00 71751 1 0
20120901005 09:49:00 70000 1 1
20120901006 09:59:00 42234 1 0
20120901007 10:10:00 38707 0 1
20120901008 10:20:00 28306 0 0
20120901009 10:30:00 76425 0 0
20120901010 10:40:00 47196 0 0
20120901011 10:50:00 49811 0 1
20120901012 11:00:00 93178 0 0
20120901013 11:10:00 29703 0 0
20120901014 11:21:00 98717 0 1
20120901015 11:31:00 41676 0 1
20120901016 11:41:00 98516 0 0
20120901017 11:51:00 07120 0 0
20120901018 12:01:00 17786 1 0
20120901019 12:11:00 57288 0 1
20120901020 12:22:00 44794 1 0
20120901021 12:32:00 56216 0 0
20120901022 12:42:00 41574 0 0
20120901023 12:52:00 85552 1 1
20120901024 13:02:00 89335 0 1
20120901025 13:12:00 48912 0 0
20120901026 13:22:00 61655 1 1
20120901027 13:33:00 04579 0 0
20120901028 13:43:00 60610 1 0
20120901029 13:53:00 94247 0 0
20120901030 14:03:00 13530 0 0
20120901031 14:13:00 22249 1 0
20120901032 14:23:00 77761 1 0
20120901033 14:33:00 56764 0 0
20120901034 14:44:00 95764 0 0
20120901035 14:54:00 58008 0 1
20120901036 15:04:00 98222 0 1
20120901037 15:14:00 98089 0 0
20120901038 15:24:00 65287 0 0
20120901039 15:34:00 17131 1 1
20120901040 15:45:00 64662 1 1
20120901041 15:55:00 54633 0 1
20120901042 16:05:00 57286 0 0
20120901043 16:15:00 64930 0 0
20120901044 16:25:00 92120 0 0
20120901045 16:35:00 70325 0 0
20120901046 16:45:00 36718 0 0
20120901047 16:56:00 74081 0 0
20120901048 17:06:00 15198 1 0
20120901049 17:16:00 51922 0 1
20120901050 17:26:00 99465 1 0
20120901051 17:36:00 91901 1 0
20120901052 17:46:00 31221 0 1
20120901053 17:56:00 85030 0 1
20120901054 18:07:00 44963 1 0
20120901055 18:17:00 74952 0 0
20120901056 18:27:00 11566 1 1
20120901057 18:37:00 42793 0 0
20120901058 18:47:00 13952 0 0
20120901059 18:57:00 91744 0 1
20120901060 19:08:00 46120 0 0
20120901061 19:18:00 53806 0 0
20120901062 19:28:00 32916 0 0
20120901063 19:38:00 05700 0 1
20120901064 19:48:00 16452 0 0
20120901065 19:58:00 52230 1 0
20120901066 20:08:00 57124 0 0
20120901067 20:19:00 20978 0 0
20120901068 20:29:00 25474 0 1
20120901069 20:39:00 94655 0 1
20120901070 20:49:00 24384 0 0
20120901071 20:59:00 64792 0 0
20120901072 21:09:00 58533 1 1
20120901073 21:19:00 81883 1 1
20120901074 21:30:00 95137 0 0
20120901075 21:40:00 67075 0 0
20120901076 21:50:00 82385 0 0
20120901077 22:00:00 54175 0 0
20120901078 22:10:00 09843 0 0
20120901079 22:20:00 19623 0 0
20120901080 22:31:00 06180 0 0
20120901081 22:41:00 11805 1 0
20120901082 22:51:00 35898 0 1
20120901083 23:01:00 98354 0 0
20120901084 23:11:00 40575 0 1
