20121115001 09:09:00 01662 0 1
20121115002 09:19:00 57736 1 0
20121115003 09:29:00 53463 0 0
20121115004 09:39:00 90539 0 0
20121115005 09:49:00 42025 0 0
20121115006 09:59:00 64077 0 1
20121115007 10:10:00 53382 1 0
20121115008 10:20:00 92008 0 1
20121115009 10:30:00 67366 0 1
20121115010 10:40:00 50340 0 0
20121115011 10:50:00 59105 0 0
20121115012 11:00:00 87138 0 0
20121115013 11:10:00 44242 1 1
20121115014 11:21:00 89624 0 0
20121115015 11:31:00 75029 0 0
20121115016 11:41:00 55828 1 1
20121115017 11:51:00 55053 1 0
20121115018 12:01:00 99944 1 1
20121115019 12:11:00 03173 0 0
20121115020 12:22:00 20560 0 0
20121115021 12:32:00 54747 0 1
20121115022 12:42:00 98304 0 0
20121115023 12:52:00 27294 1 0
20121115024 13:02:00 51053 0 0
20121115025 13:12:00 57461 0 0
20121115026 13:22:00 26407 0 0
20121115027 13:33:00 29496 0 0
20121115028 13:43:00 65212 0 1
20121115029 13:53:00 20200 1 1
20121115030 14:03:00 92505 0 1
20121115031 14:13:00 12966 0 1
20121115032 14:23:00 11342 1 0
20121115033 14:33:00 81522 0 1
20121115034 14:44:00 52869 0 0
20121115035 14:54:00 46279 0 0
20121115036 15:04:00 80806 1 0
20121115037 15:14:00 27507 0 0
20121115038 15:24:00 11108 1 0
20121115039 15:34:00 16087 0 0
20121115040 15:45:00 56146 0 0
20121115041 15:55:00 05018 1 0
20121115042 16:05:00 09886 0 1
20121115043 16:15:00 95912 1 0
20121115044 16:25:00 69617 1 0
20121115045 16:35:00 05903 0 0
20121115046 16:45:00 07685 0 0
20121115047 16:56:00 95228 0 1
20121115048 17:06:00 05867 0 0
20121115049 17:16:00 20835 0 0
20121115050 17:26:00 84575 0 1
20121115051 17:36:00 56052 0 0
20121115052 17:46:00 07371 0 0
20121115053 17:56:00 69754 0 0
20121115054 18:07:00 40493 1 0
20121115055 18:17:00 34648 0 0
20121115056 18:27:00 78746 1 0
20121115057 18:37:00 53536 1 0
20121115058 18:47:00 86294 0 0
20121115059 18:57:00 35728 0 0
20121115060 19:08:00 70890 0 0
20121115061 19:18:00 29257 1 0
20121115062 19:28:00 35303 1 1
20121115063 19:38:00 22709 1 0
20121115064 19:48:00 42232 1 1
20121115065 19:58:00 70723 1 0
20121115066 20:08:00 68107 0 0
20121115067 20:19:00 75988 0 1
20121115068 20:29:00 85929 0 1
20121115069 20:39:00 39849 0 0
20121115070 20:49:00 79556 0 1
20121115071 20:59:00 42035 0 0
20121115072 21:09:00 04164 0 0
20121115073 21:19:00 54188 0 1
20121115074 21:30:00 76076 0 0
20121115075 21:40:00 60890 0 0
20121115076 21:50:00 27834 0 0
20121115077 22:00:00 01699 0 1
20121115078 22:10:00 37501 0 0
20121115079 22:20:00 16051 0 0
20121115080 22:31:00 45121 0 1
20121115081 22:41:00 65730 0 0
20121115082 22:51:00 14607 0 0
20121115083 23:01:00 17206 0 0
20121115084 23:11:00 95569 1 0
