20120719001 09:09:00 49578 0 0
20120719002 09:19:00 68080 0 1
20120719003 09:29:00 34277 0 1
20120719004 09:39:00 14146 1 0
20120719005 09:49:00 00268 1 0
20120719006 09:59:00 11143 1 0
20120719007 10:10:00 84245 0 0
20120719008 10:20:00 18122 1 1
20120719009 10:30:00 34384 1 0
20120719010 10:40:00 51011 0 1
20120719011 10:50:00 89957 1 0
20120719012 11:00:00 59627 0 0
20120719013 11:10:00 36243 0 0
20120719014 11:21:00 37216 0 0
20120719015 11:31:00 45483 1 0
20120719016 11:41:00 86197 0 0
20120719017 11:51:00 63234 0 0
20120719018 12:01:00 53673 0 0
20120719019 12:11:00 77031 1 0
20120719020 12:22:00 23948 0 0
20120719021 12:32:00 50946 0 0
20120719022 12:42:00 81748 0 0
20120719023 12:52:00 40402 1 0
20120719024 13:02:00 38237 0 0
20120719025 13:12:00 93208 0 0
20120719026 13:22:00 83632 0 0
20120719027 13:33:00 74931 0 0
20120719028 13:43:00 43307 1 0
20120719029 13:53:00 63809 0 0
20120719030 14:03:00 48449 1 1
20120719031 14:13:00 38228 0 1
20120719032 14:23:00 66718 1 0
20120719033 14:33:00 89414 0 1
20120719034 14:44:00 69321 0 0
20120719035 14:54:00 94100 0 1
20120719036 15:04:00 60339 0 1
20120719037 15:14:00 53429 0 0
20120719038 15:24:00 87499 0 1
20120719039 15:34:00 49256 0 0
20120719040 15:45:00 37458 0 0
20120719041 15:55:00 97142 0 0
20120719042 16:05:00 34764 0 0
20120719043 16:15:00 25849 0 0
20120719044 16:25:00 38526 0 0
20120719045 16:35:00 73243 0 0
20120719046 16:45:00 04950 0 0
20120719047 16:56:00 24099 0 1
20120719048 17:06:00 58081 0 0
20120719049 17:16:00 34299 0 1
20120719050 17:26:00 18300 0 1
20120719051 17:36:00 02857 0 0
20120719052 17:46:00 27215 1 0
20120719053 17:56:00 80818 1 1
20120719054 18:07:00 58301 0 0
20120719055 18:17:00 88610 1 0
20120719056 18:27:00 09357 0 0
20120719057 18:37:00 35249 0 0
20120719058 18:47:00 05805 0 0
20120719059 18:57:00 40042 1 0
20120719060 19:08:00 54827 0 0
20120719061 19:18:00 65830 0 0
20120719062 19:28:00 15199 1 1
20120719063 19:38:00 54570 1 0
20120719064 19:48:00 66809 1 0
20120719065 19:58:00 82548 0 0
20120719066 20:08:00 31421 0 0
20120719067 20:19:00 94268 0 0
20120719068 20:29:00 94272 0 1
20120719069 20:39:00 95441 0 1
20120719070 20:49:00 35114 0 1
20120719071 20:59:00 27365 0 0
20120719072 21:09:00 09976 1 0
20120719073 21:19:00 90444 0 1
20120719074 21:30:00 54117 0 1
20120719075 21:40:00 01278 0 0
20120719076 21:50:00 86742 0 0
20120719077 22:00:00 74213 0 0
20120719078 22:10:00 02787 0 1
20120719079 22:20:00 05922 0 1
20120719080 22:31:00 24403 1 0
20120719081 22:41:00 60158 0 0
20120719082 22:51:00 83450 0 0
20120719083 23:01:00 06188 0 1
20120719084 23:11:00 91356 0 0
