20120417001 09:09:00 28860 1 0
20120417002 09:19:00 77273 1 0
20120417003 09:29:00 39959 1 1
20120417004 09:39:00 77505 1 1
20120417005 09:49:00 44580 1 0
20120417006 09:59:00 11577 1 1
20120417007 10:10:00 64402 1 0
20120417008 10:20:00 74708 1 0
20120417009 10:30:00 27287 1 0
20120417010 10:40:00 22294 1 0
20120417011 10:50:00 79704 1 0
20120417012 11:00:00 13274 0 0
20120417013 11:10:00 13060 0 1
20120417014 11:21:00 51517 1 0
20120417015 11:31:00 42306 0 0
20120417016 11:41:00 93484 0 1
20120417017 11:51:00 22354 1 0
20120417018 12:01:00 59275 0 0
20120417019 12:11:00 19144 1 1
20120417020 12:22:00 78983 0 0
20120417021 12:32:00 03951 0 0
20120417022 12:42:00 56100 0 1
20120417023 12:52:00 54078 0 0
20120417024 13:02:00 56172 0 0
20120417025 13:12:00 48171 0 1
20120417026 13:22:00 52764 0 0
20120417027 13:33:00 59767 0 1
20120417028 13:43:00 40711 0 1
20120417029 13:53:00 97744 1 1
20120417030 14:03:00 92742 0 0
20120417031 14:13:00 30879 0 0
20120417032 14:23:00 45318 0 0
20120417033 14:33:00 29063 0 0
20120417034 14:44:00 54887 0 1
20120417035 14:54:00 91038 0 0
20120417036 15:04:00 68434 0 1
20120417037 15:14:00 77014 1 0
20120417038 15:24:00 85645 0 0
20120417039 15:34:00 34442 1 1
20120417040 15:45:00 18981 0 0
20120417041 15:55:00 99879 1 0
20120417042 16:05:00 32920 0 0
20120417043 16:15:00 33792 1 0
20120417044 16:25:00 14367 0 0
20120417045 16:35:00 77662 1 1
20120417046 16:45:00 93214 0 0
20120417047 16:56:00 81252 0 1
20120417048 17:06:00 53890 0 0
20120417049 17:16:00 00987 1 0
20120417050 17:26:00 11361 1 0
20120417051 17:36:00 61160 1 0
20120417052 17:46:00 27617 0 0
20120417053 17:56:00 35422 0 1
20120417054 18:07:00 87481 0 0
20120417055 18:17:00 89088 0 1
20120417056 18:27:00 70121 0 1
20120417057 18:37:00 00969 1 1
20120417058 18:47:00 26628 1 0
20120417059 18:57:00 12478 0 0
20120417060 19:08:00 48179 0 0
20120417061 19:18:00 53208 0 0
20120417062 19:28:00 70032 1 0
20120417063 19:38:00 12867 0 0
20120417064 19:48:00 57974 0 0
20120417065 19:58:00 46213 0 0
20120417066 20:08:00 43322 1 1
20120417067 20:19:00 87969 0 1
20120417068 20:29:00 08592 0 0
20120417069 20:39:00 96234 0 0
20120417070 20:49:00 67713 1 0
20120417071 20:59:00 29598 0 0
20120417072 21:09:00 59066 0 1
20120417073 21:19:00 76812 0 0
20120417074 21:30:00 09976 1 0
20120417075 21:40:00 37109 0 0
20120417076 21:50:00 92330 0 1
20120417077 22:00:00 28398 0 0
20120417078 22:10:00 86318 0 0
20120417079 22:20:00 26313 0 1
20120417080 22:31:00 25549 1 0
20120417081 22:41:00 57062 0 0
20120417082 22:51:00 35425 0 0
20120417083 23:01:00 76278 0 0
20120417084 23:11:00 39161 0 1
