20120627001 09:09:00 59215 0 0
20120627002 09:19:00 74945 0 0
20120627003 09:29:00 18219 0 0
20120627004 09:39:00 24328 0 0
20120627005 09:49:00 63036 0 0
20120627006 09:59:00 09210 0 0
20120627007 10:10:00 40382 0 0
20120627008 10:20:00 21878 0 1
20120627009 10:30:00 02352 0 0
20120627010 10:40:00 14583 0 0
20120627011 10:50:00 76107 0 0
20120627012 11:00:00 35416 0 0
20120627013 11:10:00 01798 0 0
20120627014 11:21:00 74591 0 0
20120627015 11:31:00 22350 1 0
20120627016 11:41:00 47671 0 0
20120627017 11:51:00 23145 0 0
20120627018 12:01:00 56734 0 0
20120627019 12:11:00 94234 0 0
20120627020 12:22:00 33631 1 0
20120627021 12:32:00 06388 0 1
20120627022 12:42:00 81398 0 0
20120627023 12:52:00 12251 1 0
20120627024 13:02:00 72245 1 0
20120627025 13:12:00 59743 0 0
20120627026 13:22:00 67349 0 0
20120627027 13:33:00 52862 0 0
20120627028 13:43:00 60874 0 0
20120627029 13:53:00 47237 0 0
20120627030 14:03:00 88028 1 0
20120627031 14:13:00 27591 0 0
20120627032 14:23:00 15493 0 0
20120627033 14:33:00 66494 1 1
20120627034 14:44:00 82592 0 0
20120627035 14:54:00 59906 1 0
20120627036 15:04:00 31476 0 0
20120627037 15:14:00 60648 1 0
20120627038 15:24:00 93256 0 0
20120627039 15:34:00 72380 0 0
20120627040 15:45:00 65547 1 0
20120627041 15:55:00 85821 1 0
20120627042 16:05:00 73042 0 0
20120627043 16:15:00 14569 0 0
20120627044 16:25:00 63269 0 0
20120627045 16:35:00 84552 0 1
20120627046 16:45:00 93293 0 0
20120627047 16:56:00 56806 0 0
20120627048 17:06:00 70376 0 0
20120627049 17:16:00 75683 0 0
20120627050 17:26:00 15950 0 0
20120627051 17:36:00 41338 0 1
20120627052 17:46:00 45365 0 0
20120627053 17:56:00 97497 0 0
20120627054 18:07:00 20214 1 0
20120627055 18:17:00 97296 0 0
20120627056 18:27:00 56427 0 0
20120627057 18:37:00 97160 0 0
20120627058 18:47:00 76332 0 1
20120627059 18:57:00 09719 0 0
20120627060 19:08:00 34888 0 1
20120627061 19:18:00 53371 1 0
20120627062 19:28:00 20034 1 0
20120627063 19:38:00 73743 1 0
20120627064 19:48:00 82301 0 0
20120627065 19:58:00 59624 0 0
20120627066 20:08:00 49521 0 0
20120627067 20:19:00 91379 0 0
20120627068 20:29:00 26317 0 0
20120627069 20:39:00 28154 0 0
20120627070 20:49:00 58922 0 1
20120627071 20:59:00 19661 0 1
20120627072 21:09:00 08168 0 0
20120627073 21:19:00 05423 0 0
20120627074 21:30:00 04260 0 0
20120627075 21:40:00 89816 1 0
20120627076 21:50:00 41828 0 1
20120627077 22:00:00 72270 1 0
20120627078 22:10:00 99137 1 0
20120627079 22:20:00 37795 1 0
20120627080 22:31:00 03651 0 0
20120627081 22:41:00 91956 1 0
20120627082 22:51:00 63078 0 0
20120627083 23:01:00 87955 0 1
20120627084 23:11:00 83556 0 1
