20120104001 09:09:00 94041 0 0
20120104002 09:19:00 81940 0 0
20120104003 09:29:00 35038 0 0
20120104004 09:39:00 58370 0 0
20120104005 09:49:00 96273 0 0
20120104006 09:59:00 90098 1 0
20120104007 10:10:00 78565 0 1
20120104008 10:20:00 36536 0 0
20120104009 10:30:00 86510 0 0
20120104010 10:40:00 04828 0 1
20120104011 10:50:00 22756 1 0
20120104012 11:00:00 36858 0 1
20120104013 11:10:00 60980 0 0
20120104014 11:21:00 84087 0 0
20120104015 11:31:00 72316 0 0
20120104016 11:41:00 55360 1 0
20120104017 11:51:00 43697 0 0
20120104018 12:01:00 36658 1 0
20120104019 12:11:00 70193 0 0
20120104020 12:22:00 04066 1 1
20120104021 12:32:00 47146 0 0
20120104022 12:42:00 56190 0 0
20120104023 12:52:00 71935 0 0
20120104024 13:02:00 34085 0 0
20120104025 13:12:00 35343 1 1
20120104026 13:22:00 71437 0 0
20120104027 13:33:00 40925 0 0
20120104028 13:43:00 35889 0 1
20120104029 13:53:00 81371 0 0
20120104030 14:03:00 90182 0 0
20120104031 14:13:00 16945 0 0
20120104032 14:23:00 26595 0 1
20120104033 14:33:00 45080 0 1
20120104034 14:44:00 35143 0 0
20120104035 14:54:00 08851 1 0
20120104036 15:04:00 06221 0 1
20120104037 15:14:00 61023 0 0
20120104038 15:24:00 61466 0 1
20120104039 15:34:00 16947 0 0
20120104040 15:45:00 20667 0 1
20120104041 15:55:00 89348 0 0
20120104042 16:05:00 02992 0 1
20120104043 16:15:00 34454 1 1
20120104044 16:25:00 84407 1 0
20120104045 16:35:00 01127 1 0
20120104046 16:45:00 55289 1 0
20120104047 16:56:00 87021 0 0
20120104048 17:06:00 03813 0 0
20120104049 17:16:00 77903 1 0
20120104050 17:26:00 78236 0 0
20120104051 17:36:00 23168 0 0
20120104052 17:46:00 04159 0 0
20120104053 17:56:00 46237 0 0
20120104054 18:07:00 37999 0 1
20120104055 18:17:00 20709 0 0
20120104056 18:27:00 74868 0 1
20120104057 18:37:00 92380 0 0
20120104058 18:47:00 13596 0 0
20120104059 18:57:00 20084 1 0
20120104060 19:08:00 87137 0 0
20120104061 19:18:00 38062 0 0
20120104062 19:28:00 83945 0 0
20120104063 19:38:00 47321 0 0
20120104064 19:48:00 87675 0 0
20120104065 19:58:00 35476 0 0
20120104066 20:08:00 53611 0 1
20120104067 20:19:00 50136 0 0
20120104068 20:29:00 04654 0 0
20120104069 20:39:00 97973 1 0
20120104070 20:49:00 07152 0 0
20120104071 20:59:00 65196 0 0
20120104072 21:09:00 29177 0 1
20120104073 21:19:00 32110 0 1
20120104074 21:30:00 18425 0 0
20120104075 21:40:00 18551 0 1
20120104076 21:50:00 06001 1 1
20120104077 22:00:00 12620 0 0
20120104078 22:10:00 22438 1 0
20120104079 22:20:00 25499 0 1
20120104080 22:31:00 58963 0 0
20120104081 22:41:00 69413 0 0
20120104082 22:51:00 71015 0 0
20120104083 23:01:00 18994 0 1
20120104084 23:11:00 59892 0 0
