20120322001 09:09:00 60718 0 0
20120322002 09:19:00 10943 0 0
20120322003 09:29:00 29935 1 0
20120322004 09:39:00 59180 0 0
20120322005 09:49:00 67274 0 0
20120322006 09:59:00 62837 0 0
20120322007 10:10:00 54551 1 1
20120322008 10:20:00 88558 1 1
20120322009 10:30:00 35922 0 1
20120322010 10:40:00 06006 1 1
20120322011 10:50:00 07496 0 0
20120322012 11:00:00 66154 1 0
20120322013 11:10:00 63795 0 0
20120322014 11:21:00 39550 0 1
20120322015 11:31:00 05776 0 1
20120322016 11:41:00 37081 0 0
20120322017 11:51:00 25879 0 0
20120322018 12:01:00 48351 0 0
20120322019 12:11:00 80584 0 0
20120322020 12:22:00 16928 0 0
20120322021 12:32:00 27121 0 1
20120322022 12:42:00 58583 1 0
20120322023 12:52:00 06258 0 0
20120322024 13:02:00 99610 1 0
20120322025 13:12:00 11006 1 1
20120322026 13:22:00 23412 0 0
20120322027 13:33:00 23801 0 0
20120322028 13:43:00 31260 0 0
20120322029 13:53:00 86166 0 1
20120322030 14:03:00 08061 1 0
20120322031 14:13:00 70515 0 1
20120322032 14:23:00 58199 0 1
20120322033 14:33:00 47439 1 0
20120322034 14:44:00 82502 0 0
20120322035 14:54:00 20481 0 0
20120322036 15:04:00 76106 0 0
20120322037 15:14:00 68700 0 1
20120322038 15:24:00 77014 1 0
20120322039 15:34:00 57671 0 0
20120322040 15:45:00 19492 0 0
20120322041 15:55:00 60016 1 0
20120322042 16:05:00 27681 0 0
20120322043 16:15:00 65019 0 0
20120322044 16:25:00 57936 0 0
20120322045 16:35:00 16026 0 0
20120322046 16:45:00 18281 0 0
20120322047 16:56:00 27226 1 1
20120322048 17:06:00 40330 0 1
20120322049 17:16:00 60116 0 1
20120322050 17:26:00 92011 0 1
20120322051 17:36:00 51096 0 0
20120322052 17:46:00 02935 0 0
20120322053 17:56:00 21899 0 1
20120322054 18:07:00 54308 0 0
20120322055 18:17:00 45906 0 0
20120322056 18:27:00 49629 0 0
20120322057 18:37:00 26715 0 0
20120322058 18:47:00 73522 0 1
20120322059 18:57:00 92384 0 0
20120322060 19:08:00 69859 0 0
20120322061 19:18:00 98160 0 0
20120322062 19:28:00 26609 1 0
20120322063 19:38:00 57291 0 0
20120322064 19:48:00 63395 1 0
20120322065 19:58:00 14841 0 0
20120322066 20:08:00 73616 0 1
20120322067 20:19:00 55225 1 1
20120322068 20:29:00 24224 1 1
20120322069 20:39:00 72913 0 0
20120322070 20:49:00 08086 1 0
20120322071 20:59:00 16074 0 0
20120322072 21:09:00 53229 0 1
20120322073 21:19:00 58035 0 0
20120322074 21:30:00 35759 0 0
20120322075 21:40:00 33891 1 0
20120322076 21:50:00 34258 0 0
20120322077 22:00:00 10551 0 1
20120322078 22:10:00 18810 1 0
20120322079 22:20:00 69891 0 0
20120322080 22:31:00 05901 0 0
20120322081 22:41:00 91114 1 1
20120322082 22:51:00 31163 1 0
20120322083 23:01:00 72631 0 0
20120322084 23:11:00 27006 0 1
