20120130001 09:09:00 84934 0 0
20120130002 09:19:00 80588 0 1
20120130003 09:29:00 54650 0 0
20120130004 09:39:00 00055 1 1
20120130005 09:49:00 88943 1 0
20120130006 09:59:00 82323 0 1
20120130007 10:10:00 78721 1 0
20120130008 10:20:00 28258 1 0
20120130009 10:30:00 60007 1 1
20120130010 10:40:00 10317 0 0
20120130011 10:50:00 91338 0 1
20120130012 11:00:00 75752 1 0
20120130013 11:10:00 18877 1 1
20120130014 11:21:00 03026 1 0
20120130015 11:31:00 31837 0 0
20120130016 11:41:00 52014 0 0
20120130017 11:51:00 29411 0 1
20120130018 12:01:00 87116 0 1
20120130019 12:11:00 60426 0 0
20120130020 12:22:00 95136 0 0
20120130021 12:32:00 41732 0 0
20120130022 12:42:00 03539 0 0
20120130023 12:52:00 71424 0 1
20120130024 13:02:00 50039 1 0
20120130025 13:12:00 41835 0 0
20120130026 13:22:00 00581 1 0
20120130027 13:33:00 99749 1 0
20120130028 13:43:00 98944 1 1
20120130029 13:53:00 43378 1 0
20120130030 14:03:00 44246 1 0
20120130031 14:13:00 32472 0 0
20120130032 14:23:00 17364 0 0
20120130033 14:33:00 63530 0 0
20120130034 14:44:00 05963 0 0
20120130035 14:54:00 45979 0 1
20120130036 15:04:00 75175 0 0
20120130037 15:14:00 08986 0 0
20120130038 15:24:00 60289 0 0
20120130039 15:34:00 09571 0 0
20120130040 15:45:00 11027 1 0
20120130041 15:55:00 91134 1 0
20120130042 16:05:00 14202 0 1
20120130043 16:15:00 62870 0 0
20120130044 16:25:00 84137 0 0
20120130045 16:35:00 06347 0 0
20120130046 16:45:00 97332 0 1
20120130047 16:56:00 88312 1 0
20120130048 17:06:00 07380 0 0
20120130049 17:16:00 15905 0 0
20120130050 17:26:00 80175 0 0
20120130051 17:36:00 59575 1 1
20120130052 17:46:00 67229 0 1
20120130053 17:56:00 40794 0 0
20120130054 18:07:00 24743 0 0
20120130055 18:17:00 31409 0 0
20120130056 18:27:00 15703 0 0
20120130057 18:37:00 67510 0 0
20120130058 18:47:00 47969 0 1
20120130059 18:57:00 37960 0 0
20120130060 19:08:00 32367 1 0
20120130061 19:18:00 87025 0 0
20120130062 19:28:00 87983 0 0
20120130063 19:38:00 72293 1 0
20120130064 19:48:00 68710 0 0
20120130065 19:58:00 30577 0 1
20120130066 20:08:00 49107 0 0
20120130067 20:19:00 18034 0 0
20120130068 20:29:00 52379 0 0
20120130069 20:39:00 05060 1 1
20120130070 20:49:00 18720 0 0
20120130071 20:59:00 84459 1 0
20120130072 21:09:00 78755 1 1
20120130073 21:19:00 21902 0 0
20120130074 21:30:00 59283 0 0
20120130075 21:40:00 94762 0 0
20120130076 21:50:00 91062 0 0
20120130077 22:00:00 04048 1 0
20120130078 22:10:00 11379 1 0
20120130079 22:20:00 21080 0 1
20120130080 22:31:00 17002 0 1
20120130081 22:41:00 91674 0 0
20120130082 22:51:00 10048 1 0
20120130083 23:01:00 64361 0 0
20120130084 23:11:00 51457 0 0
