20121110001 09:09:00 64852 0 0
20121110002 09:19:00 44085 1 0
20121110003 09:29:00 60669 1 1
20121110004 09:39:00 85749 0 0
20121110005 09:49:00 90072 1 0
20121110006 09:59:00 57530 1 0
20121110007 10:10:00 13077 0 1
20121110008 10:20:00 27312 0 0
20121110009 10:30:00 21317 0 0
20121110010 10:40:00 54792 0 0
20121110011 10:50:00 14064 0 0
20121110012 11:00:00 90542 0 0
20121110013 11:10:00 20605 0 0
20121110014 11:21:00 73762 1 0
20121110015 11:31:00 35078 0 0
20121110016 11:41:00 89839 1 0
20121110017 11:51:00 36906 0 0
20121110018 12:01:00 92063 0 0
20121110019 12:11:00 19861 0 0
20121110020 12:22:00 24034 0 0
20121110021 12:32:00 18525 0 1
20121110022 12:42:00 87856 1 0
20121110023 12:52:00 99104 1 0
20121110024 13:02:00 35956 0 0
20121110025 13:12:00 41709 0 0
20121110026 13:22:00 14633 0 1
20121110027 13:33:00 12464 0 1
20121110028 13:43:00 55192 1 0
20121110029 13:53:00 66500 1 1
20121110030 14:03:00 76211 0 1
20121110031 14:13:00 01220 0 1
20121110032 14:23:00 60940 0 0
20121110033 14:33:00 76940 0 0
20121110034 14:44:00 47097 0 0
20121110035 14:54:00 11621 1 0
20121110036 15:04:00 20072 1 0
20121110037 15:14:00 49480 1 0
20121110038 15:24:00 00241 1 0
20121110039 15:34:00 58627 0 0
20121110040 15:45:00 07078 1 0
20121110041 15:55:00 29814 0 0
20121110042 16:05:00 77957 1 0
20121110043 16:15:00 44992 1 1
20121110044 16:25:00 93421 0 0
20121110045 16:35:00 07497 0 0
20121110046 16:45:00 79192 0 0
20121110047 16:56:00 66748 1 0
20121110048 17:06:00 95010 0 1
20121110049 17:16:00 75355 0 1
20121110050 17:26:00 41534 0 0
20121110051 17:36:00 46760 0 0
20121110052 17:46:00 66341 1 0
20121110053 17:56:00 31824 0 0
20121110054 18:07:00 66000 1 1
20121110055 18:17:00 18298 0 0
20121110056 18:27:00 04590 0 0
20121110057 18:37:00 89260 0 0
20121110058 18:47:00 38978 0 0
20121110059 18:57:00 91874 0 0
20121110060 19:08:00 71811 0 1
20121110061 19:18:00 00217 1 0
20121110062 19:28:00 11906 1 0
20121110063 19:38:00 81942 0 0
20121110064 19:48:00 27571 0 0
20121110065 19:58:00 34433 1 1
20121110066 20:08:00 13275 0 0
20121110067 20:19:00 31728 0 0
20121110068 20:29:00 55771 1 1
20121110069 20:39:00 19232 0 1
20121110070 20:49:00 61842 0 0
20121110071 20:59:00 52813 0 0
20121110072 21:09:00 85537 1 0
20121110073 21:19:00 99757 1 1
20121110074 21:30:00 23004 0 1
20121110075 21:40:00 69228 0 1
20121110076 21:50:00 86262 0 1
20121110077 22:00:00 83144 0 1
20121110078 22:10:00 64675 1 0
20121110079 22:20:00 88549 1 0
20121110080 22:31:00 69833 0 1
20121110081 22:41:00 29734 0 0
20121110082 22:51:00 26385 0 0
20121110083 23:01:00 30058 1 0
20121110084 23:11:00 21771 0 1
