20120313001 09:09:00 88069 1 0
20120313002 09:19:00 28068 0 0
20120313003 09:29:00 35218 0 0
20120313004 09:39:00 62501 0 0
20120313005 09:49:00 41896 0 0
20120313006 09:59:00 15315 0 0
20120313007 10:10:00 37530 0 0
20120313008 10:20:00 65432 0 0
20120313009 10:30:00 67699 1 1
20120313010 10:40:00 13051 0 0
20120313011 10:50:00 36608 1 0
20120313012 11:00:00 40948 0 0
20120313013 11:10:00 25895 0 0
20120313014 11:21:00 08618 0 0
20120313015 11:31:00 70139 0 0
20120313016 11:41:00 95041 0 0
20120313017 11:51:00 31385 1 0
20120313018 12:01:00 48142 0 0
20120313019 12:11:00 42533 0 1
20120313020 12:22:00 17849 0 0
20120313021 12:32:00 04521 0 0
20120313022 12:42:00 09773 0 1
20120313023 12:52:00 83719 0 0
20120313024 13:02:00 28735 0 0
20120313025 13:12:00 02646 0 1
20120313026 13:22:00 06738 0 0
20120313027 13:33:00 09653 0 0
20120313028 13:43:00 42583 0 0
20120313029 13:53:00 22770 1 1
20120313030 14:03:00 72755 1 1
20120313031 14:13:00 01341 0 0
20120313032 14:23:00 98488 0 1
20120313033 14:33:00 20522 0 1
20120313034 14:44:00 96268 0 0
20120313035 14:54:00 03353 1 1
20120313036 15:04:00 87820 1 0
20120313037 15:14:00 41155 1 1
20120313038 15:24:00 18268 0 0
20120313039 15:34:00 22602 1 0
20120313040 15:45:00 29944 1 1
20120313041 15:55:00 35219 0 0
20120313042 16:05:00 60505 0 1
20120313043 16:15:00 45289 0 0
20120313044 16:25:00 56385 0 0
20120313045 16:35:00 33587 1 0
20120313046 16:45:00 09896 0 0
20120313047 16:56:00 04767 0 1
20120313048 17:06:00 58340 0 0
20120313049 17:16:00 40372 0 0
20120313050 17:26:00 70231 0 0
20120313051 17:36:00 90727 0 1
20120313052 17:46:00 84710 0 0
20120313053 17:56:00 65336 0 1
20120313054 18:07:00 17115 1 1
20120313055 18:17:00 47793 1 0
20120313056 18:27:00 01400 0 1
20120313057 18:37:00 36244 0 1
20120313058 18:47:00 86406 0 0
20120313059 18:57:00 15201 0 0
20120313060 19:08:00 27942 0 0
20120313061 19:18:00 82656 0 1
20120313062 19:28:00 23927 0 0
20120313063 19:38:00 45145 0 0
20120313064 19:48:00 25310 0 0
20120313065 19:58:00 43825 0 0
20120313066 20:08:00 23850 0 0
20120313067 20:19:00 66501 1 0
20120313068 20:29:00 57823 0 0
20120313069 20:39:00 17052 0 0
20120313070 20:49:00 55968 1 0
20120313071 20:59:00 81613 0 0
20120313072 21:09:00 17226 0 1
20120313073 21:19:00 50122 0 1
20120313074 21:30:00 86845 1 0
20120313075 21:40:00 01182 1 0
20120313076 21:50:00 57160 0 0
20120313077 22:00:00 30621 0 0
20120313078 22:10:00 99431 1 0
20120313079 22:20:00 49257 0 0
20120313080 22:31:00 35815 0 0
20120313081 22:41:00 02333 0 1
20120313082 22:51:00 35614 0 0
20120313083 23:01:00 13691 0 0
20120313084 23:11:00 01223 0 1
