20120807001 09:09:00 49128 0 0
20120807002 09:19:00 83736 0 0
20120807003 09:29:00 72199 0 1
20120807004 09:39:00 06040 1 1
20120807005 09:49:00 13648 0 0
20120807006 09:59:00 21146 1 0
20120807007 10:10:00 30933 0 1
20120807008 10:20:00 03882 0 1
20120807009 10:30:00 00719 1 0
20120807010 10:40:00 34833 0 1
20120807011 10:50:00 17138 1 0
20120807012 11:00:00 97349 0 0
20120807013 11:10:00 96211 0 1
20120807014 11:21:00 77146 1 0
20120807015 11:31:00 49012 0 0
20120807016 11:41:00 11110 1 1
20120807017 11:51:00 48875 1 0
20120807018 12:01:00 25322 0 1
20120807019 12:11:00 71142 1 0
20120807020 12:22:00 76728 1 0
20120807021 12:32:00 20199 0 1
20120807022 12:42:00 65522 1 1
20120807023 12:52:00 59320 0 0
20120807024 13:02:00 97941 1 0
20120807025 13:12:00 11808 1 1
20120807026 13:22:00 59923 1 0
20120807027 13:33:00 02711 0 1
20120807028 13:43:00 88948 1 0
20120807029 13:53:00 58617 0 0
20120807030 14:03:00 75181 0 1
20120807031 14:13:00 95843 0 0
20120807032 14:23:00 78447 0 1
20120807033 14:33:00 68100 0 1
20120807034 14:44:00 29753 0 0
20120807035 14:54:00 16158 1 0
20120807036 15:04:00 24840 0 0
20120807037 15:14:00 24504 0 0
20120807038 15:24:00 68034 0 0
20120807039 15:34:00 22056 1 0
20120807040 15:45:00 82209 1 0
20120807041 15:55:00 22181 1 1
20120807042 16:05:00 40806 0 0
20120807043 16:15:00 21792 0 0
20120807044 16:25:00 21385 0 0
20120807045 16:35:00 17183 1 0
20120807046 16:45:00 88586 1 0
20120807047 16:56:00 04537 0 0
20120807048 17:06:00 17616 0 1
20120807049 17:16:00 10933 0 1
20120807050 17:26:00 75577 1 1
20120807051 17:36:00 48348 0 0
20120807052 17:46:00 08847 1 0
20120807053 17:56:00 24160 0 0
20120807054 18:07:00 98175 0 0
20120807055 18:17:00 92642 0 0
20120807056 18:27:00 54505 1 1
20120807057 18:37:00 32545 0 1
20120807058 18:47:00 73277 0 1
20120807059 18:57:00 98842 1 0
20120807060 19:08:00 39085 0 0
20120807061 19:18:00 56799 0 1
20120807062 19:28:00 93504 0 0
20120807063 19:38:00 65017 0 0
20120807064 19:48:00 36827 0 0
20120807065 19:58:00 37625 0 0
20120807066 20:08:00 35871 0 0
20120807067 20:19:00 49326 0 0
20120807068 20:29:00 19884 0 1
20120807069 20:39:00 67233 0 1
20120807070 20:49:00 58451 0 0
20120807071 20:59:00 73374 1 0
20120807072 21:09:00 65629 1 0
20120807073 21:19:00 21886 0 1
20120807074 21:30:00 27878 0 1
20120807075 21:40:00 73513 0 0
20120807076 21:50:00 40498 1 0
20120807077 22:00:00 08680 0 0
20120807078 22:10:00 89547 0 0
20120807079 22:20:00 93160 0 0
20120807080 22:31:00 75987 0 0
20120807081 22:41:00 36733 0 1
20120807082 22:51:00 66246 1 0
20120807083 23:01:00 11211 1 1
20120807084 23:11:00 83619 0 0
