20120619001 09:09:00 82184 0 0
20120619002 09:19:00 07410 0 0
20120619003 09:29:00 64417 1 0
20120619004 09:39:00 24485 1 0
20120619005 09:49:00 38278 0 0
20120619006 09:59:00 66722 1 1
20120619007 10:10:00 03066 1 1
20120619008 10:20:00 88975 1 0
20120619009 10:30:00 40351 0 0
20120619010 10:40:00 49603 0 0
20120619011 10:50:00 33018 1 0
20120619012 11:00:00 08305 0 0
20120619013 11:10:00 32773 0 1
20120619014 11:21:00 57439 0 0
20120619015 11:31:00 02653 0 0
20120619016 11:41:00 27537 0 0
20120619017 11:51:00 78868 1 1
20120619018 12:01:00 53166 0 1
20120619019 12:11:00 93285 0 0
20120619020 12:22:00 00982 1 0
20120619021 12:32:00 37694 0 0
20120619022 12:42:00 99125 1 0
20120619023 12:52:00 92450 0 0
20120619024 13:02:00 33972 1 0
20120619025 13:12:00 73868 0 1
20120619026 13:22:00 88162 1 0
20120619027 13:33:00 63413 0 0
20120619028 13:43:00 50578 1 0
20120619029 13:53:00 56496 0 0
20120619030 14:03:00 76668 1 1
20120619031 14:13:00 47511 0 1
20120619032 14:23:00 31474 0 1
20120619033 14:33:00 47701 1 0
20120619034 14:44:00 76053 0 0
20120619035 14:54:00 69007 0 1
20120619036 15:04:00 54096 0 0
20120619037 15:14:00 37070 0 1
20120619038 15:24:00 57265 0 0
20120619039 15:34:00 60095 1 0
20120619040 15:45:00 92436 0 0
20120619041 15:55:00 04153 0 0
20120619042 16:05:00 29663 0 1
20120619043 16:15:00 62941 0 0
20120619044 16:25:00 80547 0 0
20120619045 16:35:00 46686 1 1
20120619046 16:45:00 79370 0 0
20120619047 16:56:00 69354 0 0
20120619048 17:06:00 87580 0 0
20120619049 17:16:00 88847 1 0
20120619050 17:26:00 71387 0 0
20120619051 17:36:00 12492 0 0
20120619052 17:46:00 49011 0 1
20120619053 17:56:00 56808 0 1
20120619054 18:07:00 83587 0 0
20120619055 18:17:00 44293 1 0
20120619056 18:27:00 63999 0 1
20120619057 18:37:00 90068 1 0
20120619058 18:47:00 18479 0 0
20120619059 18:57:00 48110 0 1
20120619060 19:08:00 03218 0 0
20120619061 19:18:00 60330 0 1
20120619062 19:28:00 57392 0 0
20120619063 19:38:00 28392 0 0
20120619064 19:48:00 61046 0 0
20120619065 19:58:00 65840 0 0
20120619066 20:08:00 85196 0 0
20120619067 20:19:00 89431 0 0
20120619068 20:29:00 86087 0 0
20120619069 20:39:00 28256 1 0
20120619070 20:49:00 63752 0 0
20120619071 20:59:00 92595 0 1
20120619072 21:09:00 59084 0 0
20120619073 21:19:00 98677 0 1
20120619074 21:30:00 77043 1 0
20120619075 21:40:00 76611 1 1
20120619076 21:50:00 23259 1 0
20120619077 22:00:00 57412 0 0
20120619078 22:10:00 28664 0 1
20120619079 22:20:00 46682 1 0
20120619080 22:31:00 14707 0 1
20120619081 22:41:00 47642 0 0
20120619082 22:51:00 70122 0 1
20120619083 23:01:00 27976 0 0
20120619084 23:11:00 62604 1 0
