20121007001 09:09:00 53498 0 0
20121007002 09:19:00 61560 0 0
20121007003 09:29:00 37642 0 0
20121007004 09:39:00 92323 0 1
20121007005 09:49:00 13833 0 1
20121007006 09:59:00 18198 1 0
20121007007 10:10:00 87641 0 0
20121007008 10:20:00 66450 1 0
20121007009 10:30:00 29407 0 0
20121007010 10:40:00 37016 0 0
20121007011 10:50:00 20358 0 0
20121007012 11:00:00 97695 0 0
20121007013 11:10:00 25426 0 0
20121007014 11:21:00 30380 1 0
20121007015 11:31:00 73845 0 0
20121007016 11:41:00 17207 0 0
20121007017 11:51:00 51072 0 0
20121007018 12:01:00 32560 0 0
20121007019 12:11:00 07553 0 1
20121007020 12:22:00 38213 0 0
20121007021 12:32:00 17418 0 0
20121007022 12:42:00 47758 1 0
20121007023 12:52:00 64290 0 0
20121007024 13:02:00 72339 0 1
20121007025 13:12:00 39755 0 1
20121007026 13:22:00 61869 0 0
20121007027 13:33:00 31347 1 0
20121007028 13:43:00 66864 1 0
20121007029 13:53:00 68743 0 0
20121007030 14:03:00 74978 0 0
20121007031 14:13:00 16382 0 0
20121007032 14:23:00 36253 0 0
20121007033 14:33:00 14265 0 0
20121007034 14:44:00 59918 1 0
20121007035 14:54:00 28059 0 0
20121007036 15:04:00 06151 0 1
20121007037 15:14:00 85971 0 0
20121007038 15:24:00 23675 0 0
20121007039 15:34:00 49055 0 1
20121007040 15:45:00 77963 1 0
20121007041 15:55:00 62310 0 0
20121007042 16:05:00 41010 0 1
20121007043 16:15:00 95245 0 0
20121007044 16:25:00 50784 0 0
20121007045 16:35:00 32365 1 0
20121007046 16:45:00 07087 1 0
20121007047 16:56:00 10051 1 0
20121007048 17:06:00 37908 0 0
20121007049 17:16:00 13950 0 0
20121007050 17:26:00 34475 1 0
20121007051 17:36:00 10199 1 1
20121007052 17:46:00 93145 0 0
20121007053 17:56:00 38584 0 0
20121007054 18:07:00 62991 0 1
20121007055 18:17:00 64374 0 0
20121007056 18:27:00 97597 0 0
20121007057 18:37:00 48363 0 1
20121007058 18:47:00 71743 1 0
20121007059 18:57:00 13582 0 0
20121007060 19:08:00 13616 0 1
20121007061 19:18:00 11018 1 0
20121007062 19:28:00 24713 0 0
20121007063 19:38:00 60103 0 0
20121007064 19:48:00 33310 1 0
20121007065 19:58:00 24623 0 0
20121007066 20:08:00 93371 1 0
20121007067 20:19:00 43017 0 0
20121007068 20:29:00 59495 0 0
20121007069 20:39:00 19635 0 0
20121007070 20:49:00 63646 1 1
20121007071 20:59:00 36730 0 0
20121007072 21:09:00 27741 1 0
20121007073 21:19:00 24320 0 0
20121007074 21:30:00 80695 0 0
20121007075 21:40:00 05861 0 0
20121007076 21:50:00 77806 1 0
20121007077 22:00:00 88752 1 0
20121007078 22:10:00 20229 1 1
20121007079 22:20:00 90806 0 0
20121007080 22:31:00 76913 0 0
20121007081 22:41:00 22239 1 0
20121007082 22:51:00 37368 1 0
20121007083 23:01:00 62129 0 0
20121007084 23:11:00 83268 0 0
