20130322001 09:09:00 36467 0 0
20130322002 09:19:00 05246 0 0
20130322003 09:29:00 55077 1 1
20130322004 09:39:00 98595 0 1
20130322005 09:49:00 49192 0 0
20130322006 09:59:00 65643 1 0
20130322007 10:10:00 49309 0 0
20130322008 10:20:00 02933 0 1
20130322009 10:30:00 65052 0 0
20130322010 10:40:00 42722 0 1
20130322011 10:50:00 03399 1 1
20130322012 11:00:00 11767 1 1
20130322013 11:10:00 07559 0 1
20130322014 11:21:00 94695 0 0
20130322015 11:31:00 66296 1 0
20130322016 11:41:00 50547 1 0
20130322017 11:51:00 45742 0 0
20130322018 12:01:00 61794 0 0
20130322019 12:11:00 23392 1 0
20130322020 12:22:00 34628 0 0
20130322021 12:32:00 78537 0 0
20130322022 12:42:00 67448 0 1
20130322023 12:52:00 28895 1 0
20130322024 13:02:00 30038 1 0
20130322025 13:12:00 82722 0 1
20130322026 13:22:00 74115 0 1
20130322027 13:33:00 82561 0 0
20130322028 13:43:00 31013 0 0
20130322029 13:53:00 42989 0 1
20130322030 14:03:00 59392 0 0
20130322031 14:13:00 19890 0 0
20130322032 14:23:00 84323 0 1
20130322033 14:33:00 24550 0 1
20130322034 14:44:00 93517 0 0
20130322035 14:54:00 25276 1 0
20130322036 15:04:00 42110 0 1
20130322037 15:14:00 88709 1 0
20130322038 15:24:00 28131 0 1
20130322039 15:34:00 63141 0 1
20130322040 15:45:00 15709 0 0
20130322041 15:55:00 43095 0 0
20130322042 16:05:00 75338 0 1
20130322043 16:15:00 66091 1 0
20130322044 16:25:00 91202 0 1
20130322045 16:35:00 27943 0 0
20130322046 16:45:00 03649 0 0
20130322047 16:56:00 76529 0 0
20130322048 17:06:00 28995 0 1
20130322049 17:16:00 63461 0 0
20130322050 17:26:00 26559 0 1
20130322051 17:36:00 15960 0 0
20130322052 17:46:00 16376 0 0
20130322053 17:56:00 83410 0 0
20130322054 18:07:00 03983 0 0
20130322055 18:17:00 32087 0 0
20130322056 18:27:00 56902 0 0
20130322057 18:37:00 14083 0 0
20130322058 18:47:00 20773 0 1
20130322059 18:57:00 25000 0 1
20130322060 19:08:00 75433 0 1
20130322061 19:18:00 29941 1 0
20130322062 19:28:00 19779 0 1
20130322063 19:38:00 83212 0 1
20130322064 19:48:00 19247 0 0
20130322065 19:58:00 28951 0 0
20130322066 20:08:00 04997 0 1
20130322067 20:19:00 42453 1 0
20130322068 20:29:00 94706 0 0
20130322069 20:39:00 11839 1 0
20130322070 20:49:00 15205 0 0
20130322071 20:59:00 16076 0 0
20130322072 21:09:00 63338 1 1
20130322073 21:19:00 36971 0 0
20130322074 21:30:00 01966 0 1
20130322075 21:40:00 14764 0 0
20130322076 21:50:00 59411 0 1
20130322077 22:00:00 94949 1 1
20130322078 22:10:00 42858 0 1
20130322079 22:20:00 40928 0 0
20130322080 22:31:00 92549 0 0
20130322081 22:41:00 07295 0 0
20130322082 22:51:00 67159 0 0
20130322083 23:01:00 76764 1 0
20130322084 23:11:00 89006 0 1
