20130121001 09:09:00 08951 0 0
20130121002 09:19:00 77466 1 1
20130121003 09:29:00 37844 0 1
20130121004 09:39:00 39629 0 0
20130121005 09:49:00 41330 0 1
20130121006 09:59:00 73689 0 0
20130121007 10:10:00 38216 0 0
20130121008 10:20:00 54254 0 0
20130121009 10:30:00 23237 1 0
20130121010 10:40:00 98272 0 1
20130121011 10:50:00 44100 1 1
20130121012 11:00:00 77600 1 1
20130121013 11:10:00 24500 0 1
20130121014 11:21:00 02839 0 0
20130121015 11:31:00 54341 0 0
20130121016 11:41:00 37651 0 0
20130121017 11:51:00 45254 0 0
20130121018 12:01:00 53009 0 1
20130121019 12:11:00 42392 0 0
20130121020 12:22:00 40784 0 0
20130121021 12:32:00 46629 1 0
20130121022 12:42:00 24221 1 1
20130121023 12:52:00 58564 1 0
20130121024 13:02:00 57948 0 0
20130121025 13:12:00 05561 1 0
20130121026 13:22:00 70458 0 0
20130121027 13:33:00 98245 0 0
20130121028 13:43:00 09398 0 0
20130121029 13:53:00 95705 0 0
20130121030 14:03:00 63852 0 0
20130121031 14:13:00 95729 0 0
20130121032 14:23:00 80401 0 0
20130121033 14:33:00 13621 0 0
20130121034 14:44:00 92002 0 1
20130121035 14:54:00 23842 0 0
20130121036 15:04:00 74063 0 0
20130121037 15:14:00 79506 0 0
20130121038 15:24:00 49226 0 1
20130121039 15:34:00 92892 0 0
20130121040 15:45:00 56202 0 1
20130121041 15:55:00 95245 0 0
20130121042 16:05:00 33514 1 0
20130121043 16:15:00 26469 0 0
20130121044 16:25:00 79589 0 0
20130121045 16:35:00 41449 1 1
20130121046 16:45:00 28695 0 0
20130121047 16:56:00 24300 0 1
20130121048 17:06:00 05074 1 0
20130121049 17:16:00 05397 0 0
20130121050 17:26:00 18306 0 0
20130121051 17:36:00 61849 0 0
20130121052 17:46:00 98967 1 0
20130121053 17:56:00 88224 1 1
20130121054 18:07:00 04835 0 0
20130121055 18:17:00 40509 0 0
20130121056 18:27:00 41882 0 1
20130121057 18:37:00 09819 0 0
20130121058 18:47:00 22202 1 1
20130121059 18:57:00 11404 1 1
20130121060 19:08:00 43507 0 0
20130121061 19:18:00 46279 0 0
20130121062 19:28:00 74593 0 0
20130121063 19:38:00 76094 0 0
20130121064 19:48:00 98620 0 0
20130121065 19:58:00 05811 0 1
20130121066 20:08:00 33936 1 0
20130121067 20:19:00 72206 1 0
20130121068 20:29:00 89763 0 0
20130121069 20:39:00 78063 0 0
20130121070 20:49:00 37903 0 0
20130121071 20:59:00 56598 1 0
20130121072 21:09:00 66724 1 0
20130121073 21:19:00 44231 1 0
20130121074 21:30:00 30677 0 1
20130121075 21:40:00 67493 0 0
20130121076 21:50:00 08884 1 1
20130121077 22:00:00 04265 0 0
20130121078 22:10:00 75228 0 1
20130121079 22:20:00 71929 0 1
20130121080 22:31:00 75118 0 1
20130121081 22:41:00 17080 0 1
20130121082 22:51:00 12381 0 0
20130121083 23:01:00 61112 1 1
20130121084 23:11:00 33982 1 0
