20130207001 09:09:00 03571 0 0
20130207002 09:19:00 60791 0 0
20130207003 09:29:00 29089 0 0
20130207004 09:39:00 52222 1 1
20130207005 09:49:00 13685 0 0
20130207006 09:59:00 58294 0 0
20130207007 10:10:00 40251 0 0
20130207008 10:20:00 50174 0 0
20130207009 10:30:00 32965 0 0
20130207010 10:40:00 66135 1 0
20130207011 10:50:00 14308 0 0
20130207012 11:00:00 40134 0 0
20130207013 11:10:00 92594 0 0
20130207014 11:21:00 19857 0 0
20130207015 11:31:00 97865 0 0
20130207016 11:41:00 65666 1 1
20130207017 11:51:00 18244 0 1
20130207018 12:01:00 30225 0 1
20130207019 12:11:00 45691 0 0
20130207020 12:22:00 45658 0 0
20130207021 12:32:00 98754 0 0
20130207022 12:42:00 00406 1 0
20130207023 12:52:00 53092 0 0
20130207024 13:02:00 44893 1 0
20130207025 13:12:00 64284 0 0
20130207026 13:22:00 13663 0 1
20130207027 13:33:00 92446 0 1
20130207028 13:43:00 61055 0 1
20130207029 13:53:00 40858 0 1
20130207030 14:03:00 47514 0 0
20130207031 14:13:00 16302 0 0
20130207032 14:23:00 78594 0 0
20130207033 14:33:00 87982 0 0
20130207034 14:44:00 69078 0 0
20130207035 14:54:00 93755 0 1
20130207036 15:04:00 72219 1 0
20130207037 15:14:00 07618 0 0
20130207038 15:24:00 13939 0 1
20130207039 15:34:00 88569 1 0
20130207040 15:45:00 64782 0 0
20130207041 15:55:00 04911 0 1
20130207042 16:05:00 71018 0 0
20130207043 16:15:00 96050 0 1
20130207044 16:25:00 57369 0 0
20130207045 16:35:00 33526 1 0
20130207046 16:45:00 34096 0 0
20130207047 16:56:00 49148 0 0
20130207048 17:06:00 80096 1 0
20130207049 17:16:00 48214 0 0
20130207050 17:26:00 73904 0 0
20130207051 17:36:00 30287 0 0
20130207052 17:46:00 19719 0 0
20130207053 17:56:00 62199 0 1
20130207054 18:07:00 15996 0 1
20130207055 18:17:00 87877 1 1
20130207056 18:27:00 09414 0 1
20130207057 18:37:00 89156 0 0
20130207058 18:47:00 70662 0 1
20130207059 18:57:00 17069 0 0
20130207060 19:08:00 34661 0 1
20130207061 19:18:00 85237 0 0
20130207062 19:28:00 39438 0 0
20130207063 19:38:00 20137 0 0
20130207064 19:48:00 80724 0 0
20130207065 19:58:00 46230 0 0
20130207066 20:08:00 68847 1 0
20130207067 20:19:00 02483 0 0
20130207068 20:29:00 56193 0 0
20130207069 20:39:00 56749 0 0
20130207070 20:49:00 15004 0 1
20130207071 20:59:00 26327 0 0
20130207072 21:09:00 77457 1 0
20130207073 21:19:00 03539 0 0
20130207074 21:30:00 63311 1 1
20130207075 21:40:00 50131 0 1
20130207076 21:50:00 07041 1 0
20130207077 22:00:00 32546 0 0
20130207078 22:10:00 28919 0 1
20130207079 22:20:00 82509 0 0
20130207080 22:31:00 25611 0 1
20130207081 22:41:00 22292 1 1
20130207082 22:51:00 43263 0 0
20130207083 23:01:00 98502 0 0
20130207084 23:11:00 30094 1 0
