20131005001 09:09:00 42665 0 1
20131005002 09:19:00 36390 1 0
20131005003 09:29:00 72250 1 0
20131005004 09:39:00 64446 1 1
20131005005 09:49:00 71849 0 0
20131005006 09:59:00 21707 0 1
20131005007 10:10:00 81455 0 1
20131005008 10:20:00 00000 1 1
20131005009 10:30:00 60830 0 0
20131005010 10:40:00 66010 1 1
20131005011 10:50:00 77885 1 1
20131005012 11:00:00 65945 0 0
20131005013 11:10:00 50588 1 1
20131005014 11:21:00 24308 0 0
20131005015 11:31:00 94319 0 0
20131005016 11:41:00 54328 0 0
20131005017 11:51:00 36203 0 0
20131005018 12:01:00 14264 0 0
20131005019 12:11:00 99729 1 0
20131005020 12:22:00 12109 1 0
20131005021 12:32:00 88162 1 0
20131005022 12:42:00 40123 0 0
20131005023 12:52:00 41564 0 0
20131005024 13:02:00 05379 0 0
20131005025 13:12:00 99686 1 1
20131005026 13:22:00 77561 1 0
20131005027 13:33:00 11202 1 1
20131005028 13:43:00 13972 0 0
20131005029 13:53:00 60705 0 0
20131005030 14:03:00 66882 1 1
20131005031 14:13:00 15968 0 0
20131005032 14:23:00 86878 1 1
20131005033 14:33:00 92631 0 0
20131005034 14:44:00 45900 0 1
20131005035 14:54:00 36238 0 0
20131005036 15:04:00 23745 0 0
20131005037 15:14:00 78123 0 0
20131005038 15:24:00 06302 0 0
20131005039 15:34:00 09213 0 0
20131005040 15:45:00 54443 1 1
20131005041 15:55:00 25605 0 0
20131005042 16:05:00 90806 0 0
20131005043 16:15:00 74666 0 1
20131005044 16:25:00 48220 0 1
20131005045 16:35:00 96620 1 0
20131005046 16:45:00 65486 0 0
20131005047 16:56:00 95739 0 0
20131005048 17:06:00 26363 0 1
20131005049 17:16:00 60454 0 1
20131005050 17:26:00 95407 0 0
20131005051 17:36:00 80768 0 0
20131005052 17:46:00 20441 0 1
20131005053 17:56:00 43270 0 0
20131005054 18:07:00 08656 0 1
20131005055 18:17:00 32592 0 0
20131005056 18:27:00 95466 0 1
20131005057 18:37:00 85400 0 1
20131005058 18:47:00 59259 0 0
20131005059 18:57:00 55565 1 1
20131005060 19:08:00 14465 1 0
20131005061 19:18:00 09170 0 0
20131005062 19:28:00 27319 0 0
20131005063 19:38:00 22601 1 0
20131005064 19:48:00 49515 0 1
20131005065 19:58:00 75702 1 0
20131005066 20:08:00 41388 0 1
20131005067 20:19:00 64001 0 1
20131005068 20:29:00 31181 1 1
20131005069 20:39:00 28725 0 0
20131005070 20:49:00 68324 0 0
20131005071 20:59:00 63049 0 0
20131005072 21:09:00 97522 0 1
20131005073 21:19:00 42295 1 0
20131005074 21:30:00 65748 0 0
20131005075 21:40:00 98612 0 0
20131005076 21:50:00 25027 0 0
20131005077 22:00:00 73478 0 0
20131005078 22:10:00 39237 0 0
20131005079 22:20:00 47428 1 0
20131005080 22:31:00 71318 0 0
20131005081 22:41:00 02423 0 0
20131005082 22:51:00 00060 1 1
20131005083 23:01:00 92389 0 0
20131005084 23:11:00 94184 0 0
