20131230001 09:09:00 36553 0 1
20131230002 09:19:00 01651 0 0
20131230003 09:29:00 55316 1 0
20131230004 09:39:00 52747 0 1
20131230005 09:49:00 61469 0 0
20131230006 09:59:00 45720 0 0
20131230007 10:10:00 26060 0 1
20131230008 10:20:00 08513 0 0
20131230009 10:30:00 56242 0 1
20131230010 10:40:00 78130 0 0
20131230011 10:50:00 18157 1 0
20131230012 11:00:00 70409 0 0
20131230013 11:10:00 07488 0 1
20131230014 11:21:00 29715 0 0
20131230015 11:31:00 07852 0 0
20131230016 11:41:00 55139 1 0
20131230017 11:51:00 88312 1 0
20131230018 12:01:00 19004 0 1
20131230019 12:11:00 32682 0 0
20131230020 12:22:00 62449 0 1
20131230021 12:32:00 82933 0 1
20131230022 12:42:00 73525 0 1
20131230023 12:52:00 10819 0 0
20131230024 13:02:00 89018 0 0
20131230025 13:12:00 91186 1 0
20131230026 13:22:00 11894 1 0
20131230027 13:33:00 65323 0 1
20131230028 13:43:00 61320 0 0
20131230029 13:53:00 52311 0 1
20131230030 14:03:00 56304 0 0
20131230031 14:13:00 79088 0 1
20131230032 14:23:00 58277 0 1
20131230033 14:33:00 07039 1 0
20131230034 14:44:00 03915 0 0
20131230035 14:54:00 15116 1 1
20131230036 15:04:00 70998 0 1
20131230037 15:14:00 70651 0 0
20131230038 15:24:00 06955 0 1
20131230039 15:34:00 30215 0 0
20131230040 15:45:00 50348 0 0
20131230041 15:55:00 08449 0 1
20131230042 16:05:00 84948 0 0
20131230043 16:15:00 94287 0 0
20131230044 16:25:00 96290 0 0
20131230045 16:35:00 27887 0 1
20131230046 16:45:00 52544 1 1
20131230047 16:56:00 25587 1 0
20131230048 17:06:00 88384 1 0
20131230049 17:16:00 81247 0 0
20131230050 17:26:00 86594 0 0
20131230051 17:36:00 53374 1 0
20131230052 17:46:00 46898 0 1
20131230053 17:56:00 80092 1 0
20131230054 18:07:00 16160 1 0
20131230055 18:17:00 31990 0 1
20131230056 18:27:00 61493 0 0
20131230057 18:37:00 38131 0 1
20131230058 18:47:00 74455 1 1
20131230059 18:57:00 96212 0 1
20131230060 19:08:00 34809 0 0
20131230061 19:18:00 17776 1 1
20131230062 19:28:00 76221 0 1
20131230063 19:38:00 59007 0 1
20131230064 19:48:00 71674 0 0
20131230065 19:58:00 60530 0 0
20131230066 20:08:00 50276 0 0
20131230067 20:19:00 91697 0 0
20131230068 20:29:00 60514 0 0
20131230069 20:39:00 31410 0 0
20131230070 20:49:00 79168 0 0
20131230071 20:59:00 15558 1 1
20131230072 21:09:00 23697 0 0
20131230073 21:19:00 23850 0 0
20131230074 21:30:00 52387 0 0
20131230075 21:40:00 09819 0 0
20131230076 21:50:00 64666 1 1
20131230077 22:00:00 65788 0 1
20131230078 22:10:00 54351 0 0
20131230079 22:20:00 04939 0 1
20131230080 22:31:00 20782 0 0
20131230081 22:41:00 00511 1 1
20131230082 22:51:00 23837 0 0
20131230083 23:01:00 70992 0 1
20131230084 23:11:00 59072 0 0
