20130919001 09:09:00 04993 0 1
20130919002 09:19:00 29581 0 0
20130919003 09:29:00 76365 0 0
20130919004 09:39:00 12426 0 0
20130919005 09:49:00 57634 0 0
20130919006 09:59:00 64647 1 0
20130919007 10:10:00 66299 1 1
20130919008 10:20:00 75648 0 0
20130919009 10:30:00 91258 0 0
20130919010 10:40:00 42698 0 0
20130919011 10:50:00 38293 0 0
20130919012 11:00:00 58508 1 0
20130919013 11:10:00 34449 1 1
20130919014 11:21:00 97223 0 1
20130919015 11:31:00 91112 1 1
20130919016 11:41:00 14348 0 0
20130919017 11:51:00 95512 1 0
20130919018 12:01:00 98618 0 0
20130919019 12:11:00 64248 0 0
20130919020 12:22:00 71892 0 0
20130919021 12:32:00 67676 1 1
20130919022 12:42:00 60918 0 0
20130919023 12:52:00 59927 1 0
20130919024 13:02:00 46657 1 0
20130919025 13:12:00 87976 0 0
20130919026 13:22:00 90904 1 0
20130919027 13:33:00 51272 0 1
20130919028 13:43:00 94741 0 0
20130919029 13:53:00 87135 0 0
20130919030 14:03:00 84978 0 0
20130919031 14:13:00 19367 0 0
20130919032 14:23:00 28862 1 0
20130919033 14:33:00 81777 0 1
20130919034 14:44:00 54470 1 0
20130919035 14:54:00 77375 1 0
20130919036 15:04:00 59313 0 1
20130919037 15:14:00 14398 0 0
20130919038 15:24:00 40035 1 0
20130919039 15:34:00 68526 0 0
20130919040 15:45:00 90355 0 1
20130919041 15:55:00 85082 0 0
20130919042 16:05:00 94574 0 0
20130919043 16:15:00 74137 0 0
20130919044 16:25:00 95817 0 0
20130919045 16:35:00 68123 0 0
20130919046 16:45:00 46630 1 0
20130919047 16:56:00 02398 0 0
20130919048 17:06:00 64340 0 0
20130919049 17:16:00 86073 0 0
20130919050 17:26:00 57412 0 0
20130919051 17:36:00 64355 0 1
20130919052 17:46:00 54287 0 0
20130919053 17:56:00 02181 0 1
20130919054 18:07:00 94036 0 0
20130919055 18:17:00 76103 0 0
20130919056 18:27:00 93353 1 1
20130919057 18:37:00 14568 0 0
20130919058 18:47:00 76660 1 1
20130919059 18:57:00 15518 1 0
20130919060 19:08:00 22683 1 0
20130919061 19:18:00 79512 0 0
20130919062 19:28:00 26864 0 0
20130919063 19:38:00 08865 1 0
20130919064 19:48:00 44554 1 1
20130919065 19:58:00 79331 0 1
20130919066 20:08:00 94096 0 0
20130919067 20:19:00 67586 0 0
20130919068 20:29:00 54705 0 0
20130919069 20:39:00 98407 0 0
20130919070 20:49:00 93567 0 0
20130919071 20:59:00 49038 0 0
20130919072 21:09:00 26497 0 0
20130919073 21:19:00 42070 0 1
20130919074 21:30:00 43465 1 0
20130919075 21:40:00 34234 0 0
20130919076 21:50:00 09893 0 0
20130919077 22:00:00 10211 0 1
20130919078 22:10:00 32510 0 0
20130919079 22:20:00 63393 1 1
20130919080 22:31:00 87530 0 0
20130919081 22:41:00 45682 0 0
20130919082 22:51:00 05445 0 1
20130919083 23:01:00 19114 1 1
20130919084 23:11:00 41793 0 0
