20131022001 09:09:00 93970 1 0
20131022002 09:19:00 93443 0 1
20131022003 09:29:00 60424 0 1
20131022004 09:39:00 02081 1 0
20131022005 09:49:00 39307 1 0
20131022006 09:59:00 48558 0 1
20131022007 10:10:00 58577 1 1
20131022008 10:20:00 54932 0 0
20131022009 10:30:00 68209 0 0
20131022010 10:40:00 62241 1 0
20131022011 10:50:00 78925 0 0
20131022012 11:00:00 21880 0 1
20131022013 11:10:00 77488 1 1
20131022014 11:21:00 41722 0 1
20131022015 11:31:00 16918 0 0
20131022016 11:41:00 74736 1 0
20131022017 11:51:00 88774 1 1
20131022018 12:01:00 84041 0 0
20131022019 12:11:00 56587 1 0
20131022020 12:22:00 26347 0 0
20131022021 12:32:00 94679 0 0
20131022022 12:42:00 77290 1 0
20131022023 12:52:00 90985 1 0
20131022024 13:02:00 38077 0 1
20131022025 13:12:00 60095 1 0
20131022026 13:22:00 46305 0 0
20131022027 13:33:00 11626 1 1
20131022028 13:43:00 26834 0 0
20131022029 13:53:00 54185 0 0
20131022030 14:03:00 91165 1 0
20131022031 14:13:00 21551 0 1
20131022032 14:23:00 91056 0 0
20131022033 14:33:00 18635 0 0
20131022034 14:44:00 88056 1 0
20131022035 14:54:00 50239 0 0
20131022036 15:04:00 65340 0 0
20131022037 15:14:00 66446 1 1
20131022038 15:24:00 98527 0 0
20131022039 15:34:00 81062 0 0
20131022040 15:45:00 87874 1 0
20131022041 15:55:00 17738 1 0
20131022042 16:05:00 63711 0 1
20131022043 16:15:00 52525 1 1
20131022044 16:25:00 82928 0 0
20131022045 16:35:00 13716 0 0
20131022046 16:45:00 17471 0 0
20131022047 16:56:00 97274 0 0
20131022048 17:06:00 46254 0 0
20131022049 17:16:00 38940 0 0
20131022050 17:26:00 93242 0 1
20131022051 17:36:00 34394 1 0
20131022052 17:46:00 70457 0 0
20131022053 17:56:00 73901 0 0
20131022054 18:07:00 86243 0 0
20131022055 18:17:00 16971 0 0
20131022056 18:27:00 74022 0 1
20131022057 18:37:00 08829 1 0
20131022058 18:47:00 92393 0 1
20131022059 18:57:00 47303 0 1
20131022060 19:08:00 27961 0 0
20131022061 19:18:00 39059 0 0
20131022062 19:28:00 09728 0 0
20131022063 19:38:00 88665 1 1
20131022064 19:48:00 97082 0 0
20131022065 19:58:00 82640 0 0
20131022066 20:08:00 60256 0 0
20131022067 20:19:00 89665 0 1
20131022068 20:29:00 41878 0 1
20131022069 20:39:00 23894 0 0
20131022070 20:49:00 95263 0 0
20131022071 20:59:00 46254 0 0
20131022072 21:09:00 39059 0 0
20131022073 21:19:00 97235 0 0
20131022074 21:30:00 46959 0 1
20131022075 21:40:00 65323 0 1
20131022076 21:50:00 03590 0 0
20131022077 22:00:00 74174 0 0
20131022078 22:10:00 52231 1 0
20131022079 22:20:00 95855 0 1
20131022080 22:31:00 88743 1 0
20131022081 22:41:00 62480 0 0
20131022082 22:51:00 15907 0 0
20131022083 23:01:00 95844 0 1
20131022084 23:11:00 72755 1 1
