20131223001 09:09:00 75647 0 0
20131223002 09:19:00 47694 0 0
20131223003 09:29:00 07783 1 0
20131223004 09:39:00 81824 1 0
20131223005 09:49:00 06794 0 0
20131223006 09:59:00 57151 0 1
20131223007 10:10:00 44395 1 0
20131223008 10:20:00 54462 1 0
20131223009 10:30:00 95487 0 0
20131223010 10:40:00 05883 0 1
20131223011 10:50:00 08097 1 0
20131223012 11:00:00 58917 0 0
20131223013 11:10:00 46137 0 0
20131223014 11:21:00 28916 0 0
20131223015 11:31:00 99659 1 0
20131223016 11:41:00 72640 0 0
20131223017 11:51:00 48891 1 0
20131223018 12:01:00 99917 1 0
20131223019 12:11:00 58761 0 0
20131223020 12:22:00 24005 0 1
20131223021 12:32:00 99702 1 0
20131223022 12:42:00 15018 0 0
20131223023 12:52:00 57438 0 0
20131223024 13:02:00 61280 0 0
20131223025 13:12:00 95194 0 0
20131223026 13:22:00 13695 0 0
20131223027 13:33:00 45880 0 1
20131223028 13:43:00 23600 0 1
20131223029 13:53:00 15516 1 0
20131223030 14:03:00 12578 0 0
20131223031 14:13:00 71566 0 1
20131223032 14:23:00 48756 0 0
20131223033 14:33:00 91161 1 1
20131223034 14:44:00 23041 0 0
20131223035 14:54:00 34269 0 0
20131223036 15:04:00 84888 1 1
20131223037 15:14:00 52932 0 0
20131223038 15:24:00 58964 0 0
20131223039 15:34:00 31680 0 0
20131223040 15:45:00 92023 0 0
20131223041 15:55:00 52765 0 0
20131223042 16:05:00 16115 1 1
20131223043 16:15:00 53140 0 0
20131223044 16:25:00 88672 1 0
20131223045 16:35:00 05256 0 0
20131223046 16:45:00 13941 0 0
20131223047 16:56:00 94560 0 0
20131223048 17:06:00 82114 0 1
20131223049 17:16:00 01235 0 0
20131223050 17:26:00 17965 0 0
20131223051 17:36:00 32321 1 0
20131223052 17:46:00 12649 0 0
20131223053 17:56:00 39891 0 0
20131223054 18:07:00 90453 0 0
20131223055 18:17:00 74611 0 1
20131223056 18:27:00 14746 0 0
20131223057 18:37:00 68200 0 1
20131223058 18:47:00 97648 0 0
20131223059 18:57:00 76299 0 1
20131223060 19:08:00 87605 0 0
20131223061 19:18:00 94831 0 0
20131223062 19:28:00 11176 1 0
20131223063 19:38:00 03188 0 1
20131223064 19:48:00 68325 0 0
20131223065 19:58:00 69860 0 0
20131223066 20:08:00 21660 0 1
20131223067 20:19:00 57093 0 0
20131223068 20:29:00 78155 0 1
20131223069 20:39:00 30763 0 0
20131223070 20:49:00 80302 0 0
20131223071 20:59:00 45684 0 0
20131223072 21:09:00 32473 0 0
20131223073 21:19:00 22255 1 1
20131223074 21:30:00 18928 0 0
20131223075 21:40:00 37623 0 0
20131223076 21:50:00 27973 0 0
20131223077 22:00:00 55942 1 0
20131223078 22:10:00 90829 0 0
20131223079 22:20:00 48950 0 0
20131223080 22:31:00 77608 1 0
20131223081 22:41:00 19184 1 0
20131223082 22:51:00 56049 0 0
20131223083 23:01:00 48513 0 0
20131223084 23:11:00 89723 0 0
