20130309001 09:09:00 05237 0 0
20130309002 09:19:00 97904 1 0
20130309003 09:29:00 34995 0 1
20130309004 09:39:00 03409 0 0
20130309005 09:49:00 71485 0 0
20130309006 09:59:00 46898 0 1
20130309007 10:10:00 80634 0 0
20130309008 10:20:00 15564 1 0
20130309009 10:30:00 27575 0 1
20130309010 10:40:00 82324 0 0
20130309011 10:50:00 17133 1 1
20130309012 11:00:00 99432 1 0
20130309013 11:10:00 18218 0 0
20130309014 11:21:00 63435 0 0
20130309015 11:31:00 68053 0 0
20130309016 11:41:00 62771 0 1
20130309017 11:51:00 27021 0 0
20130309018 12:01:00 90513 0 0
20130309019 12:11:00 01487 0 0
20130309020 12:22:00 45136 0 0
20130309021 12:32:00 71805 0 0
20130309022 12:42:00 47960 0 0
20130309023 12:52:00 20785 0 0
20130309024 13:02:00 64642 1 0
20130309025 13:12:00 45494 1 1
20130309026 13:22:00 18915 0 0
20130309027 13:33:00 03301 1 0
20130309028 13:43:00 96655 1 1
20130309029 13:53:00 26654 1 0
20130309030 14:03:00 82676 0 1
20130309031 14:13:00 35116 0 1
20130309032 14:23:00 44964 1 0
20130309033 14:33:00 47427 1 0
20130309034 14:44:00 90362 0 0
20130309035 14:54:00 84460 1 0
20130309036 15:04:00 64399 0 1
20130309037 15:14:00 82598 0 0
20130309038 15:24:00 86171 0 1
20130309039 15:34:00 83049 0 0
20130309040 15:45:00 98607 0 0
20130309041 15:55:00 85905 0 0
20130309042 16:05:00 56746 0 0
20130309043 16:15:00 78336 0 1
20130309044 16:25:00 50645 0 0
20130309045 16:35:00 85710 0 0
20130309046 16:45:00 35305 1 0
20130309047 16:56:00 96069 0 0
20130309048 17:06:00 94680 0 0
20130309049 17:16:00 27645 0 0
20130309050 17:26:00 46448 1 1
20130309051 17:36:00 14194 1 0
20130309052 17:46:00 54531 1 0
20130309053 17:56:00 40251 0 0
20130309054 18:07:00 22378 1 0
20130309055 18:17:00 61455 0 1
20130309056 18:27:00 62571 0 0
20130309057 18:37:00 10689 0 0
20130309058 18:47:00 93415 0 0
20130309059 18:57:00 09158 0 0
20130309060 19:08:00 09821 0 0
20130309061 19:18:00 69151 0 1
20130309062 19:28:00 84719 0 0
20130309063 19:38:00 66241 1 0
20130309064 19:48:00 61126 1 0
20130309065 19:58:00 21096 0 0
20130309066 20:08:00 69327 0 0
20130309067 20:19:00 79709 1 0
20130309068 20:29:00 19380 0 0
20130309069 20:39:00 80650 0 0
20130309070 20:49:00 13075 0 0
20130309071 20:59:00 68724 0 0
20130309072 21:09:00 11090 1 1
20130309073 21:19:00 96770 0 1
20130309074 21:30:00 86950 0 0
20130309075 21:40:00 71141 1 1
20130309076 21:50:00 16170 1 0
20130309077 22:00:00 71662 0 1
20130309078 22:10:00 35249 0 0
20130309079 22:20:00 67060 0 1
20130309080 22:31:00 49337 0 1
20130309081 22:41:00 20159 0 0
20130309082 22:51:00 63360 1 0
20130309083 23:01:00 13117 1 1
20130309084 23:11:00 51054 0 0
