20130304001 09:09:00 83568 0 0
20130304002 09:19:00 91425 0 0
20130304003 09:29:00 28191 0 1
20130304004 09:39:00 91937 1 0
20130304005 09:49:00 58758 0 0
20130304006 09:59:00 25186 0 0
20130304007 10:10:00 03942 0 0
20130304008 10:20:00 03796 0 0
20130304009 10:30:00 05948 0 0
20130304010 10:40:00 54151 0 1
20130304011 10:50:00 47512 0 0
20130304012 11:00:00 10371 0 0
20130304013 11:10:00 58921 0 0
20130304014 11:21:00 02549 0 0
20130304015 11:31:00 88398 1 0
20130304016 11:41:00 04794 0 0
20130304017 11:51:00 71238 0 0
20130304018 12:01:00 71811 0 1
20130304019 12:11:00 21429 0 0
20130304020 12:22:00 52393 0 1
20130304021 12:32:00 95046 0 0
20130304022 12:42:00 79232 0 1
20130304023 12:52:00 39463 0 0
20130304024 13:02:00 86659 1 0
20130304025 13:12:00 73189 0 0
20130304026 13:22:00 47132 0 0
20130304027 13:33:00 54206 0 0
20130304028 13:43:00 74176 0 0
20130304029 13:53:00 98510 0 0
20130304030 14:03:00 54789 0 0
20130304031 14:13:00 23451 0 0
20130304032 14:23:00 77515 1 1
20130304033 14:33:00 16543 0 0
20130304034 14:44:00 90639 0 0
20130304035 14:54:00 48842 1 0
20130304036 15:04:00 88242 1 1
20130304037 15:14:00 87908 0 0
20130304038 15:24:00 97676 0 1
20130304039 15:34:00 14799 0 1
20130304040 15:45:00 63128 0 0
20130304041 15:55:00 28221 1 1
20130304042 16:05:00 64714 0 0
20130304043 16:15:00 57227 0 1
20130304044 16:25:00 50725 0 0
20130304045 16:35:00 15930 0 0
20130304046 16:45:00 62258 1 0
20130304047 16:56:00 78182 0 0
20130304048 17:06:00 25611 0 1
20130304049 17:16:00 95819 0 0
20130304050 17:26:00 57043 0 0
20130304051 17:36:00 79348 0 0
20130304052 17:46:00 87728 1 0
20130304053 17:56:00 27791 1 0
20130304054 18:07:00 73170 0 0
20130304055 18:17:00 96402 0 0
20130304056 18:27:00 40825 0 0
20130304057 18:37:00 91277 0 1
20130304058 18:47:00 49223 0 1
20130304059 18:57:00 01751 0 0
20130304060 19:08:00 98105 0 0
20130304061 19:18:00 49755 0 1
20130304062 19:28:00 83627 0 0
20130304063 19:38:00 10902 0 0
20130304064 19:48:00 53538 1 0
20130304065 19:58:00 34031 0 0
20130304066 20:08:00 54252 0 1
20130304067 20:19:00 85307 0 0
20130304068 20:29:00 49533 0 1
20130304069 20:39:00 48585 0 1
20130304070 20:49:00 81795 0 0
20130304071 20:59:00 20362 0 0
20130304072 21:09:00 22209 1 0
20130304073 21:19:00 53126 0 0
20130304074 21:30:00 18735 0 0
20130304075 21:40:00 45231 0 0
20130304076 21:50:00 19750 0 0
20130304077 22:00:00 79040 0 1
20130304078 22:10:00 49920 1 0
20130304079 22:20:00 49386 0 0
20130304080 22:31:00 55340 1 0
20130304081 22:41:00 28771 0 1
20130304082 22:51:00 01764 0 0
20130304083 23:01:00 24030 0 1
20130304084 23:11:00 25181 0 1
