20130706001 09:09:00 23969 0 1
20130706002 09:19:00 62493 0 0
20130706003 09:29:00 94128 0 0
20130706004 09:39:00 56652 1 0
20130706005 09:49:00 68723 0 0
20130706006 09:59:00 86043 0 0
20130706007 10:10:00 26718 0 0
20130706008 10:20:00 39108 0 0
20130706009 10:30:00 03085 1 0
20130706010 10:40:00 70369 0 0
20130706011 10:50:00 24342 0 0
20130706012 11:00:00 29265 1 0
20130706013 11:10:00 39823 0 0
20130706014 11:21:00 27135 0 0
20130706015 11:31:00 45140 0 0
20130706016 11:41:00 01576 0 0
20130706017 11:51:00 50043 1 0
20130706018 12:01:00 00510 1 0
20130706019 12:11:00 91504 0 0
20130706020 12:22:00 46465 1 0
20130706021 12:32:00 59478 0 0
20130706022 12:42:00 79021 0 0
20130706023 12:52:00 18234 0 0
20130706024 13:02:00 73700 1 1
20130706025 13:12:00 25889 0 1
20130706026 13:22:00 18924 0 0
20130706027 13:33:00 16272 0 1
20130706028 13:43:00 55452 1 0
20130706029 13:53:00 95662 0 1
20130706030 14:03:00 36183 0 0
20130706031 14:13:00 11624 1 0
20130706032 14:23:00 73286 0 0
20130706033 14:33:00 98615 0 0
20130706034 14:44:00 33332 1 1
20130706035 14:54:00 58078 0 0
20130706036 15:04:00 06105 0 0
20130706037 15:14:00 95878 0 1
20130706038 15:24:00 12278 1 0
20130706039 15:34:00 16795 0 0
20130706040 15:45:00 82663 0 1
20130706041 15:55:00 66133 1 1
20130706042 16:05:00 05300 0 1
20130706043 16:15:00 58201 0 0
20130706044 16:25:00 25187 0 0
20130706045 16:35:00 71805 0 0
20130706046 16:45:00 01986 0 0
20130706047 16:56:00 34139 0 0
20130706048 17:06:00 77946 1 0
20130706049 17:16:00 83210 0 0
20130706050 17:26:00 59513 1 0
20130706051 17:36:00 98554 0 1
20130706052 17:46:00 46855 0 1
20130706053 17:56:00 90586 0 0
20130706054 18:07:00 97290 0 0
20130706055 18:17:00 67946 0 0
20130706056 18:27:00 90582 0 0
20130706057 18:37:00 26189 0 0
20130706058 18:47:00 95725 0 0
20130706059 18:57:00 47379 0 0
20130706060 19:08:00 67180 0 0
20130706061 19:18:00 05967 0 0
20130706062 19:28:00 04516 0 0
20130706063 19:38:00 48958 0 0
20130706064 19:48:00 90788 0 1
20130706065 19:58:00 10722 0 1
20130706066 20:08:00 79954 1 0
20130706067 20:19:00 01824 0 0
20130706068 20:29:00 77155 1 1
20130706069 20:39:00 71776 1 1
20130706070 20:49:00 29566 0 1
20130706071 20:59:00 40509 0 0
20130706072 21:09:00 59960 1 0
20130706073 21:19:00 92071 0 0
20130706074 21:30:00 10945 0 0
20130706075 21:40:00 92870 0 0
20130706076 21:50:00 36339 1 1
20130706077 22:00:00 89255 0 1
20130706078 22:10:00 61502 0 0
20130706079 22:20:00 17609 0 0
20130706080 22:31:00 00055 1 1
20130706081 22:41:00 37356 1 0
20130706082 22:51:00 15607 0 0
20130706083 23:01:00 43449 1 1
20130706084 23:11:00 52927 0 0
