20130619001 09:09:00 90292 0 1
20130619002 09:19:00 99268 1 0
20130619003 09:29:00 30619 0 0
20130619004 09:39:00 64998 0 1
20130619005 09:49:00 92620 0 0
20130619006 09:59:00 31009 0 1
20130619007 10:10:00 47582 0 0
20130619008 10:20:00 21520 0 0
20130619009 10:30:00 36141 0 1
20130619010 10:40:00 52694 0 0
20130619011 10:50:00 15669 0 1
20130619012 11:00:00 62920 0 0
20130619013 11:10:00 07254 0 0
20130619014 11:21:00 74340 0 0
20130619015 11:31:00 46562 0 0
20130619016 11:41:00 55504 1 0
20130619017 11:51:00 17485 0 0
20130619018 12:01:00 37746 1 0
20130619019 12:11:00 00250 1 0
20130619020 12:22:00 65050 0 1
20130619021 12:32:00 18801 1 0
20130619022 12:42:00 75462 0 0
20130619023 12:52:00 21515 0 1
20130619024 13:02:00 32467 0 0
20130619025 13:12:00 97841 0 0
20130619026 13:22:00 76503 0 0
20130619027 13:33:00 95152 0 0
20130619028 13:43:00 41594 0 0
20130619029 13:53:00 44579 1 0
20130619030 14:03:00 09748 0 0
20130619031 14:13:00 76032 0 0
20130619032 14:23:00 55137 1 0
20130619033 14:33:00 25112 0 1
20130619034 14:44:00 64995 0 1
20130619035 14:54:00 38395 1 0
20130619036 15:04:00 34649 0 0
20130619037 15:14:00 57611 0 1
20130619038 15:24:00 39775 0 1
20130619039 15:34:00 87167 0 0
20130619040 15:45:00 78412 0 0
20130619041 15:55:00 69153 0 0
20130619042 16:05:00 54266 0 1
20130619043 16:15:00 08970 0 0
20130619044 16:25:00 72147 0 0
20130619045 16:35:00 75370 0 0
20130619046 16:45:00 13038 0 0
20130619047 16:56:00 88344 1 1
20130619048 17:06:00 46025 0 0
20130619049 17:16:00 02333 0 1
20130619050 17:26:00 92118 0 1
20130619051 17:36:00 78346 0 0
20130619052 17:46:00 25173 0 0
20130619053 17:56:00 10880 0 1
20130619054 18:07:00 90149 0 0
20130619055 18:17:00 50353 0 1
20130619056 18:27:00 02999 0 1
20130619057 18:37:00 39129 0 0
20130619058 18:47:00 48782 0 0
20130619059 18:57:00 51555 1 1
20130619060 19:08:00 46729 0 0
20130619061 19:18:00 27561 0 0
20130619062 19:28:00 23453 0 0
20130619063 19:38:00 29224 1 1
20130619064 19:48:00 34007 0 1
20130619065 19:58:00 14103 1 0
20130619066 20:08:00 38198 0 0
20130619067 20:19:00 75349 0 0
20130619068 20:29:00 57327 0 0
20130619069 20:39:00 91060 0 1
20130619070 20:49:00 59245 0 0
20130619071 20:59:00 83539 0 0
20130619072 21:09:00 39874 0 0
20130619073 21:19:00 27256 1 0
20130619074 21:30:00 87044 0 1
20130619075 21:40:00 52529 1 0
20130619076 21:50:00 31620 0 0
20130619077 22:00:00 79202 0 1
20130619078 22:10:00 42200 1 1
20130619079 22:20:00 93530 0 0
20130619080 22:31:00 84166 0 1
20130619081 22:41:00 17788 1 1
20130619082 22:51:00 90591 0 0
20130619083 23:01:00 88191 1 1
20130619084 23:11:00 37362 1 0
