20130825001 09:09:00 01350 0 0
20130825002 09:19:00 73443 0 1
20130825003 09:29:00 73842 0 0
20130825004 09:39:00 27245 1 0
20130825005 09:49:00 95248 0 0
20130825006 09:59:00 27267 1 0
20130825007 10:10:00 02556 0 1
20130825008 10:20:00 70767 1 1
20130825009 10:30:00 25411 0 1
20130825010 10:40:00 00284 1 0
20130825011 10:50:00 60751 0 0
20130825012 11:00:00 82569 0 0
20130825013 11:10:00 50084 1 0
20130825014 11:21:00 79959 1 1
20130825015 11:31:00 38871 1 0
20130825016 11:41:00 91534 0 0
20130825017 11:51:00 32423 0 0
20130825018 12:01:00 55144 1 1
20130825019 12:11:00 97650 0 0
20130825020 12:22:00 99486 1 0
20130825021 12:32:00 05624 0 0
20130825022 12:42:00 46730 0 0
20130825023 12:52:00 60231 0 0
20130825024 13:02:00 23892 0 0
20130825025 13:12:00 45776 0 1
20130825026 13:22:00 35397 1 0
20130825027 13:33:00 54187 0 0
20130825028 13:43:00 86953 0 0
20130825029 13:53:00 11437 1 0
20130825030 14:03:00 57698 0 0
20130825031 14:13:00 50669 0 1
20130825032 14:23:00 71538 0 0
20130825033 14:33:00 64470 1 0
20130825034 14:44:00 29126 0 0
20130825035 14:54:00 53273 0 0
20130825036 15:04:00 94636 0 1
20130825037 15:14:00 30370 1 0
20130825038 15:24:00 80479 0 0
20130825039 15:34:00 78710 1 0
20130825040 15:45:00 63819 0 0
20130825041 15:55:00 06331 0 1
20130825042 16:05:00 95982 1 0
20130825043 16:15:00 18632 0 0
20130825044 16:25:00 06880 0 1
20130825045 16:35:00 04858 0 1
20130825046 16:45:00 80046 1 0
20130825047 16:56:00 61696 1 1
20130825048 17:06:00 26191 0 1
20130825049 17:16:00 57159 0 0
20130825050 17:26:00 87527 0 0
20130825051 17:36:00 68032 0 0
20130825052 17:46:00 16589 0 0
20130825053 17:56:00 19625 0 0
20130825054 18:07:00 12810 0 0
20130825055 18:17:00 03290 0 0
20130825056 18:27:00 64036 0 0
20130825057 18:37:00 70863 0 0
20130825058 18:47:00 47343 0 1
20130825059 18:57:00 52178 0 0
20130825060 19:08:00 72719 1 0
20130825061 19:18:00 67356 0 0
20130825062 19:28:00 39165 0 0
20130825063 19:38:00 08427 0 0
20130825064 19:48:00 14072 0 0
20130825065 19:58:00 44779 1 1
20130825066 20:08:00 91069 0 0
20130825067 20:19:00 62369 0 0
20130825068 20:29:00 89325 0 0
20130825069 20:39:00 39236 0 0
20130825070 20:49:00 59921 1 0
20130825071 20:59:00 33573 1 0
20130825072 21:09:00 81153 1 0
20130825073 21:19:00 20633 0 1
20130825074 21:30:00 70734 1 0
20130825075 21:40:00 78311 0 1
20130825076 21:50:00 38431 0 0
20130825077 22:00:00 97334 0 1
20130825078 22:10:00 28993 0 1
20130825079 22:20:00 65649 1 0
20130825080 22:31:00 45330 0 1
20130825081 22:41:00 50614 0 0
20130825082 22:51:00 02214 1 0
20130825083 23:01:00 96354 0 0
20130825084 23:11:00 27241 1 0
