20131013001 09:09:00 78072 0 0
20131013002 09:19:00 02847 0 0
20131013003 09:29:00 77708 1 0
20131013004 09:39:00 05933 0 1
20131013005 09:49:00 65448 0 1
20131013006 09:59:00 03841 0 0
20131013007 10:10:00 97910 1 0
20131013008 10:20:00 07716 1 0
20131013009 10:30:00 96305 0 0
20131013010 10:40:00 25681 0 0
20131013011 10:50:00 23068 0 0
20131013012 11:00:00 99224 1 1
20131013013 11:10:00 80552 0 1
20131013014 11:21:00 24631 0 0
20131013015 11:31:00 48510 0 0
20131013016 11:41:00 63368 1 0
20131013017 11:51:00 07412 0 0
20131013018 12:01:00 44895 1 0
20131013019 12:11:00 59810 0 0
20131013020 12:22:00 24187 0 0
20131013021 12:32:00 17991 0 1
20131013022 12:42:00 74446 1 1
20131013023 12:52:00 52315 0 0
20131013024 13:02:00 91962 1 0
20131013025 13:12:00 85332 0 1
20131013026 13:22:00 61288 0 1
20131013027 13:33:00 73144 0 1
20131013028 13:43:00 15567 1 0
20131013029 13:53:00 69595 0 1
20131013030 14:03:00 31465 0 0
20131013031 14:13:00 28269 1 0
20131013032 14:23:00 85603 0 0
20131013033 14:33:00 06316 0 0
20131013034 14:44:00 77987 1 0
20131013035 14:54:00 42112 0 1
20131013036 15:04:00 67949 0 1
20131013037 15:14:00 33773 1 1
20131013038 15:24:00 47601 0 0
20131013039 15:34:00 18044 0 1
20131013040 15:45:00 10733 0 1
20131013041 15:55:00 35533 1 1
20131013042 16:05:00 06737 0 1
20131013043 16:15:00 62023 0 0
20131013044 16:25:00 23105 0 0
20131013045 16:35:00 82111 0 1
20131013046 16:45:00 94136 0 0
20131013047 16:56:00 20531 0 0
20131013048 17:06:00 53412 0 0
20131013049 17:16:00 22934 1 0
20131013050 17:26:00 16180 1 0
20131013051 17:36:00 42440 1 1
20131013052 17:46:00 24784 0 0
20131013053 17:56:00 36244 0 1
20131013054 18:07:00 32949 0 1
20131013055 18:17:00 95885 0 1
20131013056 18:27:00 64505 0 1
20131013057 18:37:00 99217 1 0
20131013058 18:47:00 20287 1 0
20131013059 18:57:00 08693 0 0
20131013060 19:08:00 56200 0 1
20131013061 19:18:00 70976 0 0
20131013062 19:28:00 29785 0 0
20131013063 19:38:00 13765 0 0
20131013064 19:48:00 13929 0 1
20131013065 19:58:00 02992 0 1
20131013066 20:08:00 28518 0 0
20131013067 20:19:00 06722 0 1
20131013068 20:29:00 98096 0 0
20131013069 20:39:00 86815 1 0
20131013070 20:49:00 78924 0 0
20131013071 20:59:00 12119 1 1
20131013072 21:09:00 01880 0 1
20131013073 21:19:00 18164 1 0
20131013074 21:30:00 93274 0 0
20131013075 21:40:00 05935 0 0
20131013076 21:50:00 99232 1 1
20131013077 22:00:00 78698 0 0
20131013078 22:10:00 74075 0 0
20131013079 22:20:00 49023 0 0
20131013080 22:31:00 41482 1 0
20131013081 22:41:00 74640 0 0
20131013082 22:51:00 37344 1 1
20131013083 23:01:00 25724 0 0
20131013084 23:11:00 71658 0 0
