20131227001 09:09:00 28651 0 0
20131227002 09:19:00 33848 1 1
20131227003 09:29:00 92251 1 0
20131227004 09:39:00 25286 1 0
20131227005 09:49:00 48441 1 1
20131227006 09:59:00 89241 0 0
20131227007 10:10:00 83465 0 0
20131227008 10:20:00 47947 0 0
20131227009 10:30:00 27521 0 0
20131227010 10:40:00 48989 0 1
20131227011 10:50:00 77805 1 0
20131227012 11:00:00 02975 0 0
20131227013 11:10:00 93760 0 0
20131227014 11:21:00 65795 0 0
20131227015 11:31:00 09710 0 0
20131227016 11:41:00 92388 0 1
20131227017 11:51:00 19066 0 1
20131227018 12:01:00 32703 0 0
20131227019 12:11:00 96263 0 0
20131227020 12:22:00 72091 0 0
20131227021 12:32:00 59601 0 0
20131227022 12:42:00 40508 0 0
20131227023 12:52:00 14183 1 0
20131227024 13:02:00 95220 0 1
20131227025 13:12:00 97123 0 0
20131227026 13:22:00 18130 1 0
20131227027 13:33:00 23200 1 1
20131227028 13:43:00 85258 0 0
20131227029 13:53:00 63614 1 0
20131227030 14:03:00 98320 0 0
20131227031 14:13:00 44847 1 0
20131227032 14:23:00 87523 0 0
20131227033 14:33:00 97444 0 1
20131227034 14:44:00 94930 1 0
20131227035 14:54:00 45358 0 0
20131227036 15:04:00 62250 1 0
20131227037 15:14:00 56385 0 0
20131227038 15:24:00 55787 1 1
20131227039 15:34:00 39257 0 0
20131227040 15:45:00 70453 0 0
20131227041 15:55:00 56297 0 0
20131227042 16:05:00 40713 0 0
20131227043 16:15:00 42735 0 0
20131227044 16:25:00 66715 1 0
20131227045 16:35:00 95559 1 1
20131227046 16:45:00 76522 0 1
20131227047 16:56:00 29352 0 0
20131227048 17:06:00 17117 1 1
20131227049 17:16:00 60173 0 0
20131227050 17:26:00 02639 0 0
20131227051 17:36:00 66129 1 0
20131227052 17:46:00 03265 0 0
20131227053 17:56:00 67678 1 0
20131227054 18:07:00 50347 0 0
20131227055 18:17:00 52474 0 1
20131227056 18:27:00 18898 1 1
20131227057 18:37:00 19338 0 1
20131227058 18:47:00 14139 1 0
20131227059 18:57:00 99449 1 1
20131227060 19:08:00 95283 0 0
20131227061 19:18:00 35353 1 1
20131227062 19:28:00 82030 0 1
20131227063 19:38:00 62799 0 1
20131227064 19:48:00 50419 0 0
20131227065 19:58:00 37254 0 0
20131227066 20:08:00 80833 1 1
20131227067 20:19:00 27429 0 0
20131227068 20:29:00 86937 0 0
20131227069 20:39:00 33861 1 0
20131227070 20:49:00 73891 0 0
20131227071 20:59:00 81134 1 0
20131227072 21:09:00 65206 0 0
20131227073 21:19:00 58487 0 0
20131227074 21:30:00 56045 0 0
20131227075 21:40:00 46327 0 0
20131227076 21:50:00 36596 0 0
20131227077 22:00:00 99798 1 0
20131227078 22:10:00 89922 1 1
20131227079 22:20:00 95798 0 0
20131227080 22:31:00 68164 0 0
20131227081 22:41:00 91379 0 0
20131227082 22:51:00 89897 1 0
20131227083 23:01:00 74071 0 0
20131227084 23:11:00 21909 0 1
