20131115001 09:09:00 80464 0 1
20131115002 09:19:00 08851 1 0
20131115003 09:29:00 66001 1 1
20131115004 09:39:00 57152 0 0
20131115005 09:49:00 01477 0 1
20131115006 09:59:00 83956 0 0
20131115007 10:10:00 63210 0 0
20131115008 10:20:00 58548 1 0
20131115009 10:30:00 13831 0 0
20131115010 10:40:00 06551 0 1
20131115011 10:50:00 90553 0 1
20131115012 11:00:00 90406 0 0
20131115013 11:10:00 95059 0 0
20131115014 11:21:00 01931 0 0
20131115015 11:31:00 61392 0 0
20131115016 11:41:00 56038 0 0
20131115017 11:51:00 52910 0 0
20131115018 12:01:00 42553 0 1
20131115019 12:11:00 72335 0 1
20131115020 12:22:00 78533 0 1
20131115021 12:32:00 30473 0 0
20131115022 12:42:00 93762 0 0
20131115023 12:52:00 89155 0 1
20131115024 13:02:00 28310 0 0
20131115025 13:12:00 76661 1 1
20131115026 13:22:00 15890 0 0
20131115027 13:33:00 49280 0 0
20131115028 13:43:00 98266 0 1
20131115029 13:53:00 70066 1 1
20131115030 14:03:00 38948 0 0
20131115031 14:13:00 34986 0 0
20131115032 14:23:00 52121 0 1
20131115033 14:33:00 82830 1 0
20131115034 14:44:00 01848 0 1
20131115035 14:54:00 26525 0 1
20131115036 15:04:00 08380 0 0
20131115037 15:14:00 43655 0 1
20131115038 15:24:00 36974 0 0
20131115039 15:34:00 30301 1 0
20131115040 15:45:00 81560 0 0
20131115041 15:55:00 66564 1 0
20131115042 16:05:00 82696 0 1
20131115043 16:15:00 66611 1 1
20131115044 16:25:00 68773 0 1
20131115045 16:35:00 77228 1 1
20131115046 16:45:00 72306 0 0
20131115047 16:56:00 60795 0 0
20131115048 17:06:00 56029 0 0
20131115049 17:16:00 65561 1 0
20131115050 17:26:00 88413 1 0
20131115051 17:36:00 74504 0 0
20131115052 17:46:00 26857 0 0
20131115053 17:56:00 14357 0 0
20131115054 18:07:00 30996 0 1
20131115055 18:17:00 53110 0 1
20131115056 18:27:00 96573 0 0
20131115057 18:37:00 59921 1 0
20131115058 18:47:00 25046 0 0
20131115059 18:57:00 32061 0 0
20131115060 19:08:00 41615 0 0
20131115061 19:18:00 65214 0 0
20131115062 19:28:00 88397 1 0
20131115063 19:38:00 04299 0 1
20131115064 19:48:00 17529 0 0
20131115065 19:58:00 28514 0 0
20131115066 20:08:00 81537 0 0
20131115067 20:19:00 00979 1 1
20131115068 20:29:00 34990 0 1
20131115069 20:39:00 71130 1 0
20131115070 20:49:00 73836 0 0
20131115071 20:59:00 61837 0 0
20131115072 21:09:00 73549 0 0
20131115073 21:19:00 91158 1 0
20131115074 21:30:00 41996 0 1
20131115075 21:40:00 23609 0 0
20131115076 21:50:00 35664 0 1
20131115077 22:00:00 70334 0 1
20131115078 22:10:00 19238 0 0
20131115079 22:20:00 96562 0 0
20131115080 22:31:00 67028 0 0
20131115081 22:41:00 54001 0 1
20131115082 22:51:00 04665 0 1
20131115083 23:01:00 46897 0 0
20131115084 23:11:00 31811 0 1
