20131105001 09:09:00 30616 0 1
20131105002 09:19:00 06303 0 1
20131105003 09:29:00 88425 1 0
20131105004 09:39:00 78405 0 0
20131105005 09:49:00 82721 0 0
20131105006 09:59:00 97555 0 1
20131105007 10:10:00 68770 0 1
20131105008 10:20:00 13185 1 0
20131105009 10:30:00 73747 1 1
20131105010 10:40:00 91466 0 1
20131105011 10:50:00 84479 1 0
20131105012 11:00:00 17657 0 0
20131105013 11:10:00 15001 0 1
20131105014 11:21:00 79847 0 0
20131105015 11:31:00 08101 0 1
20131105016 11:41:00 62015 0 0
20131105017 11:51:00 04499 1 1
20131105018 12:01:00 47241 0 0
20131105019 12:11:00 01578 0 0
20131105020 12:22:00 52236 1 0
20131105021 12:32:00 88740 1 0
20131105022 12:42:00 22243 1 0
20131105023 12:52:00 61065 0 0
20131105024 13:02:00 73390 1 0
20131105025 13:12:00 84737 0 1
20131105026 13:22:00 10314 0 0
20131105027 13:33:00 40549 0 0
20131105028 13:43:00 55184 1 0
20131105029 13:53:00 68693 1 0
20131105030 14:03:00 03908 0 0
20131105031 14:13:00 84575 0 1
20131105032 14:23:00 41272 0 1
20131105033 14:33:00 65025 0 0
20131105034 14:44:00 54992 0 1
20131105035 14:54:00 68127 0 0
20131105036 15:04:00 58872 1 0
20131105037 15:14:00 60408 0 0
20131105038 15:24:00 31515 0 1
20131105039 15:34:00 92851 0 0
20131105040 15:45:00 45447 1 1
20131105041 15:55:00 74029 0 0
20131105042 16:05:00 77981 1 0
20131105043 16:15:00 19643 0 0
20131105044 16:25:00 65688 1 1
20131105045 16:35:00 83778 0 1
20131105046 16:45:00 86585 0 1
20131105047 16:56:00 77467 1 0
20131105048 17:06:00 66624 1 0
20131105049 17:16:00 23366 1 1
20131105050 17:26:00 36485 0 0
20131105051 17:36:00 11724 1 0
20131105052 17:46:00 72069 0 0
20131105053 17:56:00 65367 0 0
20131105054 18:07:00 17798 1 0
20131105055 18:17:00 58258 0 0
20131105056 18:27:00 13553 0 1
20131105057 18:37:00 22954 1 0
20131105058 18:47:00 66568 1 0
20131105059 18:57:00 98227 0 1
20131105060 19:08:00 55621 1 0
20131105061 19:18:00 69425 0 0
20131105062 19:28:00 02233 1 1
20131105063 19:38:00 40222 0 1
20131105064 19:48:00 90583 0 0
20131105065 19:58:00 08256 0 0
20131105066 20:08:00 08032 1 0
20131105067 20:19:00 46428 1 0
20131105068 20:29:00 70475 0 0
20131105069 20:39:00 86257 0 0
20131105070 20:49:00 73007 0 1
20131105071 20:59:00 22765 1 0
20131105072 21:09:00 61111 1 1
20131105073 21:19:00 40032 1 0
20131105074 21:30:00 63401 0 0
20131105075 21:40:00 25019 0 0
20131105076 21:50:00 80321 0 0
20131105077 22:00:00 85439 0 0
20131105078 22:10:00 09860 0 0
20131105079 22:20:00 96712 0 0
20131105080 22:31:00 62583 0 0
20131105081 22:41:00 31807 0 0
20131105082 22:51:00 92932 1 0
20131105083 23:01:00 03431 0 0
20131105084 23:11:00 56963 0 0
