20130821001 09:09:00 59350 0 0
20130821002 09:19:00 96586 0 0
20130821003 09:29:00 25903 0 0
20130821004 09:39:00 35655 0 1
20130821005 09:49:00 39666 0 1
20130821006 09:59:00 60251 0 0
20130821007 10:10:00 20777 0 1
20130821008 10:20:00 34565 0 1
20130821009 10:30:00 31873 0 0
20130821010 10:40:00 69404 0 1
20130821011 10:50:00 61107 1 0
20130821012 11:00:00 51361 0 0
20130821013 11:10:00 00154 1 0
20130821014 11:21:00 35299 0 1
20130821015 11:31:00 97218 0 0
20130821016 11:41:00 85443 0 1
20130821017 11:51:00 09371 0 0
20130821018 12:01:00 26572 0 0
20130821019 12:11:00 84178 0 0
20130821020 12:22:00 36977 0 1
20130821021 12:32:00 72165 0 0
20130821022 12:42:00 61638 1 0
20130821023 12:52:00 31232 0 1
20130821024 13:02:00 59266 0 1
20130821025 13:12:00 79903 1 0
20130821026 13:22:00 60509 0 0
20130821027 13:33:00 07811 0 1
20130821028 13:43:00 33804 1 0
20130821029 13:53:00 96929 1 1
20130821030 14:03:00 85388 0 1
20130821031 14:13:00 53027 0 0
20130821032 14:23:00 56439 0 0
20130821033 14:33:00 06552 0 1
20130821034 14:44:00 60337 0 1
20130821035 14:54:00 89126 0 0
20130821036 15:04:00 74645 0 0
20130821037 15:14:00 32950 0 0
20130821038 15:24:00 44493 1 0
20130821039 15:34:00 58151 0 1
20130821040 15:45:00 20175 0 0
20130821041 15:55:00 82682 0 0
20130821042 16:05:00 16464 0 1
20130821043 16:15:00 33629 1 0
20130821044 16:25:00 39217 0 0
20130821045 16:35:00 83165 0 0
20130821046 16:45:00 94956 1 0
20130821047 16:56:00 41261 0 0
20130821048 17:06:00 61777 0 1
20130821049 17:16:00 65270 0 0
20130821050 17:26:00 03199 0 1
20130821051 17:36:00 28089 0 0
20130821052 17:46:00 57547 1 0
20130821053 17:56:00 95015 0 0
20130821054 18:07:00 78273 0 0
20130821055 18:17:00 15361 0 0
20130821056 18:27:00 67426 0 0
20130821057 18:37:00 60859 0 0
20130821058 18:47:00 51806 0 0
20130821059 18:57:00 36803 0 0
20130821060 19:08:00 52965 0 0
20130821061 19:18:00 80067 1 0
20130821062 19:28:00 04598 0 0
20130821063 19:38:00 82702 0 0
20130821064 19:48:00 19175 1 0
20130821065 19:58:00 73337 1 1
20130821066 20:08:00 85700 0 1
20130821067 20:19:00 30743 0 0
20130821068 20:29:00 05508 1 0
20130821069 20:39:00 63269 0 0
20130821070 20:49:00 79054 0 0
20130821071 20:59:00 07733 1 1
20130821072 21:09:00 38404 0 1
20130821073 21:19:00 85435 0 0
20130821074 21:30:00 80303 0 1
20130821075 21:40:00 10275 0 0
20130821076 21:50:00 84557 0 1
20130821077 22:00:00 20301 0 0
20130821078 22:10:00 80481 0 0
20130821079 22:20:00 62851 0 0
20130821080 22:31:00 18392 0 0
20130821081 22:41:00 48979 0 1
20130821082 22:51:00 88961 1 0
20130821083 23:01:00 48688 0 1
20130821084 23:11:00 42659 0 0
