20130623001 09:09:00 66662 1 1
20130623002 09:19:00 79476 0 0
20130623003 09:29:00 37270 0 0
20130623004 09:39:00 83994 0 1
20130623005 09:49:00 71856 0 0
20130623006 09:59:00 84838 1 1
20130623007 10:10:00 11315 1 0
20130623008 10:20:00 13711 0 1
20130623009 10:30:00 35794 0 0
20130623010 10:40:00 63485 0 0
20130623011 10:50:00 34969 0 1
20130623012 11:00:00 66961 1 0
20130623013 11:10:00 42425 1 0
20130623014 11:21:00 26200 1 1
20130623015 11:31:00 50810 0 0
20130623016 11:41:00 88932 1 0
20130623017 11:51:00 52747 0 1
20130623018 12:01:00 74456 1 0
20130623019 12:11:00 58985 0 0
20130623020 12:22:00 90714 0 0
20130623021 12:32:00 04160 0 0
20130623022 12:42:00 01040 1 1
20130623023 12:52:00 22764 1 0
20130623024 13:02:00 56779 0 1
20130623025 13:12:00 21774 0 1
20130623026 13:22:00 80308 0 0
20130623027 13:33:00 75735 1 0
20130623028 13:43:00 38415 0 0
20130623029 13:53:00 76368 0 0
20130623030 14:03:00 87441 0 1
20130623031 14:13:00 69983 1 0
20130623032 14:23:00 69387 0 0
20130623033 14:33:00 38979 0 1
20130623034 14:44:00 82916 0 0
20130623035 14:54:00 88910 1 0
20130623036 15:04:00 56270 0 0
20130623037 15:14:00 93210 0 0
20130623038 15:24:00 80450 0 0
20130623039 15:34:00 79919 1 1
20130623040 15:45:00 08039 1 0
20130623041 15:55:00 56032 0 0
20130623042 16:05:00 54026 0 0
20130623043 16:15:00 26233 1 1
20130623044 16:25:00 03569 0 0
20130623045 16:35:00 44713 1 0
20130623046 16:45:00 44579 1 0
20130623047 16:56:00 98427 0 0
20130623048 17:06:00 46513 0 0
20130623049 17:16:00 37509 0 0
20130623050 17:26:00 64685 1 0
20130623051 17:36:00 02716 0 0
20130623052 17:46:00 89143 0 0
20130623053 17:56:00 73509 0 0
20130623054 18:07:00 36048 0 0
20130623055 18:17:00 63693 1 0
20130623056 18:27:00 81470 0 0
20130623057 18:37:00 54207 0 0
20130623058 18:47:00 44371 1 0
20130623059 18:57:00 69109 0 0
20130623060 19:08:00 92694 0 0
20130623061 19:18:00 20435 0 0
20130623062 19:28:00 41963 0 0
20130623063 19:38:00 61997 0 1
20130623064 19:48:00 30858 0 1
20130623065 19:58:00 83719 0 0
20130623066 20:08:00 60410 0 0
20130623067 20:19:00 31886 0 1
20130623068 20:29:00 07009 1 1
20130623069 20:39:00 60289 0 0
20130623070 20:49:00 78005 0 1
20130623071 20:59:00 85776 0 1
20130623072 21:09:00 08238 0 0
20130623073 21:19:00 06789 0 0
20130623074 21:30:00 95549 1 0
20130623075 21:40:00 15191 1 1
20130623076 21:50:00 96793 0 0
20130623077 22:00:00 66551 1 1
20130623078 22:10:00 63541 0 0
20130623079 22:20:00 87074 0 0
20130623080 22:31:00 35990 0 1
20130623081 22:41:00 88387 1 0
20130623082 22:51:00 06250 0 0
20130623083 23:01:00 07828 0 1
20130623084 23:11:00 87481 0 0
