20130620001 09:09:00 75250 0 0
20130620002 09:19:00 37630 0 0
20130620003 09:29:00 17990 0 1
20130620004 09:39:00 83996 0 1
20130620005 09:49:00 09778 0 1
20130620006 09:59:00 66792 1 0
20130620007 10:10:00 44020 1 1
20130620008 10:20:00 05056 1 0
20130620009 10:30:00 20948 0 0
20130620010 10:40:00 08105 0 0
20130620011 10:50:00 98624 0 0
20130620012 11:00:00 91704 0 0
20130620013 11:10:00 59659 0 0
20130620014 11:21:00 08725 0 0
20130620015 11:31:00 62783 0 0
20130620016 11:41:00 53556 1 1
20130620017 11:51:00 18399 0 1
20130620018 12:01:00 41860 0 0
20130620019 12:11:00 34647 0 0
20130620020 12:22:00 81614 0 0
20130620021 12:32:00 73751 1 0
20130620022 12:42:00 77132 1 0
20130620023 12:52:00 62079 0 0
20130620024 13:02:00 74254 0 0
20130620025 13:12:00 12550 0 1
20130620026 13:22:00 21013 0 0
20130620027 13:33:00 05007 1 1
20130620028 13:43:00 01554 0 1
20130620029 13:53:00 65405 0 0
20130620030 14:03:00 32897 0 0
20130620031 14:13:00 73708 1 0
20130620032 14:23:00 92229 1 1
20130620033 14:33:00 74988 0 1
20130620034 14:44:00 94867 0 0
20130620035 14:54:00 68183 0 0
20130620036 15:04:00 68149 0 0
20130620037 15:14:00 91134 1 0
20130620038 15:24:00 07221 0 1
20130620039 15:34:00 45259 0 0
20130620040 15:45:00 98478 0 0
20130620041 15:55:00 25913 0 0
20130620042 16:05:00 82355 0 1
20130620043 16:15:00 03138 0 0
20130620044 16:25:00 98050 0 1
20130620045 16:35:00 62776 0 1
20130620046 16:45:00 56603 1 0
20130620047 16:56:00 86491 0 0
20130620048 17:06:00 48208 0 0
20130620049 17:16:00 29492 0 0
20130620050 17:26:00 33899 1 1
20130620051 17:36:00 53619 0 0
20130620052 17:46:00 27480 0 0
20130620053 17:56:00 55329 1 0
20130620054 18:07:00 76251 0 0
20130620055 18:17:00 66205 1 0
20130620056 18:27:00 81725 0 0
20130620057 18:37:00 52110 0 1
20130620058 18:47:00 72570 0 0
20130620059 18:57:00 00584 1 0
20130620060 19:08:00 81196 1 0
20130620061 19:18:00 99098 1 0
20130620062 19:28:00 60177 0 1
20130620063 19:38:00 90600 0 1
20130620064 19:48:00 99965 1 0
20130620065 19:58:00 64404 1 1
20130620066 20:08:00 57344 0 1
20130620067 20:19:00 04291 0 0
20130620068 20:29:00 98072 0 0
20130620069 20:39:00 01283 0 0
20130620070 20:49:00 19563 0 0
20130620071 20:59:00 06045 1 0
20130620072 21:09:00 81524 0 0
20130620073 21:19:00 60603 1 0
20130620074 21:30:00 63324 1 0
20130620075 21:40:00 91641 0 0
20130620076 21:50:00 19019 0 0
20130620077 22:00:00 30614 0 0
20130620078 22:10:00 74543 0 0
20130620079 22:20:00 57400 0 1
20130620080 22:31:00 37170 0 0
20130620081 22:41:00 94706 0 0
20130620082 22:51:00 58740 0 0
20130620083 23:01:00 67736 1 0
20130620084 23:11:00 85827 1 0
