20130226001 09:09:00 48174 0 0
20130226002 09:19:00 70353 0 1
20130226003 09:29:00 45882 0 1
20130226004 09:39:00 84788 0 1
20130226005 09:49:00 37520 0 0
20130226006 09:59:00 36783 0 0
20130226007 10:10:00 94833 0 1
20130226008 10:20:00 92484 0 1
20130226009 10:30:00 19686 0 1
20130226010 10:40:00 91843 0 0
20130226011 10:50:00 62536 0 0
20130226012 11:00:00 72744 1 1
20130226013 11:10:00 48465 1 0
20130226014 11:21:00 46141 0 1
20130226015 11:31:00 78904 0 0
20130226016 11:41:00 14744 0 1
20130226017 11:51:00 02288 1 1
20130226018 12:01:00 97331 0 1
20130226019 12:11:00 36432 0 0
20130226020 12:22:00 78972 0 0
20130226021 12:32:00 51558 1 1
20130226022 12:42:00 59032 0 0
20130226023 12:52:00 25978 0 0
20130226024 13:02:00 91628 0 0
20130226025 13:12:00 60910 0 0
20130226026 13:22:00 20987 0 0
20130226027 13:33:00 40341 0 0
20130226028 13:43:00 25087 0 0
20130226029 13:53:00 25959 0 1
20130226030 14:03:00 50782 0 0
20130226031 14:13:00 54767 0 1
20130226032 14:23:00 06757 0 1
20130226033 14:33:00 13816 0 0
20130226034 14:44:00 22165 1 0
20130226035 14:54:00 97343 0 1
20130226036 15:04:00 18027 0 0
20130226037 15:14:00 03800 0 1
20130226038 15:24:00 59502 1 0
20130226039 15:34:00 17115 1 1
20130226040 15:45:00 03944 0 1
20130226041 15:55:00 06457 0 0
20130226042 16:05:00 40398 0 0
20130226043 16:15:00 57683 0 0
20130226044 16:25:00 69701 0 0
20130226045 16:35:00 74369 0 0
20130226046 16:45:00 49552 0 1
20130226047 16:56:00 00356 1 0
20130226048 17:06:00 31926 0 0
20130226049 17:16:00 65720 0 0
20130226050 17:26:00 09034 1 0
20130226051 17:36:00 25554 1 1
20130226052 17:46:00 58349 0 0
20130226053 17:56:00 26354 0 0
20130226054 18:07:00 53141 0 1
20130226055 18:17:00 14120 1 0
20130226056 18:27:00 62510 0 0
20130226057 18:37:00 39816 0 0
20130226058 18:47:00 97377 0 1
20130226059 18:57:00 94000 0 1
20130226060 19:08:00 19294 0 0
20130226061 19:18:00 50484 0 1
20130226062 19:28:00 28888 1 1
20130226063 19:38:00 71328 0 0
20130226064 19:48:00 36721 0 0
20130226065 19:58:00 23513 0 0
20130226066 20:08:00 96514 0 0
20130226067 20:19:00 83473 0 0
20130226068 20:29:00 77300 1 1
20130226069 20:39:00 83763 0 0
20130226070 20:49:00 15484 0 1
20130226071 20:59:00 11080 1 1
20130226072 21:09:00 59825 0 0
20130226073 21:19:00 09193 0 0
20130226074 21:30:00 23693 0 0
20130226075 21:40:00 79527 0 0
20130226076 21:50:00 54065 0 0
20130226077 22:00:00 89001 0 1
20130226078 22:10:00 02341 0 0
20130226079 22:20:00 54921 0 0
20130226080 22:31:00 34164 0 0
20130226081 22:41:00 97219 0 0
20130226082 22:51:00 24619 0 0
20130226083 23:01:00 75184 0 0
20130226084 23:11:00 51803 0 0
