20130113001 09:09:00 42155 0 1
20130113002 09:19:00 11800 1 1
20130113003 09:29:00 34493 1 0
20130113004 09:39:00 46470 1 0
20130113005 09:49:00 72250 1 0
20130113006 09:59:00 06782 0 0
20130113007 10:10:00 76634 1 0
20130113008 10:20:00 20289 1 0
20130113009 10:30:00 11049 1 0
20130113010 10:40:00 78058 0 0
20130113011 10:50:00 94420 1 0
20130113012 11:00:00 48508 0 0
20130113013 11:10:00 04101 0 1
20130113014 11:21:00 27186 0 0
20130113015 11:31:00 18649 0 0
20130113016 11:41:00 49336 0 1
20130113017 11:51:00 36640 1 0
20130113018 12:01:00 40283 0 0
20130113019 12:11:00 58329 0 0
20130113020 12:22:00 26872 0 0
20130113021 12:32:00 63322 1 1
20130113022 12:42:00 05302 0 0
20130113023 12:52:00 46482 1 0
20130113024 13:02:00 36085 0 0
20130113025 13:12:00 85709 0 0
20130113026 13:22:00 72249 1 0
20130113027 13:33:00 70155 0 1
20130113028 13:43:00 93472 0 0
20130113029 13:53:00 75896 0 0
20130113030 14:03:00 21019 0 0
20130113031 14:13:00 37678 0 0
20130113032 14:23:00 38020 0 1
20130113033 14:33:00 88085 1 0
20130113034 14:44:00 35157 0 0
20130113035 14:54:00 24122 0 1
20130113036 15:04:00 38654 0 0
20130113037 15:14:00 80393 0 1
20130113038 15:24:00 20461 0 0
20130113039 15:34:00 52226 1 1
20130113040 15:45:00 51627 0 0
20130113041 15:55:00 33509 1 0
20130113042 16:05:00 92546 0 0
20130113043 16:15:00 25672 0 0
20130113044 16:25:00 42912 0 0
20130113045 16:35:00 36139 0 0
20130113046 16:45:00 49714 0 0
20130113047 16:56:00 47130 0 0
20130113048 17:06:00 46271 0 0
20130113049 17:16:00 47521 0 0
20130113050 17:26:00 36437 0 0
20130113051 17:36:00 74183 0 0
20130113052 17:46:00 92190 0 0
20130113053 17:56:00 41055 0 1
20130113054 18:07:00 96985 1 0
20130113055 18:17:00 61516 0 0
20130113056 18:27:00 60835 0 0
20130113057 18:37:00 30908 0 0
20130113058 18:47:00 46669 1 1
20130113059 18:57:00 14843 0 0
20130113060 19:08:00 89938 1 0
20130113061 19:18:00 78271 0 0
20130113062 19:28:00 17195 1 0
20130113063 19:38:00 87939 0 1
20130113064 19:48:00 47330 0 1
20130113065 19:58:00 72690 0 0
20130113066 20:08:00 91431 0 0
20130113067 20:19:00 86524 0 0
20130113068 20:29:00 75439 0 0
20130113069 20:39:00 82584 0 0
20130113070 20:49:00 27769 1 0
20130113071 20:59:00 49549 0 0
20130113072 21:09:00 64525 0 1
20130113073 21:19:00 53267 0 0
20130113074 21:30:00 57611 0 1
20130113075 21:40:00 96212 0 1
20130113076 21:50:00 59899 0 1
20130113077 22:00:00 62873 0 0
20130113078 22:10:00 61722 0 1
20130113079 22:20:00 62192 0 0
20130113080 22:31:00 46356 0 0
20130113081 22:41:00 80262 0 1
20130113082 22:51:00 02388 0 1
20130113083 23:01:00 69972 1 0
20130113084 23:11:00 79113 0 1
