20130618001 09:09:00 76305 0 0
20130618002 09:19:00 85478 0 0
20130618003 09:29:00 54763 0 0
20130618004 09:39:00 16925 0 0
20130618005 09:49:00 92642 0 0
20130618006 09:59:00 39024 0 0
20130618007 10:10:00 87506 0 0
20130618008 10:20:00 60931 0 0
20130618009 10:30:00 99834 1 0
20130618010 10:40:00 00024 1 0
20130618011 10:50:00 57614 0 0
20130618012 11:00:00 60735 0 0
20130618013 11:10:00 80208 0 0
20130618014 11:21:00 61341 0 0
20130618015 11:31:00 32638 0 0
20130618016 11:41:00 09978 1 0
20130618017 11:51:00 07087 1 0
20130618018 12:01:00 89108 0 0
20130618019 12:11:00 84024 0 0
20130618020 12:22:00 44552 1 1
20130618021 12:32:00 00285 1 0
20130618022 12:42:00 05482 0 0
20130618023 12:52:00 31393 1 1
20130618024 13:02:00 00703 1 0
20130618025 13:12:00 69259 0 0
20130618026 13:22:00 80204 0 0
20130618027 13:33:00 59344 0 1
20130618028 13:43:00 61952 0 0
20130618029 13:53:00 26154 0 0
20130618030 14:03:00 90093 1 0
20130618031 14:13:00 74785 1 0
20130618032 14:23:00 23248 1 0
20130618033 14:33:00 35411 0 1
20130618034 14:44:00 11427 1 0
20130618035 14:54:00 39331 1 1
20130618036 15:04:00 35742 0 0
20130618037 15:14:00 25546 1 0
20130618038 15:24:00 29931 1 0
20130618039 15:34:00 25739 0 0
20130618040 15:45:00 06150 0 0
20130618041 15:55:00 28923 0 0
20130618042 16:05:00 16404 0 1
20130618043 16:15:00 43028 0 0
20130618044 16:25:00 98044 0 1
20130618045 16:35:00 89628 0 0
20130618046 16:45:00 49827 0 0
20130618047 16:56:00 47940 0 0
20130618048 17:06:00 84176 0 0
20130618049 17:16:00 00251 1 0
20130618050 17:26:00 41715 0 0
20130618051 17:36:00 09589 0 0
20130618052 17:46:00 73201 0 0
20130618053 17:56:00 38322 1 1
20130618054 18:07:00 86649 1 0
20130618055 18:17:00 54037 0 0
20130618056 18:27:00 98208 0 0
20130618057 18:37:00 42716 0 0
20130618058 18:47:00 67068 0 0
20130618059 18:57:00 52989 0 1
20130618060 19:08:00 46875 0 0
20130618061 19:18:00 88982 1 0
20130618062 19:28:00 64682 1 0
20130618063 19:38:00 24827 0 0
20130618064 19:48:00 22191 1 1
20130618065 19:58:00 22313 1 1
20130618066 20:08:00 68399 0 1
20130618067 20:19:00 18428 0 0
20130618068 20:29:00 14530 0 0
20130618069 20:39:00 96083 0 0
20130618070 20:49:00 48553 0 1
20130618071 20:59:00 33038 1 0
20130618072 21:09:00 70633 0 1
20130618073 21:19:00 07165 0 0
20130618074 21:30:00 73283 0 0
20130618075 21:40:00 72161 0 1
20130618076 21:50:00 57154 0 0
20130618077 22:00:00 42704 0 0
20130618078 22:10:00 84071 0 0
20130618079 22:20:00 55328 1 0
20130618080 22:31:00 75104 0 0
20130618081 22:41:00 65860 0 0
20130618082 22:51:00 24208 1 0
20130618083 23:01:00 90250 0 0
20130618084 23:11:00 06438 0 0
