20131121001 09:09:00 63509 0 0
20131121002 09:19:00 22162 1 0
20131121003 09:29:00 96939 1 1
20131121004 09:39:00 98780 0 0
20131121005 09:49:00 79096 0 0
20131121006 09:59:00 40767 0 1
20131121007 10:10:00 67306 0 0
20131121008 10:20:00 63858 0 1
20131121009 10:30:00 17464 0 1
20131121010 10:40:00 61884 0 1
20131121011 10:50:00 75921 0 0
20131121012 11:00:00 49084 0 0
20131121013 11:10:00 91002 0 1
20131121014 11:21:00 48672 0 0
20131121015 11:31:00 48329 0 0
20131121016 11:41:00 25029 0 0
20131121017 11:51:00 69482 0 0
20131121018 12:01:00 38781 0 0
20131121019 12:11:00 05319 0 0
20131121020 12:22:00 02415 0 0
20131121021 12:32:00 02722 0 1
20131121022 12:42:00 25237 1 0
20131121023 12:52:00 43799 0 1
20131121024 13:02:00 92752 0 0
20131121025 13:12:00 06359 0 0
20131121026 13:22:00 85794 0 0
20131121027 13:33:00 41149 1 0
20131121028 13:43:00 26246 1 0
20131121029 13:53:00 33618 1 0
20131121030 14:03:00 68647 1 0
20131121031 14:13:00 05107 0 0
20131121032 14:23:00 48166 0 1
20131121033 14:33:00 45899 0 1
20131121034 14:44:00 83083 0 0
20131121035 14:54:00 84275 0 0
20131121036 15:04:00 76712 1 0
20131121037 15:14:00 30353 1 1
20131121038 15:24:00 54458 1 0
20131121039 15:34:00 85544 1 1
20131121040 15:45:00 28253 1 0
20131121041 15:55:00 26231 1 0
20131121042 16:05:00 29008 0 1
20131121043 16:15:00 19664 0 1
20131121044 16:25:00 75624 0 0
20131121045 16:35:00 73980 0 0
20131121046 16:45:00 68516 0 0
20131121047 16:56:00 66450 1 0
20131121048 17:06:00 65484 0 1
20131121049 17:16:00 54453 1 0
20131121050 17:26:00 23032 0 0
20131121051 17:36:00 27596 0 0
20131121052 17:46:00 22873 1 0
20131121053 17:56:00 36407 0 0
20131121054 18:07:00 57153 0 0
20131121055 18:17:00 29213 1 0
20131121056 18:27:00 64898 0 1
20131121057 18:37:00 25488 0 1
20131121058 18:47:00 91279 0 0
20131121059 18:57:00 64402 1 0
20131121060 19:08:00 78818 1 1
20131121061 19:18:00 90520 0 0
20131121062 19:28:00 81835 1 0
20131121063 19:38:00 85419 0 0
20131121064 19:48:00 38535 0 1
20131121065 19:58:00 70057 1 0
20131121066 20:08:00 65532 1 0
20131121067 20:19:00 80832 1 0
20131121068 20:29:00 74950 0 0
20131121069 20:39:00 42163 0 0
20131121070 20:49:00 91861 0 0
20131121071 20:59:00 91923 1 0
20131121072 21:09:00 27344 0 1
20131121073 21:19:00 78023 0 0
20131121074 21:30:00 56769 0 0
20131121075 21:40:00 44855 1 1
20131121076 21:50:00 12077 0 1
20131121077 22:00:00 30228 0 1
20131121078 22:10:00 35921 0 0
20131121079 22:20:00 79322 0 1
20131121080 22:31:00 75474 0 1
20131121081 22:41:00 88669 1 1
20131121082 22:51:00 10639 0 0
20131121083 23:01:00 50731 0 0
20131121084 23:11:00 42326 0 0
