20130501001 09:09:00 37179 0 0
20130501002 09:19:00 26802 0 0
20130501003 09:29:00 18851 1 0
20130501004 09:39:00 35990 0 1
20130501005 09:49:00 32581 0 0
20130501006 09:59:00 09363 0 1
20130501007 10:10:00 58955 0 1
20130501008 10:20:00 35364 1 0
20130501009 10:30:00 28722 0 1
20130501010 10:40:00 87749 1 0
20130501011 10:50:00 07851 0 0
20130501012 11:00:00 72799 1 1
20130501013 11:10:00 39860 0 0
20130501014 11:21:00 04686 0 1
20130501015 11:31:00 64471 1 0
20130501016 11:41:00 52843 0 0
20130501017 11:51:00 20760 0 0
20130501018 12:01:00 05226 0 1
20130501019 12:11:00 41286 0 0
20130501020 12:22:00 79739 1 0
20130501021 12:32:00 13908 0 0
20130501022 12:42:00 44713 1 0
20130501023 12:52:00 37810 0 0
20130501024 13:02:00 87272 0 1
20130501025 13:12:00 81560 0 0
20130501026 13:22:00 50406 0 0
20130501027 13:33:00 12394 0 0
20130501028 13:43:00 03260 0 0
20130501029 13:53:00 05816 0 0
20130501030 14:03:00 19297 0 0
20130501031 14:13:00 90565 0 1
20130501032 14:23:00 06452 0 0
20130501033 14:33:00 83027 0 0
20130501034 14:44:00 81334 0 1
20130501035 14:54:00 83882 1 1
20130501036 15:04:00 31251 0 0
20130501037 15:14:00 58696 0 1
20130501038 15:24:00 72758 1 0
20130501039 15:34:00 48204 0 0
20130501040 15:45:00 38153 0 0
20130501041 15:55:00 07517 0 0
20130501042 16:05:00 17643 0 0
20130501043 16:15:00 75409 0 0
20130501044 16:25:00 05127 0 0
20130501045 16:35:00 28433 0 1
20130501046 16:45:00 03099 1 1
20130501047 16:56:00 60629 1 0
20130501048 17:06:00 16492 0 0
20130501049 17:16:00 65304 0 0
20130501050 17:26:00 73617 0 0
20130501051 17:36:00 80484 0 1
20130501052 17:46:00 86468 0 0
20130501053 17:56:00 87497 0 0
20130501054 18:07:00 59504 1 0
20130501055 18:17:00 97776 1 1
20130501056 18:27:00 82063 0 0
20130501057 18:37:00 53754 0 0
20130501058 18:47:00 03426 0 0
20130501059 18:57:00 01268 0 0
20130501060 19:08:00 64434 1 1
20130501061 19:18:00 74057 0 0
20130501062 19:28:00 04816 0 0
20130501063 19:38:00 86697 1 0
20130501064 19:48:00 49929 1 1
20130501065 19:58:00 53478 0 0
20130501066 20:08:00 59502 1 0
20130501067 20:19:00 21315 0 0
20130501068 20:29:00 61004 0 1
20130501069 20:39:00 49626 0 1
20130501070 20:49:00 43513 0 0
20130501071 20:59:00 67243 0 0
20130501072 21:09:00 28629 0 0
20130501073 21:19:00 75000 0 1
20130501074 21:30:00 47708 1 0
20130501075 21:40:00 52115 0 1
20130501076 21:50:00 00891 1 0
20130501077 22:00:00 46257 0 0
20130501078 22:10:00 48159 0 0
20130501079 22:20:00 12416 0 0
20130501080 22:31:00 46432 1 0
20130501081 22:41:00 69289 0 0
20130501082 22:51:00 92897 0 0
20130501083 23:01:00 92600 0 1
20130501084 23:11:00 56981 0 0
