20131107001 09:09:00 26669 1 1
20131107002 09:19:00 70871 0 0
20131107003 09:29:00 40999 0 1
20131107004 09:39:00 81332 0 1
20131107005 09:49:00 94369 0 0
20131107006 09:59:00 56304 0 0
20131107007 10:10:00 28678 0 0
20131107008 10:20:00 68866 1 1
20131107009 10:30:00 14452 1 0
20131107010 10:40:00 37040 0 1
20131107011 10:50:00 81005 0 1
20131107012 11:00:00 86578 0 0
20131107013 11:10:00 10241 0 0
20131107014 11:21:00 74577 0 1
20131107015 11:31:00 00959 1 1
20131107016 11:41:00 11712 1 0
20131107017 11:51:00 75989 0 1
20131107018 12:01:00 70817 0 0
20131107019 12:11:00 66455 1 1
20131107020 12:22:00 41177 1 1
20131107021 12:32:00 87311 0 1
20131107022 12:42:00 94019 0 0
20131107023 12:52:00 61497 0 0
20131107024 13:02:00 41075 0 0
20131107025 13:12:00 29768 0 0
20131107026 13:22:00 26715 0 0
20131107027 13:33:00 91651 0 0
20131107028 13:43:00 59128 0 0
20131107029 13:53:00 90262 0 1
20131107030 14:03:00 99588 1 1
20131107031 14:13:00 78731 1 0
20131107032 14:23:00 65624 1 0
20131107033 14:33:00 29387 0 0
20131107034 14:44:00 21419 0 0
20131107035 14:54:00 04837 0 0
20131107036 15:04:00 26912 0 0
20131107037 15:14:00 31369 1 0
20131107038 15:24:00 23573 0 0
20131107039 15:34:00 05903 0 0
20131107040 15:45:00 05395 0 0
20131107041 15:55:00 71008 0 1
20131107042 16:05:00 02608 0 0
20131107043 16:15:00 22052 1 0
20131107044 16:25:00 13347 1 0
20131107045 16:35:00 18097 0 0
20131107046 16:45:00 28934 0 0
20131107047 16:56:00 77760 1 0
20131107048 17:06:00 70003 1 1
20131107049 17:16:00 45132 0 0
20131107050 17:26:00 85444 0 1
20131107051 17:36:00 57348 0 0
20131107052 17:46:00 56346 0 0
20131107053 17:56:00 19241 0 0
20131107054 18:07:00 03002 1 1
20131107055 18:17:00 78424 0 1
20131107056 18:27:00 29905 1 0
20131107057 18:37:00 24607 0 0
20131107058 18:47:00 59680 0 0
20131107059 18:57:00 67241 0 0
20131107060 19:08:00 91318 0 0
20131107061 19:18:00 28687 0 0
20131107062 19:28:00 43280 0 0
20131107063 19:38:00 12495 0 0
20131107064 19:48:00 87221 0 1
20131107065 19:58:00 13380 1 0
20131107066 20:08:00 30225 0 1
20131107067 20:19:00 12375 0 0
20131107068 20:29:00 27447 0 1
20131107069 20:39:00 82357 0 0
20131107070 20:49:00 78771 1 1
20131107071 20:59:00 37022 0 1
20131107072 21:09:00 21034 0 0
20131107073 21:19:00 69730 0 0
20131107074 21:30:00 92983 1 0
20131107075 21:40:00 05771 0 1
20131107076 21:50:00 48675 0 0
20131107077 22:00:00 68631 1 0
20131107078 22:10:00 33757 1 1
20131107079 22:20:00 36715 0 0
20131107080 22:31:00 21523 0 0
20131107081 22:41:00 13966 0 1
20131107082 22:51:00 26456 0 0
20131107083 23:01:00 00231 1 0
20131107084 23:11:00 65154 0 0
