20131214001 09:09:00 62553 0 1
20131214002 09:19:00 65670 1 0
20131214003 09:29:00 97391 0 0
20131214004 09:39:00 19708 0 0
20131214005 09:49:00 18623 0 0
20131214006 09:59:00 36394 1 0
20131214007 10:10:00 66996 1 1
20131214008 10:20:00 39077 0 1
20131214009 10:30:00 68711 0 1
20131214010 10:40:00 50969 0 1
20131214011 10:50:00 30803 0 0
20131214012 11:00:00 61432 0 0
20131214013 11:10:00 25721 0 0
20131214014 11:21:00 22310 1 0
20131214015 11:31:00 22206 1 0
20131214016 11:41:00 42609 0 0
20131214017 11:51:00 70038 1 0
20131214018 12:01:00 95003 0 1
20131214019 12:11:00 10274 0 0
20131214020 12:22:00 67802 0 0
20131214021 12:32:00 01381 0 0
20131214022 12:42:00 41542 0 0
20131214023 12:52:00 55480 1 0
20131214024 13:02:00 38913 0 0
20131214025 13:12:00 56139 0 0
20131214026 13:22:00 19324 0 0
20131214027 13:33:00 55705 1 0
20131214028 13:43:00 59801 0 0
20131214029 13:53:00 15379 0 0
20131214030 14:03:00 13194 1 0
20131214031 14:13:00 33197 1 0
20131214032 14:23:00 81374 0 0
20131214033 14:33:00 11682 1 0
20131214034 14:44:00 70024 1 0
20131214035 14:54:00 93121 0 1
20131214036 15:04:00 88721 1 0
20131214037 15:14:00 91125 1 0
20131214038 15:24:00 36075 0 0
20131214039 15:34:00 46109 0 0
20131214040 15:45:00 25287 1 0
20131214041 15:55:00 04569 0 0
20131214042 16:05:00 00777 1 1
20131214043 16:15:00 94006 0 1
20131214044 16:25:00 48406 1 0
20131214045 16:35:00 54150 0 0
20131214046 16:45:00 62529 0 0
20131214047 16:56:00 16350 0 0
20131214048 17:06:00 28839 1 0
20131214049 17:16:00 88732 1 0
20131214050 17:26:00 06855 0 1
20131214051 17:36:00 84979 0 1
20131214052 17:46:00 77371 1 0
20131214053 17:56:00 80800 1 1
20131214054 18:07:00 25073 0 0
20131214055 18:17:00 03080 1 1
20131214056 18:27:00 92511 0 1
20131214057 18:37:00 53635 0 0
20131214058 18:47:00 18291 0 0
20131214059 18:57:00 39400 0 1
20131214060 19:08:00 76053 0 0
20131214061 19:18:00 98433 0 1
20131214062 19:28:00 30189 0 0
20131214063 19:38:00 21549 0 0
20131214064 19:48:00 23541 0 0
20131214065 19:58:00 23426 0 0
20131214066 20:08:00 41487 1 0
20131214067 20:19:00 06368 0 0
20131214068 20:29:00 50744 0 1
20131214069 20:39:00 35682 0 0
20131214070 20:49:00 53519 1 0
20131214071 20:59:00 84947 0 0
20131214072 21:09:00 40396 0 0
20131214073 21:19:00 67330 0 1
20131214074 21:30:00 14174 1 0
20131214075 21:40:00 16366 0 1
20131214076 21:50:00 32024 0 0
20131214077 22:00:00 15398 0 0
20131214078 22:10:00 22711 1 1
20131214079 22:20:00 46366 0 1
20131214080 22:31:00 85575 1 1
20131214081 22:41:00 02994 0 1
20131214082 22:51:00 54650 0 0
20131214083 23:01:00 03104 0 0
20131214084 23:11:00 99060 1 1
