20130302001 09:09:00 87827 1 0
20130302002 09:19:00 97163 0 0
20130302003 09:29:00 81970 0 0
20130302004 09:39:00 25298 1 0
20130302005 09:49:00 84681 0 0
20130302006 09:59:00 46974 0 0
20130302007 10:10:00 79470 0 0
20130302008 10:20:00 80526 0 0
20130302009 10:30:00 30275 0 0
20130302010 10:40:00 82168 0 0
20130302011 10:50:00 46247 0 0
20130302012 11:00:00 82647 0 0
20130302013 11:10:00 75570 1 0
20130302014 11:21:00 55376 1 0
20130302015 11:31:00 86460 0 0
20130302016 11:41:00 42834 0 0
20130302017 11:51:00 35303 1 1
20130302018 12:01:00 08335 0 1
20130302019 12:11:00 12789 0 0
20130302020 12:22:00 92578 0 0
20130302021 12:32:00 53286 0 0
20130302022 12:42:00 59615 0 0
20130302023 12:52:00 03652 0 0
20130302024 13:02:00 25627 0 0
20130302025 13:12:00 00350 1 0
20130302026 13:22:00 54794 0 0
20130302027 13:33:00 06176 0 0
20130302028 13:43:00 19380 0 0
20130302029 13:53:00 96763 0 0
20130302030 14:03:00 88573 1 0
20130302031 14:13:00 90410 0 0
20130302032 14:23:00 22767 1 1
20130302033 14:33:00 62915 0 0
20130302034 14:44:00 33260 1 0
20130302035 14:54:00 11254 1 0
20130302036 15:04:00 45744 0 1
20130302037 15:14:00 77384 1 0
20130302038 15:24:00 28434 0 1
20130302039 15:34:00 35181 0 1
20130302040 15:45:00 38963 0 0
20130302041 15:55:00 46211 0 1
20130302042 16:05:00 20656 0 1
20130302043 16:15:00 82964 0 0
20130302044 16:25:00 30778 0 1
20130302045 16:35:00 91052 0 0
20130302046 16:45:00 56622 1 1
20130302047 16:56:00 50078 1 0
20130302048 17:06:00 27059 0 0
20130302049 17:16:00 91421 0 0
20130302050 17:26:00 13150 1 0
20130302051 17:36:00 03931 0 0
20130302052 17:46:00 42621 0 0
20130302053 17:56:00 96963 1 0
20130302054 18:07:00 22884 1 1
20130302055 18:17:00 05498 0 0
20130302056 18:27:00 52023 0 0
20130302057 18:37:00 45164 0 0
20130302058 18:47:00 22076 1 0
20130302059 18:57:00 10457 0 0
20130302060 19:08:00 61924 0 0
20130302061 19:18:00 62194 0 0
20130302062 19:28:00 36677 1 1
20130302063 19:38:00 92908 1 0
20130302064 19:48:00 20706 0 0
20130302065 19:58:00 61897 0 0
20130302066 20:08:00 09304 0 0
20130302067 20:19:00 11690 1 0
20130302068 20:29:00 81264 0 0
20130302069 20:39:00 77968 1 0
20130302070 20:49:00 59273 0 0
20130302071 20:59:00 16717 0 1
20130302072 21:09:00 18331 0 1
20130302073 21:19:00 32196 0 0
20130302074 21:30:00 92325 0 0
20130302075 21:40:00 54852 0 0
20130302076 21:50:00 20324 0 0
20130302077 22:00:00 80302 0 0
20130302078 22:10:00 68816 1 0
20130302079 22:20:00 00584 1 0
20130302080 22:31:00 24667 0 1
20130302081 22:41:00 86082 0 0
20130302082 22:51:00 65224 0 1
20130302083 23:01:00 23427 0 0
20130302084 23:11:00 42059 0 0
