20130114001 09:09:00 59154 0 0
20130114002 09:19:00 34232 0 1
20130114003 09:29:00 25991 0 1
20130114004 09:39:00 42927 0 0
20130114005 09:49:00 36801 0 0
20130114006 09:59:00 80951 0 0
20130114007 10:10:00 59478 0 0
20130114008 10:20:00 96883 0 1
20130114009 10:30:00 06324 0 0
20130114010 10:40:00 97887 0 1
20130114011 10:50:00 75518 1 0
20130114012 11:00:00 56440 0 1
20130114013 11:10:00 92456 0 0
20130114014 11:21:00 82349 0 0
20130114015 11:31:00 49011 0 1
20130114016 11:41:00 06549 0 0
20130114017 11:51:00 19450 0 0
20130114018 12:01:00 02288 1 1
20130114019 12:11:00 48235 0 0
20130114020 12:22:00 29813 0 0
20130114021 12:32:00 32768 0 0
20130114022 12:42:00 17334 0 1
20130114023 12:52:00 92557 0 1
20130114024 13:02:00 77498 1 0
20130114025 13:12:00 08531 0 0
20130114026 13:22:00 79911 1 1
20130114027 13:33:00 12668 0 1
20130114028 13:43:00 15011 0 1
20130114029 13:53:00 97858 0 1
20130114030 14:03:00 40689 0 0
20130114031 14:13:00 31307 1 0
20130114032 14:23:00 79493 0 0
20130114033 14:33:00 61180 1 0
20130114034 14:44:00 93717 0 1
20130114035 14:54:00 72387 0 0
20130114036 15:04:00 91223 0 1
20130114037 15:14:00 71774 1 1
20130114038 15:24:00 12511 0 1
20130114039 15:34:00 88887 1 1
20130114040 15:45:00 75196 0 0
20130114041 15:55:00 96660 1 1
20130114042 16:05:00 37839 0 0
20130114043 16:15:00 90239 0 0
20130114044 16:25:00 68417 0 0
20130114045 16:35:00 76344 0 1
20130114046 16:45:00 30930 0 0
20130114047 16:56:00 23770 0 1
20130114048 17:06:00 03022 1 1
20130114049 17:16:00 18382 0 0
20130114050 17:26:00 38114 0 1
20130114051 17:36:00 17884 0 1
20130114052 17:46:00 79152 0 0
20130114053 17:56:00 16117 1 1
20130114054 18:07:00 76175 0 0
20130114055 18:17:00 28729 0 0
20130114056 18:27:00 13565 0 1
20130114057 18:37:00 83878 1 1
20130114058 18:47:00 50229 0 1
20130114059 18:57:00 71904 0 0
20130114060 19:08:00 28045 0 0
20130114061 19:18:00 15019 0 0
20130114062 19:28:00 25753 0 0
20130114063 19:38:00 00986 1 0
20130114064 19:48:00 25558 1 1
20130114065 19:58:00 97266 0 1
20130114066 20:08:00 31472 0 0
20130114067 20:19:00 61423 0 0
20130114068 20:29:00 99616 1 1
20130114069 20:39:00 82941 0 0
20130114070 20:49:00 92093 0 0
20130114071 20:59:00 61527 0 0
20130114072 21:09:00 67527 0 0
20130114073 21:19:00 09097 1 0
20130114074 21:30:00 18631 0 0
20130114075 21:40:00 35010 0 1
20130114076 21:50:00 08924 0 0
20130114077 22:00:00 65157 0 0
20130114078 22:10:00 69316 0 0
20130114079 22:20:00 74916 0 0
20130114080 22:31:00 20054 1 0
20130114081 22:41:00 23280 1 0
20130114082 22:51:00 18186 1 0
20130114083 23:01:00 84781 0 0
20130114084 23:11:00 83313 1 1
