20131130001 09:09:00 43508 0 0
20131130002 09:19:00 42830 0 0
20131130003 09:29:00 01352 0 0
20131130004 09:39:00 34865 0 0
20131130005 09:49:00 24383 0 1
20131130006 09:59:00 17486 0 0
20131130007 10:10:00 78162 0 0
20131130008 10:20:00 05901 0 0
20131130009 10:30:00 26505 0 1
20131130010 10:40:00 34866 0 1
20131130011 10:50:00 48406 1 0
20131130012 11:00:00 51740 0 0
20131130013 11:10:00 08616 0 1
20131130014 11:21:00 85617 0 0
20131130015 11:31:00 28314 0 0
20131130016 11:41:00 54944 0 1
20131130017 11:51:00 74168 0 0
20131130018 12:01:00 22792 1 0
20131130019 12:11:00 81199 1 1
20131130020 12:22:00 08980 0 0
20131130021 12:32:00 54137 0 0
20131130022 12:42:00 95158 0 0
20131130023 12:52:00 70485 0 0
20131130024 13:02:00 38258 0 0
20131130025 13:12:00 71682 0 0
20131130026 13:22:00 61602 1 0
20131130027 13:33:00 53095 0 0
20131130028 13:43:00 78966 0 1
20131130029 13:53:00 87490 0 0
20131130030 14:03:00 96273 0 0
20131130031 14:13:00 56447 0 1
20131130032 14:23:00 05985 0 0
20131130033 14:33:00 33086 1 0
20131130034 14:44:00 76731 1 0
20131130035 14:54:00 91028 0 0
20131130036 15:04:00 14469 1 0
20131130037 15:14:00 14290 0 0
20131130038 15:24:00 75264 0 0
20131130039 15:34:00 84855 1 1
20131130040 15:45:00 23039 0 0
20131130041 15:55:00 59640 0 0
20131130042 16:05:00 13306 1 0
20131130043 16:15:00 14619 0 0
20131130044 16:25:00 73902 0 0
20131130045 16:35:00 28806 1 0
20131130046 16:45:00 63101 0 1
20131130047 16:56:00 17142 1 0
20131130048 17:06:00 32627 0 0
20131130049 17:16:00 44283 1 0
20131130050 17:26:00 21129 1 0
20131130051 17:36:00 01685 0 0
20131130052 17:46:00 47172 0 0
20131130053 17:56:00 40760 0 0
20131130054 18:07:00 33864 1 0
20131130055 18:17:00 11404 1 1
20131130056 18:27:00 93430 0 0
20131130057 18:37:00 86602 1 0
20131130058 18:47:00 31133 1 1
20131130059 18:57:00 58198 0 0
20131130060 19:08:00 33007 1 1
20131130061 19:18:00 27192 0 0
20131130062 19:28:00 30191 0 1
20131130063 19:38:00 96510 0 0
20131130064 19:48:00 67371 0 0
20131130065 19:58:00 00883 1 1
20131130066 20:08:00 77098 1 0
20131130067 20:19:00 24656 0 1
20131130068 20:29:00 71127 1 0
20131130069 20:39:00 53184 0 0
20131130070 20:49:00 63156 0 0
20131130071 20:59:00 12207 1 0
20131130072 21:09:00 62338 0 1
20131130073 21:19:00 94160 0 0
20131130074 21:30:00 24804 0 0
20131130075 21:40:00 47837 0 0
20131130076 21:50:00 87615 0 0
20131130077 22:00:00 08832 1 0
20131130078 22:10:00 76448 0 1
20131130079 22:20:00 01907 0 0
20131130080 22:31:00 88688 1 1
20131130081 22:41:00 25882 0 1
20131130082 22:51:00 21988 0 1
20131130083 23:01:00 37678 0 0
20131130084 23:11:00 57196 0 0
