20130412001 09:09:00 98756 0 0
20130412002 09:19:00 39476 0 0
20130412003 09:29:00 21709 0 0
20130412004 09:39:00 19071 0 0
20130412005 09:49:00 65815 0 0
20130412006 09:59:00 43016 0 0
20130412007 10:10:00 63075 0 0
20130412008 10:20:00 95839 0 0
20130412009 10:30:00 51558 1 1
20130412010 10:40:00 32268 1 0
20130412011 10:50:00 37038 0 0
20130412012 11:00:00 52348 0 0
20130412013 11:10:00 89118 0 1
20130412014 11:21:00 46747 0 1
20130412015 11:31:00 52893 0 0
20130412016 11:41:00 35622 0 1
20130412017 11:51:00 20996 0 1
20130412018 12:01:00 41467 1 0
20130412019 12:11:00 19642 0 0
20130412020 12:22:00 66132 1 0
20130412021 12:32:00 84520 0 0
20130412022 12:42:00 62755 0 1
20130412023 12:52:00 21217 1 0
20130412024 13:02:00 95055 0 1
20130412025 13:12:00 03849 0 0
20130412026 13:22:00 49761 0 0
20130412027 13:33:00 16226 0 1
20130412028 13:43:00 21294 1 0
20130412029 13:53:00 22306 1 0
20130412030 14:03:00 15338 0 1
20130412031 14:13:00 79559 0 1
20130412032 14:23:00 67309 0 0
20130412033 14:33:00 52948 0 0
20130412034 14:44:00 27987 0 0
20130412035 14:54:00 53075 0 0
20130412036 15:04:00 73305 1 0
20130412037 15:14:00 14733 0 1
20130412038 15:24:00 11326 1 0
20130412039 15:34:00 36871 0 0
20130412040 15:45:00 47356 0 0
20130412041 15:55:00 33444 1 1
20130412042 16:05:00 42583 0 0
20130412043 16:15:00 77785 1 0
20130412044 16:25:00 46582 0 0
20130412045 16:35:00 20442 0 1
20130412046 16:45:00 95239 0 0
20130412047 16:56:00 10166 1 1
20130412048 17:06:00 38662 0 1
20130412049 17:16:00 54182 0 0
20130412050 17:26:00 20635 0 0
20130412051 17:36:00 89615 0 0
20130412052 17:46:00 50106 0 0
20130412053 17:56:00 00668 1 1
20130412054 18:07:00 28465 0 0
20130412055 18:17:00 35370 1 0
20130412056 18:27:00 78834 1 0
20130412057 18:37:00 66640 1 0
20130412058 18:47:00 12537 0 0
20130412059 18:57:00 39871 0 0
20130412060 19:08:00 96061 0 0
20130412061 19:18:00 18777 0 1
20130412062 19:28:00 88528 1 0
20130412063 19:38:00 18025 0 0
20130412064 19:48:00 08568 0 0
20130412065 19:58:00 74002 0 1
20130412066 20:08:00 40086 1 0
20130412067 20:19:00 69010 0 1
20130412068 20:29:00 48432 1 0
20130412069 20:39:00 90359 0 0
20130412070 20:49:00 94884 0 1
20130412071 20:59:00 87442 0 1
20130412072 21:09:00 30833 0 1
20130412073 21:19:00 52356 0 0
20130412074 21:30:00 56621 1 0
20130412075 21:40:00 06693 1 0
20130412076 21:50:00 21596 0 0
20130412077 22:00:00 60787 0 1
20130412078 22:10:00 51224 0 1
20130412079 22:20:00 49612 0 0
20130412080 22:31:00 34406 1 0
20130412081 22:41:00 76078 0 0
20130412082 22:51:00 76680 1 0
20130412083 23:01:00 29962 1 0
20130412084 23:11:00 30150 0 0
