20131120001 09:09:00 51309 0 0
20131120002 09:19:00 93754 0 0
20131120003 09:29:00 77995 1 1
20131120004 09:39:00 28306 0 0
20131120005 09:49:00 65400 0 1
20131120006 09:59:00 16236 0 0
20131120007 10:10:00 51964 0 0
20131120008 10:20:00 40820 0 0
20131120009 10:30:00 66629 1 0
20131120010 10:40:00 08467 0 0
20131120011 10:50:00 61495 0 0
20131120012 11:00:00 29172 0 0
20131120013 11:10:00 86273 0 0
20131120014 11:21:00 30654 0 0
20131120015 11:31:00 94445 1 1
20131120016 11:41:00 29330 0 1
20131120017 11:51:00 78110 0 1
20131120018 12:01:00 50072 1 0
20131120019 12:11:00 55450 1 0
20131120020 12:22:00 56914 0 0
20131120021 12:32:00 96743 0 0
20131120022 12:42:00 29488 0 1
20131120023 12:52:00 25616 0 1
20131120024 13:02:00 57062 0 0
20131120025 13:12:00 88155 1 1
20131120026 13:22:00 22250 1 0
20131120027 13:33:00 71255 0 1
20131120028 13:43:00 70972 0 0
20131120029 13:53:00 80701 0 0
20131120030 14:03:00 47635 0 0
20131120031 14:13:00 95158 0 0
20131120032 14:23:00 28685 0 0
20131120033 14:33:00 22707 1 1
20131120034 14:44:00 29604 0 0
20131120035 14:54:00 50715 0 0
20131120036 15:04:00 87335 0 1
20131120037 15:14:00 61610 1 0
20131120038 15:24:00 58431 0 0
20131120039 15:34:00 24987 0 0
20131120040 15:45:00 20563 0 0
20131120041 15:55:00 18782 0 0
20131120042 16:05:00 39674 0 0
20131120043 16:15:00 39657 0 0
20131120044 16:25:00 17034 0 0
20131120045 16:35:00 11315 1 0
20131120046 16:45:00 22999 1 1
20131120047 16:56:00 76968 0 0
20131120048 17:06:00 89610 0 0
20131120049 17:16:00 22369 1 0
20131120050 17:26:00 48848 1 1
20131120051 17:36:00 17889 0 1
20131120052 17:46:00 60346 0 0
20131120053 17:56:00 63993 0 1
20131120054 18:07:00 57251 0 0
20131120055 18:17:00 90739 0 0
20131120056 18:27:00 91157 1 0
20131120057 18:37:00 20269 1 0
20131120058 18:47:00 00684 1 0
20131120059 18:57:00 43105 0 0
20131120060 19:08:00 08489 0 0
20131120061 19:18:00 27358 0 0
20131120062 19:28:00 81861 1 0
20131120063 19:38:00 97540 0 0
20131120064 19:48:00 31842 0 0
20131120065 19:58:00 85060 0 1
20131120066 20:08:00 71161 1 1
20131120067 20:19:00 79413 0 0
20131120068 20:29:00 71225 0 1
20131120069 20:39:00 29198 0 0
20131120070 20:49:00 88024 1 0
20131120071 20:59:00 53896 0 0
20131120072 21:09:00 51575 1 1
20131120073 21:19:00 93783 0 0
20131120074 21:30:00 88946 1 0
20131120075 21:40:00 94940 1 0
20131120076 21:50:00 51832 0 0
20131120077 22:00:00 47014 0 0
20131120078 22:10:00 57308 0 0
20131120079 22:20:00 57222 0 1
20131120080 22:31:00 11233 1 1
20131120081 22:41:00 88768 1 0
20131120082 22:51:00 64599 0 1
20131120083 23:01:00 23263 1 0
20131120084 23:11:00 19680 0 0
