20130417001 09:09:00 66353 1 1
20130417002 09:19:00 85552 1 1
20130417003 09:29:00 64120 0 0
20130417004 09:39:00 22809 1 0
20130417005 09:49:00 43475 1 0
20130417006 09:59:00 69488 0 1
20130417007 10:10:00 60112 0 1
20130417008 10:20:00 49907 1 0
20130417009 10:30:00 58728 0 0
20130417010 10:40:00 39595 0 1
20130417011 10:50:00 00363 1 1
20130417012 11:00:00 13969 0 1
20130417013 11:10:00 61753 0 0
20130417014 11:21:00 27371 0 0
20130417015 11:31:00 21549 0 0
20130417016 11:41:00 46243 0 0
20130417017 11:51:00 17819 0 0
20130417018 12:01:00 74704 1 0
20130417019 12:11:00 75346 0 0
20130417020 12:22:00 02211 1 1
20130417021 12:32:00 11332 1 1
20130417022 12:42:00 03718 0 0
20130417023 12:52:00 99789 1 0
20130417024 13:02:00 38675 0 0
20130417025 13:12:00 29554 0 1
20130417026 13:22:00 99326 1 0
20130417027 13:33:00 47514 0 0
20130417028 13:43:00 48596 0 0
20130417029 13:53:00 96407 0 0
20130417030 14:03:00 25191 0 1
20130417031 14:13:00 71117 1 1
20130417032 14:23:00 50372 0 0
20130417033 14:33:00 99780 1 0
20130417034 14:44:00 74439 1 0
20130417035 14:54:00 58872 1 0
20130417036 15:04:00 64270 0 0
20130417037 15:14:00 01668 0 1
20130417038 15:24:00 65846 0 0
20130417039 15:34:00 20381 0 0
20130417040 15:45:00 96731 0 0
20130417041 15:55:00 51442 0 1
20130417042 16:05:00 10845 0 0
20130417043 16:15:00 80364 0 0
20130417044 16:25:00 37680 0 0
20130417045 16:35:00 97609 0 0
20130417046 16:45:00 25405 0 0
20130417047 16:56:00 14136 1 0
20130417048 17:06:00 00499 1 1
20130417049 17:16:00 29771 0 1
20130417050 17:26:00 96991 1 1
20130417051 17:36:00 31285 0 0
20130417052 17:46:00 49014 0 0
20130417053 17:56:00 91690 0 0
20130417054 18:07:00 84992 0 1
20130417055 18:17:00 26914 0 0
20130417056 18:27:00 45110 0 1
20130417057 18:37:00 10012 1 0
20130417058 18:47:00 23641 0 0
20130417059 18:57:00 29339 0 1
20130417060 19:08:00 72480 0 0
20130417061 19:18:00 47716 1 0
20130417062 19:28:00 41086 0 0
20130417063 19:38:00 23562 0 0
20130417064 19:48:00 97540 0 0
20130417065 19:58:00 36495 0 0
20130417066 20:08:00 18622 0 1
20130417067 20:19:00 19132 1 0
20130417068 20:29:00 80802 1 0
20130417069 20:39:00 10959 0 1
20130417070 20:49:00 62235 1 0
20130417071 20:59:00 82594 0 0
20130417072 21:09:00 83072 0 0
20130417073 21:19:00 84362 0 0
20130417074 21:30:00 45271 0 0
20130417075 21:40:00 03529 0 0
20130417076 21:50:00 75921 0 0
20130417077 22:00:00 86565 0 1
20130417078 22:10:00 21067 0 0
20130417079 22:20:00 32274 1 0
20130417080 22:31:00 83026 0 0
20130417081 22:41:00 61778 0 1
20130417082 22:51:00 35301 1 0
20130417083 23:01:00 55080 1 1
20130417084 23:11:00 81009 0 1
