20130822001 09:09:00 24110 0 1
20130822002 09:19:00 38222 0 1
20130822003 09:29:00 45320 0 0
20130822004 09:39:00 94522 0 1
20130822005 09:49:00 10510 0 0
20130822006 09:59:00 78876 1 0
20130822007 10:10:00 65408 0 0
20130822008 10:20:00 81545 0 1
20130822009 10:30:00 28563 0 0
20130822010 10:40:00 33889 1 1
20130822011 10:50:00 98939 1 1
20130822012 11:00:00 87370 0 0
20130822013 11:10:00 49716 0 0
20130822014 11:21:00 54772 0 1
20130822015 11:31:00 22897 1 0
20130822016 11:41:00 84900 0 1
20130822017 11:51:00 72552 0 1
20130822018 12:01:00 64084 0 0
20130822019 12:11:00 68599 0 1
20130822020 12:22:00 98892 1 0
20130822021 12:32:00 84031 0 0
20130822022 12:42:00 96901 1 0
20130822023 12:52:00 86591 0 0
20130822024 13:02:00 33373 1 1
20130822025 13:12:00 03562 0 0
20130822026 13:22:00 30409 0 0
20130822027 13:33:00 83534 0 0
20130822028 13:43:00 21743 0 0
20130822029 13:53:00 22273 1 0
20130822030 14:03:00 40448 1 1
20130822031 14:13:00 24379 0 0
20130822032 14:23:00 27989 0 1
20130822033 14:33:00 73600 0 1
20130822034 14:44:00 07560 0 0
20130822035 14:54:00 98446 0 1
20130822036 15:04:00 85270 0 0
20130822037 15:14:00 59094 0 0
20130822038 15:24:00 89603 0 0
20130822039 15:34:00 78355 0 1
20130822040 15:45:00 77119 1 1
20130822041 15:55:00 34543 0 0
20130822042 16:05:00 23499 0 1
20130822043 16:15:00 74462 1 0
20130822044 16:25:00 89734 0 0
20130822045 16:35:00 98857 1 0
20130822046 16:45:00 10052 1 0
20130822047 16:56:00 77234 1 0
20130822048 17:06:00 46407 1 0
20130822049 17:16:00 49310 0 0
20130822050 17:26:00 42908 0 0
20130822051 17:36:00 20614 0 0
20130822052 17:46:00 69553 0 1
20130822053 17:56:00 63917 0 0
20130822054 18:07:00 63531 0 0
20130822055 18:17:00 40196 0 0
20130822056 18:27:00 51187 1 0
20130822057 18:37:00 56596 1 0
20130822058 18:47:00 91464 0 1
20130822059 18:57:00 56054 0 0
20130822060 19:08:00 45056 0 0
20130822061 19:18:00 55610 1 0
20130822062 19:28:00 39704 0 0
20130822063 19:38:00 10435 0 0
20130822064 19:48:00 18020 0 1
20130822065 19:58:00 89425 0 0
20130822066 20:08:00 96952 1 0
20130822067 20:19:00 21015 0 0
20130822068 20:29:00 93723 0 0
20130822069 20:39:00 31775 0 1
20130822070 20:49:00 59087 0 0
20130822071 20:59:00 78715 1 0
20130822072 21:09:00 37454 0 1
20130822073 21:19:00 56454 0 1
20130822074 21:30:00 95629 0 0
20130822075 21:40:00 54915 0 0
20130822076 21:50:00 00341 1 0
20130822077 22:00:00 66080 1 1
20130822078 22:10:00 16727 0 1
20130822079 22:20:00 00354 1 0
20130822080 22:31:00 57261 0 0
20130822081 22:41:00 04930 0 0
20130822082 22:51:00 28180 0 0
20130822083 23:01:00 84739 0 0
20130822084 23:11:00 67931 0 0
