20131204001 09:09:00 75080 0 1
20131204002 09:19:00 15163 1 0
20131204003 09:29:00 88868 1 1
20131204004 09:39:00 34005 0 1
20131204005 09:49:00 73621 0 0
20131204006 09:59:00 82067 0 0
20131204007 10:10:00 53452 0 0
20131204008 10:20:00 67717 1 1
20131204009 10:30:00 63151 0 1
20131204010 10:40:00 80192 0 0
20131204011 10:50:00 45744 0 1
20131204012 11:00:00 08119 0 1
20131204013 11:10:00 28445 0 1
20131204014 11:21:00 94653 0 0
20131204015 11:31:00 96897 0 0
20131204016 11:41:00 84369 0 0
20131204017 11:51:00 53544 1 1
20131204018 12:01:00 20594 0 0
20131204019 12:11:00 03534 0 0
20131204020 12:22:00 14593 0 0
20131204021 12:32:00 12695 0 0
20131204022 12:42:00 44576 1 0
20131204023 12:52:00 98258 0 0
20131204024 13:02:00 80700 0 1
20131204025 13:12:00 21838 0 1
20131204026 13:22:00 54605 0 0
20131204027 13:33:00 74945 0 0
20131204028 13:43:00 14328 0 0
20131204029 13:53:00 50984 0 0
20131204030 14:03:00 76475 0 0
20131204031 14:13:00 29988 1 1
20131204032 14:23:00 35506 1 0
20131204033 14:33:00 21032 0 0
20131204034 14:44:00 75989 0 1
20131204035 14:54:00 07771 1 1
20131204036 15:04:00 04813 0 0
20131204037 15:14:00 96544 0 1
20131204038 15:24:00 09800 0 1
20131204039 15:34:00 77011 1 1
20131204040 15:45:00 20192 0 0
20131204041 15:55:00 18649 0 0
20131204042 16:05:00 23666 0 1
20131204043 16:15:00 91804 0 0
20131204044 16:25:00 45090 0 1
20131204045 16:35:00 81589 0 0
20131204046 16:45:00 11136 1 0
20131204047 16:56:00 17514 0 0
20131204048 17:06:00 56651 1 0
20131204049 17:16:00 27807 0 0
20131204050 17:26:00 12304 0 0
20131204051 17:36:00 39452 0 0
20131204052 17:46:00 55743 1 0
20131204053 17:56:00 92476 0 0
20131204054 18:07:00 45421 1 0
20131204055 18:17:00 83859 1 0
20131204056 18:27:00 91555 0 1
20131204057 18:37:00 20400 0 1
20131204058 18:47:00 83305 1 0
20131204059 18:57:00 80438 0 0
20131204060 19:08:00 86370 0 0
20131204061 19:18:00 07721 1 0
20131204062 19:28:00 13453 0 0
20131204063 19:38:00 52726 0 0
20131204064 19:48:00 91467 0 0
20131204065 19:58:00 03475 0 0
20131204066 20:08:00 15373 0 1
20131204067 20:19:00 77315 1 0
20131204068 20:29:00 44426 1 0
20131204069 20:39:00 67618 1 0
20131204070 20:49:00 92031 0 0
20131204071 20:59:00 87565 0 1
20131204072 21:09:00 46170 0 0
20131204073 21:19:00 88088 1 1
20131204074 21:30:00 48407 1 0
20131204075 21:40:00 92324 0 0
20131204076 21:50:00 32248 1 0
20131204077 22:00:00 27589 0 0
20131204078 22:10:00 49966 1 1
20131204079 22:20:00 05799 0 1
20131204080 22:31:00 53006 0 1
20131204081 22:41:00 77460 1 0
20131204082 22:51:00 60484 0 1
20131204083 23:01:00 00461 1 0
20131204084 23:11:00 22810 1 0
