20140503001 09:09:00 82758 0 0
20140503002 09:19:00 30805 0 0
20140503003 09:29:00 04967 0 0
20140503004 09:39:00 47561 0 0
20140503005 09:49:00 39016 0 0
20140503006 09:59:00 71938 0 0
20140503007 10:10:00 53992 0 1
20140503008 10:20:00 85450 0 0
20140503009 10:30:00 17396 0 0
20140503010 10:40:00 03058 1 0
20140503011 10:50:00 69619 1 0
20140503012 11:00:00 95540 1 0
20140503013 11:10:00 15231 0 0
20140503014 11:21:00 93411 0 1
20140503015 11:31:00 37104 0 0
20140503016 11:41:00 30121 0 1
20140503017 11:51:00 86650 1 0
20140503018 12:01:00 01268 0 0
20140503019 12:11:00 52014 0 0
20140503020 12:22:00 64813 0 0
20140503021 12:32:00 07326 0 0
20140503022 12:42:00 40924 0 0
20140503023 12:52:00 09871 0 0
20140503024 13:02:00 47647 0 0
20140503025 13:12:00 79567 0 0
20140503026 13:22:00 50854 0 0
20140503027 13:33:00 25775 0 1
20140503028 13:43:00 06901 0 0
20140503029 13:53:00 03701 0 0
20140503030 14:03:00 31132 1 0
20140503031 14:13:00 57201 0 0
20140503032 14:23:00 84311 0 1
20140503033 14:33:00 75306 0 0
20140503034 14:44:00 16919 0 1
20140503035 14:54:00 19958 1 0
20140503036 15:04:00 25207 1 0
20140503037 15:14:00 47066 0 1
20140503038 15:24:00 69929 1 1
20140503039 15:34:00 23915 0 0
20140503040 15:45:00 59126 0 0
20140503041 15:55:00 10830 0 0
20140503042 16:05:00 73828 0 1
20140503043 16:15:00 12319 0 0
20140503044 16:25:00 44639 1 0
20140503045 16:35:00 21841 0 0
20140503046 16:45:00 82481 0 0
20140503047 16:56:00 42724 0 0
20140503048 17:06:00 03239 0 0
20140503049 17:16:00 32792 0 0
20140503050 17:26:00 81911 0 1
20140503051 17:36:00 75660 0 1
20140503052 17:46:00 14519 0 0
20140503053 17:56:00 59215 0 0
20140503054 18:07:00 57805 0 0
20140503055 18:17:00 04608 0 0
20140503056 18:27:00 55085 1 0
20140503057 18:37:00 16501 0 0
20140503058 18:47:00 15387 0 0
20140503059 18:57:00 31309 1 0
20140503060 19:08:00 46697 1 0
20140503061 19:18:00 77035 1 0
20140503062 19:28:00 82007 0 1
20140503063 19:38:00 81105 1 0
20140503064 19:48:00 43546 0 0
20140503065 19:58:00 68906 0 0
20140503066 20:08:00 03755 0 1
20140503067 20:19:00 38551 0 1
20140503068 20:29:00 05191 0 1
20140503069 20:39:00 10169 1 0
20140503070 20:49:00 95083 0 0
20140503071 20:59:00 55887 1 1
20140503072 21:09:00 99501 1 0
20140503073 21:19:00 82749 0 0
20140503074 21:30:00 77520 1 0
20140503075 21:40:00 11286 1 0
20140503076 21:50:00 17444 0 1
20140503077 22:00:00 14091 0 0
20140503078 22:10:00 65112 0 1
20140503079 22:20:00 39674 0 0
20140503080 22:31:00 77958 1 0
20140503081 22:41:00 93986 1 0
20140503082 22:51:00 92188 0 1
20140503083 23:01:00 49277 0 1
20140503084 23:11:00 35184 0 0
