20141028001 09:09:00 25249 1 0
20141028002 09:19:00 79733 1 1
20141028003 09:29:00 68331 0 1
20141028004 09:39:00 33959 1 1
20141028005 09:49:00 79998 1 1
20141028006 09:59:00 72140 0 0
20141028007 10:10:00 26858 0 1
20141028008 10:20:00 90404 0 1
20141028009 10:30:00 45511 1 1
20141028010 10:40:00 91926 1 0
20141028011 10:50:00 60383 0 1
20141028012 11:00:00 01480 0 0
20141028013 11:10:00 52601 0 0
20141028014 11:21:00 59704 0 0
20141028015 11:31:00 92530 0 0
20141028016 11:41:00 59965 1 0
20141028017 11:51:00 35580 1 0
20141028018 12:01:00 79494 0 1
20141028019 12:11:00 84263 0 0
20141028020 12:22:00 94496 1 0
20141028021 12:32:00 92356 0 0
20141028022 12:42:00 96167 0 0
20141028023 12:52:00 37967 0 0
20141028024 13:02:00 80708 0 0
20141028025 13:12:00 01316 0 0
20141028026 13:22:00 23875 0 0
20141028027 13:33:00 68677 1 1
20141028028 13:43:00 44660 1 1
20141028029 13:53:00 12585 0 1
20141028030 14:03:00 57036 0 0
20141028031 14:13:00 91556 0 1
20141028032 14:23:00 93657 0 0
20141028033 14:33:00 08117 0 1
20141028034 14:44:00 88328 1 0
20141028035 14:54:00 85430 0 0
20141028036 15:04:00 18158 1 0
20141028037 15:14:00 76539 0 0
20141028038 15:24:00 88339 1 1
20141028039 15:34:00 92148 0 0
20141028040 15:45:00 23602 0 0
20141028041 15:55:00 41030 0 1
20141028042 16:05:00 92497 0 0
20141028043 16:15:00 69814 0 0
20141028044 16:25:00 25227 1 1
20141028045 16:35:00 73687 0 0
20141028046 16:45:00 09910 1 0
20141028047 16:56:00 78338 0 1
20141028048 17:06:00 02183 0 0
20141028049 17:16:00 63922 0 1
20141028050 17:26:00 93856 0 0
20141028051 17:36:00 58933 0 1
20141028052 17:46:00 30953 0 0
20141028053 17:56:00 57468 0 0
20141028054 18:07:00 61514 0 0
20141028055 18:17:00 50662 0 1
20141028056 18:27:00 23391 1 0
20141028057 18:37:00 63511 0 1
20141028058 18:47:00 88599 1 1
20141028059 18:57:00 08469 0 0
20141028060 19:08:00 19183 1 0
20141028061 19:18:00 29420 0 0
20141028062 19:28:00 00752 1 0
20141028063 19:38:00 22894 1 0
20141028064 19:48:00 49714 0 0
20141028065 19:58:00 43439 1 0
20141028066 20:08:00 19440 0 1
20141028067 20:19:00 96233 0 1
20141028068 20:29:00 74490 1 0
20141028069 20:39:00 70654 0 0
20141028070 20:49:00 66253 1 0
20141028071 20:59:00 95742 0 0
20141028072 21:09:00 09239 0 0
20141028073 21:19:00 97608 0 0
20141028074 21:30:00 93286 0 0
20141028075 21:40:00 56943 0 0
20141028076 21:50:00 51238 0 0
20141028077 22:00:00 02626 0 1
20141028078 22:10:00 95033 0 1
20141028079 22:20:00 92015 0 0
20141028080 22:31:00 36525 0 1
20141028081 22:41:00 05247 0 0
20141028082 22:51:00 80037 1 0
20141028083 23:01:00 86581 0 0
20141028084 23:11:00 35791 0 0
