20140724001 09:09:00 34673 0 0
20140724002 09:19:00 71669 0 1
20140724003 09:29:00 76751 1 0
20140724004 09:39:00 09821 0 0
20140724005 09:49:00 36264 0 0
20140724006 09:59:00 36026 0 0
20140724007 10:10:00 62026 0 0
20140724008 10:20:00 94332 0 1
20140724009 10:30:00 15682 0 0
20140724010 10:40:00 83777 0 1
20140724011 10:50:00 32837 0 0
20140724012 11:00:00 10232 0 1
20140724013 11:10:00 40616 0 1
20140724014 11:21:00 72058 0 0
20140724015 11:31:00 57045 0 0
20140724016 11:41:00 96153 0 0
20140724017 11:51:00 51454 0 1
20140724018 12:01:00 17749 1 0
20140724019 12:11:00 39917 1 0
20140724020 12:22:00 01296 0 0
20140724021 12:32:00 26262 1 1
20140724022 12:42:00 44915 1 0
20140724023 12:52:00 98957 1 0
20140724024 13:02:00 76780 1 0
20140724025 13:12:00 51131 1 1
20140724026 13:22:00 58899 1 1
20140724027 13:33:00 75514 1 0
20140724028 13:43:00 76650 1 0
20140724029 13:53:00 21118 1 1
20140724030 14:03:00 75006 0 1
20140724031 14:13:00 41797 0 1
20140724032 14:23:00 17516 0 0
20140724033 14:33:00 55284 1 0
20140724034 14:44:00 47921 0 0
20140724035 14:54:00 75963 0 0
20140724036 15:04:00 89484 0 1
20140724037 15:14:00 20490 0 0
20140724038 15:24:00 23622 0 1
20140724039 15:34:00 18534 0 0
20140724040 15:45:00 80856 1 0
20140724041 15:55:00 90481 0 0
20140724042 16:05:00 76306 0 0
20140724043 16:15:00 31543 0 0
20140724044 16:25:00 86145 0 0
20140724045 16:35:00 73892 0 0
20140724046 16:45:00 30958 0 0
20140724047 16:56:00 96272 0 1
20140724048 17:06:00 74977 0 1
20140724049 17:16:00 93155 0 1
20140724050 17:26:00 88510 1 0
20140724051 17:36:00 35758 0 0
20140724052 17:46:00 82628 0 0
20140724053 17:56:00 55867 1 0
20140724054 18:07:00 58459 0 0
20140724055 18:17:00 41035 0 0
20140724056 18:27:00 55890 1 0
20140724057 18:37:00 68906 0 0
20140724058 18:47:00 53298 0 0
20140724059 18:57:00 57750 1 0
20140724060 19:08:00 66404 1 1
20140724061 19:18:00 42216 1 0
20140724062 19:28:00 60996 0 1
20140724063 19:38:00 21254 1 0
20140724064 19:48:00 21318 0 0
20140724065 19:58:00 50658 0 0
20140724066 20:08:00 71493 0 0
20140724067 20:19:00 07571 0 0
20140724068 20:29:00 23119 0 1
20140724069 20:39:00 42163 0 0
20140724070 20:49:00 81945 0 0
20140724071 20:59:00 88439 1 0
20140724072 21:09:00 96376 0 0
20140724073 21:19:00 87395 0 0
20140724074 21:30:00 79581 0 0
20140724075 21:40:00 90498 0 0
20140724076 21:50:00 86805 1 0
20140724077 22:00:00 27481 0 0
20140724078 22:10:00 60560 0 0
20140724079 22:20:00 59078 0 0
20140724080 22:31:00 19401 0 0
20140724081 22:41:00 70010 1 1
20140724082 22:51:00 67109 0 0
20140724083 23:01:00 85984 0 0
20140724084 23:11:00 68227 0 1
