20141229001 09:09:00 27200 1 1
20141229002 09:19:00 61507 0 0
20141229003 09:29:00 24798 0 0
20141229004 09:39:00 47566 0 1
20141229005 09:49:00 31460 0 0
20141229006 09:59:00 01306 0 0
20141229007 10:10:00 43147 0 0
20141229008 10:20:00 46293 0 0
20141229009 10:30:00 45387 0 0
20141229010 10:40:00 72563 0 0
20141229011 10:50:00 87170 0 0
20141229012 11:00:00 77702 1 0
20141229013 11:10:00 31932 0 0
20141229014 11:21:00 57636 0 1
20141229015 11:31:00 08433 0 1
20141229016 11:41:00 87419 0 0
20141229017 11:51:00 86387 0 0
20141229018 12:01:00 43128 0 0
20141229019 12:11:00 65541 1 0
20141229020 12:22:00 18989 0 1
20141229021 12:32:00 66891 1 0
20141229022 12:42:00 12755 0 1
20141229023 12:52:00 18357 0 0
20141229024 13:02:00 17573 0 0
20141229025 13:12:00 85681 0 0
20141229026 13:22:00 93415 0 0
20141229027 13:33:00 18762 0 0
20141229028 13:43:00 23080 0 1
20141229029 13:53:00 05639 0 0
20141229030 14:03:00 84715 0 0
20141229031 14:13:00 42322 0 1
20141229032 14:23:00 27740 1 0
20141229033 14:33:00 76876 0 0
20141229034 14:44:00 42201 1 0
20141229035 14:54:00 70139 0 0
20141229036 15:04:00 82690 0 0
20141229037 15:14:00 21383 0 1
20141229038 15:24:00 59902 1 0
20141229039 15:34:00 36762 0 0
20141229040 15:45:00 16561 0 0
20141229041 15:55:00 19586 0 0
20141229042 16:05:00 29876 0 0
20141229043 16:15:00 78470 0 0
20141229044 16:25:00 15482 0 0
20141229045 16:35:00 82244 1 1
20141229046 16:45:00 75352 0 0
20141229047 16:56:00 76288 0 1
20141229048 17:06:00 70631 0 0
20141229049 17:16:00 59389 0 0
20141229050 17:26:00 92478 0 0
20141229051 17:36:00 37414 0 1
20141229052 17:46:00 68417 0 0
20141229053 17:56:00 62499 0 1
20141229054 18:07:00 12892 0 0
20141229055 18:17:00 09348 0 0
20141229056 18:27:00 63959 0 1
20141229057 18:37:00 36893 0 0
20141229058 18:47:00 18229 0 1
20141229059 18:57:00 94409 1 0
20141229060 19:08:00 16226 0 1
20141229061 19:18:00 09466 0 1
20141229062 19:28:00 49657 0 0
20141229063 19:38:00 99381 1 0
20141229064 19:48:00 52909 0 1
20141229065 19:58:00 07541 0 0
20141229066 20:08:00 08554 0 1
20141229067 20:19:00 17350 0 0
20141229068 20:29:00 17240 0 0
20141229069 20:39:00 06232 0 1
20141229070 20:49:00 15115 1 1
20141229071 20:59:00 40340 0 0
20141229072 21:09:00 82305 0 0
20141229073 21:19:00 61903 0 0
20141229074 21:30:00 85825 1 0
20141229075 21:40:00 83903 0 0
20141229076 21:50:00 56073 0 0
20141229077 22:00:00 44264 1 0
20141229078 22:10:00 07512 0 0
20141229079 22:20:00 85937 0 0
20141229080 22:31:00 95111 0 1
20141229081 22:41:00 03997 0 1
20141229082 22:51:00 17574 0 0
20141229083 23:01:00 11538 1 0
20141229084 23:11:00 94437 1 0
