20140505001 09:09:00 56331 0 1
20140505002 09:19:00 73765 1 0
20140505003 09:29:00 02728 0 0
20140505004 09:39:00 63573 0 0
20140505005 09:49:00 88632 1 0
20140505006 09:59:00 25426 0 0
20140505007 10:10:00 18703 0 0
20140505008 10:20:00 58088 0 1
20140505009 10:30:00 49668 0 1
20140505010 10:40:00 98068 0 0
20140505011 10:50:00 47749 1 0
20140505012 11:00:00 78108 0 0
20140505013 11:10:00 90230 0 0
20140505014 11:21:00 02776 0 1
20140505015 11:31:00 69555 0 1
20140505016 11:41:00 14317 0 0
20140505017 11:51:00 71767 1 1
20140505018 12:01:00 12389 0 0
20140505019 12:11:00 68787 0 1
20140505020 12:22:00 66006 1 1
20140505021 12:32:00 84090 0 1
20140505022 12:42:00 35749 0 0
20140505023 12:52:00 38626 0 1
20140505024 13:02:00 51627 0 0
20140505025 13:12:00 55605 1 0
20140505026 13:22:00 58250 0 0
20140505027 13:33:00 30328 1 0
20140505028 13:43:00 87718 1 0
20140505029 13:53:00 81445 0 1
20140505030 14:03:00 33874 1 0
20140505031 14:13:00 00855 1 1
20140505032 14:23:00 35189 0 0
20140505033 14:33:00 61566 0 1
20140505034 14:44:00 36562 0 0
20140505035 14:54:00 15824 0 0
20140505036 15:04:00 57525 1 1
20140505037 15:14:00 75786 1 0
20140505038 15:24:00 92269 1 0
20140505039 15:34:00 92804 0 0
20140505040 15:45:00 32666 0 1
20140505041 15:55:00 40523 0 0
20140505042 16:05:00 37627 0 0
20140505043 16:15:00 44485 1 0
20140505044 16:25:00 87419 0 0
20140505045 16:35:00 05121 0 1
20140505046 16:45:00 04101 0 1
20140505047 16:56:00 97937 1 0
20140505048 17:06:00 33685 1 0
20140505049 17:16:00 62798 0 0
20140505050 17:26:00 40884 0 1
20140505051 17:36:00 51282 0 1
20140505052 17:46:00 56671 1 0
20140505053 17:56:00 36509 0 0
20140505054 18:07:00 21763 0 0
20140505055 18:17:00 09458 0 0
20140505056 18:27:00 85072 0 0
20140505057 18:37:00 81920 0 0
20140505058 18:47:00 63585 0 1
20140505059 18:57:00 39724 0 0
20140505060 19:08:00 99770 1 1
20140505061 19:18:00 83637 0 0
20140505062 19:28:00 59647 0 0
20140505063 19:38:00 95946 1 0
20140505064 19:48:00 10310 0 0
20140505065 19:58:00 76581 0 0
20140505066 20:08:00 29682 0 0
20140505067 20:19:00 31117 1 1
20140505068 20:29:00 50354 0 0
20140505069 20:39:00 03633 0 1
20140505070 20:49:00 25183 0 0
20140505071 20:59:00 74915 0 0
20140505072 21:09:00 85616 0 1
20140505073 21:19:00 49958 1 0
20140505074 21:30:00 76861 0 0
20140505075 21:40:00 76362 0 0
20140505076 21:50:00 31716 0 0
20140505077 22:00:00 77448 1 1
20140505078 22:10:00 35923 0 0
20140505079 22:20:00 76162 0 0
20140505080 22:31:00 25181 0 1
20140505081 22:41:00 37570 0 0
20140505082 22:51:00 06311 0 1
20140505083 23:01:00 94865 0 0
20140505084 23:11:00 80382 0 0
