20140823001 09:09:00 54129 0 0
20140823002 09:19:00 28724 0 0
20140823003 09:29:00 63810 0 0
20140823004 09:39:00 72619 0 0
20140823005 09:49:00 89986 1 0
20140823006 09:59:00 15100 1 1
20140823007 10:10:00 92120 0 0
20140823008 10:20:00 05957 0 0
20140823009 10:30:00 61320 0 0
20140823010 10:40:00 83908 0 0
20140823011 10:50:00 53303 1 1
20140823012 11:00:00 07073 1 0
20140823013 11:10:00 64088 0 1
20140823014 11:21:00 71518 0 0
20140823015 11:31:00 61419 0 0
20140823016 11:41:00 43256 0 0
20140823017 11:51:00 31888 0 1
20140823018 12:01:00 11125 1 0
20140823019 12:11:00 66689 1 0
20140823020 12:22:00 11479 1 0
20140823021 12:32:00 85507 1 0
20140823022 12:42:00 84214 0 0
20140823023 12:52:00 50077 1 1
20140823024 13:02:00 65525 1 1
20140823025 13:12:00 62615 1 0
20140823026 13:22:00 81708 0 0
20140823027 13:33:00 43078 0 0
20140823028 13:43:00 32484 0 1
20140823029 13:53:00 26404 0 1
20140823030 14:03:00 60707 0 1
20140823031 14:13:00 93943 1 0
20140823032 14:23:00 83620 0 0
20140823033 14:33:00 81583 0 0
20140823034 14:44:00 33158 1 0
20140823035 14:54:00 58313 0 1
20140823036 15:04:00 99606 1 1
20140823037 15:14:00 29107 0 0
20140823038 15:24:00 91907 1 0
20140823039 15:34:00 06534 0 0
20140823040 15:45:00 42727 0 1
20140823041 15:55:00 69472 0 0
20140823042 16:05:00 85280 0 0
20140823043 16:15:00 57961 0 0
20140823044 16:25:00 38584 0 0
20140823045 16:35:00 20896 0 0
20140823046 16:45:00 33821 1 0
20140823047 16:56:00 10636 0 1
20140823048 17:06:00 39809 0 0
20140823049 17:16:00 73701 1 0
20140823050 17:26:00 03468 0 0
20140823051 17:36:00 89052 0 0
20140823052 17:46:00 06822 0 1
20140823053 17:56:00 50812 0 0
20140823054 18:07:00 98150 0 0
20140823055 18:17:00 27754 1 0
20140823056 18:27:00 86934 0 0
20140823057 18:37:00 41255 0 1
20140823058 18:47:00 68072 0 0
20140823059 18:57:00 95594 1 0
20140823060 19:08:00 65337 0 1
20140823061 19:18:00 91168 1 0
20140823062 19:28:00 32231 1 0
20140823063 19:38:00 49815 0 0
20140823064 19:48:00 23016 0 0
20140823065 19:58:00 08011 1 1
20140823066 20:08:00 95545 1 1
20140823067 20:19:00 18139 1 0
20140823068 20:29:00 88536 1 0
20140823069 20:39:00 66455 1 1
20140823070 20:49:00 23295 1 0
20140823071 20:59:00 73113 0 1
20140823072 21:09:00 53255 0 1
20140823073 21:19:00 99097 1 0
20140823074 21:30:00 08324 0 0
20140823075 21:40:00 30053 1 0
20140823076 21:50:00 35878 0 1
20140823077 22:00:00 28009 0 1
20140823078 22:10:00 23621 0 0
20140823079 22:20:00 25601 0 0
20140823080 22:31:00 04467 1 0
20140823081 22:41:00 47809 0 0
20140823082 22:51:00 40189 0 0
20140823083 23:01:00 38395 1 0
20140823084 23:11:00 45837 0 0
