20140801001 09:09:00 85778 0 1
20140801002 09:19:00 23989 0 1
20140801003 09:29:00 36046 0 0
20140801004 09:39:00 58448 0 1
20140801005 09:49:00 49584 0 0
20140801006 09:59:00 05865 0 0
20140801007 10:10:00 58734 0 0
20140801008 10:20:00 44679 1 0
20140801009 10:30:00 16878 0 1
20140801010 10:40:00 39330 1 1
20140801011 10:50:00 54887 0 1
20140801012 11:00:00 77625 1 0
20140801013 11:10:00 34586 0 0
20140801014 11:21:00 12401 0 0
20140801015 11:31:00 51465 0 0
20140801016 11:41:00 39833 0 1
20140801017 11:51:00 95982 1 0
20140801018 12:01:00 67720 1 0
20140801019 12:11:00 15862 0 0
20140801020 12:22:00 50209 0 0
20140801021 12:32:00 08288 0 1
20140801022 12:42:00 91569 0 0
20140801023 12:52:00 82413 0 0
20140801024 13:02:00 96567 0 0
20140801025 13:12:00 95519 1 0
20140801026 13:22:00 83411 0 1
20140801027 13:33:00 30684 0 0
20140801028 13:43:00 00343 1 1
20140801029 13:53:00 49519 0 0
20140801030 14:03:00 46549 0 0
20140801031 14:13:00 65954 0 0
20140801032 14:23:00 90651 0 0
20140801033 14:33:00 51050 0 1
20140801034 14:44:00 08980 0 0
20140801035 14:54:00 63630 1 0
20140801036 15:04:00 61221 0 1
20140801037 15:14:00 04779 0 1
20140801038 15:24:00 65660 1 1
20140801039 15:34:00 19264 0 0
20140801040 15:45:00 55959 1 1
20140801041 15:55:00 16496 0 0
20140801042 16:05:00 60545 0 1
20140801043 16:15:00 46261 0 0
20140801044 16:25:00 39840 0 0
20140801045 16:35:00 86788 0 1
20140801046 16:45:00 96978 1 0
20140801047 16:56:00 16300 0 1
20140801048 17:06:00 14949 0 1
20140801049 17:16:00 64599 0 1
20140801050 17:26:00 03792 0 0
20140801051 17:36:00 89280 0 0
20140801052 17:46:00 59783 0 0
20140801053 17:56:00 91281 0 0
20140801054 18:07:00 03088 1 1
20140801055 18:17:00 72542 0 0
20140801056 18:27:00 95558 1 1
20140801057 18:37:00 55976 1 0
20140801058 18:47:00 60831 0 0
20140801059 18:57:00 32206 1 0
20140801060 19:08:00 94710 0 0
20140801061 19:18:00 74658 0 0
20140801062 19:28:00 37222 0 1
20140801063 19:38:00 10080 1 1
20140801064 19:48:00 56032 0 0
20140801065 19:58:00 72018 0 0
20140801066 20:08:00 48626 0 1
20140801067 20:19:00 68333 0 1
20140801068 20:29:00 69918 1 0
20140801069 20:39:00 26770 0 1
20140801070 20:49:00 70763 1 0
20140801071 20:59:00 10455 0 1
20140801072 21:09:00 85850 1 0
20140801073 21:19:00 91199 1 1
20140801074 21:30:00 68121 0 1
20140801075 21:40:00 04775 0 1
20140801076 21:50:00 22635 1 0
20140801077 22:00:00 75649 0 0
20140801078 22:10:00 92283 1 0
20140801079 22:20:00 24502 0 0
20140801080 22:31:00 01137 1 0
20140801081 22:41:00 81476 0 0
20140801082 22:51:00 40712 0 0
20140801083 23:01:00 64148 0 0
20140801084 23:11:00 88957 1 0
