20140312001 09:09:00 35723 0 0
20140312002 09:19:00 23416 0 0
20140312003 09:29:00 19204 0 0
20140312004 09:39:00 82724 0 0
20140312005 09:49:00 01019 1 0
20140312006 09:59:00 68233 0 1
20140312007 10:10:00 71522 0 1
20140312008 10:20:00 14808 0 1
20140312009 10:30:00 37325 1 0
20140312010 10:40:00 53590 1 0
20140312011 10:50:00 64875 0 0
20140312012 11:00:00 40689 0 0
20140312013 11:10:00 82299 1 1
20140312014 11:21:00 93651 0 0
20140312015 11:31:00 52083 0 0
20140312016 11:41:00 16673 1 0
20140312017 11:51:00 97207 0 0
20140312018 12:01:00 54321 0 0
20140312019 12:11:00 83211 0 1
20140312020 12:22:00 89264 0 0
20140312021 12:32:00 56455 0 1
20140312022 12:42:00 36732 0 0
20140312023 12:52:00 68805 1 0
20140312024 13:02:00 32631 0 0
20140312025 13:12:00 28353 0 1
20140312026 13:22:00 67963 0 0
20140312027 13:33:00 94774 0 1
20140312028 13:43:00 88410 1 0
20140312029 13:53:00 08199 0 1
20140312030 14:03:00 69281 0 0
20140312031 14:13:00 74611 0 1
20140312032 14:23:00 65706 0 0
20140312033 14:33:00 25047 0 0
20140312034 14:44:00 28937 0 0
20140312035 14:54:00 17761 1 0
20140312036 15:04:00 58877 1 1
20140312037 15:14:00 19582 0 0
20140312038 15:24:00 25434 0 1
20140312039 15:34:00 09212 0 1
20140312040 15:45:00 58684 0 0
20140312041 15:55:00 07827 0 0
20140312042 16:05:00 04497 1 0
20140312043 16:15:00 50100 0 1
20140312044 16:25:00 06308 0 0
20140312045 16:35:00 94826 0 0
20140312046 16:45:00 53428 0 0
20140312047 16:56:00 81450 0 0
20140312048 17:06:00 13194 1 0
20140312049 17:16:00 26485 0 0
20140312050 17:26:00 19268 0 0
20140312051 17:36:00 06409 0 0
20140312052 17:46:00 54251 0 0
20140312053 17:56:00 88317 1 0
20140312054 18:07:00 74438 1 0
20140312055 18:17:00 60809 0 0
20140312056 18:27:00 29713 0 0
20140312057 18:37:00 69392 0 0
20140312058 18:47:00 38364 1 0
20140312059 18:57:00 98831 1 0
20140312060 19:08:00 39918 1 0
20140312061 19:18:00 77554 1 1
20140312062 19:28:00 02780 0 0
20140312063 19:38:00 42332 0 1
20140312064 19:48:00 21125 1 0
20140312065 19:58:00 32376 1 0
20140312066 20:08:00 37932 0 0
20140312067 20:19:00 50081 1 0
20140312068 20:29:00 21269 1 0
20140312069 20:39:00 16500 0 1
20140312070 20:49:00 54777 0 1
20140312071 20:59:00 22716 1 0
20140312072 21:09:00 81468 0 0
20140312073 21:19:00 34771 0 1
20140312074 21:30:00 12324 0 0
20140312075 21:40:00 59925 1 0
20140312076 21:50:00 84158 0 0
20140312077 22:00:00 87723 1 0
20140312078 22:10:00 29033 0 1
20140312079 22:20:00 04347 0 0
20140312080 22:31:00 62571 0 0
20140312081 22:41:00 22510 1 0
20140312082 22:51:00 01748 0 0
20140312083 23:01:00 11720 1 0
20140312084 23:11:00 19740 0 0
