20140912001 09:09:00 60918 0 0
20140912002 09:19:00 61035 0 0
20140912003 09:29:00 81939 0 1
20140912004 09:39:00 62540 0 0
20140912005 09:49:00 11536 1 0
20140912006 09:59:00 01271 0 0
20140912007 10:10:00 07895 0 0
20140912008 10:20:00 80616 0 1
20140912009 10:30:00 82758 0 0
20140912010 10:40:00 78102 0 0
20140912011 10:50:00 65007 0 1
20140912012 11:00:00 28341 0 0
20140912013 11:10:00 26372 0 0
20140912014 11:21:00 86818 1 1
20140912015 11:31:00 39835 0 0
20140912016 11:41:00 94247 0 0
20140912017 11:51:00 87440 0 1
20140912018 12:01:00 01749 0 0
20140912019 12:11:00 83832 1 0
20140912020 12:22:00 23229 1 1
20140912021 12:32:00 18243 0 0
20140912022 12:42:00 86124 0 0
20140912023 12:52:00 53331 1 1
20140912024 13:02:00 56540 1 0
20140912025 13:12:00 74039 0 0
20140912026 13:22:00 04673 0 0
20140912027 13:33:00 41279 0 0
20140912028 13:43:00 78341 0 0
20140912029 13:53:00 70496 0 0
20140912030 14:03:00 40283 0 0
20140912031 14:13:00 56365 0 0
20140912032 14:23:00 75481 0 0
20140912033 14:33:00 12752 0 0
20140912034 14:44:00 57654 0 0
20140912035 14:54:00 02228 1 1
20140912036 15:04:00 37891 0 0
20140912037 15:14:00 48611 0 1
20140912038 15:24:00 08657 0 0
20140912039 15:34:00 26679 1 0
20140912040 15:45:00 02354 0 0
20140912041 15:55:00 06911 0 1
20140912042 16:05:00 08477 0 1
20140912043 16:15:00 05223 0 1
20140912044 16:25:00 55818 1 1
20140912045 16:35:00 27580 0 0
20140912046 16:45:00 09924 1 0
20140912047 16:56:00 00930 1 0
20140912048 17:06:00 39400 0 1
20140912049 17:16:00 80453 0 0
20140912050 17:26:00 19315 0 0
20140912051 17:36:00 88235 1 0
20140912052 17:46:00 79320 0 0
20140912053 17:56:00 29346 0 0
20140912054 18:07:00 03958 0 0
20140912055 18:17:00 71170 1 0
20140912056 18:27:00 54574 1 0
20140912057 18:37:00 79326 0 0
20140912058 18:47:00 28972 0 0
20140912059 18:57:00 81099 0 1
20140912060 19:08:00 90726 0 0
20140912061 19:18:00 10737 0 1
20140912062 19:28:00 55007 1 1
20140912063 19:38:00 38047 0 0
20140912064 19:48:00 56564 1 0
20140912065 19:58:00 81912 0 0
20140912066 20:08:00 40752 0 0
20140912067 20:19:00 83871 1 0
20140912068 20:29:00 46613 1 0
20140912069 20:39:00 66016 1 0
20140912070 20:49:00 50029 1 0
20140912071 20:59:00 23438 0 0
20140912072 21:09:00 41932 0 0
20140912073 21:19:00 10091 1 0
20140912074 21:30:00 85632 0 0
20140912075 21:40:00 15140 1 0
20140912076 21:50:00 86473 0 0
20140912077 22:00:00 37489 0 0
20140912078 22:10:00 62984 0 0
20140912079 22:20:00 43222 0 1
20140912080 22:31:00 76960 0 0
20140912081 22:41:00 67604 1 0
20140912082 22:51:00 01196 1 0
20140912083 23:01:00 97359 0 0
20140912084 23:11:00 80392 0 0
