20141030001 09:09:00 54779 0 1
20141030002 09:19:00 01058 1 0
20141030003 09:29:00 36642 1 0
20141030004 09:39:00 63842 0 0
20141030005 09:49:00 21506 0 0
20141030006 09:59:00 96174 0 0
20141030007 10:10:00 13452 0 0
20141030008 10:20:00 49336 0 1
20141030009 10:30:00 97270 0 0
20141030010 10:40:00 96953 1 0
20141030011 10:50:00 91014 0 0
20141030012 11:00:00 95078 0 0
20141030013 11:10:00 59236 0 0
20141030014 11:21:00 61979 0 1
20141030015 11:31:00 44130 1 0
20141030016 11:41:00 53417 0 0
20141030017 11:51:00 17808 0 1
20141030018 12:01:00 02550 0 1
20141030019 12:11:00 88402 1 0
20141030020 12:22:00 87172 0 0
20141030021 12:32:00 24910 0 0
20141030022 12:42:00 61505 0 1
20141030023 12:52:00 43637 0 0
20141030024 13:02:00 47660 0 1
20141030025 13:12:00 25179 0 0
20141030026 13:22:00 98964 1 0
20141030027 13:33:00 39905 1 0
20141030028 13:43:00 08002 1 1
20141030029 13:53:00 18438 0 0
20141030030 14:03:00 38004 0 1
20141030031 14:13:00 08877 1 1
20141030032 14:23:00 30145 0 0
20141030033 14:33:00 87716 1 0
20141030034 14:44:00 88792 1 0
20141030035 14:54:00 11707 1 1
20141030036 15:04:00 30906 0 0
20141030037 15:14:00 34212 0 1
20141030038 15:24:00 66508 1 0
20141030039 15:34:00 90622 0 1
20141030040 15:45:00 46931 0 0
20141030041 15:55:00 15442 0 1
20141030042 16:05:00 48281 0 0
20141030043 16:15:00 61702 0 0
20141030044 16:25:00 58624 0 0
20141030045 16:35:00 91968 1 0
20141030046 16:45:00 92045 0 0
20141030047 16:56:00 29135 0 0
20141030048 17:06:00 72242 1 1
20141030049 17:16:00 66959 1 1
20141030050 17:26:00 21976 0 0
20141030051 17:36:00 54458 1 0
20141030052 17:46:00 58122 0 1
20141030053 17:56:00 58403 0 0
20141030054 18:07:00 71405 0 0
20141030055 18:17:00 77979 1 1
20141030056 18:27:00 29033 0 1
20141030057 18:37:00 18375 0 0
20141030058 18:47:00 29258 1 0
20141030059 18:57:00 62094 0 0
20141030060 19:08:00 93344 1 1
20141030061 19:18:00 16647 1 0
20141030062 19:28:00 77941 1 0
20141030063 19:38:00 02068 1 0
20141030064 19:48:00 86051 0 0
20141030065 19:58:00 07078 1 0
20141030066 20:08:00 19086 0 0
20141030067 20:19:00 50167 0 0
20141030068 20:29:00 42887 0 1
20141030069 20:39:00 18323 0 1
20141030070 20:49:00 64643 1 0
20141030071 20:59:00 82436 0 0
20141030072 21:09:00 08567 0 0
20141030073 21:19:00 26267 1 0
20141030074 21:30:00 94793 0 0
20141030075 21:40:00 16671 1 0
20141030076 21:50:00 74209 0 0
20141030077 22:00:00 63472 0 0
20141030078 22:10:00 82574 0 0
20141030079 22:20:00 02432 0 0
20141030080 22:31:00 65783 0 0
20141030081 22:41:00 04298 0 0
20141030082 22:51:00 44862 1 0
20141030083 23:01:00 60911 0 1
20141030084 23:11:00 26880 0 1
