20140105001 09:09:00 18274 0 0
20140105002 09:19:00 66970 1 0
20140105003 09:29:00 54319 0 0
20140105004 09:39:00 64388 0 1
20140105005 09:49:00 82045 0 0
20140105006 09:59:00 43145 0 0
20140105007 10:10:00 53828 0 1
20140105008 10:20:00 60708 0 0
20140105009 10:30:00 23213 1 0
20140105010 10:40:00 82046 0 0
20140105011 10:50:00 57643 0 0
20140105012 11:00:00 59846 0 0
20140105013 11:10:00 16100 1 1
20140105014 11:21:00 33815 1 0
20140105015 11:31:00 99686 1 1
20140105016 11:41:00 02691 0 0
20140105017 11:51:00 08861 1 0
20140105018 12:01:00 88296 1 0
20140105019 12:11:00 12515 0 1
20140105020 12:22:00 70084 1 0
20140105021 12:32:00 96279 0 0
20140105022 12:42:00 16744 0 1
20140105023 12:52:00 20716 0 0
20140105024 13:02:00 88869 1 0
20140105025 13:12:00 21372 0 0
20140105026 13:22:00 99102 1 0
20140105027 13:33:00 09585 0 1
20140105028 13:43:00 43765 0 0
20140105029 13:53:00 46883 0 1
20140105030 14:03:00 58117 0 1
20140105031 14:13:00 20293 1 0
20140105032 14:23:00 89720 0 0
20140105033 14:33:00 94363 0 1
20140105034 14:44:00 72820 0 0
20140105035 14:54:00 41838 0 1
20140105036 15:04:00 92640 0 0
20140105037 15:14:00 50451 0 0
20140105038 15:24:00 37824 0 0
20140105039 15:34:00 84568 0 0
20140105040 15:45:00 30278 0 0
20140105041 15:55:00 96881 0 1
20140105042 16:05:00 32543 0 0
20140105043 16:15:00 08546 0 0
20140105044 16:25:00 50220 0 1
20140105045 16:35:00 21723 0 0
20140105046 16:45:00 04620 0 0
20140105047 16:56:00 79961 1 0
20140105048 17:06:00 24441 1 1
20140105049 17:16:00 56873 0 0
20140105050 17:26:00 59411 0 1
20140105051 17:36:00 78758 1 0
20140105052 17:46:00 23635 0 0
20140105053 17:56:00 30532 0 0
20140105054 18:07:00 72231 1 0
20140105055 18:17:00 86690 1 0
20140105056 18:27:00 96845 0 0
20140105057 18:37:00 39321 1 0
20140105058 18:47:00 06793 0 0
20140105059 18:57:00 61730 0 0
20140105060 19:08:00 48753 0 0
20140105061 19:18:00 71777 1 1
20140105062 19:28:00 66709 1 0
20140105063 19:38:00 84431 1 0
20140105064 19:48:00 71227 0 1
20140105065 19:58:00 08351 0 0
20140105066 20:08:00 61859 0 0
20140105067 20:19:00 68858 1 1
20140105068 20:29:00 50116 0 1
20140105069 20:39:00 31357 1 0
20140105070 20:49:00 73188 0 1
20140105071 20:59:00 24401 1 0
20140105072 21:09:00 64185 0 0
20140105073 21:19:00 55861 1 0
20140105074 21:30:00 20072 1 0
20140105075 21:40:00 71948 0 0
20140105076 21:50:00 51488 0 1
20140105077 22:00:00 58658 0 0
20140105078 22:10:00 24975 0 0
20140105079 22:20:00 98509 0 0
20140105080 22:31:00 47522 0 1
20140105081 22:41:00 08503 0 0
20140105082 22:51:00 67752 1 0
20140105083 23:01:00 62909 0 1
20140105084 23:11:00 16286 0 0
