20140430001 09:09:00 62278 1 0
20140430002 09:19:00 00173 1 0
20140430003 09:29:00 41024 0 0
20140430004 09:39:00 52357 0 0
20140430005 09:49:00 65354 0 0
20140430006 09:59:00 02406 0 0
20140430007 10:10:00 56517 1 0
20140430008 10:20:00 87039 0 0
20140430009 10:30:00 32567 0 0
20140430010 10:40:00 13095 0 0
20140430011 10:50:00 67942 0 0
20140430012 11:00:00 47193 0 0
20140430013 11:10:00 26017 0 0
20140430014 11:21:00 87067 0 0
20140430015 11:31:00 63910 0 0
20140430016 11:41:00 21148 1 0
20140430017 11:51:00 50608 0 0
20140430018 12:01:00 01986 0 0
20140430019 12:11:00 95456 0 0
20140430020 12:22:00 34491 1 0
20140430021 12:32:00 05402 0 0
20140430022 12:42:00 64334 0 1
20140430023 12:52:00 05273 0 0
20140430024 13:02:00 67380 0 0
20140430025 13:12:00 62203 1 0
20140430026 13:22:00 55355 1 1
20140430027 13:33:00 17434 0 1
20140430028 13:43:00 24153 0 0
20140430029 13:53:00 75485 0 0
20140430030 14:03:00 91859 0 0
20140430031 14:13:00 40085 1 0
20140430032 14:23:00 45470 1 0
20140430033 14:33:00 18020 0 1
20140430034 14:44:00 49855 0 1
20140430035 14:54:00 27340 0 0
20140430036 15:04:00 88579 1 0
20140430037 15:14:00 10525 0 1
20140430038 15:24:00 12144 1 1
20140430039 15:34:00 78424 0 1
20140430040 15:45:00 89803 1 0
20140430041 15:55:00 94461 1 0
20140430042 16:05:00 76324 0 0
20140430043 16:15:00 27227 1 1
20140430044 16:25:00 06870 0 0
20140430045 16:35:00 56416 0 0
20140430046 16:45:00 97755 1 1
20140430047 16:56:00 77020 1 1
20140430048 17:06:00 06779 0 1
20140430049 17:16:00 75621 0 0
20140430050 17:26:00 18790 0 0
20140430051 17:36:00 08438 0 0
20140430052 17:46:00 55836 1 0
20140430053 17:56:00 13922 0 1
20140430054 18:07:00 25092 0 0
20140430055 18:17:00 67399 0 1
20140430056 18:27:00 79947 1 0
20140430057 18:37:00 20464 0 1
20140430058 18:47:00 69620 1 0
20140430059 18:57:00 56725 0 0
20140430060 19:08:00 86413 0 0
20140430061 19:18:00 55511 1 1
20140430062 19:28:00 90580 0 0
20140430063 19:38:00 83971 0 0
20140430064 19:48:00 36714 0 0
20140430065 19:58:00 10236 0 0
20140430066 20:08:00 41107 1 0
20140430067 20:19:00 72231 1 0
20140430068 20:29:00 64368 0 0
20140430069 20:39:00 42138 0 0
20140430070 20:49:00 88335 1 1
20140430071 20:59:00 45804 0 0
20140430072 21:09:00 40010 1 1
20140430073 21:19:00 52253 1 0
20140430074 21:30:00 22280 1 0
20140430075 21:40:00 14899 0 1
20140430076 21:50:00 50926 0 0
20140430077 22:00:00 12791 0 0
20140430078 22:10:00 46573 0 0
20140430079 22:20:00 95801 0 0
20140430080 22:31:00 21456 0 0
20140430081 22:41:00 32079 0 0
20140430082 22:51:00 91243 0 0
20140430083 23:01:00 71717 1 1
20140430084 23:11:00 34400 1 1
