20141111001 09:09:00 10586 0 0
20141111002 09:19:00 47787 1 1
20141111003 09:29:00 68386 0 0
20141111004 09:39:00 05662 0 1
20141111005 09:49:00 64221 0 1
20141111006 09:59:00 64559 0 1
20141111007 10:10:00 01568 0 0
20141111008 10:20:00 07404 0 1
20141111009 10:30:00 43165 0 0
20141111010 10:40:00 77721 1 0
20141111011 10:50:00 46646 1 1
20141111012 11:00:00 40443 1 1
20141111013 11:10:00 88221 1 1
20141111014 11:21:00 70117 0 1
20141111015 11:31:00 12806 0 0
20141111016 11:41:00 00007 1 1
20141111017 11:51:00 01428 0 0
20141111018 12:01:00 18064 0 0
20141111019 12:11:00 29130 0 0
20141111020 12:22:00 25996 0 1
20141111021 12:32:00 51055 0 1
20141111022 12:42:00 14172 1 0
20141111023 12:52:00 91246 0 0
20141111024 13:02:00 52644 0 1
20141111025 13:12:00 87668 0 1
20141111026 13:22:00 44097 1 0
20141111027 13:33:00 49702 0 0
20141111028 13:43:00 90787 0 1
20141111029 13:53:00 30193 0 0
20141111030 14:03:00 74301 0 0
20141111031 14:13:00 05748 0 0
20141111032 14:23:00 24623 0 0
20141111033 14:33:00 68109 0 0
20141111034 14:44:00 13118 1 1
20141111035 14:54:00 47288 0 1
20141111036 15:04:00 99375 1 0
20141111037 15:14:00 60370 0 0
20141111038 15:24:00 53611 0 1
20141111039 15:34:00 73241 0 0
20141111040 15:45:00 19450 0 0
20141111041 15:55:00 33950 1 0
20141111042 16:05:00 81695 0 0
20141111043 16:15:00 90226 0 1
20141111044 16:25:00 86493 0 0
20141111045 16:35:00 10486 0 0
20141111046 16:45:00 28564 0 0
20141111047 16:56:00 27367 0 0
20141111048 17:06:00 73918 0 0
20141111049 17:16:00 31443 0 1
20141111050 17:26:00 43713 0 0
20141111051 17:36:00 08107 0 0
20141111052 17:46:00 73723 1 0
20141111053 17:56:00 94539 0 0
20141111054 18:07:00 02792 0 0
20141111055 18:17:00 26882 0 1
20141111056 18:27:00 95338 0 1
20141111057 18:37:00 84275 0 0
20141111058 18:47:00 23037 0 0
20141111059 18:57:00 07736 1 0
20141111060 19:08:00 04856 0 0
20141111061 19:18:00 04149 0 0
20141111062 19:28:00 74571 0 0
20141111063 19:38:00 69066 0 1
20141111064 19:48:00 47601 0 0
20141111065 19:58:00 22183 1 0
20141111066 20:08:00 74824 0 0
20141111067 20:19:00 81124 1 0
20141111068 20:29:00 13613 0 0
20141111069 20:39:00 09319 0 0
20141111070 20:49:00 26120 0 0
20141111071 20:59:00 85695 0 0
20141111072 21:09:00 83834 1 0
20141111073 21:19:00 37533 0 1
20141111074 21:30:00 66079 1 0
20141111075 21:40:00 32452 0 0
20141111076 21:50:00 06682 1 0
20141111077 22:00:00 90245 0 0
20141111078 22:10:00 91907 1 0
20141111079 22:20:00 03998 0 1
20141111080 22:31:00 29964 1 0
20141111081 22:41:00 68827 1 0
20141111082 22:51:00 62838 0 1
20141111083 23:01:00 82710 0 0
20141111084 23:11:00 21311 0 1
