20140129001 09:09:00 02316 0 0
20140129002 09:19:00 19433 0 1
20140129003 09:29:00 44597 1 0
20140129004 09:39:00 48542 0 0
20140129005 09:49:00 67666 1 1
20140129006 09:59:00 29209 1 0
20140129007 10:10:00 01559 0 1
20140129008 10:20:00 52611 0 1
20140129009 10:30:00 84761 0 0
20140129010 10:40:00 23971 0 0
20140129011 10:50:00 27237 1 0
20140129012 11:00:00 85415 0 0
20140129013 11:10:00 99469 1 0
20140129014 11:21:00 06948 0 0
20140129015 11:31:00 13242 0 1
20140129016 11:41:00 68066 0 1
20140129017 11:51:00 24959 0 1
20140129018 12:01:00 61560 0 0
20140129019 12:11:00 76170 0 0
20140129020 12:22:00 00226 1 1
20140129021 12:32:00 99989 1 1
20140129022 12:42:00 55130 1 0
20140129023 12:52:00 52721 0 0
20140129024 13:02:00 08585 0 1
20140129025 13:12:00 86335 0 1
20140129026 13:22:00 49952 1 0
20140129027 13:33:00 71701 1 0
20140129028 13:43:00 98850 1 0
20140129029 13:53:00 78875 1 0
20140129030 14:03:00 30002 1 1
20140129031 14:13:00 05426 0 0
20140129032 14:23:00 74380 0 0
20140129033 14:33:00 93137 0 0
20140129034 14:44:00 31832 0 0
20140129035 14:54:00 20734 0 0
20140129036 15:04:00 63778 0 1
20140129037 15:14:00 25312 0 0
20140129038 15:24:00 40797 0 1
20140129039 15:34:00 43541 0 0
20140129040 15:45:00 98231 0 0
20140129041 15:55:00 37072 0 0
20140129042 16:05:00 46386 0 0
20140129043 16:15:00 23296 1 0
20140129044 16:25:00 04847 0 0
20140129045 16:35:00 55482 1 0
20140129046 16:45:00 05594 1 0
20140129047 16:56:00 60448 0 1
20140129048 17:06:00 68676 1 1
20140129049 17:16:00 68176 0 0
20140129050 17:26:00 44344 1 1
20140129051 17:36:00 75350 0 0
20140129052 17:46:00 48727 0 1
20140129053 17:56:00 36475 0 0
20140129054 18:07:00 89185 0 0
20140129055 18:17:00 78937 0 0
20140129056 18:27:00 85607 0 0
20140129057 18:37:00 89664 0 1
20140129058 18:47:00 19367 0 0
20140129059 18:57:00 48676 0 1
20140129060 19:08:00 00558 1 1
20140129061 19:18:00 57099 0 1
20140129062 19:28:00 32009 0 1
20140129063 19:38:00 14033 0 1
20140129064 19:48:00 64335 0 1
20140129065 19:58:00 58849 1 0
20140129066 20:08:00 17568 0 0
20140129067 20:19:00 02375 0 0
20140129068 20:29:00 83202 0 1
20140129069 20:39:00 83526 0 0
20140129070 20:49:00 05737 0 1
20140129071 20:59:00 90338 0 1
20140129072 21:09:00 96444 0 1
20140129073 21:19:00 06690 1 0
20140129074 21:30:00 11965 1 0
20140129075 21:40:00 68540 0 0
20140129076 21:50:00 91833 0 1
20140129077 22:00:00 20862 0 0
20140129078 22:10:00 92404 0 1
20140129079 22:20:00 78832 1 0
20140129080 22:31:00 38860 1 0
20140129081 22:41:00 54606 0 1
20140129082 22:51:00 09171 0 1
20140129083 23:01:00 71023 0 0
20140129084 23:11:00 83161 0 1
