20140221001 09:09:00 61275 0 0
20140221002 09:19:00 16474 0 1
20140221003 09:29:00 18490 0 0
20140221004 09:39:00 70042 1 0
20140221005 09:49:00 98290 0 0
20140221006 09:59:00 79116 0 1
20140221007 10:10:00 81694 0 0
20140221008 10:20:00 04434 1 1
20140221009 10:30:00 47068 0 0
20140221010 10:40:00 80218 0 0
20140221011 10:50:00 30941 0 0
20140221012 11:00:00 97553 0 1
20140221013 11:10:00 88357 1 0
20140221014 11:21:00 20404 0 1
20140221015 11:31:00 33595 1 1
20140221016 11:41:00 68792 0 0
20140221017 11:51:00 56545 1 1
20140221018 12:01:00 80044 1 1
20140221019 12:11:00 73962 0 0
20140221020 12:22:00 47731 1 0
20140221021 12:32:00 66918 1 0
20140221022 12:42:00 20611 0 1
20140221023 12:52:00 39498 0 0
20140221024 13:02:00 26041 0 0
20140221025 13:12:00 95389 0 0
20140221026 13:22:00 76193 0 0
20140221027 13:33:00 50243 0 0
20140221028 13:43:00 71913 0 0
20140221029 13:53:00 54549 1 0
20140221030 14:03:00 06772 0 1
20140221031 14:13:00 57438 0 0
20140221032 14:23:00 28225 1 1
20140221033 14:33:00 13812 0 0
20140221034 14:44:00 77831 1 0
20140221035 14:54:00 36637 1 0
20140221036 15:04:00 60468 0 0
20140221037 15:14:00 69546 0 0
20140221038 15:24:00 71261 0 0
20140221039 15:34:00 04091 1 0
20140221040 15:45:00 92387 0 0
20140221041 15:55:00 12716 0 0
20140221042 16:05:00 55197 1 0
20140221043 16:15:00 66451 1 0
20140221044 16:25:00 60326 0 0
20140221045 16:35:00 64222 0 1
20140221046 16:45:00 23843 0 0
20140221047 16:56:00 69374 0 0
20140221048 17:06:00 51024 0 0
20140221049 17:16:00 73911 0 1
20140221050 17:26:00 27872 0 0
20140221051 17:36:00 09683 0 0
20140221052 17:46:00 59868 0 1
20140221053 17:56:00 72276 1 0
20140221054 18:07:00 55446 1 1
20140221055 18:17:00 96710 0 0
20140221056 18:27:00 87799 1 1
20140221057 18:37:00 52654 0 0
20140221058 18:47:00 64863 0 0
20140221059 18:57:00 94191 0 1
20140221060 19:08:00 59306 0 0
20140221061 19:18:00 98409 0 0
20140221062 19:28:00 91633 0 1
20140221063 19:38:00 00963 1 0
20140221064 19:48:00 44576 1 0
20140221065 19:58:00 69901 1 0
20140221066 20:08:00 98662 0 1
20140221067 20:19:00 88163 1 0
20140221068 20:29:00 47166 0 1
20140221069 20:39:00 65802 0 0
20140221070 20:49:00 17838 0 1
20140221071 20:59:00 19908 1 0
20140221072 21:09:00 59015 0 0
20140221073 21:19:00 83868 1 1
20140221074 21:30:00 45320 0 0
20140221075 21:40:00 62187 0 0
20140221076 21:50:00 95609 0 0
20140221077 22:00:00 86143 0 0
20140221078 22:10:00 55871 1 0
20140221079 22:20:00 92542 0 0
20140221080 22:31:00 15299 0 1
20140221081 22:41:00 05511 1 1
20140221082 22:51:00 00316 1 0
20140221083 23:01:00 21585 0 1
20140221084 23:11:00 96911 1 1
