20140810001 09:09:00 12786 0 0
20140810002 09:19:00 24512 0 0
20140810003 09:29:00 44042 1 0
20140810004 09:39:00 37036 0 0
20140810005 09:49:00 54623 0 0
20140810006 09:59:00 45763 0 0
20140810007 10:10:00 48246 0 0
20140810008 10:20:00 29022 0 1
20140810009 10:30:00 03576 0 0
20140810010 10:40:00 24168 0 0
20140810011 10:50:00 24124 0 0
20140810012 11:00:00 61324 0 0
20140810013 11:10:00 69111 0 1
20140810014 11:21:00 11690 1 0
20140810015 11:31:00 54867 0 0
20140810016 11:41:00 64798 0 0
20140810017 11:51:00 39349 1 0
20140810018 12:01:00 15671 0 0
20140810019 12:11:00 52986 0 0
20140810020 12:22:00 19065 0 0
20140810021 12:32:00 23824 0 0
20140810022 12:42:00 95074 0 0
20140810023 12:52:00 52202 1 1
20140810024 13:02:00 04718 0 0
20140810025 13:12:00 84344 0 1
20140810026 13:22:00 41029 0 0
20140810027 13:33:00 39281 0 0
20140810028 13:43:00 58025 0 0
20140810029 13:53:00 39862 0 0
20140810030 14:03:00 96443 0 1
20140810031 14:13:00 89379 0 0
20140810032 14:23:00 80489 0 0
20140810033 14:33:00 91013 0 0
20140810034 14:44:00 40540 0 0
20140810035 14:54:00 57558 1 1
20140810036 15:04:00 84150 0 0
20140810037 15:14:00 46790 0 0
20140810038 15:24:00 55025 1 0
20140810039 15:34:00 94290 0 0
20140810040 15:45:00 46786 0 0
20140810041 15:55:00 63715 0 0
20140810042 16:05:00 25967 0 0
20140810043 16:15:00 18491 0 0
20140810044 16:25:00 48783 0 0
20140810045 16:35:00 39606 0 1
20140810046 16:45:00 98072 0 0
20140810047 16:56:00 52054 0 0
20140810048 17:06:00 96924 1 0
20140810049 17:16:00 41185 1 0
20140810050 17:26:00 86636 1 1
20140810051 17:36:00 93303 1 1
20140810052 17:46:00 35138 0 0
20140810053 17:56:00 45636 0 1
20140810054 18:07:00 10738 0 0
20140810055 18:17:00 06919 0 1
20140810056 18:27:00 19968 1 0
20140810057 18:37:00 50480 0 0
20140810058 18:47:00 99694 1 0
20140810059 18:57:00 24067 0 0
20140810060 19:08:00 41044 0 1
20140810061 19:18:00 04748 0 0
20140810062 19:28:00 51454 0 1
20140810063 19:38:00 09761 0 0
20140810064 19:48:00 53426 0 0
20140810065 19:58:00 85003 0 1
20140810066 20:08:00 00329 1 0
20140810067 20:19:00 46416 1 0
20140810068 20:29:00 74212 0 1
20140810069 20:39:00 01909 0 1
20140810070 20:49:00 07888 0 1
20140810071 20:59:00 00881 1 1
20140810072 21:09:00 09834 0 0
20140810073 21:19:00 46201 0 0
20140810074 21:30:00 60836 0 0
20140810075 21:40:00 42628 0 0
20140810076 21:50:00 22231 1 0
20140810077 22:00:00 29477 0 1
20140810078 22:10:00 66683 1 0
20140810079 22:20:00 20580 0 0
20140810080 22:31:00 20528 0 0
20140810081 22:41:00 60674 1 0
20140810082 22:51:00 75371 0 0
20140810083 23:01:00 16874 0 0
20140810084 23:11:00 43133 0 1
