20141110001 09:09:00 34164 0 0
20141110002 09:19:00 69644 1 1
20141110003 09:29:00 48649 0 0
20141110004 09:39:00 72462 0 0
20141110005 09:49:00 13924 0 0
20141110006 09:59:00 05210 0 0
20141110007 10:10:00 41421 1 0
20141110008 10:20:00 27514 0 0
20141110009 10:30:00 75953 0 0
20141110010 10:40:00 65716 0 0
20141110011 10:50:00 89316 0 0
20141110012 11:00:00 80738 0 0
20141110013 11:10:00 93362 1 0
20141110014 11:21:00 80179 0 0
20141110015 11:31:00 50194 0 0
20141110016 11:41:00 89741 0 0
20141110017 11:51:00 05348 0 0
20141110018 12:01:00 86014 0 0
20141110019 12:11:00 22086 1 0
20141110020 12:22:00 04431 1 0
20141110021 12:32:00 88943 1 0
20141110022 12:42:00 42491 1 0
20141110023 12:52:00 66049 1 0
20141110024 13:02:00 78085 0 0
20141110025 13:12:00 78014 0 0
20141110026 13:22:00 43518 0 0
20141110027 13:33:00 05121 0 1
20141110028 13:43:00 09244 0 1
20141110029 13:53:00 39655 0 1
20141110030 14:03:00 53168 0 0
20141110031 14:13:00 81947 0 0
20141110032 14:23:00 53652 0 0
20141110033 14:33:00 43113 0 1
20141110034 14:44:00 97076 0 0
20141110035 14:54:00 92742 0 0
20141110036 15:04:00 72349 0 0
20141110037 15:14:00 38055 0 1
20141110038 15:24:00 16459 0 0
20141110039 15:34:00 04568 0 0
20141110040 15:45:00 78831 1 0
20141110041 15:55:00 20947 0 0
20141110042 16:05:00 66447 1 1
20141110043 16:15:00 55675 1 0
20141110044 16:25:00 49444 1 1
20141110045 16:35:00 25517 1 0
20141110046 16:45:00 85161 0 1
20141110047 16:56:00 68771 0 1
20141110048 17:06:00 81801 1 0
20141110049 17:16:00 73063 0 0
20141110050 17:26:00 12865 0 0
20141110051 17:36:00 43610 0 0
20141110052 17:46:00 14917 0 0
20141110053 17:56:00 14013 0 0
20141110054 18:07:00 55725 1 0
20141110055 18:17:00 91494 0 1
20141110056 18:27:00 90990 1 1
20141110057 18:37:00 84543 0 0
20141110058 18:47:00 17184 1 0
20141110059 18:57:00 87171 0 1
20141110060 19:08:00 26732 0 0
20141110061 19:18:00 05866 0 1
20141110062 19:28:00 21326 0 0
20141110063 19:38:00 70754 1 0
20141110064 19:48:00 80032 1 0
20141110065 19:58:00 51952 0 0
20141110066 20:08:00 11618 1 0
20141110067 20:19:00 60669 1 1
20141110068 20:29:00 71027 0 0
20141110069 20:39:00 16845 0 0
20141110070 20:49:00 63972 0 0
20141110071 20:59:00 08462 0 0
20141110072 21:09:00 56227 0 1
20141110073 21:19:00 72248 1 0
20141110074 21:30:00 40256 0 0
20141110075 21:40:00 67821 0 0
20141110076 21:50:00 03654 0 0
20141110077 22:00:00 60407 0 0
20141110078 22:10:00 85442 0 1
20141110079 22:20:00 86067 0 0
20141110080 22:31:00 84554 0 1
20141110081 22:41:00 06110 0 1
20141110082 22:51:00 28451 0 0
20141110083 23:01:00 59305 0 0
20141110084 23:11:00 73862 0 0
