20140116001 09:09:00 97059 0 0
20140116002 09:19:00 57975 0 0
20140116003 09:29:00 32790 0 0
20140116004 09:39:00 66562 1 0
20140116005 09:49:00 82190 0 0
20140116006 09:59:00 26491 0 0
20140116007 10:10:00 10522 0 1
20140116008 10:20:00 86258 0 0
20140116009 10:30:00 61028 0 0
20140116010 10:40:00 51544 1 1
20140116011 10:50:00 50525 1 1
20140116012 11:00:00 58717 0 1
20140116013 11:10:00 99171 1 1
20140116014 11:21:00 84401 1 0
20140116015 11:31:00 75973 0 0
20140116016 11:41:00 71745 1 0
20140116017 11:51:00 28529 0 0
20140116018 12:01:00 17932 0 0
20140116019 12:11:00 16249 0 0
20140116020 12:22:00 12703 0 0
20140116021 12:32:00 04374 0 0
20140116022 12:42:00 84630 0 0
20140116023 12:52:00 50828 0 1
20140116024 13:02:00 05477 0 1
20140116025 13:12:00 93104 0 0
20140116026 13:22:00 73137 0 0
20140116027 13:33:00 43120 0 0
20140116028 13:43:00 87173 0 0
20140116029 13:53:00 19983 1 0
20140116030 14:03:00 74589 0 0
20140116031 14:13:00 06043 1 0
20140116032 14:23:00 07269 0 0
20140116033 14:33:00 84704 0 0
20140116034 14:44:00 73135 0 0
20140116035 14:54:00 40793 0 0
20140116036 15:04:00 43237 0 0
20140116037 15:14:00 87807 1 0
20140116038 15:24:00 06144 0 1
20140116039 15:34:00 17993 0 1
20140116040 15:45:00 12994 0 1
20140116041 15:55:00 94179 0 0
20140116042 16:05:00 56414 0 1
20140116043 16:15:00 06758 0 0
20140116044 16:25:00 82038 0 0
20140116045 16:35:00 65516 1 0
20140116046 16:45:00 74995 0 1
20140116047 16:56:00 24705 0 0
20140116048 17:06:00 17135 1 0
20140116049 17:16:00 81307 0 0
20140116050 17:26:00 69704 0 0
20140116051 17:36:00 75438 0 0
20140116052 17:46:00 52766 0 1
20140116053 17:56:00 85849 1 0
20140116054 18:07:00 25556 1 1
20140116055 18:17:00 87387 0 0
20140116056 18:27:00 85703 0 0
20140116057 18:37:00 67102 0 0
20140116058 18:47:00 41627 0 0
20140116059 18:57:00 19595 0 1
20140116060 19:08:00 51089 0 0
20140116061 19:18:00 83595 0 1
20140116062 19:28:00 83809 1 0
20140116063 19:38:00 95649 0 0
20140116064 19:48:00 24651 0 0
20140116065 19:58:00 85545 1 1
20140116066 20:08:00 57763 1 0
20140116067 20:19:00 57521 1 0
20140116068 20:29:00 11464 1 1
20140116069 20:39:00 16054 0 0
20140116070 20:49:00 98740 0 0
20140116071 20:59:00 19199 1 1
20140116072 21:09:00 77536 1 0
20140116073 21:19:00 22990 1 1
20140116074 21:30:00 58641 0 0
20140116075 21:40:00 46128 0 0
20140116076 21:50:00 47379 0 0
20140116077 22:00:00 65866 0 1
20140116078 22:10:00 66031 1 0
20140116079 22:20:00 06218 0 0
20140116080 22:31:00 27111 0 1
20140116081 22:41:00 08998 0 1
20140116082 22:51:00 72610 0 0
20140116083 23:01:00 09862 0 0
20140116084 23:11:00 08746 0 0
