20140901001 09:09:00 18190 1 0
20140901002 09:19:00 23536 0 0
20140901003 09:29:00 15947 0 0
20140901004 09:39:00 56543 1 0
20140901005 09:49:00 67374 0 0
20140901006 09:59:00 63001 0 1
20140901007 10:10:00 50640 0 0
20140901008 10:20:00 07862 0 0
20140901009 10:30:00 48889 1 1
20140901010 10:40:00 68051 0 0
20140901011 10:50:00 43129 0 0
20140901012 11:00:00 10833 0 1
20140901013 11:10:00 45176 0 0
20140901014 11:21:00 42284 1 0
20140901015 11:31:00 43264 0 0
20140901016 11:41:00 31288 0 1
20140901017 11:51:00 33607 1 0
20140901018 12:01:00 68262 0 1
20140901019 12:11:00 24621 0 0
20140901020 12:22:00 97092 0 0
20140901021 12:32:00 84712 0 0
20140901022 12:42:00 05047 1 0
20140901023 12:52:00 18852 1 0
20140901024 13:02:00 10660 0 1
20140901025 13:12:00 81454 0 1
20140901026 13:22:00 97232 0 1
20140901027 13:33:00 27201 1 0
20140901028 13:43:00 86047 0 0
20140901029 13:53:00 56053 0 0
20140901030 14:03:00 05681 0 0
20140901031 14:13:00 28270 1 0
20140901032 14:23:00 34147 0 0
20140901033 14:33:00 66696 1 1
20140901034 14:44:00 30307 1 0
20140901035 14:54:00 16457 0 0
20140901036 15:04:00 91232 0 1
20140901037 15:14:00 01902 0 0
20140901038 15:24:00 57907 0 0
20140901039 15:34:00 61438 0 0
20140901040 15:45:00 20369 0 0
20140901041 15:55:00 49882 0 1
20140901042 16:05:00 37054 0 0
20140901043 16:15:00 02786 0 0
20140901044 16:25:00 67898 0 1
20140901045 16:35:00 81731 0 0
20140901046 16:45:00 48615 0 0
20140901047 16:56:00 92992 1 1
20140901048 17:06:00 28641 0 0
20140901049 17:16:00 90410 0 0
20140901050 17:26:00 98360 0 0
20140901051 17:36:00 68673 1 0
20140901052 17:46:00 89325 0 0
20140901053 17:56:00 99435 1 0
20140901054 18:07:00 59758 0 0
20140901055 18:17:00 43268 0 0
20140901056 18:27:00 89401 0 0
20140901057 18:37:00 56458 0 0
20140901058 18:47:00 94951 1 0
20140901059 18:57:00 20021 1 0
20140901060 19:08:00 33589 1 0
20140901061 19:18:00 10573 0 0
20140901062 19:28:00 73818 0 1
20140901063 19:38:00 97423 0 0
20140901064 19:48:00 23833 0 1
20140901065 19:58:00 50858 0 1
20140901066 20:08:00 11846 1 0
20140901067 20:19:00 22491 1 0
20140901068 20:29:00 37127 0 0
20140901069 20:39:00 79570 0 0
20140901070 20:49:00 77715 1 0
20140901071 20:59:00 16159 1 0
20140901072 21:09:00 94621 0 0
20140901073 21:19:00 19384 0 0
20140901074 21:30:00 14977 0 1
20140901075 21:40:00 54633 0 1
20140901076 21:50:00 33101 1 1
20140901077 22:00:00 03469 0 0
20140901078 22:10:00 34144 0 1
20140901079 22:20:00 13774 0 1
20140901080 22:31:00 33487 1 0
20140901081 22:41:00 00037 1 0
20140901082 22:51:00 35104 0 0
20140901083 23:01:00 99579 1 0
20140901084 23:11:00 69218 0 0
