20140315001 09:09:00 93507 0 0
20140315002 09:19:00 82668 0 1
20140315003 09:29:00 03190 0 0
20140315004 09:39:00 52779 0 1
20140315005 09:49:00 25371 0 0
20140315006 09:59:00 76733 1 1
20140315007 10:10:00 03933 0 1
20140315008 10:20:00 46191 0 1
20140315009 10:30:00 66227 1 1
20140315010 10:40:00 46006 0 1
20140315011 10:50:00 18668 0 1
20140315012 11:00:00 30525 0 1
20140315013 11:10:00 01989 0 1
20140315014 11:21:00 34389 1 0
20140315015 11:31:00 00730 1 0
20140315016 11:41:00 76172 0 0
20140315017 11:51:00 41069 0 0
20140315018 12:01:00 14809 0 0
20140315019 12:11:00 80824 1 0
20140315020 12:22:00 41576 0 0
20140315021 12:32:00 79102 0 0
20140315022 12:42:00 29278 1 0
20140315023 12:52:00 85748 0 0
20140315024 13:02:00 46475 1 0
20140315025 13:12:00 38885 1 1
20140315026 13:22:00 83752 0 0
20140315027 13:33:00 99969 1 1
20140315028 13:43:00 27576 0 0
20140315029 13:53:00 93362 1 0
20140315030 14:03:00 40844 0 1
20140315031 14:13:00 38059 0 0
20140315032 14:23:00 40173 0 0
20140315033 14:33:00 12734 0 0
20140315034 14:44:00 76999 0 1
20140315035 14:54:00 93868 0 1
20140315036 15:04:00 61802 0 0
20140315037 15:14:00 43550 0 1
20140315038 15:24:00 61397 0 0
20140315039 15:34:00 08095 1 0
20140315040 15:45:00 74018 0 0
20140315041 15:55:00 29698 0 0
20140315042 16:05:00 57706 1 0
20140315043 16:15:00 78750 1 0
20140315044 16:25:00 45265 0 0
20140315045 16:35:00 62491 0 0
20140315046 16:45:00 17880 0 1
20140315047 16:56:00 24462 1 0
20140315048 17:06:00 81973 0 0
20140315049 17:16:00 92092 0 0
20140315050 17:26:00 79909 1 1
20140315051 17:36:00 83801 1 0
20140315052 17:46:00 76663 1 1
20140315053 17:56:00 95228 0 1
20140315054 18:07:00 29584 0 0
20140315055 18:17:00 48801 1 0
20140315056 18:27:00 30899 0 1
20140315057 18:37:00 10923 0 0
20140315058 18:47:00 60169 0 0
20140315059 18:57:00 54756 0 0
20140315060 19:08:00 61685 1 0
20140315061 19:18:00 04111 0 1
20140315062 19:28:00 34965 0 0
20140315063 19:38:00 06789 0 0
20140315064 19:48:00 00357 1 0
20140315065 19:58:00 13732 0 0
20140315066 20:08:00 10764 0 0
20140315067 20:19:00 47189 0 0
20140315068 20:29:00 08118 0 1
20140315069 20:39:00 69093 0 0
20140315070 20:49:00 38189 0 0
20140315071 20:59:00 42300 0 1
20140315072 21:09:00 92296 1 0
20140315073 21:19:00 56553 1 1
20140315074 21:30:00 12565 0 1
20140315075 21:40:00 78860 1 0
20140315076 21:50:00 49392 0 0
20140315077 22:00:00 93312 1 0
20140315078 22:10:00 03635 0 0
20140315079 22:20:00 86671 1 0
20140315080 22:31:00 04922 0 1
20140315081 22:41:00 47488 1 1
20140315082 22:51:00 81916 0 0
20140315083 23:01:00 66803 1 0
20140315084 23:11:00 58985 0 0
