20141015001 09:09:00 91000 0 1
20141015002 09:19:00 36432 0 0
20141015003 09:29:00 28270 1 0
20141015004 09:39:00 06168 0 0
20141015005 09:49:00 01921 0 0
20141015006 09:59:00 26837 0 0
20141015007 10:10:00 98565 0 1
20141015008 10:20:00 75191 0 1
20141015009 10:30:00 69556 0 1
20141015010 10:40:00 17938 0 0
20141015011 10:50:00 89389 0 0
20141015012 11:00:00 80389 0 0
20141015013 11:10:00 87918 0 0
20141015014 11:21:00 72077 0 1
20141015015 11:31:00 79023 0 0
20141015016 11:41:00 85306 0 0
20141015017 11:51:00 33118 1 1
20141015018 12:01:00 95727 0 1
20141015019 12:11:00 27109 0 0
20141015020 12:22:00 92496 0 0
20141015021 12:32:00 96469 0 0
20141015022 12:42:00 43796 0 0
20141015023 12:52:00 75184 0 0
20141015024 13:02:00 02107 0 0
20141015025 13:12:00 44136 1 0
20141015026 13:22:00 30893 0 0
20141015027 13:33:00 53580 1 0
20141015028 13:43:00 55477 1 1
20141015029 13:53:00 80439 0 0
20141015030 14:03:00 54123 0 0
20141015031 14:13:00 50719 0 0
20141015032 14:23:00 02451 0 0
20141015033 14:33:00 57845 0 0
20141015034 14:44:00 11531 1 0
20141015035 14:54:00 67671 1 0
20141015036 15:04:00 65187 0 0
20141015037 15:14:00 74165 0 0
20141015038 15:24:00 17833 0 1
20141015039 15:34:00 06715 0 0
20141015040 15:45:00 26703 0 0
20141015041 15:55:00 10613 0 0
20141015042 16:05:00 36835 0 0
20141015043 16:15:00 72548 0 0
20141015044 16:25:00 75931 0 0
20141015045 16:35:00 32807 0 0
20141015046 16:45:00 46101 0 1
20141015047 16:56:00 09128 0 0
20141015048 17:06:00 20290 1 0
20141015049 17:16:00 73641 0 0
20141015050 17:26:00 61263 0 0
20141015051 17:36:00 87388 0 1
20141015052 17:46:00 33540 1 0
20141015053 17:56:00 67488 0 1
20141015054 18:07:00 85529 1 0
20141015055 18:17:00 08048 1 0
20141015056 18:27:00 33781 1 0
20141015057 18:37:00 53359 1 0
20141015058 18:47:00 43187 0 0
20141015059 18:57:00 45128 0 0
20141015060 19:08:00 35498 0 0
20141015061 19:18:00 93271 0 0
20141015062 19:28:00 85490 0 0
20141015063 19:38:00 16137 1 0
20141015064 19:48:00 94024 0 0
20141015065 19:58:00 73084 0 0
20141015066 20:08:00 46759 0 0
20141015067 20:19:00 02462 0 0
20141015068 20:29:00 50463 0 0
20141015069 20:39:00 33571 1 0
20141015070 20:49:00 20963 0 0
20141015071 20:59:00 96101 0 1
20141015072 21:09:00 73091 0 0
20141015073 21:19:00 94218 0 0
20141015074 21:30:00 47788 1 1
20141015075 21:40:00 14823 0 0
20141015076 21:50:00 94515 0 1
20141015077 22:00:00 17807 0 0
20141015078 22:10:00 91833 0 1
20141015079 22:20:00 49030 0 1
20141015080 22:31:00 23547 0 0
20141015081 22:41:00 20221 1 1
20141015082 22:51:00 47409 1 0
20141015083 23:01:00 58785 0 0
20141015084 23:11:00 09193 0 0
