20140313001 09:09:00 34308 1 0
20140313002 09:19:00 83697 0 0
20140313003 09:29:00 01556 0 1
20140313004 09:39:00 84947 0 0
20140313005 09:49:00 26255 1 1
20140313006 09:59:00 56309 0 0
20140313007 10:10:00 94115 0 1
20140313008 10:20:00 69164 0 0
20140313009 10:30:00 63837 0 0
20140313010 10:40:00 70111 0 1
20140313011 10:50:00 49580 0 0
20140313012 11:00:00 19797 0 1
20140313013 11:10:00 38378 1 0
20140313014 11:21:00 49085 0 0
20140313015 11:31:00 55767 1 1
20140313016 11:41:00 08205 0 0
20140313017 11:51:00 46955 0 1
20140313018 12:01:00 13423 0 0
20140313019 12:11:00 90203 0 0
20140313020 12:22:00 83144 0 1
20140313021 12:32:00 38960 0 0
20140313022 12:42:00 41562 0 0
20140313023 12:52:00 43958 0 0
20140313024 13:02:00 92690 0 0
20140313025 13:12:00 04939 0 1
20140313026 13:22:00 30656 0 1
20140313027 13:33:00 52074 0 0
20140313028 13:43:00 69831 0 0
20140313029 13:53:00 40550 0 1
20140313030 14:03:00 75745 1 0
20140313031 14:13:00 55299 1 1
20140313032 14:23:00 94708 0 0
20140313033 14:33:00 14793 0 0
20140313034 14:44:00 88623 1 0
20140313035 14:54:00 36407 0 0
20140313036 15:04:00 25027 0 0
20140313037 15:14:00 14703 0 0
20140313038 15:24:00 23836 0 0
20140313039 15:34:00 33850 1 0
20140313040 15:45:00 88654 1 0
20140313041 15:55:00 06211 0 1
20140313042 16:05:00 95104 0 0
20140313043 16:15:00 56902 0 0
20140313044 16:25:00 09181 0 1
20140313045 16:35:00 70263 0 0
20140313046 16:45:00 13294 0 0
20140313047 16:56:00 68122 0 1
20140313048 17:06:00 61191 1 1
20140313049 17:16:00 53146 0 0
20140313050 17:26:00 85001 0 1
20140313051 17:36:00 39131 0 1
20140313052 17:46:00 24059 0 0
20140313053 17:56:00 49113 0 1
20140313054 18:07:00 29837 0 0
20140313055 18:17:00 89873 1 0
20140313056 18:27:00 62790 0 0
20140313057 18:37:00 39701 0 0
20140313058 18:47:00 68320 0 0
20140313059 18:57:00 49707 0 1
20140313060 19:08:00 42090 0 1
20140313061 19:18:00 40902 0 0
20140313062 19:28:00 99651 1 0
20140313063 19:38:00 95132 0 0
20140313064 19:48:00 65346 0 0
20140313065 19:58:00 37208 0 0
20140313066 20:08:00 99506 1 0
20140313067 20:19:00 95705 0 0
20140313068 20:29:00 88815 1 0
20140313069 20:39:00 77019 1 0
20140313070 20:49:00 11504 1 0
20140313071 20:59:00 59254 0 0
20140313072 21:09:00 84549 0 0
20140313073 21:19:00 12658 0 0
20140313074 21:30:00 98455 0 1
20140313075 21:40:00 43741 0 0
20140313076 21:50:00 08939 0 1
20140313077 22:00:00 06531 0 0
20140313078 22:10:00 51655 0 1
20140313079 22:20:00 84386 0 0
20140313080 22:31:00 44624 1 0
20140313081 22:41:00 92221 1 1
20140313082 22:51:00 29413 0 0
20140313083 23:01:00 25463 0 0
20140313084 23:11:00 29001 0 1
