20140212001 09:09:00 24103 0 0
20140212002 09:19:00 96267 0 0
20140212003 09:29:00 86287 0 0
20140212004 09:39:00 75374 0 0
20140212005 09:49:00 61013 0 0
20140212006 09:59:00 11764 1 0
20140212007 10:10:00 95838 0 1
20140212008 10:20:00 73056 0 0
20140212009 10:30:00 08787 0 1
20140212010 10:40:00 99512 1 0
20140212011 10:50:00 08572 0 0
20140212012 11:00:00 98188 0 1
20140212013 11:10:00 07972 0 0
20140212014 11:21:00 85006 0 1
20140212015 11:31:00 69774 0 1
20140212016 11:41:00 82807 1 0
20140212017 11:51:00 67828 0 1
20140212018 12:01:00 90143 0 0
20140212019 12:11:00 50726 0 0
20140212020 12:22:00 68277 0 1
20140212021 12:32:00 89610 0 0
20140212022 12:42:00 06802 0 0
20140212023 12:52:00 41454 1 1
20140212024 13:02:00 32640 0 0
20140212025 13:12:00 91508 0 0
20140212026 13:22:00 85114 0 1
20140212027 13:33:00 28914 0 0
20140212028 13:43:00 97848 0 1
20140212029 13:53:00 18435 0 0
20140212030 14:03:00 47868 0 1
20140212031 14:13:00 08321 0 0
20140212032 14:23:00 07970 0 0
20140212033 14:33:00 95403 0 0
20140212034 14:44:00 99164 1 0
20140212035 14:54:00 13333 1 1
20140212036 15:04:00 83009 0 1
20140212037 15:14:00 07116 0 1
20140212038 15:24:00 16927 0 0
20140212039 15:34:00 19560 0 0
20140212040 15:45:00 80186 0 0
20140212041 15:55:00 52668 0 1
20140212042 16:05:00 63625 1 0
20140212043 16:15:00 38338 1 1
20140212044 16:25:00 35811 0 1
20140212045 16:35:00 83429 0 0
20140212046 16:45:00 55829 1 0
20140212047 16:56:00 76541 0 0
20140212048 17:06:00 15890 0 0
20140212049 17:16:00 52778 0 1
20140212050 17:26:00 39729 0 0
20140212051 17:36:00 17192 1 0
20140212052 17:46:00 43885 0 1
20140212053 17:56:00 11736 1 0
20140212054 18:07:00 09666 0 1
20140212055 18:17:00 46255 0 1
20140212056 18:27:00 49342 0 0
20140212057 18:37:00 26708 0 0
20140212058 18:47:00 43450 1 0
20140212059 18:57:00 41086 0 0
20140212060 19:08:00 94284 0 0
20140212061 19:18:00 34539 0 0
20140212062 19:28:00 57526 1 0
20140212063 19:38:00 43471 1 0
20140212064 19:48:00 33366 1 1
20140212065 19:58:00 90195 0 0
20140212066 20:08:00 90728 0 0
20140212067 20:19:00 71803 0 0
20140212068 20:29:00 89402 0 0
20140212069 20:39:00 77367 1 0
20140212070 20:49:00 82015 0 0
20140212071 20:59:00 26604 1 0
20140212072 21:09:00 97208 0 0
20140212073 21:19:00 66577 1 1
20140212074 21:30:00 45718 0 0
20140212075 21:40:00 56343 0 1
20140212076 21:50:00 53134 0 0
20140212077 22:00:00 41988 0 1
20140212078 22:10:00 56445 0 1
20140212079 22:20:00 79928 1 0
20140212080 22:31:00 33705 1 0
20140212081 22:41:00 10668 0 1
20140212082 22:51:00 00645 1 0
20140212083 23:01:00 75281 0 0
20140212084 23:11:00 22845 1 0
