20140303001 09:09:00 05288 0 1
20140303002 09:19:00 21716 0 0
20140303003 09:29:00 43829 0 0
20140303004 09:39:00 57072 0 0
20140303005 09:49:00 08247 0 0
20140303006 09:59:00 03732 0 0
20140303007 10:10:00 58192 0 0
20140303008 10:20:00 49422 1 1
20140303009 10:30:00 62645 1 0
20140303010 10:40:00 01644 0 1
20140303011 10:50:00 26502 0 0
20140303012 11:00:00 48168 0 0
20140303013 11:10:00 39982 1 0
20140303014 11:21:00 28160 0 0
20140303015 11:31:00 83813 1 0
20140303016 11:41:00 44153 1 0
20140303017 11:51:00 20355 0 1
20140303018 12:01:00 55197 1 0
20140303019 12:11:00 35646 0 1
20140303020 12:22:00 87216 0 0
20140303021 12:32:00 64516 0 0
20140303022 12:42:00 44303 1 1
20140303023 12:52:00 20334 0 1
20140303024 13:02:00 59740 0 0
20140303025 13:12:00 33374 1 0
20140303026 13:22:00 00538 1 0
20140303027 13:33:00 15522 1 1
20140303028 13:43:00 78778 1 1
20140303029 13:53:00 62648 1 0
20140303030 14:03:00 81483 0 0
20140303031 14:13:00 41101 1 1
20140303032 14:23:00 75645 0 0
20140303033 14:33:00 35104 0 0
20140303034 14:44:00 50587 1 0
20140303035 14:54:00 51877 0 1
20140303036 15:04:00 86746 0 0
20140303037 15:14:00 57795 1 0
20140303038 15:24:00 39765 0 0
20140303039 15:34:00 88751 1 0
20140303040 15:45:00 95613 0 0
20140303041 15:55:00 59508 1 0
20140303042 16:05:00 49197 0 0
20140303043 16:15:00 77671 1 0
20140303044 16:25:00 66845 1 0
20140303045 16:35:00 80496 0 0
20140303046 16:45:00 09664 0 1
20140303047 16:56:00 76401 0 0
20140303048 17:06:00 29160 0 0
20140303049 17:16:00 29731 0 0
20140303050 17:26:00 81654 0 0
20140303051 17:36:00 46606 1 1
20140303052 17:46:00 61316 0 0
20140303053 17:56:00 56212 0 1
20140303054 18:07:00 90704 0 0
20140303055 18:17:00 96941 1 0
20140303056 18:27:00 84980 0 0
20140303057 18:37:00 64845 0 0
20140303058 18:47:00 86007 0 1
20140303059 18:57:00 41026 0 0
20140303060 19:08:00 72654 0 0
20140303061 19:18:00 04713 0 0
20140303062 19:28:00 04282 0 1
20140303063 19:38:00 51952 0 0
20140303064 19:48:00 36800 0 1
20140303065 19:58:00 80529 0 0
20140303066 20:08:00 28574 0 0
20140303067 20:19:00 96921 1 0
20140303068 20:29:00 16867 0 0
20140303069 20:39:00 52122 0 1
20140303070 20:49:00 82625 0 0
20140303071 20:59:00 76503 0 0
20140303072 21:09:00 39233 0 1
20140303073 21:19:00 35616 0 1
20140303074 21:30:00 09631 0 0
20140303075 21:40:00 08380 0 0
20140303076 21:50:00 76326 0 0
20140303077 22:00:00 72632 0 0
20140303078 22:10:00 46775 0 1
20140303079 22:20:00 35840 0 0
20140303080 22:31:00 79155 0 1
20140303081 22:41:00 16485 0 0
20140303082 22:51:00 47846 0 0
20140303083 23:01:00 62567 0 0
20140303084 23:11:00 29847 0 0
