20141125001 09:09:00 42801 0 0
20141125002 09:19:00 18490 0 0
20141125003 09:29:00 78774 1 1
20141125004 09:39:00 07925 0 0
20141125005 09:49:00 01461 0 0
20141125006 09:59:00 26477 0 1
20141125007 10:10:00 22412 1 0
20141125008 10:20:00 20128 0 0
20141125009 10:30:00 41643 0 0
20141125010 10:40:00 80641 0 0
20141125011 10:50:00 60776 0 1
20141125012 11:00:00 82254 1 0
20141125013 11:10:00 57300 0 1
20141125014 11:21:00 29774 0 1
20141125015 11:31:00 51022 0 1
20141125016 11:41:00 75228 0 1
20141125017 11:51:00 73132 0 0
20141125018 12:01:00 13976 0 0
20141125019 12:11:00 81345 0 0
20141125020 12:22:00 68865 1 0
20141125021 12:32:00 14404 1 1
20141125022 12:42:00 43015 0 0
20141125023 12:52:00 22977 1 1
20141125024 13:02:00 08506 0 0
20141125025 13:12:00 26712 0 0
20141125026 13:22:00 31085 0 0
20141125027 13:33:00 52358 0 0
20141125028 13:43:00 43657 0 0
20141125029 13:53:00 98859 1 0
20141125030 14:03:00 71018 0 0
20141125031 14:13:00 15767 0 1
20141125032 14:23:00 13649 0 0
20141125033 14:33:00 47873 0 0
20141125034 14:44:00 76370 0 0
20141125035 14:54:00 35490 0 0
20141125036 15:04:00 73452 0 0
20141125037 15:14:00 47456 1 0
20141125038 15:24:00 95392 0 0
20141125039 15:34:00 67809 0 0
20141125040 15:45:00 45573 1 0
20141125041 15:55:00 87912 0 0
20141125042 16:05:00 55377 1 1
20141125043 16:15:00 56693 1 0
20141125044 16:25:00 33694 1 0
20141125045 16:35:00 41316 0 0
20141125046 16:45:00 84837 1 0
20141125047 16:56:00 15417 0 0
20141125048 17:06:00 53760 0 0
20141125049 17:16:00 84932 0 0
20141125050 17:26:00 01259 0 0
20141125051 17:36:00 87142 0 0
20141125052 17:46:00 39054 0 0
20141125053 17:56:00 43333 1 1
20141125054 18:07:00 04000 1 1
20141125055 18:17:00 79259 0 0
20141125056 18:27:00 01931 0 0
20141125057 18:37:00 87231 0 0
20141125058 18:47:00 40110 0 1
20141125059 18:57:00 81976 0 0
20141125060 19:08:00 67771 1 1
20141125061 19:18:00 84829 1 0
20141125062 19:28:00 95758 0 0
20141125063 19:38:00 32570 0 0
20141125064 19:48:00 80936 0 0
20141125065 19:58:00 45959 0 1
20141125066 20:08:00 76449 0 1
20141125067 20:19:00 79435 0 0
20141125068 20:29:00 77266 1 1
20141125069 20:39:00 45166 0 1
20141125070 20:49:00 70844 0 1
20141125071 20:59:00 05976 0 0
20141125072 21:09:00 49282 0 1
20141125073 21:19:00 47874 0 0
20141125074 21:30:00 88171 1 1
20141125075 21:40:00 54146 0 0
20141125076 21:50:00 39629 0 0
20141125077 22:00:00 07486 0 0
20141125078 22:10:00 54784 0 0
20141125079 22:20:00 20463 0 0
20141125080 22:31:00 26023 0 0
20141125081 22:41:00 24828 0 1
20141125082 22:51:00 89299 0 1
20141125083 23:01:00 60089 1 0
20141125084 23:11:00 40629 0 0
