20140403001 09:09:00 71211 0 1
20140403002 09:19:00 21660 0 1
20140403003 09:29:00 71417 0 0
20140403004 09:39:00 28765 0 0
20140403005 09:49:00 54402 1 0
20140403006 09:59:00 93891 0 0
20140403007 10:10:00 70973 0 0
20140403008 10:20:00 87972 0 0
20140403009 10:30:00 87441 0 1
20140403010 10:40:00 38347 1 0
20140403011 10:50:00 94547 0 0
20140403012 11:00:00 86780 0 0
20140403013 11:10:00 66246 1 0
20140403014 11:21:00 47458 1 0
20140403015 11:31:00 64180 0 0
20140403016 11:41:00 04846 0 0
20140403017 11:51:00 04490 1 0
20140403018 12:01:00 83341 1 0
20140403019 12:11:00 36666 1 1
20140403020 12:22:00 39801 0 0
20140403021 12:32:00 07588 0 1
20140403022 12:42:00 65491 0 0
20140403023 12:52:00 50942 0 0
20140403024 13:02:00 89545 0 1
20140403025 13:12:00 45826 0 0
20140403026 13:22:00 50449 0 1
20140403027 13:33:00 82002 0 1
20140403028 13:43:00 34597 0 0
20140403029 13:53:00 18366 0 1
20140403030 14:03:00 45222 0 1
20140403031 14:13:00 35816 0 0
20140403032 14:23:00 23991 0 1
20140403033 14:33:00 48730 0 0
20140403034 14:44:00 17575 0 1
20140403035 14:54:00 16153 1 0
20140403036 15:04:00 48829 1 0
20140403037 15:14:00 71600 0 1
20140403038 15:24:00 02916 0 0
20140403039 15:34:00 00047 1 0
20140403040 15:45:00 60884 0 1
20140403041 15:55:00 71049 0 0
20140403042 16:05:00 64045 0 0
20140403043 16:15:00 74465 1 0
20140403044 16:25:00 76648 1 0
20140403045 16:35:00 78567 0 0
20140403046 16:45:00 36883 0 1
20140403047 16:56:00 08801 1 0
20140403048 17:06:00 85895 1 0
20140403049 17:16:00 02542 0 0
20140403050 17:26:00 55178 1 0
20140403051 17:36:00 10881 0 1
20140403052 17:46:00 95244 0 1
20140403053 17:56:00 67984 0 0
20140403054 18:07:00 64098 0 0
20140403055 18:17:00 24500 0 1
20140403056 18:27:00 68869 1 0
20140403057 18:37:00 48671 0 0
20140403058 18:47:00 58826 1 0
20140403059 18:57:00 25138 0 0
20140403060 19:08:00 42694 0 0
20140403061 19:18:00 78372 0 0
20140403062 19:28:00 44246 1 0
20140403063 19:38:00 50457 0 0
20140403064 19:48:00 50651 0 0
20140403065 19:58:00 67943 0 0
20140403066 20:08:00 04967 0 0
20140403067 20:19:00 77317 1 0
20140403068 20:29:00 47688 0 1
20140403069 20:39:00 20114 0 1
20140403070 20:49:00 33113 1 1
20140403071 20:59:00 27124 0 0
20140403072 21:09:00 39185 0 0
20140403073 21:19:00 52407 0 0
20140403074 21:30:00 31581 0 0
20140403075 21:40:00 37087 0 0
20140403076 21:50:00 46460 1 0
20140403077 22:00:00 67988 0 1
20140403078 22:10:00 32031 0 0
20140403079 22:20:00 45999 0 1
20140403080 22:31:00 99136 1 0
20140403081 22:41:00 18835 1 0
20140403082 22:51:00 32329 1 0
20140403083 23:01:00 66479 1 0
20140403084 23:11:00 43949 0 1
