20140127001 09:09:00 75887 0 1
20140127002 09:19:00 04696 0 1
20140127003 09:29:00 63009 0 1
20140127004 09:39:00 26156 0 0
20140127005 09:49:00 75146 0 0
20140127006 09:59:00 33015 1 0
20140127007 10:10:00 71722 1 1
20140127008 10:20:00 66831 1 0
20140127009 10:30:00 95121 0 1
20140127010 10:40:00 72398 0 0
20140127011 10:50:00 07632 0 0
20140127012 11:00:00 67335 0 1
20140127013 11:10:00 17454 0 1
20140127014 11:21:00 49046 0 0
20140127015 11:31:00 30629 0 0
20140127016 11:41:00 17560 0 0
20140127017 11:51:00 28321 0 0
20140127018 12:01:00 58431 0 0
20140127019 12:11:00 12413 0 0
20140127020 12:22:00 80803 1 0
20140127021 12:32:00 81258 0 0
20140127022 12:42:00 44987 1 0
20140127023 12:52:00 75781 1 0
20140127024 13:02:00 22655 1 1
20140127025 13:12:00 46060 0 1
20140127026 13:22:00 33274 1 0
20140127027 13:33:00 26764 0 0
20140127028 13:43:00 81619 0 0
20140127029 13:53:00 52791 0 0
20140127030 14:03:00 55879 1 0
20140127031 14:13:00 98109 0 0
20140127032 14:23:00 97161 0 1
20140127033 14:33:00 15446 0 1
20140127034 14:44:00 88351 1 0
20140127035 14:54:00 50332 0 1
20140127036 15:04:00 35748 0 0
20140127037 15:14:00 76414 0 1
20140127038 15:24:00 51114 1 1
20140127039 15:34:00 09165 0 0
20140127040 15:45:00 70204 0 0
20140127041 15:55:00 45240 0 0
20140127042 16:05:00 08897 1 0
20140127043 16:15:00 52660 0 1
20140127044 16:25:00 66878 1 1
20140127045 16:35:00 79208 0 0
20140127046 16:45:00 90352 0 0
20140127047 16:56:00 66156 1 0
20140127048 17:06:00 23531 0 0
20140127049 17:16:00 58016 0 0
20140127050 17:26:00 39262 0 1
20140127051 17:36:00 84226 0 1
20140127052 17:46:00 03813 0 0
20140127053 17:56:00 06574 0 0
20140127054 18:07:00 26215 1 0
20140127055 18:17:00 80490 0 0
20140127056 18:27:00 99880 1 1
20140127057 18:37:00 91957 1 0
20140127058 18:47:00 11705 1 0
20140127059 18:57:00 87271 0 0
20140127060 19:08:00 15840 0 0
20140127061 19:18:00 91845 0 0
20140127062 19:28:00 35194 0 0
20140127063 19:38:00 13458 0 0
20140127064 19:48:00 95217 0 0
20140127065 19:58:00 60475 0 0
20140127066 20:08:00 66362 1 0
20140127067 20:19:00 42237 1 0
20140127068 20:29:00 50034 1 0
20140127069 20:39:00 40771 0 1
20140127070 20:49:00 39915 1 0
20140127071 20:59:00 97209 0 0
20140127072 21:09:00 82594 0 0
20140127073 21:19:00 71758 1 0
20140127074 21:30:00 11011 1 1
20140127075 21:40:00 15035 0 0
20140127076 21:50:00 01940 0 0
20140127077 22:00:00 54788 0 1
20140127078 22:10:00 08152 0 0
20140127079 22:20:00 00195 1 0
20140127080 22:31:00 42498 1 0
20140127081 22:41:00 11703 1 0
20140127082 22:51:00 21803 0 0
20140127083 23:01:00 28904 0 0
20140127084 23:11:00 78211 0 1
