20141104001 09:09:00 27680 0 0
20141104002 09:19:00 71331 0 1
20141104003 09:29:00 24585 0 1
20141104004 09:39:00 36773 0 1
20141104005 09:49:00 89508 0 0
20141104006 09:59:00 32904 0 0
20141104007 10:10:00 01992 0 1
20141104008 10:20:00 06658 1 0
20141104009 10:30:00 57798 1 0
20141104010 10:40:00 23454 0 1
20141104011 10:50:00 41257 0 0
20141104012 11:00:00 71394 0 0
20141104013 11:10:00 18487 0 0
20141104014 11:21:00 47043 0 0
20141104015 11:31:00 42747 0 1
20141104016 11:41:00 10769 0 0
20141104017 11:51:00 10110 1 1
20141104018 12:01:00 44913 1 0
20141104019 12:11:00 78270 0 0
20141104020 12:22:00 63362 1 0
20141104021 12:32:00 16610 1 0
20141104022 12:42:00 61161 1 1
20141104023 12:52:00 46424 1 1
20141104024 13:02:00 28908 0 0
20141104025 13:12:00 69579 0 0
20141104026 13:22:00 14988 0 1
20141104027 13:33:00 82321 0 0
20141104028 13:43:00 09545 0 1
20141104029 13:53:00 70795 1 0
20141104030 14:03:00 37659 0 0
20141104031 14:13:00 88886 1 1
20141104032 14:23:00 47682 0 0
20141104033 14:33:00 33700 1 1
20141104034 14:44:00 56848 0 1
20141104035 14:54:00 45189 0 0
20141104036 15:04:00 50310 0 0
20141104037 15:14:00 02659 0 0
20141104038 15:24:00 31789 0 0
20141104039 15:34:00 07253 0 0
20141104040 15:45:00 13821 0 0
20141104041 15:55:00 44388 1 1
20141104042 16:05:00 29801 0 0
20141104043 16:15:00 78405 0 0
20141104044 16:25:00 58409 0 0
20141104045 16:35:00 26201 1 0
20141104046 16:45:00 22526 1 0
20141104047 16:56:00 63547 0 0
20141104048 17:06:00 65857 0 0
20141104049 17:16:00 86508 0 0
20141104050 17:26:00 58644 0 1
20141104051 17:36:00 77502 1 0
20141104052 17:46:00 25873 0 0
20141104053 17:56:00 31743 0 0
20141104054 18:07:00 32093 0 0
20141104055 18:17:00 22882 1 1
20141104056 18:27:00 52694 0 0
20141104057 18:37:00 18226 0 1
20141104058 18:47:00 76582 0 0
20141104059 18:57:00 69624 1 0
20141104060 19:08:00 48531 0 0
20141104061 19:18:00 30374 1 0
20141104062 19:28:00 89916 1 0
20141104063 19:38:00 35415 0 0
20141104064 19:48:00 88328 1 0
20141104065 19:58:00 09903 1 0
20141104066 20:08:00 74481 1 0
20141104067 20:19:00 05238 0 0
20141104068 20:29:00 94185 0 0
20141104069 20:39:00 11468 1 0
20141104070 20:49:00 27685 0 0
20141104071 20:59:00 84386 0 0
20141104072 21:09:00 67986 0 0
20141104073 21:19:00 18815 1 0
20141104074 21:30:00 88706 1 0
20141104075 21:40:00 56633 1 1
20141104076 21:50:00 38077 0 1
20141104077 22:00:00 47750 1 0
20141104078 22:10:00 70286 0 0
20141104079 22:20:00 74867 0 0
20141104080 22:31:00 25212 1 1
20141104081 22:41:00 77709 1 0
20141104082 22:51:00 09770 0 1
20141104083 23:01:00 21627 0 0
20141104084 23:11:00 87909 0 1
