20140625001 09:09:00 89357 0 0
20140625002 09:19:00 79890 0 0
20140625003 09:29:00 00195 1 0
20140625004 09:39:00 11500 1 1
20140625005 09:49:00 03544 0 1
20140625006 09:59:00 86500 0 1
20140625007 10:10:00 18438 0 0
20140625008 10:20:00 26137 0 0
20140625009 10:30:00 50062 1 0
20140625010 10:40:00 90000 1 1
20140625011 10:50:00 31913 0 0
20140625012 11:00:00 75057 0 0
20140625013 11:10:00 87158 0 0
20140625014 11:21:00 98995 1 1
20140625015 11:31:00 85974 0 0
20140625016 11:41:00 31154 1 0
20140625017 11:51:00 52995 0 1
20140625018 12:01:00 06209 0 0
20140625019 12:11:00 47327 0 0
20140625020 12:22:00 79832 0 0
20140625021 12:32:00 67773 1 1
20140625022 12:42:00 61307 0 0
20140625023 12:52:00 94963 1 0
20140625024 13:02:00 82395 0 0
20140625025 13:12:00 90576 0 0
20140625026 13:22:00 34518 0 0
20140625027 13:33:00 72720 1 0
20140625028 13:43:00 43206 0 0
20140625029 13:53:00 56571 1 0
20140625030 14:03:00 82097 0 0
20140625031 14:13:00 48271 0 0
20140625032 14:23:00 07652 0 0
20140625033 14:33:00 20197 0 0
20140625034 14:44:00 75871 0 0
20140625035 14:54:00 00417 1 0
20140625036 15:04:00 67669 1 1
20140625037 15:14:00 10530 0 0
20140625038 15:24:00 52546 1 0
20140625039 15:34:00 54971 0 0
20140625040 15:45:00 51825 0 0
20140625041 15:55:00 86772 0 1
20140625042 16:05:00 40421 1 0
20140625043 16:15:00 74157 0 0
20140625044 16:25:00 68318 0 0
20140625045 16:35:00 19121 1 1
20140625046 16:45:00 53051 0 0
20140625047 16:56:00 29228 1 1
20140625048 17:06:00 77996 1 1
20140625049 17:16:00 08531 0 0
20140625050 17:26:00 58175 0 0
20140625051 17:36:00 24144 0 1
20140625052 17:46:00 69315 0 0
20140625053 17:56:00 27224 1 1
20140625054 18:07:00 73494 0 1
20140625055 18:17:00 51341 0 0
20140625056 18:27:00 30939 0 1
20140625057 18:37:00 83965 0 0
20140625058 18:47:00 42526 0 0
20140625059 18:57:00 87028 0 0
20140625060 19:08:00 35950 0 0
20140625061 19:18:00 23095 0 0
20140625062 19:28:00 16623 1 0
20140625063 19:38:00 88852 1 0
20140625064 19:48:00 56115 0 1
20140625065 19:58:00 65659 1 0
20140625066 20:08:00 80749 0 0
20140625067 20:19:00 47235 0 0
20140625068 20:29:00 27655 0 1
20140625069 20:39:00 45223 0 1
20140625070 20:49:00 53239 0 0
20140625071 20:59:00 51183 1 0
20140625072 21:09:00 68489 0 0
20140625073 21:19:00 47086 0 0
20140625074 21:30:00 38804 1 0
20140625075 21:40:00 76756 1 0
20140625076 21:50:00 94485 1 0
20140625077 22:00:00 20347 0 0
20140625078 22:10:00 00196 1 0
20140625079 22:20:00 42780 0 0
20140625080 22:31:00 01004 1 1
20140625081 22:41:00 88219 1 0
20140625082 22:51:00 32720 0 0
20140625083 23:01:00 95692 0 0
20140625084 23:11:00 93732 0 0
