20140723001 09:09:00 06379 0 0
20140723002 09:19:00 48287 0 0
20140723003 09:29:00 98679 0 0
20140723004 09:39:00 52329 0 0
20140723005 09:49:00 67267 0 0
20140723006 09:59:00 05881 0 1
20140723007 10:10:00 00751 1 0
20140723008 10:20:00 82102 0 0
20140723009 10:30:00 10205 0 0
20140723010 10:40:00 47258 0 0
20140723011 10:50:00 67795 1 0
20140723012 11:00:00 15226 0 1
20140723013 11:10:00 79582 0 0
20140723014 11:21:00 35969 0 1
20140723015 11:31:00 96603 1 0
20140723016 11:41:00 03501 0 0
20140723017 11:51:00 47308 0 0
20140723018 12:01:00 63322 1 1
20140723019 12:11:00 36221 0 1
20140723020 12:22:00 06251 0 0
20140723021 12:32:00 53169 0 0
20140723022 12:42:00 54226 0 1
20140723023 12:52:00 31643 0 0
20140723024 13:02:00 56610 1 0
20140723025 13:12:00 47938 0 0
20140723026 13:22:00 50340 0 0
20140723027 13:33:00 05968 0 0
20140723028 13:43:00 41573 0 0
20140723029 13:53:00 69995 1 1
20140723030 14:03:00 10268 0 0
20140723031 14:13:00 48015 0 0
20140723032 14:23:00 46956 0 0
20140723033 14:33:00 50202 0 1
20140723034 14:44:00 31046 0 0
20140723035 14:54:00 81123 1 0
20140723036 15:04:00 60969 0 1
20140723037 15:14:00 03728 0 0
20140723038 15:24:00 40107 0 0
20140723039 15:34:00 72795 1 0
20140723040 15:45:00 55706 1 0
20140723041 15:55:00 12329 0 0
20140723042 16:05:00 94594 0 0
20140723043 16:15:00 68903 0 0
20140723044 16:25:00 30521 0 0
20140723045 16:35:00 28613 0 0
20140723046 16:45:00 74739 1 0
20140723047 16:56:00 42239 1 0
20140723048 17:06:00 53551 1 1
20140723049 17:16:00 25860 0 0
20140723050 17:26:00 92264 1 0
20140723051 17:36:00 89464 0 1
20140723052 17:46:00 75962 0 0
20140723053 17:56:00 24084 0 0
20140723054 18:07:00 85992 0 1
20140723055 18:17:00 90948 1 0
20140723056 18:27:00 83059 0 0
20140723057 18:37:00 27893 0 0
20140723058 18:47:00 64329 0 0
20140723059 18:57:00 69376 0 0
20140723060 19:08:00 95923 1 0
20140723061 19:18:00 55216 1 0
20140723062 19:28:00 65102 0 0
20140723063 19:38:00 32402 0 0
20140723064 19:48:00 55899 1 1
20140723065 19:58:00 02580 0 0
20140723066 20:08:00 02599 0 1
20140723067 20:19:00 82967 0 0
20140723068 20:29:00 61363 0 1
20140723069 20:39:00 87592 0 0
20140723070 20:49:00 80122 0 1
20140723071 20:59:00 77394 1 0
20140723072 21:09:00 04427 1 0
20140723073 21:19:00 37396 1 0
20140723074 21:30:00 17146 1 0
20140723075 21:40:00 92581 0 0
20140723076 21:50:00 67482 0 0
20140723077 22:00:00 94186 0 0
20140723078 22:10:00 96327 0 0
20140723079 22:20:00 52419 0 0
20140723080 22:31:00 51031 0 0
20140723081 22:41:00 23619 0 0
20140723082 22:51:00 09740 0 0
20140723083 23:01:00 35097 0 0
20140723084 23:11:00 31504 0 0
