20140703001 09:09:00 36630 1 0
20140703002 09:19:00 09416 0 0
20140703003 09:29:00 36532 0 0
20140703004 09:39:00 06301 0 0
20140703005 09:49:00 92594 0 0
20140703006 09:59:00 42930 0 0
20140703007 10:10:00 96112 0 1
20140703008 10:20:00 31982 0 0
20140703009 10:30:00 54974 0 0
20140703010 10:40:00 25968 0 0
20140703011 10:50:00 24709 0 0
20140703012 11:00:00 07918 0 0
20140703013 11:10:00 94093 0 0
20140703014 11:21:00 27127 0 0
20140703015 11:31:00 66388 1 1
20140703016 11:41:00 82903 0 0
20140703017 11:51:00 67810 0 0
20140703018 12:01:00 63450 0 0
20140703019 12:11:00 22957 1 0
20140703020 12:22:00 69035 0 0
20140703021 12:32:00 63565 0 1
20140703022 12:42:00 31547 0 0
20140703023 12:52:00 81364 0 0
20140703024 13:02:00 72278 1 0
20140703025 13:12:00 52439 0 0
20140703026 13:22:00 18862 1 0
20140703027 13:33:00 12909 0 1
20140703028 13:43:00 79748 1 0
20140703029 13:53:00 60956 0 0
20140703030 14:03:00 81394 0 0
20140703031 14:13:00 98867 1 0
20140703032 14:23:00 28163 0 0
20140703033 14:33:00 41001 0 1
20140703034 14:44:00 08324 0 0
20140703035 14:54:00 44827 1 0
20140703036 15:04:00 43243 0 0
20140703037 15:14:00 81049 0 0
20140703038 15:24:00 36142 0 0
20140703039 15:34:00 99575 1 1
20140703040 15:45:00 70821 0 0
20140703041 15:55:00 70609 0 0
20140703042 16:05:00 47808 0 1
20140703043 16:15:00 71877 0 1
20140703044 16:25:00 04256 0 0
20140703045 16:35:00 11510 1 0
20140703046 16:45:00 35187 0 0
20140703047 16:56:00 75772 1 1
20140703048 17:06:00 53913 0 0
20140703049 17:16:00 03969 0 1
20140703050 17:26:00 27452 0 0
20140703051 17:36:00 03012 1 0
20140703052 17:46:00 38715 0 0
20140703053 17:56:00 29957 1 0
20140703054 18:07:00 01055 1 1
20140703055 18:17:00 27915 0 0
20140703056 18:27:00 90890 0 0
20140703057 18:37:00 88983 1 0
20140703058 18:47:00 31630 0 0
20140703059 18:57:00 70547 0 0
20140703060 19:08:00 83269 0 0
20140703061 19:18:00 14126 1 0
20140703062 19:28:00 61505 0 1
20140703063 19:38:00 80548 0 0
20140703064 19:48:00 85673 0 0
20140703065 19:58:00 62768 0 0
20140703066 20:08:00 46989 0 1
20140703067 20:19:00 79824 0 0
20140703068 20:29:00 11909 1 1
20140703069 20:39:00 44819 1 0
20140703070 20:49:00 72613 0 0
20140703071 20:59:00 09388 0 1
20140703072 21:09:00 65400 0 1
20140703073 21:19:00 77964 1 0
20140703074 21:30:00 15343 0 1
20140703075 21:40:00 79596 0 0
20140703076 21:50:00 93961 1 0
20140703077 22:00:00 25604 0 0
20140703078 22:10:00 41965 0 0
20140703079 22:20:00 68277 0 1
20140703080 22:31:00 98322 0 1
20140703081 22:41:00 89521 0 0
20140703082 22:51:00 02326 0 0
20140703083 23:01:00 51897 0 0
20140703084 23:11:00 92391 0 0
