20141219001 09:09:00 19943 1 0
20141219002 09:19:00 19350 0 0
20141219003 09:29:00 87724 1 0
20141219004 09:39:00 28163 0 0
20141219005 09:49:00 67600 1 1
20141219006 09:59:00 16822 0 1
20141219007 10:10:00 56807 0 0
20141219008 10:20:00 06851 0 0
20141219009 10:30:00 16101 1 1
20141219010 10:40:00 89406 0 0
20141219011 10:50:00 45370 0 0
20141219012 11:00:00 51142 1 0
20141219013 11:10:00 91807 0 0
20141219014 11:21:00 67426 0 0
20141219015 11:31:00 02963 0 0
20141219016 11:41:00 38057 0 0
20141219017 11:51:00 89302 0 0
20141219018 12:01:00 54363 0 1
20141219019 12:11:00 83782 0 0
20141219020 12:22:00 80240 0 0
20141219021 12:32:00 39355 1 1
20141219022 12:42:00 25287 1 0
20141219023 12:52:00 10912 0 0
20141219024 13:02:00 95036 0 0
20141219025 13:12:00 44739 1 0
20141219026 13:22:00 86737 0 1
20141219027 13:33:00 93321 1 0
20141219028 13:43:00 69394 0 0
20141219029 13:53:00 63967 0 0
20141219030 14:03:00 39089 0 0
20141219031 14:13:00 33199 1 1
20141219032 14:23:00 30693 0 0
20141219033 14:33:00 80410 0 0
20141219034 14:44:00 93461 0 0
20141219035 14:54:00 13642 0 0
20141219036 15:04:00 22815 1 0
20141219037 15:14:00 86990 0 1
20141219038 15:24:00 01063 1 0
20141219039 15:34:00 84458 1 0
20141219040 15:45:00 95333 0 1
20141219041 15:55:00 75431 0 0
20141219042 16:05:00 14156 1 0
20141219043 16:15:00 21921 0 0
20141219044 16:25:00 79726 1 0
20141219045 16:35:00 65582 1 0
20141219046 16:45:00 10690 0 0
20141219047 16:56:00 81704 0 0
20141219048 17:06:00 08465 0 0
20141219049 17:16:00 88399 1 1
20141219050 17:26:00 78915 0 0
20141219051 17:36:00 04355 0 1
20141219052 17:46:00 70178 0 0
20141219053 17:56:00 34552 0 1
20141219054 18:07:00 59374 0 0
20141219055 18:17:00 08803 1 0
20141219056 18:27:00 11333 1 1
20141219057 18:37:00 00426 1 0
20141219058 18:47:00 64528 0 0
20141219059 18:57:00 39458 0 0
20141219060 19:08:00 76188 0 1
20141219061 19:18:00 34746 0 0
20141219062 19:28:00 16083 0 0
20141219063 19:38:00 75652 0 0
20141219064 19:48:00 19006 0 1
20141219065 19:58:00 60408 0 0
20141219066 20:08:00 86555 0 1
20141219067 20:19:00 31742 0 0
20141219068 20:29:00 94861 0 0
20141219069 20:39:00 30824 0 0
20141219070 20:49:00 71233 0 1
20141219071 20:59:00 91257 0 0
20141219072 21:09:00 06324 0 0
20141219073 21:19:00 78978 0 0
20141219074 21:30:00 23929 0 1
20141219075 21:40:00 65943 0 0
20141219076 21:50:00 77325 1 0
20141219077 22:00:00 87123 0 0
20141219078 22:10:00 91854 0 0
20141219079 22:20:00 20758 0 0
20141219080 22:31:00 61193 1 0
20141219081 22:41:00 57402 0 0
20141219082 22:51:00 93060 0 1
20141219083 23:01:00 80596 0 0
20141219084 23:11:00 25234 1 0
