20141107001 09:09:00 93048 0 0
20141107002 09:19:00 92802 0 0
20141107003 09:29:00 56280 0 0
20141107004 09:39:00 70342 0 0
20141107005 09:49:00 15119 1 1
20141107006 09:59:00 09237 0 0
20141107007 10:10:00 26258 1 0
20141107008 10:20:00 13829 0 0
20141107009 10:30:00 78992 0 1
20141107010 10:40:00 32193 0 0
20141107011 10:50:00 58748 0 0
20141107012 11:00:00 68130 0 0
20141107013 11:10:00 18441 0 1
20141107014 11:21:00 58238 0 0
20141107015 11:31:00 80683 0 0
20141107016 11:41:00 99705 1 0
20141107017 11:51:00 79460 0 0
20141107018 12:01:00 36187 0 0
20141107019 12:11:00 98208 0 0
20141107020 12:22:00 18411 0 1
20141107021 12:32:00 55606 1 1
20141107022 12:42:00 58912 0 0
20141107023 12:52:00 11229 1 1
20141107024 13:02:00 45216 0 0
20141107025 13:12:00 66929 1 1
20141107026 13:22:00 05282 0 1
20141107027 13:33:00 53646 0 1
20141107028 13:43:00 01605 0 0
20141107029 13:53:00 64601 1 0
20141107030 14:03:00 32481 0 0
20141107031 14:13:00 16816 0 0
20141107032 14:23:00 02608 0 0
20141107033 14:33:00 00306 1 0
20141107034 14:44:00 50585 1 1
20141107035 14:54:00 33578 1 0
20141107036 15:04:00 56770 0 1
20141107037 15:14:00 43970 0 0
20141107038 15:24:00 55449 1 1
20141107039 15:34:00 94506 0 0
20141107040 15:45:00 12144 1 1
20141107041 15:55:00 27384 0 0
20141107042 16:05:00 74885 0 1
20141107043 16:15:00 43984 0 0
20141107044 16:25:00 27493 0 0
20141107045 16:35:00 32705 0 0
20141107046 16:45:00 79857 0 0
20141107047 16:56:00 52546 1 0
20141107048 17:06:00 27142 0 0
20141107049 17:16:00 46516 0 0
20141107050 17:26:00 66394 1 0
20141107051 17:36:00 63117 0 1
20141107052 17:46:00 87543 0 0
20141107053 17:56:00 99964 1 0
20141107054 18:07:00 49659 0 0
20141107055 18:17:00 12455 0 1
20141107056 18:27:00 17281 0 0
20141107057 18:37:00 53644 0 1
20141107058 18:47:00 05528 1 0
20141107059 18:57:00 62174 0 0
20141107060 19:08:00 44302 1 0
20141107061 19:18:00 81891 1 0
20141107062 19:28:00 05403 0 0
20141107063 19:38:00 00734 1 0
20141107064 19:48:00 55947 1 0
20141107065 19:58:00 84605 0 0
20141107066 20:08:00 70410 0 0
20141107067 20:19:00 99145 1 0
20141107068 20:29:00 51371 0 0
20141107069 20:39:00 82936 0 0
20141107070 20:49:00 03043 1 0
20141107071 20:59:00 24067 0 0
20141107072 21:09:00 38225 0 1
20141107073 21:19:00 80931 0 0
20141107074 21:30:00 63590 0 0
20141107075 21:40:00 29851 0 0
20141107076 21:50:00 01145 1 0
20141107077 22:00:00 36317 1 0
20141107078 22:10:00 53779 0 1
20141107079 22:20:00 97451 0 0
20141107080 22:31:00 84514 0 0
20141107081 22:41:00 96356 0 0
20141107082 22:51:00 68233 0 1
20141107083 23:01:00 63851 0 0
20141107084 23:11:00 59827 0 0
