20140328001 09:09:00 98750 0 0
20140328002 09:19:00 74956 0 0
20140328003 09:29:00 21224 1 1
20140328004 09:39:00 19024 0 0
20140328005 09:49:00 33003 1 1
20140328006 09:59:00 69097 0 0
20140328007 10:10:00 30594 0 0
20140328008 10:20:00 94521 0 0
20140328009 10:30:00 95866 0 1
20140328010 10:40:00 89277 0 1
20140328011 10:50:00 66858 1 1
20140328012 11:00:00 23640 0 0
20140328013 11:10:00 18249 0 0
20140328014 11:21:00 09335 0 1
20140328015 11:31:00 48901 0 0
20140328016 11:41:00 53406 0 0
20140328017 11:51:00 73267 0 0
20140328018 12:01:00 08249 0 0
20140328019 12:11:00 43562 0 0
20140328020 12:22:00 31023 0 0
20140328021 12:32:00 54080 0 1
20140328022 12:42:00 18858 1 1
20140328023 12:52:00 39714 0 0
20140328024 13:02:00 73296 0 0
20140328025 13:12:00 76263 0 0
20140328026 13:22:00 53384 1 0
20140328027 13:33:00 91586 0 0
20140328028 13:43:00 77034 1 0
20140328029 13:53:00 28576 0 0
20140328030 14:03:00 94486 1 0
20140328031 14:13:00 51290 0 0
20140328032 14:23:00 44644 1 1
20140328033 14:33:00 48847 1 0
20140328034 14:44:00 31088 0 1
20140328035 14:54:00 83796 0 0
20140328036 15:04:00 97157 0 0
20140328037 15:14:00 17163 1 0
20140328038 15:24:00 59272 0 1
20140328039 15:34:00 66128 1 0
20140328040 15:45:00 21903 0 0
20140328041 15:55:00 60370 0 0
20140328042 16:05:00 97723 1 0
20140328043 16:15:00 82903 0 0
20140328044 16:25:00 06580 0 0
20140328045 16:35:00 88448 1 1
20140328046 16:45:00 57350 0 0
20140328047 16:56:00 21194 1 0
20140328048 17:06:00 88420 1 0
20140328049 17:16:00 01267 0 0
20140328050 17:26:00 53671 0 0
20140328051 17:36:00 66142 1 0
20140328052 17:46:00 16332 0 1
20140328053 17:56:00 35991 0 1
20140328054 18:07:00 23980 0 0
20140328055 18:17:00 43795 0 0
20140328056 18:27:00 87587 0 0
20140328057 18:37:00 64625 1 0
20140328058 18:47:00 33997 1 1
20140328059 18:57:00 11118 1 1
20140328060 19:08:00 79131 0 1
20140328061 19:18:00 17243 0 0
20140328062 19:28:00 88427 1 0
20140328063 19:38:00 80672 0 0
20140328064 19:48:00 11675 1 0
20140328065 19:58:00 76920 0 0
20140328066 20:08:00 61180 1 0
20140328067 20:19:00 38307 1 0
20140328068 20:29:00 28527 0 0
20140328069 20:39:00 75221 0 1
20140328070 20:49:00 70316 0 0
20140328071 20:59:00 50675 0 0
20140328072 21:09:00 50797 0 1
20140328073 21:19:00 72836 0 0
20140328074 21:30:00 51576 1 0
20140328075 21:40:00 88227 1 1
20140328076 21:50:00 56822 0 1
20140328077 22:00:00 23529 0 0
20140328078 22:10:00 18759 0 0
20140328079 22:20:00 39671 0 0
20140328080 22:31:00 93878 0 1
20140328081 22:41:00 95781 0 0
20140328082 22:51:00 14125 1 0
20140328083 23:01:00 68102 0 0
20140328084 23:11:00 86736 0 0
