20140717001 09:09:00 11542 1 0
20140717002 09:19:00 46944 0 1
20140717003 09:29:00 40202 0 1
20140717004 09:39:00 18659 0 0
20140717005 09:49:00 18556 0 1
20140717006 09:59:00 31108 1 0
20140717007 10:10:00 41123 1 0
20140717008 10:20:00 83871 1 0
20140717009 10:30:00 45996 0 1
20140717010 10:40:00 17737 1 1
20140717011 10:50:00 29701 0 0
20140717012 11:00:00 29078 0 0
20140717013 11:10:00 22838 1 1
20140717014 11:21:00 80353 0 1
20140717015 11:31:00 43351 1 0
20140717016 11:41:00 61103 1 0
20140717017 11:51:00 64918 0 0
20140717018 12:01:00 95381 0 0
20140717019 12:11:00 03661 0 1
20140717020 12:22:00 37685 0 0
20140717021 12:32:00 18215 0 0
20140717022 12:42:00 60936 0 0
20140717023 12:52:00 58883 1 1
20140717024 13:02:00 25836 0 0
20140717025 13:12:00 48839 1 0
20140717026 13:22:00 68743 0 0
20140717027 13:33:00 41023 0 0
20140717028 13:43:00 26457 0 0
20140717029 13:53:00 60899 0 1
20140717030 14:03:00 31092 0 0
20140717031 14:13:00 09424 0 1
20140717032 14:23:00 17963 0 0
20140717033 14:33:00 57398 0 0
20140717034 14:44:00 63642 1 0
20140717035 14:54:00 74883 0 1
20140717036 15:04:00 28476 0 0
20140717037 15:14:00 20866 0 1
20140717038 15:24:00 10604 0 0
20140717039 15:34:00 33306 1 0
20140717040 15:45:00 70791 1 0
20140717041 15:55:00 94050 0 1
20140717042 16:05:00 97896 0 0
20140717043 16:15:00 79659 0 0
20140717044 16:25:00 99604 1 0
20140717045 16:35:00 42677 0 1
20140717046 16:45:00 86013 0 0
20140717047 16:56:00 07949 0 1
20140717048 17:06:00 34515 0 1
20140717049 17:16:00 30027 1 0
20140717050 17:26:00 33749 1 0
20140717051 17:36:00 63583 0 0
20140717052 17:46:00 01187 1 0
20140717053 17:56:00 43945 0 0
20140717054 18:07:00 73812 0 0
20140717055 18:17:00 04446 1 1
20140717056 18:27:00 80369 0 0
20140717057 18:37:00 27301 0 0
20140717058 18:47:00 66629 1 0
20140717059 18:57:00 44968 1 0
20140717060 19:08:00 69971 1 0
20140717061 19:18:00 78633 0 1
20140717062 19:28:00 27299 1 1
20140717063 19:38:00 91446 0 1
20140717064 19:48:00 57389 0 0
20140717065 19:58:00 66858 1 1
20140717066 20:08:00 80564 0 0
20140717067 20:19:00 79673 0 0
20140717068 20:29:00 36292 0 1
20140717069 20:39:00 28899 1 1
20140717070 20:49:00 77474 1 1
20140717071 20:59:00 39579 0 0
20140717072 21:09:00 71705 1 0
20140717073 21:19:00 64785 0 0
20140717074 21:30:00 43862 0 0
20140717075 21:40:00 90772 0 1
20140717076 21:50:00 58544 1 1
20140717077 22:00:00 66151 1 1
20140717078 22:10:00 75250 0 0
20140717079 22:20:00 30041 1 0
20140717080 22:31:00 57451 0 0
20140717081 22:41:00 73922 0 1
20140717082 22:51:00 74247 0 0
20140717083 23:01:00 76094 0 0
20140717084 23:11:00 98415 0 0
