20140709001 09:09:00 93424 0 1
20140709002 09:19:00 46634 1 0
20140709003 09:29:00 67021 0 0
20140709004 09:39:00 64328 0 0
20140709005 09:49:00 48459 1 0
20140709006 09:59:00 57443 0 1
20140709007 10:10:00 67609 1 0
20140709008 10:20:00 37814 0 0
20140709009 10:30:00 08091 1 0
20140709010 10:40:00 51845 0 0
20140709011 10:50:00 81432 0 0
20140709012 11:00:00 87857 1 0
20140709013 11:10:00 54283 0 0
20140709014 11:21:00 20719 0 0
20140709015 11:31:00 60091 1 0
20140709016 11:41:00 00935 1 0
20140709017 11:51:00 23489 0 0
20140709018 12:01:00 25289 1 0
20140709019 12:11:00 40154 0 0
20140709020 12:22:00 05762 0 0
20140709021 12:32:00 50127 0 0
20140709022 12:42:00 68835 1 0
20140709023 12:52:00 42537 0 0
20140709024 13:02:00 68286 0 0
20140709025 13:12:00 08651 0 0
20140709026 13:22:00 42094 0 0
20140709027 13:33:00 94085 0 0
20140709028 13:43:00 70191 0 1
20140709029 13:53:00 04039 1 0
20140709030 14:03:00 63128 0 0
20140709031 14:13:00 45566 1 1
20140709032 14:23:00 41887 0 1
20140709033 14:33:00 61821 0 0
20140709034 14:44:00 39789 0 0
20140709035 14:54:00 51037 0 0
20140709036 15:04:00 07588 0 1
20140709037 15:14:00 74492 1 0
20140709038 15:24:00 43430 1 0
20140709039 15:34:00 93439 0 0
20140709040 15:45:00 55069 1 0
20140709041 15:55:00 30225 0 1
20140709042 16:05:00 96277 0 1
20140709043 16:15:00 88737 1 1
20140709044 16:25:00 97177 0 1
20140709045 16:35:00 87695 0 0
20140709046 16:45:00 11903 1 0
20140709047 16:56:00 12550 0 1
20140709048 17:06:00 00285 1 0
20140709049 17:16:00 88433 1 1
20140709050 17:26:00 76729 1 0
20140709051 17:36:00 24336 0 1
20140709052 17:46:00 70996 0 1
20140709053 17:56:00 01081 1 0
20140709054 18:07:00 03924 0 0
20140709055 18:17:00 84768 0 0
20140709056 18:27:00 17717 1 1
20140709057 18:37:00 26910 0 0
20140709058 18:47:00 49360 0 0
20140709059 18:57:00 96312 0 0
20140709060 19:08:00 93570 0 0
20140709061 19:18:00 94591 0 0
20140709062 19:28:00 67746 1 0
20140709063 19:38:00 06028 1 0
20140709064 19:48:00 65996 0 1
20140709065 19:58:00 61522 0 1
20140709066 20:08:00 50138 0 0
20140709067 20:19:00 86136 0 0
20140709068 20:29:00 91241 0 0
20140709069 20:39:00 75293 0 0
20140709070 20:49:00 64730 0 0
20140709071 20:59:00 95727 0 1
20140709072 21:09:00 04720 0 0
20140709073 21:19:00 14987 0 0
20140709074 21:30:00 85948 0 0
20140709075 21:40:00 58730 0 0
20140709076 21:50:00 26403 0 0
20140709077 22:00:00 48245 0 0
20140709078 22:10:00 54595 1 1
20140709079 22:20:00 51403 0 0
20140709080 22:31:00 50429 0 0
20140709081 22:41:00 23291 1 0
20140709082 22:51:00 39389 1 0
20140709083 23:01:00 91853 0 0
20140709084 23:11:00 21560 0 0
