20140604001 09:09:00 72917 0 0
20140604002 09:19:00 23000 0 1
20140604003 09:29:00 15781 0 0
20140604004 09:39:00 82305 0 0
20140604005 09:49:00 15479 0 0
20140604006 09:59:00 60634 1 0
20140604007 10:10:00 23490 0 0
20140604008 10:20:00 63775 0 1
20140604009 10:30:00 66976 1 0
20140604010 10:40:00 90974 1 0
20140604011 10:50:00 21223 1 1
20140604012 11:00:00 52748 0 0
20140604013 11:10:00 94681 0 0
20140604014 11:21:00 49864 0 0
20140604015 11:31:00 91923 1 0
20140604016 11:41:00 34164 0 0
20140604017 11:51:00 19318 0 0
20140604018 12:01:00 03589 0 0
20140604019 12:11:00 54029 0 0
20140604020 12:22:00 64102 0 0
20140604021 12:32:00 36986 0 0
20140604022 12:42:00 90223 0 1
20140604023 12:52:00 52205 1 0
20140604024 13:02:00 22985 1 0
20140604025 13:12:00 43815 0 0
20140604026 13:22:00 75423 0 0
20140604027 13:33:00 22307 1 0
20140604028 13:43:00 76880 0 1
20140604029 13:53:00 70330 0 1
20140604030 14:03:00 95288 0 1
20140604031 14:13:00 68900 0 1
20140604032 14:23:00 14816 0 0
20140604033 14:33:00 57196 0 0
20140604034 14:44:00 12529 0 0
20140604035 14:54:00 61775 0 1
20140604036 15:04:00 72706 1 0
20140604037 15:14:00 85091 0 0
20140604038 15:24:00 25267 1 0
20140604039 15:34:00 52765 0 0
20140604040 15:45:00 71534 0 0
20140604041 15:55:00 07472 0 0
20140604042 16:05:00 12013 0 0
20140604043 16:15:00 92542 0 0
20140604044 16:25:00 43945 0 0
20140604045 16:35:00 01204 0 0
20140604046 16:45:00 84003 0 1
20140604047 16:56:00 07483 0 0
20140604048 17:06:00 10171 1 1
20140604049 17:16:00 70265 0 0
20140604050 17:26:00 67749 1 0
20140604051 17:36:00 57479 0 0
20140604052 17:46:00 19572 0 0
20140604053 17:56:00 61980 0 0
20140604054 18:07:00 74485 1 0
20140604055 18:17:00 89171 0 1
20140604056 18:27:00 50585 1 1
20140604057 18:37:00 00553 1 1
20140604058 18:47:00 21230 1 0
20140604059 18:57:00 02273 1 0
20140604060 19:08:00 72872 0 0
20140604061 19:18:00 58128 0 0
20140604062 19:28:00 27692 0 0
20140604063 19:38:00 89582 0 0
20140604064 19:48:00 98134 0 0
20140604065 19:58:00 76864 0 0
20140604066 20:08:00 18924 0 0
20140604067 20:19:00 56260 0 0
20140604068 20:29:00 84792 0 0
20140604069 20:39:00 56917 0 0
20140604070 20:49:00 17586 0 0
20140604071 20:59:00 91464 0 1
20140604072 21:09:00 71705 1 0
20140604073 21:19:00 48749 0 0
20140604074 21:30:00 96752 0 0
20140604075 21:40:00 75657 0 0
20140604076 21:50:00 87660 0 1
20140604077 22:00:00 94282 0 1
20140604078 22:10:00 14671 0 0
20140604079 22:20:00 31841 0 0
20140604080 22:31:00 59081 0 0
20140604081 22:41:00 27808 0 1
20140604082 22:51:00 87126 0 0
20140604083 23:01:00 49408 1 0
20140604084 23:11:00 24928 0 0
