20140109001 09:09:00 68420 0 0
20140109002 09:19:00 17319 0 0
20140109003 09:29:00 66888 1 1
20140109004 09:39:00 96232 0 1
20140109005 09:49:00 57486 0 0
20140109006 09:59:00 93341 1 0
20140109007 10:10:00 43319 1 0
20140109008 10:20:00 45754 0 0
20140109009 10:30:00 83555 0 1
20140109010 10:40:00 92719 0 0
20140109011 10:50:00 59942 1 0
20140109012 11:00:00 10213 0 0
20140109013 11:10:00 84264 0 0
20140109014 11:21:00 55292 1 1
20140109015 11:31:00 60952 0 0
20140109016 11:41:00 18604 0 0
20140109017 11:51:00 38069 0 0
20140109018 12:01:00 46189 0 0
20140109019 12:11:00 03713 0 0
20140109020 12:22:00 88126 1 0
20140109021 12:32:00 91593 0 0
20140109022 12:42:00 63634 1 0
20140109023 12:52:00 49873 0 0
20140109024 13:02:00 00372 1 0
20140109025 13:12:00 70979 0 1
20140109026 13:22:00 21069 0 0
20140109027 13:33:00 43819 0 0
20140109028 13:43:00 89069 0 0
20140109029 13:53:00 82922 0 1
20140109030 14:03:00 75475 0 0
20140109031 14:13:00 88504 1 0
20140109032 14:23:00 72580 0 0
20140109033 14:33:00 83240 0 0
20140109034 14:44:00 75118 0 1
20140109035 14:54:00 50100 0 1
20140109036 15:04:00 88355 1 1
20140109037 15:14:00 53282 0 1
20140109038 15:24:00 15025 0 0
20140109039 15:34:00 31713 0 0
20140109040 15:45:00 98503 0 0
20140109041 15:55:00 20007 1 1
20140109042 16:05:00 49242 0 1
20140109043 16:15:00 53194 0 0
20140109044 16:25:00 42897 0 0
20140109045 16:35:00 86770 0 1
20140109046 16:45:00 25649 0 0
20140109047 16:56:00 59060 0 1
20140109048 17:06:00 94369 0 0
20140109049 17:16:00 22596 1 0
20140109050 17:26:00 60680 1 0
20140109051 17:36:00 39459 0 0
20140109052 17:46:00 61928 0 0
20140109053 17:56:00 90946 1 0
20140109054 18:07:00 31711 0 1
20140109055 18:17:00 44102 1 0
20140109056 18:27:00 44277 1 1
20140109057 18:37:00 51594 1 0
20140109058 18:47:00 64138 0 0
20140109059 18:57:00 67933 0 1
20140109060 19:08:00 43837 0 0
20140109061 19:18:00 16533 0 1
20140109062 19:28:00 27633 0 1
20140109063 19:38:00 82930 0 0
20140109064 19:48:00 45256 0 0
20140109065 19:58:00 42949 0 1
20140109066 20:08:00 57041 0 0
20140109067 20:19:00 24018 0 0
20140109068 20:29:00 40747 0 1
20140109069 20:39:00 88751 1 0
20140109070 20:49:00 74746 1 0
20140109071 20:59:00 08693 0 0
20140109072 21:09:00 26204 1 0
20140109073 21:19:00 34761 0 0
20140109074 21:30:00 98159 0 0
20140109075 21:40:00 73581 0 0
20140109076 21:50:00 00216 1 0
20140109077 22:00:00 83291 0 0
20140109078 22:10:00 26696 1 1
20140109079 22:20:00 87550 0 1
20140109080 22:31:00 81959 0 1
20140109081 22:41:00 07272 0 1
20140109082 22:51:00 11217 1 0
20140109083 23:01:00 65454 0 1
20140109084 23:11:00 07531 0 0
