20140730001 09:09:00 31832 0 0
20140730002 09:19:00 29694 0 0
20140730003 09:29:00 30325 1 0
20140730004 09:39:00 81501 0 0
20140730005 09:49:00 76856 0 0
20140730006 09:59:00 33201 1 0
20140730007 10:10:00 10943 0 0
20140730008 10:20:00 36948 0 0
20140730009 10:30:00 52155 0 1
20140730010 10:40:00 02653 0 0
20140730011 10:50:00 72955 0 1
20140730012 11:00:00 56014 0 0
20140730013 11:10:00 07190 0 0
20140730014 11:21:00 83026 0 0
20140730015 11:31:00 42721 0 0
20140730016 11:41:00 30182 0 0
20140730017 11:51:00 26915 0 0
20140730018 12:01:00 57658 0 0
20140730019 12:11:00 08323 0 1
20140730020 12:22:00 46966 0 1
20140730021 12:32:00 71383 0 1
20140730022 12:42:00 93404 0 1
20140730023 12:52:00 38647 0 0
20140730024 13:02:00 63207 0 0
20140730025 13:12:00 50827 0 0
20140730026 13:22:00 26139 0 0
20140730027 13:33:00 41259 0 0
20140730028 13:43:00 15334 0 1
20140730029 13:53:00 96009 0 1
20140730030 14:03:00 48791 0 0
20140730031 14:13:00 61281 0 0
20140730032 14:23:00 77283 1 0
20140730033 14:33:00 77563 1 0
20140730034 14:44:00 68332 0 1
20140730035 14:54:00 44083 1 0
20140730036 15:04:00 75504 1 0
20140730037 15:14:00 64526 0 0
20140730038 15:24:00 23641 0 0
20140730039 15:34:00 07925 0 0
20140730040 15:45:00 20228 1 1
20140730041 15:55:00 29492 0 0
20140730042 16:05:00 49810 0 0
20140730043 16:15:00 50590 1 0
20140730044 16:25:00 27939 0 1
20140730045 16:35:00 44990 1 1
20140730046 16:45:00 73347 1 0
20140730047 16:56:00 74426 1 0
20140730048 17:06:00 36902 0 0
20140730049 17:16:00 90024 1 0
20140730050 17:26:00 73414 0 1
20140730051 17:36:00 72223 1 1
20140730052 17:46:00 65771 0 1
20140730053 17:56:00 06262 0 1
20140730054 18:07:00 29823 0 0
20140730055 18:17:00 05197 0 0
20140730056 18:27:00 84449 1 1
20140730057 18:37:00 46775 0 1
20140730058 18:47:00 73918 0 0
20140730059 18:57:00 22735 1 0
20140730060 19:08:00 82387 0 0
20140730061 19:18:00 20657 0 0
20140730062 19:28:00 00556 1 1
20140730063 19:38:00 83331 1 1
20140730064 19:48:00 85517 1 0
20140730065 19:58:00 99191 1 1
20140730066 20:08:00 96346 0 0
20140730067 20:19:00 44707 1 1
20140730068 20:29:00 26733 0 1
20140730069 20:39:00 21770 0 1
20140730070 20:49:00 75045 0 0
20140730071 20:59:00 78951 0 0
20140730072 21:09:00 49521 0 0
20140730073 21:19:00 43948 0 0
20140730074 21:30:00 71413 0 0
20140730075 21:40:00 17454 0 1
20140730076 21:50:00 07972 0 0
20140730077 22:00:00 68838 1 1
20140730078 22:10:00 22447 1 1
20140730079 22:20:00 64510 0 0
20140730080 22:31:00 32271 1 0
20140730081 22:41:00 98585 0 1
20140730082 22:51:00 03948 0 0
20140730083 23:01:00 56758 0 0
20140730084 23:11:00 66185 1 0
