20140306001 09:09:00 29692 0 0
20140306002 09:19:00 18867 1 0
20140306003 09:29:00 71277 0 1
20140306004 09:39:00 34549 0 0
20140306005 09:49:00 66140 1 0
20140306006 09:59:00 68048 0 0
20140306007 10:10:00 63587 0 0
20140306008 10:20:00 64941 0 0
20140306009 10:30:00 52787 0 1
20140306010 10:40:00 36184 0 0
20140306011 10:50:00 93213 0 0
20140306012 11:00:00 16083 0 0
20140306013 11:10:00 11084 1 0
20140306014 11:21:00 26640 1 0
20140306015 11:31:00 40838 0 1
20140306016 11:41:00 95737 0 1
20140306017 11:51:00 20326 0 0
20140306018 12:01:00 26492 0 0
20140306019 12:11:00 78875 1 0
20140306020 12:22:00 59503 1 0
20140306021 12:32:00 92302 0 0
20140306022 12:42:00 42407 1 0
20140306023 12:52:00 93917 1 0
20140306024 13:02:00 98960 1 0
20140306025 13:12:00 02136 0 0
20140306026 13:22:00 45086 0 0
20140306027 13:33:00 41453 1 0
20140306028 13:43:00 51161 1 1
20140306029 13:53:00 34834 0 0
20140306030 14:03:00 59605 0 0
20140306031 14:13:00 78076 0 0
20140306032 14:23:00 46266 0 1
20140306033 14:33:00 17151 1 1
20140306034 14:44:00 48155 0 1
20140306035 14:54:00 15174 1 0
20140306036 15:04:00 64320 0 0
20140306037 15:14:00 18923 0 0
20140306038 15:24:00 42117 0 1
20140306039 15:34:00 31812 0 0
20140306040 15:45:00 95030 0 1
20140306041 15:55:00 75213 0 0
20140306042 16:05:00 27646 0 1
20140306043 16:15:00 86028 0 0
20140306044 16:25:00 27309 0 0
20140306045 16:35:00 45985 0 0
20140306046 16:45:00 88324 1 0
20140306047 16:56:00 23005 0 1
20140306048 17:06:00 28788 0 1
20140306049 17:16:00 02433 0 1
20140306050 17:26:00 96408 0 0
20140306051 17:36:00 13227 0 1
20140306052 17:46:00 72983 0 0
20140306053 17:56:00 81211 0 1
20140306054 18:07:00 33428 1 0
20140306055 18:17:00 05084 1 0
20140306056 18:27:00 90133 0 1
20140306057 18:37:00 59658 0 0
20140306058 18:47:00 11644 1 1
20140306059 18:57:00 92960 1 0
20140306060 19:08:00 86659 1 0
20140306061 19:18:00 78558 0 1
20140306062 19:28:00 09440 0 1
20140306063 19:38:00 00716 1 0
20140306064 19:48:00 63831 0 0
20140306065 19:58:00 77299 1 1
20140306066 20:08:00 41572 0 0
20140306067 20:19:00 29134 0 0
20140306068 20:29:00 56449 0 1
20140306069 20:39:00 08036 1 0
20140306070 20:49:00 68785 0 0
20140306071 20:59:00 53435 0 0
20140306072 21:09:00 09828 0 1
20140306073 21:19:00 52726 0 0
20140306074 21:30:00 75939 0 1
20140306075 21:40:00 27809 0 0
20140306076 21:50:00 07038 1 0
20140306077 22:00:00 65383 0 1
20140306078 22:10:00 98570 0 0
20140306079 22:20:00 49662 0 1
20140306080 22:31:00 10348 0 0
20140306081 22:41:00 30820 0 0
20140306082 22:51:00 75027 0 0
20140306083 23:01:00 39966 1 1
20140306084 23:11:00 00673 1 0
