20150103001 09:09:00 26218 1 0
20150103002 09:19:00 99287 1 0
20150103003 09:29:00 42656 0 1
20150103004 09:39:00 58096 0 0
20150103005 09:49:00 79826 0 0
20150103006 09:59:00 18631 0 0
20150103007 10:10:00 61638 1 0
20150103008 10:20:00 55604 1 0
20150103009 10:30:00 35021 0 0
20150103010 10:40:00 44607 1 0
20150103011 10:50:00 16147 1 0
20150103012 11:00:00 15184 1 0
20150103013 11:10:00 01222 0 1
20150103014 11:21:00 65235 0 0
20150103015 11:31:00 87189 0 0
20150103016 11:41:00 00971 1 0
20150103017 11:51:00 92808 0 1
20150103018 12:01:00 89594 0 0
20150103019 12:11:00 09346 0 0
20150103020 12:22:00 33163 1 0
20150103021 12:32:00 45828 0 1
20150103022 12:42:00 01518 0 0
20150103023 12:52:00 71986 0 0
20150103024 13:02:00 89517 0 0
20150103025 13:12:00 22788 1 1
20150103026 13:22:00 13067 0 0
20150103027 13:33:00 66383 1 1
20150103028 13:43:00 35635 0 0
20150103029 13:53:00 69404 0 1
20150103030 14:03:00 43645 0 0
20150103031 14:13:00 69535 0 1
20150103032 14:23:00 33826 1 0
20150103033 14:33:00 93253 0 0
20150103034 14:44:00 02379 0 0
20150103035 14:54:00 44212 1 1
20150103036 15:04:00 53240 0 0
20150103037 15:14:00 12736 0 0
20150103038 15:24:00 09978 1 0
20150103039 15:34:00 51475 0 0
20150103040 15:45:00 48149 0 0
20150103041 15:55:00 17024 0 0
20150103042 16:05:00 88792 1 0
20150103043 16:15:00 65399 0 1
20150103044 16:25:00 48816 1 0
20150103045 16:35:00 38448 0 1
20150103046 16:45:00 81181 1 1
20150103047 16:56:00 59807 0 0
20150103048 17:06:00 97615 0 0
20150103049 17:16:00 96151 0 1
20150103050 17:26:00 07665 0 1
20150103051 17:36:00 93753 0 0
20150103052 17:46:00 72562 0 0
20150103053 17:56:00 53298 0 0
20150103054 18:07:00 19738 0 0
20150103055 18:17:00 56577 1 1
20150103056 18:27:00 78418 0 0
20150103057 18:37:00 37148 0 0
20150103058 18:47:00 96072 0 0
20150103059 18:57:00 07284 0 0
20150103060 19:08:00 07995 0 1
20150103061 19:18:00 86608 1 0
20150103062 19:28:00 58934 0 0
20150103063 19:38:00 90745 0 0
20150103064 19:48:00 30702 0 0
20150103065 19:58:00 16355 0 1
20150103066 20:08:00 08787 0 1
20150103067 20:19:00 95525 1 1
20150103068 20:29:00 19967 1 0
20150103069 20:39:00 22040 1 1
20150103070 20:49:00 85981 0 0
20150103071 20:59:00 18306 0 0
20150103072 21:09:00 48323 0 1
20150103073 21:19:00 46726 0 0
20150103074 21:30:00 66296 1 0
20150103075 21:40:00 24469 1 0
20150103076 21:50:00 17727 1 1
20150103077 22:00:00 92968 1 0
20150103078 22:10:00 16906 0 0
20150103079 22:20:00 33903 1 0
20150103080 22:31:00 87575 0 1
20150103081 22:41:00 25931 0 0
20150103082 22:51:00 82813 1 0
20150103083 23:01:00 41341 0 0
20150103084 23:11:00 04795 0 0
