20151120001 09:09:00 92821 0 0
20151120002 09:19:00 28659 0 0
20151120003 09:29:00 73180 0 0
20151120004 09:39:00 15489 0 0
20151120005 09:49:00 09306 0 0
20151120006 09:59:00 03926 0 0
20151120007 10:10:00 94656 0 1
20151120008 10:20:00 49739 0 0
20151120009 10:30:00 69091 0 0
20151120010 10:40:00 58934 0 0
20151120011 10:50:00 22801 1 0
20151120012 11:00:00 33914 1 0
20151120013 11:10:00 40271 0 0
20151120014 11:21:00 38171 0 1
20151120015 11:31:00 51145 1 0
20151120016 11:41:00 59257 0 0
20151120017 11:51:00 60226 0 1
20151120018 12:01:00 87275 0 0
20151120019 12:11:00 56765 0 0
20151120020 12:22:00 01281 0 0
20151120021 12:32:00 30176 0 0
20151120022 12:42:00 32878 0 1
20151120023 12:52:00 37294 0 0
20151120024 13:02:00 00775 1 1
20151120025 13:12:00 08699 0 1
20151120026 13:22:00 96171 0 1
20151120027 13:33:00 67857 0 0
20151120028 13:43:00 84176 0 0
20151120029 13:53:00 28118 0 1
20151120030 14:03:00 03630 0 0
20151120031 14:13:00 17879 0 0
20151120032 14:23:00 90845 0 0
20151120033 14:33:00 82645 0 0
20151120034 14:44:00 14923 0 0
20151120035 14:54:00 51905 0 0
20151120036 15:04:00 50983 0 0
20151120037 15:14:00 46622 1 1
20151120038 15:24:00 67191 0 1
20151120039 15:34:00 26159 0 0
20151120040 15:45:00 36736 0 0
20151120041 15:55:00 59355 0 1
20151120042 16:05:00 11501 1 0
20151120043 16:15:00 04477 1 1
20151120044 16:25:00 37832 0 0
20151120045 16:35:00 51945 0 0
20151120046 16:45:00 64799 0 1
20151120047 16:56:00 14277 0 1
20151120048 17:06:00 48394 0 0
20151120049 17:16:00 87557 0 1
20151120050 17:26:00 91657 0 0
20151120051 17:36:00 33509 1 0
20151120052 17:46:00 76216 0 0
20151120053 17:56:00 23655 0 1
20151120054 18:07:00 06800 0 1
20151120055 18:17:00 05587 1 0
20151120056 18:27:00 52495 0 0
20151120057 18:37:00 02418 0 0
20151120058 18:47:00 96865 0 0
20151120059 18:57:00 69046 0 0
20151120060 19:08:00 03225 0 1
20151120061 19:18:00 45680 0 0
20151120062 19:28:00 83904 0 0
20151120063 19:38:00 09359 0 0
20151120064 19:48:00 08928 0 0
20151120065 19:58:00 73582 0 0
20151120066 20:08:00 23449 0 1
20151120067 20:19:00 43203 0 0
20151120068 20:29:00 35929 0 1
20151120069 20:39:00 97504 0 0
20151120070 20:49:00 85692 0 0
20151120071 20:59:00 76226 0 1
20151120072 21:09:00 59031 0 0
20151120073 21:19:00 87941 0 0
20151120074 21:30:00 84698 0 0
20151120075 21:40:00 67586 0 0
20151120076 21:50:00 29828 0 1
20151120077 22:00:00 05977 0 1
20151120078 22:10:00 15329 0 0
20151120079 22:20:00 28753 0 0
20151120080 22:31:00 20904 0 0
20151120081 22:41:00 28914 0 0
20151120082 22:51:00 90894 0 0
20151120083 23:01:00 17108 1 0
20151120084 23:11:00 24447 1 1
