20151208001 09:09:00 19171 1 1
20151208002 09:19:00 29141 0 1
20151208003 09:29:00 80224 0 1
20151208004 09:39:00 10093 1 0
20151208005 09:49:00 67838 0 1
20151208006 09:59:00 37828 0 1
20151208007 10:10:00 97103 0 0
20151208008 10:20:00 40795 0 0
20151208009 10:30:00 07858 0 1
20151208010 10:40:00 29627 0 0
20151208011 10:50:00 75050 0 1
20151208012 11:00:00 55925 1 0
20151208013 11:10:00 40846 0 0
20151208014 11:21:00 20141 0 1
20151208015 11:31:00 70557 0 1
20151208016 11:41:00 85858 1 1
20151208017 11:51:00 43031 0 0
20151208018 12:01:00 72921 0 0
20151208019 12:11:00 06904 0 0
20151208020 12:22:00 57464 0 1
20151208021 12:32:00 65463 0 0
20151208022 12:42:00 93923 1 0
20151208023 12:52:00 99355 1 1
20151208024 13:02:00 72044 0 1
20151208025 13:12:00 96061 0 0
20151208026 13:22:00 58638 0 0
20151208027 13:33:00 46755 0 1
20151208028 13:43:00 20119 0 1
20151208029 13:53:00 24841 0 0
20151208030 14:03:00 63371 1 0
20151208031 14:13:00 35363 1 1
20151208032 14:23:00 78345 0 0
20151208033 14:33:00 05434 0 1
20151208034 14:44:00 92622 0 1
20151208035 14:54:00 44087 1 0
20151208036 15:04:00 37343 1 1
20151208037 15:14:00 48814 1 0
20151208038 15:24:00 62876 0 0
20151208039 15:34:00 12687 0 0
20151208040 15:45:00 94677 0 1
20151208041 15:55:00 80083 1 0
20151208042 16:05:00 83743 0 0
20151208043 16:15:00 61897 0 0
20151208044 16:25:00 07617 0 0
20151208045 16:35:00 37562 0 0
20151208046 16:45:00 27062 0 0
20151208047 16:56:00 00476 1 0
20151208048 17:06:00 75505 1 1
20151208049 17:16:00 38142 0 0
20151208050 17:26:00 09025 1 0
20151208051 17:36:00 22173 1 0
20151208052 17:46:00 73438 0 0
20151208053 17:56:00 53573 1 0
20151208054 18:07:00 74166 0 1
20151208055 18:17:00 89383 0 1
20151208056 18:27:00 13576 0 0
20151208057 18:37:00 06041 1 0
20151208058 18:47:00 38597 0 0
20151208059 18:57:00 71084 0 0
20151208060 19:08:00 84237 0 0
20151208061 19:18:00 83954 0 0
20151208062 19:28:00 34718 0 0
20151208063 19:38:00 44409 1 0
20151208064 19:48:00 26847 0 0
20151208065 19:58:00 02651 0 0
20151208066 20:08:00 64990 0 1
20151208067 20:19:00 56872 0 0
20151208068 20:29:00 78631 0 0
20151208069 20:39:00 41055 0 1
20151208070 20:49:00 83059 0 0
20151208071 20:59:00 85449 0 1
20151208072 21:09:00 22738 1 0
20151208073 21:19:00 30433 0 1
20151208074 21:30:00 33267 1 0
20151208075 21:40:00 85915 0 0
20151208076 21:50:00 25461 0 0
20151208077 22:00:00 25571 1 0
20151208078 22:10:00 53920 0 0
20151208079 22:20:00 68910 0 0
20151208080 22:31:00 18556 0 1
20151208081 22:41:00 87765 1 0
20151208082 22:51:00 86168 0 0
20151208083 23:01:00 77757 1 1
20151208084 23:11:00 16319 0 0
