20150629001 09:09:00 35671 0 0
20150629002 09:19:00 91645 0 0
20150629003 09:29:00 85145 0 0
20150629004 09:39:00 13067 0 0
20150629005 09:49:00 34133 0 1
20150629006 09:59:00 99461 1 0
20150629007 10:10:00 67814 0 0
20150629008 10:20:00 92383 0 1
20150629009 10:30:00 36681 1 0
20150629010 10:40:00 15429 0 0
20150629011 10:50:00 63602 1 0
20150629012 11:00:00 24059 0 0
20150629013 11:10:00 85808 1 1
20150629014 11:21:00 96971 1 0
20150629015 11:31:00 55911 1 1
20150629016 11:41:00 45377 0 1
20150629017 11:51:00 45850 0 0
20150629018 12:01:00 85506 1 0
20150629019 12:11:00 89488 0 1
20150629020 12:22:00 56895 0 0
20150629021 12:32:00 01133 1 1
20150629022 12:42:00 14177 1 1
20150629023 12:52:00 41251 0 0
20150629024 13:02:00 79097 0 0
20150629025 13:12:00 72545 0 1
20150629026 13:22:00 03881 0 1
20150629027 13:33:00 34917 0 0
20150629028 13:43:00 47335 0 1
20150629029 13:53:00 76997 0 1
20150629030 14:03:00 05462 0 0
20150629031 14:13:00 96405 0 0
20150629032 14:23:00 45491 1 0
20150629033 14:33:00 63868 0 1
20150629034 14:44:00 83190 0 0
20150629035 14:54:00 98646 0 1
20150629036 15:04:00 05934 0 0
20150629037 15:14:00 01706 0 0
20150629038 15:24:00 11635 1 0
20150629039 15:34:00 55862 1 0
20150629040 15:45:00 81398 0 0
20150629041 15:55:00 40159 0 0
20150629042 16:05:00 31296 0 0
20150629043 16:15:00 12403 0 0
20150629044 16:25:00 33139 1 0
20150629045 16:35:00 23864 0 0
20150629046 16:45:00 14958 0 0
20150629047 16:56:00 98355 0 1
20150629048 17:06:00 87305 0 0
20150629049 17:16:00 42755 0 1
20150629050 17:26:00 21200 1 1
20150629051 17:36:00 92338 0 1
20150629052 17:46:00 03077 1 1
20150629053 17:56:00 69087 0 0
20150629054 18:07:00 41031 0 0
20150629055 18:17:00 70538 0 0
20150629056 18:27:00 35836 0 0
20150629057 18:37:00 06173 0 0
20150629058 18:47:00 11874 1 0
20150629059 18:57:00 07618 0 0
20150629060 19:08:00 54482 1 0
20150629061 19:18:00 74470 1 0
20150629062 19:28:00 29398 0 0
20150629063 19:38:00 22949 1 1
20150629064 19:48:00 31683 0 0
20150629065 19:58:00 85836 1 0
20150629066 20:08:00 72416 0 0
20150629067 20:19:00 62893 0 0
20150629068 20:29:00 85794 0 0
20150629069 20:39:00 04398 0 0
20150629070 20:49:00 87450 0 0
20150629071 20:59:00 04626 0 1
20150629072 21:09:00 41088 0 1
20150629073 21:19:00 89542 0 0
20150629074 21:30:00 18813 1 0
20150629075 21:40:00 93183 0 0
20150629076 21:50:00 28546 0 0
20150629077 22:00:00 01765 0 0
20150629078 22:10:00 10933 0 1
20150629079 22:20:00 67371 0 0
20150629080 22:31:00 35245 0 0
20150629081 22:41:00 87396 0 0
20150629082 22:51:00 16877 0 1
20150629083 23:01:00 91108 1 0
20150629084 23:11:00 57398 0 0
