20150730001 09:09:00 69156 0 0
20150730002 09:19:00 68987 0 0
20150730003 09:29:00 23412 0 0
20150730004 09:39:00 45745 0 0
20150730005 09:49:00 50508 1 0
20150730006 09:59:00 47941 0 0
20150730007 10:10:00 11595 1 1
20150730008 10:20:00 86670 1 0
20150730009 10:30:00 34182 0 0
20150730010 10:40:00 20918 0 0
20150730011 10:50:00 47084 0 0
20150730012 11:00:00 37092 0 0
20150730013 11:10:00 92120 0 0
20150730014 11:21:00 11106 1 0
20150730015 11:31:00 04948 0 0
20150730016 11:41:00 81983 0 0
20150730017 11:51:00 84339 0 1
20150730018 12:01:00 30111 0 1
20150730019 12:11:00 75825 0 0
20150730020 12:22:00 61739 0 0
20150730021 12:32:00 26525 0 1
20150730022 12:42:00 84461 1 0
20150730023 12:52:00 10155 1 1
20150730024 13:02:00 68675 1 0
20150730025 13:12:00 75171 0 1
20150730026 13:22:00 30528 0 0
20150730027 13:33:00 68131 0 1
20150730028 13:43:00 53055 0 1
20150730029 13:53:00 18792 0 0
20150730030 14:03:00 31433 0 1
20150730031 14:13:00 31185 1 0
20150730032 14:23:00 61649 1 0
20150730033 14:33:00 03247 0 0
20150730034 14:44:00 19774 0 1
20150730035 14:54:00 36695 1 0
20150730036 15:04:00 32689 0 0
20150730037 15:14:00 10851 0 0
20150730038 15:24:00 99233 1 1
20150730039 15:34:00 55880 1 1
20150730040 15:45:00 37246 0 0
20150730041 15:55:00 39182 0 0
20150730042 16:05:00 74955 0 1
20150730043 16:15:00 80828 1 1
20150730044 16:25:00 72095 0 0
20150730045 16:35:00 92159 0 0
20150730046 16:45:00 87610 0 0
20150730047 16:56:00 89784 0 0
20150730048 17:06:00 94686 0 1
20150730049 17:16:00 13403 0 0
20150730050 17:26:00 15762 0 0
20150730051 17:36:00 60846 0 0
20150730052 17:46:00 57119 0 1
20150730053 17:56:00 07819 0 0
20150730054 18:07:00 07704 1 0
20150730055 18:17:00 35438 0 0
20150730056 18:27:00 57709 1 0
20150730057 18:37:00 00910 1 0
20150730058 18:47:00 70875 0 0
20150730059 18:57:00 41465 1 0
20150730060 19:08:00 14919 0 1
20150730061 19:18:00 71009 0 1
20150730062 19:28:00 83972 0 0
20150730063 19:38:00 26518 0 0
20150730064 19:48:00 69055 0 1
20150730065 19:58:00 58538 1 0
20150730066 20:08:00 54437 1 0
20150730067 20:19:00 47657 0 0
20150730068 20:29:00 87264 0 0
20150730069 20:39:00 48366 0 1
20150730070 20:49:00 11450 1 0
20150730071 20:59:00 12847 0 0
20150730072 21:09:00 04424 1 1
20150730073 21:19:00 95899 0 1
20150730074 21:30:00 73516 0 0
20150730075 21:40:00 99090 1 1
20150730076 21:50:00 23960 0 0
20150730077 22:00:00 82605 0 0
20150730078 22:10:00 39342 1 0
20150730079 22:20:00 65969 0 1
20150730080 22:31:00 28662 0 1
20150730081 22:41:00 08678 0 0
20150730082 22:51:00 28748 0 0
20150730083 23:01:00 30056 1 0
20150730084 23:11:00 65711 0 1
