20150331001 09:09:00 00442 1 1
20150331002 09:19:00 21621 0 0
20150331003 09:29:00 32933 0 1
20150331004 09:39:00 68966 0 1
20150331005 09:49:00 34791 0 0
20150331006 09:59:00 34798 0 0
20150331007 10:10:00 27827 0 0
20150331008 10:20:00 14118 1 1
20150331009 10:30:00 63797 0 1
20150331010 10:40:00 45997 0 1
20150331011 10:50:00 96312 0 0
20150331012 11:00:00 93268 0 0
20150331013 11:10:00 79051 0 0
20150331014 11:21:00 23026 0 0
20150331015 11:31:00 34918 0 0
20150331016 11:41:00 07430 0 0
20150331017 11:51:00 23426 0 0
20150331018 12:01:00 05670 0 0
20150331019 12:11:00 41804 0 0
20150331020 12:22:00 84912 0 0
20150331021 12:32:00 48386 0 0
20150331022 12:42:00 52445 0 1
20150331023 12:52:00 85333 0 1
20150331024 13:02:00 73542 0 0
20150331025 13:12:00 05205 0 0
20150331026 13:22:00 59960 1 0
20150331027 13:33:00 16849 0 0
20150331028 13:43:00 93906 1 0
20150331029 13:53:00 06844 0 1
20150331030 14:03:00 25275 1 0
20150331031 14:13:00 06579 0 0
20150331032 14:23:00 75677 0 1
20150331033 14:33:00 07582 0 0
20150331034 14:44:00 95197 0 0
20150331035 14:54:00 79489 0 0
20150331036 15:04:00 78101 0 1
20150331037 15:14:00 39645 0 0
20150331038 15:24:00 34210 0 0
20150331039 15:34:00 53216 0 0
20150331040 15:45:00 52710 0 0
20150331041 15:55:00 08629 0 0
20150331042 16:05:00 04177 0 1
20150331043 16:15:00 46934 0 0
20150331044 16:25:00 58636 0 1
20150331045 16:35:00 51668 0 1
20150331046 16:45:00 68597 0 0
20150331047 16:56:00 58363 0 1
20150331048 17:06:00 32633 0 1
20150331049 17:16:00 83341 1 0
20150331050 17:26:00 60630 1 0
20150331051 17:36:00 05337 0 1
20150331052 17:46:00 60281 0 0
20150331053 17:56:00 43304 1 0
20150331054 18:07:00 47586 0 0
20150331055 18:17:00 35473 0 0
20150331056 18:27:00 26135 0 0
20150331057 18:37:00 09496 0 0
20150331058 18:47:00 27122 0 1
20150331059 18:57:00 77245 1 0
20150331060 19:08:00 02088 1 1
20150331061 19:18:00 20651 0 0
20150331062 19:28:00 89764 0 0
20150331063 19:38:00 99446 1 1
20150331064 19:48:00 36569 0 0
20150331065 19:58:00 19983 1 0
20150331066 20:08:00 50424 0 1
20150331067 20:19:00 50366 0 1
20150331068 20:29:00 81686 0 1
20150331069 20:39:00 00530 1 0
20150331070 20:49:00 78588 0 1
20150331071 20:59:00 11237 1 0
20150331072 21:09:00 98885 1 1
20150331073 21:19:00 57109 0 0
20150331074 21:30:00 92460 0 0
20150331075 21:40:00 76269 0 0
20150331076 21:50:00 82269 1 0
20150331077 22:00:00 28771 0 1
20150331078 22:10:00 09520 0 0
20150331079 22:20:00 78286 0 0
20150331080 22:31:00 93435 0 0
20150331081 22:41:00 40583 0 0
20150331082 22:51:00 76557 0 1
20150331083 23:01:00 23886 0 1
20150331084 23:11:00 60675 1 0
