20151116001 09:09:00 58356 0 0
20151116002 09:19:00 63250 0 0
20151116003 09:29:00 67646 1 1
20151116004 09:39:00 31256 0 0
20151116005 09:49:00 47731 1 0
20151116006 09:59:00 25444 0 1
20151116007 10:10:00 83262 0 1
20151116008 10:20:00 18550 0 1
20151116009 10:30:00 27987 0 0
20151116010 10:40:00 42141 0 1
20151116011 10:50:00 35959 0 1
20151116012 11:00:00 44253 1 0
20151116013 11:10:00 41811 0 1
20151116014 11:21:00 28607 0 0
20151116015 11:31:00 34931 0 0
20151116016 11:41:00 37251 0 0
20151116017 11:51:00 59073 0 0
20151116018 12:01:00 05432 0 0
20151116019 12:11:00 67750 1 0
20151116020 12:22:00 24135 0 0
20151116021 12:32:00 12318 0 0
20151116022 12:42:00 68661 1 1
20151116023 12:52:00 04664 0 1
20151116024 13:02:00 44093 1 0
20151116025 13:12:00 81600 0 1
20151116026 13:22:00 66936 1 0
20151116027 13:33:00 34659 0 0
20151116028 13:43:00 81144 1 1
20151116029 13:53:00 13653 0 0
20151116030 14:03:00 91981 1 0
20151116031 14:13:00 96845 0 0
20151116032 14:23:00 44173 1 0
20151116033 14:33:00 79599 0 1
20151116034 14:44:00 88697 1 0
20151116035 14:54:00 14958 0 0
20151116036 15:04:00 32901 0 0
20151116037 15:14:00 84763 0 0
20151116038 15:24:00 61036 0 0
20151116039 15:34:00 93007 0 1
20151116040 15:45:00 06047 1 0
20151116041 15:55:00 38020 0 1
20151116042 16:05:00 37295 0 0
20151116043 16:15:00 88722 1 1
20151116044 16:25:00 34089 0 0
20151116045 16:35:00 14755 0 1
20151116046 16:45:00 97295 0 0
20151116047 16:56:00 35538 1 0
20151116048 17:06:00 03701 0 0
20151116049 17:16:00 46847 0 0
20151116050 17:26:00 14574 0 0
20151116051 17:36:00 22010 1 1
20151116052 17:46:00 14808 0 1
20151116053 17:56:00 25993 0 1
20151116054 18:07:00 67684 1 0
20151116055 18:17:00 30523 0 0
20151116056 18:27:00 35086 0 0
20151116057 18:37:00 95370 0 0
20151116058 18:47:00 86291 0 0
20151116059 18:57:00 53542 1 0
20151116060 19:08:00 54245 0 0
20151116061 19:18:00 20510 0 0
20151116062 19:28:00 25504 1 0
20151116063 19:38:00 93389 1 0
20151116064 19:48:00 74441 1 1
20151116065 19:58:00 33874 1 0
20151116066 20:08:00 77174 1 0
20151116067 20:19:00 87389 0 0
20151116068 20:29:00 58615 0 0
20151116069 20:39:00 35089 0 0
20151116070 20:49:00 19425 0 0
20151116071 20:59:00 45395 0 0
20151116072 21:09:00 02719 0 0
20151116073 21:19:00 01925 0 0
20151116074 21:30:00 70261 0 0
20151116075 21:40:00 54441 1 1
20151116076 21:50:00 68224 0 1
20151116077 22:00:00 52349 0 0
20151116078 22:10:00 72226 1 1
20151116079 22:20:00 24128 0 0
20151116080 22:31:00 45430 1 0
20151116081 22:41:00 18086 0 0
20151116082 22:51:00 27734 1 0
20151116083 23:01:00 04690 0 0
20151116084 23:11:00 78868 1 1
