20151219001 09:09:00 54214 0 0
20151219002 09:19:00 69005 0 1
20151219003 09:29:00 67881 0 1
20151219004 09:39:00 68525 0 1
20151219005 09:49:00 47047 0 0
20151219006 09:59:00 73958 0 0
20151219007 10:10:00 43270 0 0
20151219008 10:20:00 44473 1 0
20151219009 10:30:00 41840 0 0
20151219010 10:40:00 24513 0 0
20151219011 10:50:00 51213 0 0
20151219012 11:00:00 64609 1 0
20151219013 11:10:00 39052 0 0
20151219014 11:21:00 44602 1 0
20151219015 11:31:00 91391 0 0
20151219016 11:41:00 41799 0 1
20151219017 11:51:00 17891 0 0
20151219018 12:01:00 49090 0 1
20151219019 12:11:00 03207 0 0
20151219020 12:22:00 06102 0 0
20151219021 12:32:00 32599 0 1
20151219022 12:42:00 68170 0 0
20151219023 12:52:00 46694 1 0
20151219024 13:02:00 83769 0 0
20151219025 13:12:00 06205 0 0
20151219026 13:22:00 54914 0 0
20151219027 13:33:00 46641 1 0
20151219028 13:43:00 95667 0 1
20151219029 13:53:00 28838 1 1
20151219030 14:03:00 69062 0 0
20151219031 14:13:00 70037 1 0
20151219032 14:23:00 75177 0 1
20151219033 14:33:00 72687 0 0
20151219034 14:44:00 65271 0 0
20151219035 14:54:00 95799 0 1
20151219036 15:04:00 65678 1 0
20151219037 15:14:00 12335 0 1
20151219038 15:24:00 05576 1 0
20151219039 15:34:00 61401 0 0
20151219040 15:45:00 14471 1 0
20151219041 15:55:00 57467 0 0
20151219042 16:05:00 87662 0 1
20151219043 16:15:00 51340 0 0
20151219044 16:25:00 79574 0 0
20151219045 16:35:00 72344 0 1
20151219046 16:45:00 15851 0 0
20151219047 16:56:00 74859 0 0
20151219048 17:06:00 29259 1 0
20151219049 17:16:00 47905 0 0
20151219050 17:26:00 66994 1 1
20151219051 17:36:00 32357 1 0
20151219052 17:46:00 89365 0 0
20151219053 17:56:00 92123 0 0
20151219054 18:07:00 91059 0 0
20151219055 18:17:00 84497 1 0
20151219056 18:27:00 88201 1 0
20151219057 18:37:00 56856 0 0
20151219058 18:47:00 61670 1 0
20151219059 18:57:00 25174 0 0
20151219060 19:08:00 30191 0 1
20151219061 19:18:00 55377 1 1
20151219062 19:28:00 64921 0 0
20151219063 19:38:00 80680 0 0
20151219064 19:48:00 10710 0 0
20151219065 19:58:00 51412 0 0
20151219066 20:08:00 85417 0 0
20151219067 20:19:00 61633 1 1
20151219068 20:29:00 96862 0 0
20151219069 20:39:00 69864 0 0
20151219070 20:49:00 48061 0 0
20151219071 20:59:00 49459 1 0
20151219072 21:09:00 25896 0 0
20151219073 21:19:00 93509 0 0
20151219074 21:30:00 52547 1 0
20151219075 21:40:00 93858 0 1
20151219076 21:50:00 76279 0 0
20151219077 22:00:00 82522 0 1
20151219078 22:10:00 71183 1 0
20151219079 22:20:00 16419 0 0
20151219080 22:31:00 43706 0 0
20151219081 22:41:00 11966 1 1
20151219082 22:51:00 51574 1 0
20151219083 23:01:00 79377 0 1
20151219084 23:11:00 31465 0 0
