20150109001 09:09:00 57949 0 1
20150109002 09:19:00 30108 0 0
20150109003 09:29:00 34932 0 0
20150109004 09:39:00 52927 0 0
20150109005 09:49:00 66107 1 0
20150109006 09:59:00 56367 0 0
20150109007 10:10:00 87505 0 1
20150109008 10:20:00 44381 1 0
20150109009 10:30:00 00073 1 0
20150109010 10:40:00 86160 0 0
20150109011 10:50:00 17975 0 0
20150109012 11:00:00 52068 0 0
20150109013 11:10:00 79785 1 0
20150109014 11:21:00 67680 1 0
20150109015 11:31:00 78775 1 1
20150109016 11:41:00 19305 0 0
20150109017 11:51:00 49197 0 0
20150109018 12:01:00 50222 0 1
20150109019 12:11:00 73673 0 0
20150109020 12:22:00 26664 1 1
20150109021 12:32:00 74813 0 0
20150109022 12:42:00 03927 0 0
20150109023 12:52:00 37390 1 0
20150109024 13:02:00 63120 0 0
20150109025 13:12:00 07882 0 1
20150109026 13:22:00 38040 0 1
20150109027 13:33:00 74827 0 0
20150109028 13:43:00 87455 0 1
20150109029 13:53:00 86979 0 1
20150109030 14:03:00 82946 0 0
20150109031 14:13:00 27824 0 0
20150109032 14:23:00 27066 0 1
20150109033 14:33:00 31377 1 1
20150109034 14:44:00 73616 0 1
20150109035 14:54:00 15902 0 0
20150109036 15:04:00 11718 1 0
20150109037 15:14:00 14558 0 1
20150109038 15:24:00 03560 0 0
20150109039 15:34:00 60584 0 0
20150109040 15:45:00 32842 0 0
20150109041 15:55:00 90013 1 0
20150109042 16:05:00 91355 0 1
20150109043 16:15:00 25994 0 1
20150109044 16:25:00 39206 0 0
20150109045 16:35:00 07684 0 0
20150109046 16:45:00 34087 0 0
20150109047 16:56:00 05120 0 0
20150109048 17:06:00 30731 0 0
20150109049 17:16:00 61277 0 1
20150109050 17:26:00 49575 0 1
20150109051 17:36:00 84771 0 1
20150109052 17:46:00 04828 0 1
20150109053 17:56:00 36283 0 0
20150109054 18:07:00 10410 0 0
20150109055 18:17:00 09778 0 1
20150109056 18:27:00 39417 0 0
20150109057 18:37:00 09483 0 0
20150109058 18:47:00 76894 0 0
20150109059 18:57:00 20744 0 1
20150109060 19:08:00 94966 1 1
20150109061 19:18:00 51796 0 0
20150109062 19:28:00 72622 0 1
20150109063 19:38:00 33146 1 0
20150109064 19:48:00 03944 0 1
20150109065 19:58:00 91510 0 0
20150109066 20:08:00 74504 0 0
20150109067 20:19:00 05736 0 0
20150109068 20:29:00 73496 0 0
20150109069 20:39:00 42359 0 0
20150109070 20:49:00 09006 1 1
20150109071 20:59:00 92646 0 1
20150109072 21:09:00 42740 0 0
20150109073 21:19:00 51992 0 1
20150109074 21:30:00 05840 0 0
20150109075 21:40:00 40783 0 0
20150109076 21:50:00 81113 1 1
20150109077 22:00:00 83717 0 1
20150109078 22:10:00 25454 0 1
20150109079 22:20:00 16030 0 1
20150109080 22:31:00 89607 0 0
20150109081 22:41:00 12257 1 0
20150109082 22:51:00 91546 0 0
20150109083 23:01:00 34789 0 0
20150109084 23:11:00 71253 0 0
