20150622001 09:09:00 45819 0 0
20150622002 09:19:00 50531 1 0
20150622003 09:29:00 82058 0 0
20150622004 09:39:00 37308 1 0
20150622005 09:49:00 15172 1 0
20150622006 09:59:00 06757 0 1
20150622007 10:10:00 88545 1 1
20150622008 10:20:00 10960 0 0
20150622009 10:30:00 51996 0 1
20150622010 10:40:00 92215 1 0
20150622011 10:50:00 89096 0 0
20150622012 11:00:00 63418 0 0
20150622013 11:10:00 80379 0 0
20150622014 11:21:00 41890 0 0
20150622015 11:31:00 79218 0 0
20150622016 11:41:00 91922 1 1
20150622017 11:51:00 17935 0 0
20150622018 12:01:00 99110 1 1
20150622019 12:11:00 34714 0 0
20150622020 12:22:00 11503 1 0
20150622021 12:32:00 16214 0 0
20150622022 12:42:00 94262 0 1
20150622023 12:52:00 23077 0 1
20150622024 13:02:00 58018 0 0
20150622025 13:12:00 25323 0 1
20150622026 13:22:00 25539 1 0
20150622027 13:33:00 17660 0 1
20150622028 13:43:00 21085 0 0
20150622029 13:53:00 54492 1 0
20150622030 14:03:00 78650 0 0
20150622031 14:13:00 65611 1 1
20150622032 14:23:00 61789 0 0
20150622033 14:33:00 88235 1 0
20150622034 14:44:00 20539 0 0
20150622035 14:54:00 86178 0 0
20150622036 15:04:00 91171 1 1
20150622037 15:14:00 57839 0 0
20150622038 15:24:00 85306 0 0
20150622039 15:34:00 04579 0 0
20150622040 15:45:00 16541 0 0
20150622041 15:55:00 17209 0 0
20150622042 16:05:00 99704 1 0
20150622043 16:15:00 33823 1 0
20150622044 16:25:00 49263 0 0
20150622045 16:35:00 23976 0 0
20150622046 16:45:00 15266 0 1
20150622047 16:56:00 61646 1 1
20150622048 17:06:00 26040 0 1
20150622049 17:16:00 11057 1 0
20150622050 17:26:00 00456 1 0
20150622051 17:36:00 89440 0 1
20150622052 17:46:00 76714 1 0
20150622053 17:56:00 60363 0 1
20150622054 18:07:00 34588 0 1
20150622055 18:17:00 51562 1 0
20150622056 18:27:00 87647 0 0
20150622057 18:37:00 30939 0 1
20150622058 18:47:00 24092 0 0
20150622059 18:57:00 92206 1 0
20150622060 19:08:00 61979 0 1
20150622061 19:18:00 24392 0 0
20150622062 19:28:00 21987 0 0
20150622063 19:38:00 26079 0 0
20150622064 19:48:00 27991 0 1
20150622065 19:58:00 46377 0 1
20150622066 20:08:00 77071 1 0
20150622067 20:19:00 45563 1 0
20150622068 20:29:00 78444 0 1
20150622069 20:39:00 07945 0 0
20150622070 20:49:00 08838 1 1
20150622071 20:59:00 67135 0 0
20150622072 21:09:00 46843 0 0
20150622073 21:19:00 14175 1 0
20150622074 21:30:00 87353 0 1
20150622075 21:40:00 76626 1 1
20150622076 21:50:00 63185 0 0
20150622077 22:00:00 79920 1 0
20150622078 22:10:00 91161 1 1
20150622079 22:20:00 27821 0 0
20150622080 22:31:00 96726 0 0
20150622081 22:41:00 31264 0 0
20150622082 22:51:00 61929 0 1
20150622083 23:01:00 46849 0 0
20150622084 23:11:00 26813 0 0
