20151113001 09:09:00 86497 0 0
20151113002 09:19:00 10300 0 1
20151113003 09:29:00 23432 0 0
20151113004 09:39:00 13822 0 1
20151113005 09:49:00 73259 0 0
20151113006 09:59:00 67607 1 0
20151113007 10:10:00 28313 0 1
20151113008 10:20:00 34595 0 1
20151113009 10:30:00 27000 0 1
20151113010 10:40:00 48271 0 0
20151113011 10:50:00 08735 0 0
20151113012 11:00:00 78037 0 0
20151113013 11:10:00 74838 0 1
20151113014 11:21:00 94256 0 0
20151113015 11:31:00 21753 0 0
20151113016 11:41:00 43437 1 0
20151113017 11:51:00 47250 0 0
20151113018 12:01:00 58921 0 0
20151113019 12:11:00 70401 0 0
20151113020 12:22:00 36518 0 0
20151113021 12:32:00 77872 1 0
20151113022 12:42:00 95186 0 0
20151113023 12:52:00 01696 0 1
20151113024 13:02:00 23146 0 0
20151113025 13:12:00 05086 1 0
20151113026 13:22:00 45038 0 0
20151113027 13:33:00 69752 0 0
20151113028 13:43:00 91959 1 1
20151113029 13:53:00 58307 0 0
20151113030 14:03:00 03528 0 0
20151113031 14:13:00 16061 0 0
20151113032 14:23:00 74425 1 0
20151113033 14:33:00 58611 0 1
20151113034 14:44:00 17184 1 0
20151113035 14:54:00 78217 0 0
20151113036 15:04:00 93757 0 1
20151113037 15:14:00 17237 0 0
20151113038 15:24:00 17827 0 0
20151113039 15:34:00 96713 0 0
20151113040 15:45:00 91432 0 0
20151113041 15:55:00 25438 0 0
20151113042 16:05:00 27629 0 0
20151113043 16:15:00 65976 0 0
20151113044 16:25:00 11185 1 0
20151113045 16:35:00 51309 0 0
20151113046 16:45:00 49386 0 0
20151113047 16:56:00 41646 0 1
20151113048 17:06:00 68500 0 1
20151113049 17:16:00 14278 0 0
20151113050 17:26:00 77120 1 0
20151113051 17:36:00 13952 0 0
20151113052 17:46:00 73381 1 0
20151113053 17:56:00 01653 0 0
20151113054 18:07:00 86558 0 1
20151113055 18:17:00 46924 0 0
20151113056 18:27:00 35069 0 0
20151113057 18:37:00 78450 0 0
20151113058 18:47:00 73636 0 1
20151113059 18:57:00 85122 0 1
20151113060 19:08:00 47837 0 0
20151113061 19:18:00 46577 0 1
20151113062 19:28:00 68590 0 0
20151113063 19:38:00 11870 1 0
20151113064 19:48:00 03857 0 0
20151113065 19:58:00 11733 1 1
20151113066 20:08:00 16859 0 0
20151113067 20:19:00 53968 0 0
20151113068 20:29:00 36804 0 0
20151113069 20:39:00 52964 0 0
20151113070 20:49:00 85397 0 0
20151113071 20:59:00 92698 0 0
20151113072 21:09:00 27688 0 1
20151113073 21:19:00 36785 0 0
20151113074 21:30:00 63722 0 1
20151113075 21:40:00 55864 1 0
20151113076 21:50:00 96677 1 1
20151113077 22:00:00 22407 1 0
20151113078 22:10:00 81915 0 0
20151113079 22:20:00 56501 1 0
20151113080 22:31:00 28456 0 0
20151113081 22:41:00 62116 0 1
20151113082 22:51:00 38035 0 0
20151113083 23:01:00 89772 0 1
20151113084 23:11:00 70288 0 1
