20150714001 09:09:00 21002 0 1
20150714002 09:19:00 28630 0 0
20150714003 09:29:00 16438 0 0
20150714004 09:39:00 19407 0 0
20150714005 09:49:00 48766 0 1
20150714006 09:59:00 76033 0 1
20150714007 10:10:00 35436 0 0
20150714008 10:20:00 26402 0 0
20150714009 10:30:00 33256 1 0
20150714010 10:40:00 13518 0 0
20150714011 10:50:00 24829 0 0
20150714012 11:00:00 11778 1 1
20150714013 11:10:00 96290 0 0
20150714014 11:21:00 44687 1 0
20150714015 11:31:00 33618 1 0
20150714016 11:41:00 14725 0 0
20150714017 11:51:00 69353 0 1
20150714018 12:01:00 32143 0 0
20150714019 12:11:00 66227 1 1
20150714020 12:22:00 91997 1 1
20150714021 12:32:00 24888 0 1
20150714022 12:42:00 67959 0 1
20150714023 12:52:00 32996 0 1
20150714024 13:02:00 29712 0 0
20150714025 13:12:00 70956 0 0
20150714026 13:22:00 60687 1 0
20150714027 13:33:00 16074 0 0
20150714028 13:43:00 62782 0 0
20150714029 13:53:00 46590 0 0
20150714030 14:03:00 63356 1 0
20150714031 14:13:00 40500 0 1
20150714032 14:23:00 34815 0 0
20150714033 14:33:00 55334 1 1
20150714034 14:44:00 69683 1 0
20150714035 14:54:00 40227 0 1
20150714036 15:04:00 14064 0 0
20150714037 15:14:00 42884 0 1
20150714038 15:24:00 16505 0 1
20150714039 15:34:00 40513 0 0
20150714040 15:45:00 38025 0 0
20150714041 15:55:00 42036 0 0
20150714042 16:05:00 60405 0 0
20150714043 16:15:00 94931 1 0
20150714044 16:25:00 55246 1 0
20150714045 16:35:00 21250 1 0
20150714046 16:45:00 22387 1 0
20150714047 16:56:00 71381 0 0
20150714048 17:06:00 36637 1 0
20150714049 17:16:00 60566 0 1
20150714050 17:26:00 08287 0 0
20150714051 17:36:00 95212 0 1
20150714052 17:46:00 45098 0 0
20150714053 17:56:00 71972 0 0
20150714054 18:07:00 80699 0 1
20150714055 18:17:00 82363 0 1
20150714056 18:27:00 72437 0 0
20150714057 18:37:00 38076 0 0
20150714058 18:47:00 54402 1 0
20150714059 18:57:00 81822 1 1
20150714060 19:08:00 53253 0 0
20150714061 19:18:00 75287 0 0
20150714062 19:28:00 23136 0 0
20150714063 19:38:00 66242 1 1
20150714064 19:48:00 24973 0 0
20150714065 19:58:00 28876 1 0
20150714066 20:08:00 40416 1 0
20150714067 20:19:00 42350 0 0
20150714068 20:29:00 88159 1 0
20150714069 20:39:00 06273 0 0
20150714070 20:49:00 54140 0 0
20150714071 20:59:00 69808 0 1
20150714072 21:09:00 90454 0 1
20150714073 21:19:00 97691 0 0
20150714074 21:30:00 16131 1 1
20150714075 21:40:00 59909 1 1
20150714076 21:50:00 69275 0 0
20150714077 22:00:00 52980 0 0
20150714078 22:10:00 96937 1 0
20150714079 22:20:00 73398 1 0
20150714080 22:31:00 68505 0 1
20150714081 22:41:00 01385 0 0
20150714082 22:51:00 81605 0 0
20150714083 23:01:00 18401 0 0
20150714084 23:11:00 25689 0 0
