20150110001 09:09:00 19460 0 0
20150110002 09:19:00 29729 0 0
20150110003 09:29:00 30708 0 0
20150110004 09:39:00 40606 0 1
20150110005 09:49:00 89849 1 0
20150110006 09:59:00 04876 0 0
20150110007 10:10:00 65368 0 0
20150110008 10:20:00 29606 0 1
20150110009 10:30:00 07686 0 1
20150110010 10:40:00 95808 0 1
20150110011 10:50:00 44160 1 0
20150110012 11:00:00 39615 0 0
20150110013 11:10:00 94073 0 0
20150110014 11:21:00 74373 0 1
20150110015 11:31:00 54690 0 0
20150110016 11:41:00 75128 0 0
20150110017 11:51:00 46464 1 1
20150110018 12:01:00 94619 0 0
20150110019 12:11:00 20123 0 0
20150110020 12:22:00 34681 0 0
20150110021 12:32:00 99994 1 1
20150110022 12:42:00 80829 1 0
20150110023 12:52:00 44199 1 1
20150110024 13:02:00 99618 1 0
20150110025 13:12:00 45192 0 0
20150110026 13:22:00 74210 0 0
20150110027 13:33:00 09472 0 0
20150110028 13:43:00 75255 0 1
20150110029 13:53:00 44806 1 0
20150110030 14:03:00 69459 0 0
20150110031 14:13:00 81250 0 0
20150110032 14:23:00 91796 0 0
20150110033 14:33:00 97906 1 0
20150110034 14:44:00 28427 0 0
20150110035 14:54:00 43987 0 0
20150110036 15:04:00 94838 0 1
20150110037 15:14:00 11387 1 0
20150110038 15:24:00 46900 0 1
20150110039 15:34:00 73353 1 1
20150110040 15:45:00 68327 0 0
20150110041 15:55:00 34973 0 0
20150110042 16:05:00 66814 1 0
20150110043 16:15:00 97687 0 0
20150110044 16:25:00 20779 0 1
20150110045 16:35:00 91102 1 0
20150110046 16:45:00 11621 1 0
20150110047 16:56:00 42073 0 0
20150110048 17:06:00 17909 0 1
20150110049 17:16:00 63456 0 0
20150110050 17:26:00 65990 0 1
20150110051 17:36:00 88776 1 1
20150110052 17:46:00 99980 1 0
20150110053 17:56:00 38570 0 0
20150110054 18:07:00 83510 0 0
20150110055 18:17:00 30571 0 0
20150110056 18:27:00 87108 0 0
20150110057 18:37:00 53213 0 0
20150110058 18:47:00 15950 0 0
20150110059 18:57:00 87175 0 0
20150110060 19:08:00 15352 0 0
20150110061 19:18:00 91903 1 0
20150110062 19:28:00 83341 1 0
20150110063 19:38:00 94856 0 0
20150110064 19:48:00 57325 0 0
20150110065 19:58:00 33731 1 0
20150110066 20:08:00 75016 0 0
20150110067 20:19:00 40108 0 0
20150110068 20:29:00 58798 0 0
20150110069 20:39:00 62882 0 1
20150110070 20:49:00 02356 0 0
20150110071 20:59:00 09560 0 0
20150110072 21:09:00 28250 1 0
20150110073 21:19:00 02779 0 1
20150110074 21:30:00 42089 0 0
20150110075 21:40:00 09513 0 0
20150110076 21:50:00 25456 0 0
20150110077 22:00:00 12442 0 1
20150110078 22:10:00 95966 1 1
20150110079 22:20:00 06576 0 0
20150110080 22:31:00 07843 0 0
20150110081 22:41:00 03178 0 0
20150110082 22:51:00 84332 0 1
20150110083 23:01:00 11228 1 1
20150110084 23:11:00 73764 1 0
