20150313001 09:09:00 25091 0 0
20150313002 09:19:00 88138 1 0
20150313003 09:29:00 31397 1 0
20150313004 09:39:00 74773 1 1
20150313005 09:49:00 22030 1 1
20150313006 09:59:00 62012 0 0
20150313007 10:10:00 69335 0 1
20150313008 10:20:00 05315 0 0
20150313009 10:30:00 49180 0 0
20150313010 10:40:00 55205 1 0
20150313011 10:50:00 27817 0 0
20150313012 11:00:00 06196 0 0
20150313013 11:10:00 93299 0 1
20150313014 11:21:00 63662 1 1
20150313015 11:31:00 65263 0 0
20150313016 11:41:00 59233 0 1
20150313017 11:51:00 50883 0 1
20150313018 12:01:00 19986 1 0
20150313019 12:11:00 87741 1 0
20150313020 12:22:00 44721 1 0
20150313021 12:32:00 99627 1 0
20150313022 12:42:00 41254 0 0
20150313023 12:52:00 21619 0 0
20150313024 13:02:00 25428 0 0
20150313025 13:12:00 20479 0 0
20150313026 13:22:00 11277 1 1
20150313027 13:33:00 10425 0 0
20150313028 13:43:00 79295 0 0
20150313029 13:53:00 50382 0 0
20150313030 14:03:00 46856 0 0
20150313031 14:13:00 29315 0 0
20150313032 14:23:00 12227 1 1
20150313033 14:33:00 06907 0 0
20150313034 14:44:00 36865 0 0
20150313035 14:54:00 00307 1 0
20150313036 15:04:00 12572 0 0
20150313037 15:14:00 86797 0 1
20150313038 15:24:00 15491 0 0
20150313039 15:34:00 11003 1 1
20150313040 15:45:00 38319 1 0
20150313041 15:55:00 57925 0 0
20150313042 16:05:00 79741 1 0
20150313043 16:15:00 58974 0 0
20150313044 16:25:00 98703 0 0
20150313045 16:35:00 60123 0 0
20150313046 16:45:00 20748 0 0
20150313047 16:56:00 46275 0 0
20150313048 17:06:00 66621 1 0
20150313049 17:16:00 84821 1 0
20150313050 17:26:00 95784 0 0
20150313051 17:36:00 80233 0 1
20150313052 17:46:00 41493 1 0
20150313053 17:56:00 00552 1 1
20150313054 18:07:00 78505 0 1
20150313055 18:17:00 83083 0 0
20150313056 18:27:00 80621 0 0
20150313057 18:37:00 41403 1 0
20150313058 18:47:00 07079 1 0
20150313059 18:57:00 97645 0 0
20150313060 19:08:00 61315 0 0
20150313061 19:18:00 66690 1 0
20150313062 19:28:00 15349 0 0
20150313063 19:38:00 06090 1 1
20150313064 19:48:00 27115 0 1
20150313065 19:58:00 83845 1 0
20150313066 20:08:00 53232 0 1
20150313067 20:19:00 86940 0 0
20150313068 20:29:00 04828 0 1
20150313069 20:39:00 34774 0 1
20150313070 20:49:00 81145 1 0
20150313071 20:59:00 19466 0 1
20150313072 21:09:00 64524 0 0
20150313073 21:19:00 82938 0 0
20150313074 21:30:00 22524 1 0
20150313075 21:40:00 32370 1 0
20150313076 21:50:00 59372 0 0
20150313077 22:00:00 47045 0 0
20150313078 22:10:00 44622 1 1
20150313079 22:20:00 27151 0 1
20150313080 22:31:00 62775 0 1
20150313081 22:41:00 97265 0 0
20150313082 22:51:00 17344 0 1
20150313083 23:01:00 36429 0 0
20150313084 23:11:00 65230 0 0
