20150104001 09:09:00 05278 0 0
20150104002 09:19:00 47782 1 0
20150104003 09:29:00 84948 0 0
20150104004 09:39:00 96737 0 1
20150104005 09:49:00 99501 1 0
20150104006 09:59:00 62178 0 0
20150104007 10:10:00 41936 0 0
20150104008 10:20:00 48446 1 1
20150104009 10:30:00 12486 0 0
20150104010 10:40:00 51445 0 1
20150104011 10:50:00 45139 0 0
20150104012 11:00:00 10111 1 1
20150104013 11:10:00 41556 0 1
20150104014 11:21:00 54370 0 0
20150104015 11:31:00 99795 1 0
20150104016 11:41:00 58898 1 1
20150104017 11:51:00 32088 0 1
20150104018 12:01:00 11947 1 0
20150104019 12:11:00 66543 1 0
20150104020 12:22:00 48276 0 0
20150104021 12:32:00 74999 0 1
20150104022 12:42:00 53136 0 0
20150104023 12:52:00 76921 0 0
20150104024 13:02:00 83119 0 1
20150104025 13:12:00 93613 0 0
20150104026 13:22:00 76701 1 0
20150104027 13:33:00 65841 0 0
20150104028 13:43:00 50025 1 0
20150104029 13:53:00 91543 0 0
20150104030 14:03:00 82388 0 1
20150104031 14:13:00 44940 1 0
20150104032 14:23:00 00196 1 0
20150104033 14:33:00 60353 0 1
20150104034 14:44:00 46627 1 0
20150104035 14:54:00 44356 1 0
20150104036 15:04:00 71655 0 1
20150104037 15:14:00 95354 0 0
20150104038 15:24:00 84209 0 0
20150104039 15:34:00 43707 0 1
20150104040 15:45:00 23294 1 0
20150104041 15:55:00 30086 1 0
20150104042 16:05:00 38564 0 0
20150104043 16:15:00 64660 1 1
20150104044 16:25:00 56694 1 0
20150104045 16:35:00 72626 0 1
20150104046 16:45:00 35087 0 0
20150104047 16:56:00 87561 0 0
20150104048 17:06:00 07757 1 1
20150104049 17:16:00 42321 0 0
20150104050 17:26:00 52342 0 0
20150104051 17:36:00 45181 0 1
20150104052 17:46:00 15588 1 1
20150104053 17:56:00 89702 0 0
20150104054 18:07:00 47648 0 0
20150104055 18:17:00 60633 1 1
20150104056 18:27:00 60245 0 0
20150104057 18:37:00 10153 1 0
20150104058 18:47:00 90368 0 0
20150104059 18:57:00 97273 0 0
20150104060 19:08:00 20530 0 0
20150104061 19:18:00 04882 0 1
20150104062 19:28:00 82829 1 0
20150104063 19:38:00 31638 0 0
20150104064 19:48:00 52310 0 0
20150104065 19:58:00 50052 1 0
20150104066 20:08:00 78279 0 0
20150104067 20:19:00 34446 1 1
20150104068 20:29:00 02577 0 1
20150104069 20:39:00 23024 0 0
20150104070 20:49:00 15702 0 0
20150104071 20:59:00 91426 0 0
20150104072 21:09:00 96879 0 0
20150104073 21:19:00 82522 0 1
20150104074 21:30:00 91527 0 0
20150104075 21:40:00 56991 0 1
20150104076 21:50:00 75053 0 0
20150104077 22:00:00 14262 0 1
20150104078 22:10:00 43557 0 1
20150104079 22:20:00 91243 0 0
20150104080 22:31:00 09396 0 0
20150104081 22:41:00 85789 0 0
20150104082 22:51:00 80908 0 0
20150104083 23:01:00 61501 0 0
20150104084 23:11:00 78694 0 0
