20150214001 09:09:00 62129 0 0
20150214002 09:19:00 01745 0 0
20150214003 09:29:00 75193 0 0
20150214004 09:39:00 24846 0 0
20150214005 09:49:00 36541 0 0
20150214006 09:59:00 25132 0 0
20150214007 10:10:00 69984 1 0
20150214008 10:20:00 56246 0 0
20150214009 10:30:00 83134 0 0
20150214010 10:40:00 78960 0 0
20150214011 10:50:00 54631 0 0
20150214012 11:00:00 87594 0 0
20150214013 11:10:00 13939 0 1
20150214014 11:21:00 43251 0 0
20150214015 11:31:00 01478 0 0
20150214016 11:41:00 65076 0 0
20150214017 11:51:00 29402 0 0
20150214018 12:01:00 79860 0 0
20150214019 12:11:00 11670 1 0
20150214020 12:22:00 47363 0 1
20150214021 12:32:00 09773 0 1
20150214022 12:42:00 81514 0 0
20150214023 12:52:00 04433 1 1
20150214024 13:02:00 06600 1 1
20150214025 13:12:00 22242 1 1
20150214026 13:22:00 93467 0 0
20150214027 13:33:00 69950 1 0
20150214028 13:43:00 21146 1 0
20150214029 13:53:00 64611 1 1
20150214030 14:03:00 40329 0 0
20150214031 14:13:00 39132 0 0
20150214032 14:23:00 32690 0 0
20150214033 14:33:00 43919 0 1
20150214034 14:44:00 07429 0 0
20150214035 14:54:00 40373 0 1
20150214036 15:04:00 04610 0 0
20150214037 15:14:00 99418 1 0
20150214038 15:24:00 77589 1 0
20150214039 15:34:00 07977 0 1
20150214040 15:45:00 96104 0 0
20150214041 15:55:00 51340 0 0
20150214042 16:05:00 76318 0 0
20150214043 16:15:00 90419 0 0
20150214044 16:25:00 68845 1 0
20150214045 16:35:00 58879 1 0
20150214046 16:45:00 80654 0 0
20150214047 16:56:00 27806 0 0
20150214048 17:06:00 84470 1 0
20150214049 17:16:00 02703 0 0
20150214050 17:26:00 45157 0 0
20150214051 17:36:00 84621 0 0
20150214052 17:46:00 89610 0 0
20150214053 17:56:00 49084 0 0
20150214054 18:07:00 04274 0 0
20150214055 18:17:00 48150 0 0
20150214056 18:27:00 78537 0 0
20150214057 18:37:00 97872 0 0
20150214058 18:47:00 54650 0 0
20150214059 18:57:00 35959 0 1
20150214060 19:08:00 56965 0 0
20150214061 19:18:00 10348 0 0
20150214062 19:28:00 50431 0 0
20150214063 19:38:00 70364 0 0
20150214064 19:48:00 92726 0 0
20150214065 19:58:00 52915 0 0
20150214066 20:08:00 24191 0 1
20150214067 20:19:00 16434 0 1
20150214068 20:29:00 78106 0 0
20150214069 20:39:00 67667 1 1
20150214070 20:49:00 37079 0 0
20150214071 20:59:00 78966 0 1
20150214072 21:09:00 78251 0 0
20150214073 21:19:00 68836 1 0
20150214074 21:30:00 61415 0 0
20150214075 21:40:00 08505 0 1
20150214076 21:50:00 17074 0 0
20150214077 22:00:00 20547 0 0
20150214078 22:10:00 09702 0 0
20150214079 22:20:00 35476 0 0
20150214080 22:31:00 13595 0 1
20150214081 22:41:00 48096 0 0
20150214082 22:51:00 69917 1 0
20150214083 23:01:00 33692 1 0
20150214084 23:11:00 80663 0 1
