20151122001 09:09:00 10821 0 0
20151122002 09:19:00 88856 1 0
20151122003 09:29:00 59656 0 1
20151122004 09:39:00 03272 0 1
20151122005 09:49:00 58889 1 1
20151122006 09:59:00 94656 0 1
20151122007 10:10:00 48318 0 0
20151122008 10:20:00 37608 0 0
20151122009 10:30:00 98468 0 0
20151122010 10:40:00 56766 0 1
20151122011 10:50:00 90598 0 0
20151122012 11:00:00 48117 0 1
20151122013 11:10:00 19665 0 1
20151122014 11:21:00 49841 0 0
20151122015 11:31:00 28932 0 0
20151122016 11:41:00 12319 0 0
20151122017 11:51:00 38657 0 0
20151122018 12:01:00 19628 0 0
20151122019 12:11:00 26787 0 1
20151122020 12:22:00 05560 1 0
20151122021 12:32:00 60845 0 0
20151122022 12:42:00 62809 0 0
20151122023 12:52:00 76800 0 1
20151122024 13:02:00 08099 1 1
20151122025 13:12:00 77316 1 0
20151122026 13:22:00 08595 0 1
20151122027 13:33:00 29545 0 1
20151122028 13:43:00 07152 0 0
20151122029 13:53:00 05275 0 0
20151122030 14:03:00 60175 0 0
20151122031 14:13:00 94416 1 0
20151122032 14:23:00 21082 0 0
20151122033 14:33:00 81683 0 0
20151122034 14:44:00 26835 0 0
20151122035 14:54:00 99336 1 1
20151122036 15:04:00 69724 0 0
20151122037 15:14:00 71206 0 0
20151122038 15:24:00 12475 0 0
20151122039 15:34:00 04436 1 0
20151122040 15:45:00 37747 1 1
20151122041 15:55:00 03626 0 1
20151122042 16:05:00 02630 0 0
20151122043 16:15:00 75598 1 0
20151122044 16:25:00 33115 1 1
20151122045 16:35:00 57397 0 0
20151122046 16:45:00 65161 0 1
20151122047 16:56:00 60999 0 1
20151122048 17:06:00 76081 0 0
20151122049 17:16:00 52097 0 0
20151122050 17:26:00 17324 0 0
20151122051 17:36:00 70389 0 0
20151122052 17:46:00 70260 0 0
20151122053 17:56:00 89357 0 0
20151122054 18:07:00 39399 1 1
20151122055 18:17:00 45687 0 0
20151122056 18:27:00 76814 0 0
20151122057 18:37:00 74986 0 0
20151122058 18:47:00 29313 0 1
20151122059 18:57:00 56501 1 0
20151122060 19:08:00 71032 0 0
20151122061 19:18:00 57654 0 0
20151122062 19:28:00 45176 0 0
20151122063 19:38:00 14084 0 0
20151122064 19:48:00 92178 0 0
20151122065 19:58:00 22651 1 0
20151122066 20:08:00 00057 1 0
20151122067 20:19:00 92959 1 1
20151122068 20:29:00 84620 0 0
20151122069 20:39:00 12379 0 0
20151122070 20:49:00 20154 0 0
20151122071 20:59:00 59502 1 0
20151122072 21:09:00 15062 0 0
20151122073 21:19:00 95343 0 1
20151122074 21:30:00 86360 0 0
20151122075 21:40:00 19716 0 0
20151122076 21:50:00 57766 1 1
20151122077 22:00:00 60640 1 0
20151122078 22:10:00 02148 0 0
20151122079 22:20:00 97182 0 0
20151122080 22:31:00 26112 0 1
20151122081 22:41:00 55307 1 0
20151122082 22:51:00 25667 0 1
20151122083 23:01:00 70261 0 0
20151122084 23:11:00 86786 0 0
