20150808001 09:09:00 02312 0 0
20150808002 09:19:00 96724 0 0
20150808003 09:29:00 89867 1 0
20150808004 09:39:00 22149 1 0
20150808005 09:49:00 03079 1 0
20150808006 09:59:00 08851 1 0
20150808007 10:10:00 57084 0 0
20150808008 10:20:00 46086 0 0
20150808009 10:30:00 30731 0 0
20150808010 10:40:00 67574 0 0
20150808011 10:50:00 55808 1 1
20150808012 11:00:00 51768 0 0
20150808013 11:10:00 80830 1 0
20150808014 11:21:00 45683 0 0
20150808015 11:31:00 46608 1 0
20150808016 11:41:00 68628 1 0
20150808017 11:51:00 27320 0 0
20150808018 12:01:00 37398 1 0
20150808019 12:11:00 51829 0 0
20150808020 12:22:00 82624 0 0
20150808021 12:32:00 64424 1 1
20150808022 12:42:00 99244 1 1
20150808023 12:52:00 94102 0 0
20150808024 13:02:00 17305 0 0
20150808025 13:12:00 30151 0 1
20150808026 13:22:00 52781 0 0
20150808027 13:33:00 09267 0 0
20150808028 13:43:00 89256 0 0
20150808029 13:53:00 72234 1 0
20150808030 14:03:00 68895 1 0
20150808031 14:13:00 74876 0 0
20150808032 14:23:00 85571 1 0
20150808033 14:33:00 51848 0 1
20150808034 14:44:00 64340 0 0
20150808035 14:54:00 52099 0 1
20150808036 15:04:00 31302 1 0
20150808037 15:14:00 43175 0 0
20150808038 15:24:00 08006 1 1
20150808039 15:34:00 56295 0 0
20150808040 15:45:00 32693 0 0
20150808041 15:55:00 04094 1 0
20150808042 16:05:00 15836 0 0
20150808043 16:15:00 55510 1 0
20150808044 16:25:00 84494 1 1
20150808045 16:35:00 36461 0 0
20150808046 16:45:00 78849 1 0
20150808047 16:56:00 88949 1 1
20150808048 17:06:00 52833 0 1
20150808049 17:16:00 88391 1 0
20150808050 17:26:00 98739 0 0
20150808051 17:36:00 10269 0 0
20150808052 17:46:00 91069 0 0
20150808053 17:56:00 26441 0 1
20150808054 18:07:00 62142 0 0
20150808055 18:17:00 38350 1 0
20150808056 18:27:00 39798 0 0
20150808057 18:37:00 70840 0 0
20150808058 18:47:00 55877 1 1
20150808059 18:57:00 18196 1 0
20150808060 19:08:00 10625 0 0
20150808061 19:18:00 46528 0 0
20150808062 19:28:00 70009 1 1
20150808063 19:38:00 51987 0 0
20150808064 19:48:00 26534 0 0
20150808065 19:58:00 40543 0 0
20150808066 20:08:00 95370 0 0
20150808067 20:19:00 09614 0 0
20150808068 20:29:00 88329 1 0
20150808069 20:39:00 54213 0 0
20150808070 20:49:00 58338 0 1
20150808071 20:59:00 35435 0 0
20150808072 21:09:00 74239 0 0
20150808073 21:19:00 56056 0 0
20150808074 21:30:00 60173 0 0
20150808075 21:40:00 14476 1 0
20150808076 21:50:00 59828 0 1
20150808077 22:00:00 23812 0 0
20150808078 22:10:00 58253 0 0
20150808079 22:20:00 04234 0 0
20150808080 22:31:00 34155 0 1
20150808081 22:41:00 46660 1 1
20150808082 22:51:00 49603 0 0
20150808083 23:01:00 09642 0 0
20150808084 23:11:00 41391 0 0
