20150512001 09:09:00 46509 0 0
20150512002 09:19:00 23058 0 0
20150512003 09:29:00 58507 1 0
20150512004 09:39:00 20761 0 0
20150512005 09:49:00 75849 0 0
20150512006 09:59:00 97004 0 1
20150512007 10:10:00 59470 0 0
20150512008 10:20:00 45475 1 0
20150512009 10:30:00 83454 0 1
20150512010 10:40:00 65074 0 0
20150512011 10:50:00 21998 0 1
20150512012 11:00:00 95652 0 0
20150512013 11:10:00 30305 1 0
20150512014 11:21:00 49204 0 0
20150512015 11:31:00 32129 0 0
20150512016 11:41:00 33076 1 0
20150512017 11:51:00 50566 1 1
20150512018 12:01:00 00433 1 1
20150512019 12:11:00 17469 0 0
20150512020 12:22:00 66909 1 1
20150512021 12:32:00 03782 0 0
20150512022 12:42:00 17180 1 0
20150512023 12:52:00 24149 0 0
20150512024 13:02:00 00209 1 0
20150512025 13:12:00 86485 0 0
20150512026 13:22:00 69388 0 1
20150512027 13:33:00 10702 0 0
20150512028 13:43:00 70043 1 0
20150512029 13:53:00 27970 0 0
20150512030 14:03:00 95988 1 1
20150512031 14:13:00 71210 0 0
20150512032 14:23:00 32164 0 0
20150512033 14:33:00 09369 0 0
20150512034 14:44:00 06381 0 0
20150512035 14:54:00 14916 0 0
20150512036 15:04:00 10787 0 1
20150512037 15:14:00 62631 1 0
20150512038 15:24:00 13039 0 0
20150512039 15:34:00 73647 0 0
20150512040 15:45:00 04383 0 1
20150512041 15:55:00 88903 1 0
20150512042 16:05:00 34938 0 0
20150512043 16:15:00 08940 0 0
20150512044 16:25:00 52573 1 0
20150512045 16:35:00 41613 0 0
20150512046 16:45:00 35874 0 0
20150512047 16:56:00 99676 1 1
20150512048 17:06:00 35535 1 1
20150512049 17:16:00 57947 0 0
20150512050 17:26:00 84066 0 1
20150512051 17:36:00 00050 1 1
20150512052 17:46:00 59804 0 0
20150512053 17:56:00 82912 0 0
20150512054 18:07:00 66903 1 0
20150512055 18:17:00 85327 0 0
20150512056 18:27:00 09645 0 0
20150512057 18:37:00 76848 0 1
20150512058 18:47:00 07520 0 0
20150512059 18:57:00 17201 0 0
20150512060 19:08:00 14065 0 0
20150512061 19:18:00 61754 0 0
20150512062 19:28:00 89672 0 0
20150512063 19:38:00 10017 1 0
20150512064 19:48:00 95265 0 0
20150512065 19:58:00 01401 0 0
20150512066 20:08:00 32542 0 0
20150512067 20:19:00 81100 1 1
20150512068 20:29:00 76871 0 0
20150512069 20:39:00 02236 1 0
20150512070 20:49:00 39645 0 0
20150512071 20:59:00 83734 0 0
20150512072 21:09:00 10578 0 0
20150512073 21:19:00 67946 0 0
20150512074 21:30:00 56541 1 0
20150512075 21:40:00 23410 0 0
20150512076 21:50:00 39582 0 0
20150512077 22:00:00 05210 0 0
20150512078 22:10:00 72895 0 0
20150512079 22:20:00 11077 1 1
20150512080 22:31:00 79310 0 0
20150512081 22:41:00 73739 1 0
20150512082 22:51:00 29199 0 1
20150512083 23:01:00 39546 0 0
20150512084 23:11:00 38548 0 0
