20150610001 09:09:00 46101 0 1
20150610002 09:19:00 56492 0 0
20150610003 09:29:00 26385 0 0
20150610004 09:39:00 24958 0 0
20150610005 09:49:00 95730 0 0
20150610006 09:59:00 26897 0 0
20150610007 10:10:00 63156 0 0
20150610008 10:20:00 49539 0 0
20150610009 10:30:00 68253 0 0
20150610010 10:40:00 89838 1 1
20150610011 10:50:00 09328 0 0
20150610012 11:00:00 73574 0 0
20150610013 11:10:00 30910 0 0
20150610014 11:21:00 92497 0 0
20150610015 11:31:00 48606 0 1
20150610016 11:41:00 90504 0 0
20150610017 11:51:00 10332 0 1
20150610018 12:01:00 65441 0 1
20150610019 12:11:00 00028 1 0
20150610020 12:22:00 71257 0 0
20150610021 12:32:00 74595 0 1
20150610022 12:42:00 71233 0 1
20150610023 12:52:00 50109 0 0
20150610024 13:02:00 72942 0 0
20150610025 13:12:00 94387 0 0
20150610026 13:22:00 98325 0 0
20150610027 13:33:00 22909 1 1
20150610028 13:43:00 32188 0 1
20150610029 13:53:00 35020 0 1
20150610030 14:03:00 69834 0 0
20150610031 14:13:00 88687 1 0
20150610032 14:23:00 96835 0 0
20150610033 14:33:00 97002 0 1
20150610034 14:44:00 59097 0 0
20150610035 14:54:00 83886 1 1
20150610036 15:04:00 86782 0 0
20150610037 15:14:00 62226 1 1
20150610038 15:24:00 97450 0 0
20150610039 15:34:00 45389 0 0
20150610040 15:45:00 11492 1 0
20150610041 15:55:00 95599 1 1
20150610042 16:05:00 88681 1 0
20150610043 16:15:00 81943 0 0
20150610044 16:25:00 70498 0 0
20150610045 16:35:00 52970 0 0
20150610046 16:45:00 32586 0 0
20150610047 16:56:00 77257 1 0
20150610048 17:06:00 79158 0 0
20150610049 17:16:00 39070 0 1
20150610050 17:26:00 88691 1 0
20150610051 17:36:00 96943 1 0
20150610052 17:46:00 93775 0 1
20150610053 17:56:00 27943 0 0
20150610054 18:07:00 94108 0 0
20150610055 18:17:00 63174 0 0
20150610056 18:27:00 61026 0 0
20150610057 18:37:00 91468 0 0
20150610058 18:47:00 33629 1 0
20150610059 18:57:00 26268 1 0
20150610060 19:08:00 37515 0 1
20150610061 19:18:00 97634 0 0
20150610062 19:28:00 80846 1 0
20150610063 19:38:00 07863 0 0
20150610064 19:48:00 34881 0 1
20150610065 19:58:00 91911 1 1
20150610066 20:08:00 20188 0 1
20150610067 20:19:00 28756 0 0
20150610068 20:29:00 54241 0 0
20150610069 20:39:00 58678 0 0
20150610070 20:49:00 62613 1 0
20150610071 20:59:00 66208 1 0
20150610072 21:09:00 20605 0 0
20150610073 21:19:00 74931 0 0
20150610074 21:30:00 37600 0 1
20150610075 21:40:00 49375 0 0
20150610076 21:50:00 67744 1 1
20150610077 22:00:00 93635 0 0
20150610078 22:10:00 20159 0 0
20150610079 22:20:00 15663 0 1
20150610080 22:31:00 74025 0 0
20150610081 22:41:00 18126 1 0
20150610082 22:51:00 06912 0 0
20150610083 23:01:00 19100 1 1
20150610084 23:11:00 08741 0 0
