20150912001 09:09:00 51831 0 0
20150912002 09:19:00 93817 0 0
20150912003 09:29:00 55209 1 0
20150912004 09:39:00 68425 0 0
20150912005 09:49:00 89593 0 0
20150912006 09:59:00 16359 0 0
20150912007 10:10:00 90454 0 1
20150912008 10:20:00 46208 0 0
20150912009 10:30:00 33795 1 0
20150912010 10:40:00 81930 0 0
20150912011 10:50:00 50003 1 1
20150912012 11:00:00 50626 0 1
20150912013 11:10:00 19225 0 1
20150912014 11:21:00 64636 1 1
20150912015 11:31:00 12195 1 0
20150912016 11:41:00 54379 0 0
20150912017 11:51:00 36453 0 0
20150912018 12:01:00 82844 1 1
20150912019 12:11:00 33970 1 0
20150912020 12:22:00 70815 0 0
20150912021 12:32:00 11448 1 1
20150912022 12:42:00 89519 0 0
20150912023 12:52:00 33890 1 0
20150912024 13:02:00 52365 0 0
20150912025 13:12:00 67568 0 0
20150912026 13:22:00 84692 0 0
20150912027 13:33:00 16415 0 0
20150912028 13:43:00 42409 1 0
20150912029 13:53:00 88356 1 0
20150912030 14:03:00 36625 1 0
20150912031 14:13:00 60739 0 0
20150912032 14:23:00 46374 0 0
20150912033 14:33:00 74438 1 0
20150912034 14:44:00 95151 0 1
20150912035 14:54:00 85965 0 0
20150912036 15:04:00 08780 0 0
20150912037 15:14:00 15585 1 1
20150912038 15:24:00 10731 0 0
20150912039 15:34:00 92846 0 0
20150912040 15:45:00 89744 0 1
20150912041 15:55:00 12901 0 0
20150912042 16:05:00 20393 0 1
20150912043 16:15:00 12103 1 0
20150912044 16:25:00 38965 0 0
20150912045 16:35:00 15611 0 1
20150912046 16:45:00 06601 1 0
20150912047 16:56:00 94127 0 0
20150912048 17:06:00 48692 0 0
20150912049 17:16:00 99693 1 0
20150912050 17:26:00 12614 0 0
20150912051 17:36:00 63612 1 0
20150912052 17:46:00 31815 0 0
20150912053 17:56:00 98436 0 0
20150912054 18:07:00 87497 0 0
20150912055 18:17:00 89777 0 1
20150912056 18:27:00 70309 0 0
20150912057 18:37:00 04679 0 0
20150912058 18:47:00 97712 1 0
20150912059 18:57:00 61087 0 0
20150912060 19:08:00 87537 0 0
20150912061 19:18:00 29393 0 1
20150912062 19:28:00 41320 0 0
20150912063 19:38:00 93489 0 0
20150912064 19:48:00 22904 1 0
20150912065 19:58:00 87284 0 0
20150912066 20:08:00 38948 0 0
20150912067 20:19:00 70815 0 0
20150912068 20:29:00 21155 1 1
20150912069 20:39:00 73461 0 0
20150912070 20:49:00 95629 0 0
20150912071 20:59:00 85706 0 0
20150912072 21:09:00 47191 0 1
20150912073 21:19:00 70596 0 0
20150912074 21:30:00 87733 1 1
20150912075 21:40:00 41385 0 0
20150912076 21:50:00 92716 0 0
20150912077 22:00:00 08679 0 0
20150912078 22:10:00 03592 0 0
20150912079 22:20:00 83074 0 0
20150912080 22:31:00 05869 0 0
20150912081 22:41:00 08192 0 0
20150912082 22:51:00 76517 0 0
20150912083 23:01:00 57096 0 0
20150912084 23:11:00 06404 0 1
