20150420001 09:09:00 15682 0 0
20150420002 09:19:00 19102 1 0
20150420003 09:29:00 34001 0 1
20150420004 09:39:00 80810 1 0
20150420005 09:49:00 41325 0 0
20150420006 09:59:00 87870 1 0
20150420007 10:10:00 09096 1 0
20150420008 10:20:00 87354 0 0
20150420009 10:30:00 78834 1 0
20150420010 10:40:00 74581 0 0
20150420011 10:50:00 49016 0 0
20150420012 11:00:00 65725 0 0
20150420013 11:10:00 85274 0 0
20150420014 11:21:00 87008 0 1
20150420015 11:31:00 28531 0 0
20150420016 11:41:00 70200 0 1
20150420017 11:51:00 03609 0 0
20150420018 12:01:00 79278 0 0
20150420019 12:11:00 64173 0 0
20150420020 12:22:00 37268 0 0
20150420021 12:32:00 81875 1 0
20150420022 12:42:00 87517 0 0
20150420023 12:52:00 33749 1 0
20150420024 13:02:00 62156 0 0
20150420025 13:12:00 61648 1 0
20150420026 13:22:00 16476 0 0
20150420027 13:33:00 47111 0 1
20150420028 13:43:00 14564 0 0
20150420029 13:53:00 44381 1 0
20150420030 14:03:00 58843 1 0
20150420031 14:13:00 29113 0 1
20150420032 14:23:00 65731 0 0
20150420033 14:33:00 80498 0 0
20150420034 14:44:00 17929 0 1
20150420035 14:54:00 67466 0 1
20150420036 15:04:00 22911 1 1
20150420037 15:14:00 22228 1 1
20150420038 15:24:00 12598 0 0
20150420039 15:34:00 26786 0 0
20150420040 15:45:00 77091 1 0
20150420041 15:55:00 41431 1 0
20150420042 16:05:00 19917 1 0
20150420043 16:15:00 76916 0 0
20150420044 16:25:00 02466 0 1
20150420045 16:35:00 18614 0 0
20150420046 16:45:00 99715 1 0
20150420047 16:56:00 52347 0 0
20150420048 17:06:00 07908 0 0
20150420049 17:16:00 55461 1 0
20150420050 17:26:00 62707 0 1
20150420051 17:36:00 19829 0 0
20150420052 17:46:00 74525 0 1
20150420053 17:56:00 97014 0 0
20150420054 18:07:00 07407 0 0
20150420055 18:17:00 58698 0 0
20150420056 18:27:00 85069 0 0
20150420057 18:37:00 61351 0 0
20150420058 18:47:00 21816 0 0
20150420059 18:57:00 61351 0 0
20150420060 19:08:00 60538 0 0
20150420061 19:18:00 45192 0 0
20150420062 19:28:00 89395 0 0
20150420063 19:38:00 10054 1 0
20150420064 19:48:00 38579 0 0
20150420065 19:58:00 24896 0 0
20150420066 20:08:00 89584 0 0
20150420067 20:19:00 83219 0 0
20150420068 20:29:00 87914 0 0
20150420069 20:39:00 71807 0 0
20150420070 20:49:00 07502 0 0
20150420071 20:59:00 52748 0 0
20150420072 21:09:00 78880 1 1
20150420073 21:19:00 77502 1 0
20150420074 21:30:00 44791 1 0
20150420075 21:40:00 56374 0 0
20150420076 21:50:00 45338 0 1
20150420077 22:00:00 20558 0 1
20150420078 22:10:00 31392 1 0
20150420079 22:20:00 24705 0 0
20150420080 22:31:00 68292 0 1
20150420081 22:41:00 13415 0 0
20150420082 22:51:00 00146 1 0
20150420083 23:01:00 06048 1 0
20150420084 23:11:00 37553 0 1
