20151107001 09:09:00 67760 1 0
20151107002 09:19:00 95768 0 0
20151107003 09:29:00 85011 0 1
20151107004 09:39:00 59238 0 0
20151107005 09:49:00 83204 0 0
20151107006 09:59:00 02217 1 0
20151107007 10:10:00 16658 1 0
20151107008 10:20:00 79691 0 0
20151107009 10:30:00 86738 0 0
20151107010 10:40:00 37441 0 1
20151107011 10:50:00 03113 0 1
20151107012 11:00:00 56980 0 0
20151107013 11:10:00 15301 0 0
20151107014 11:21:00 81987 0 0
20151107015 11:31:00 58557 1 1
20151107016 11:41:00 98289 0 0
20151107017 11:51:00 99229 1 1
20151107018 12:01:00 07294 0 0
20151107019 12:11:00 19412 0 0
20151107020 12:22:00 93783 0 0
20151107021 12:32:00 05446 0 1
20151107022 12:42:00 47146 0 0
20151107023 12:52:00 96295 0 0
20151107024 13:02:00 85849 1 0
20151107025 13:12:00 88320 1 0
20151107026 13:22:00 66196 1 0
20151107027 13:33:00 25885 0 1
20151107028 13:43:00 12359 0 0
20151107029 13:53:00 07859 0 0
20151107030 14:03:00 77789 1 0
20151107031 14:13:00 31440 0 1
20151107032 14:23:00 78703 1 0
20151107033 14:33:00 64165 0 0
20151107034 14:44:00 96122 0 1
20151107035 14:54:00 60046 1 0
20151107036 15:04:00 85822 1 1
20151107037 15:14:00 68834 1 0
20151107038 15:24:00 53976 0 0
20151107039 15:34:00 33762 1 0
20151107040 15:45:00 98340 0 0
20151107041 15:55:00 13614 0 0
20151107042 16:05:00 83798 0 0
20151107043 16:15:00 12291 1 0
20151107044 16:25:00 25256 1 0
20151107045 16:35:00 44729 1 0
20151107046 16:45:00 55890 1 0
20151107047 16:56:00 72707 1 1
20151107048 17:06:00 05011 1 1
20151107049 17:16:00 61134 1 0
20151107050 17:26:00 16385 0 0
20151107051 17:36:00 64363 0 1
20151107052 17:46:00 15052 0 0
20151107053 17:56:00 09177 0 1
20151107054 18:07:00 13868 0 1
20151107055 18:17:00 20026 1 0
20151107056 18:27:00 13283 0 0
20151107057 18:37:00 07329 0 0
20151107058 18:47:00 89302 0 0
20151107059 18:57:00 07685 0 0
20151107060 19:08:00 94219 0 0
20151107061 19:18:00 96668 1 1
20151107062 19:28:00 90182 0 0
20151107063 19:38:00 63512 0 0
20151107064 19:48:00 95256 0 0
20151107065 19:58:00 89283 0 0
20151107066 20:08:00 89629 0 0
20151107067 20:19:00 34072 0 0
20151107068 20:29:00 68160 0 0
20151107069 20:39:00 03910 0 0
20151107070 20:49:00 76947 0 0
20151107071 20:59:00 11566 1 1
20151107072 21:09:00 62374 0 0
20151107073 21:19:00 33434 1 1
20151107074 21:30:00 42195 0 0
20151107075 21:40:00 39505 0 1
20151107076 21:50:00 70632 0 0
20151107077 22:00:00 75965 0 0
20151107078 22:10:00 08067 1 0
20151107079 22:20:00 33876 1 0
20151107080 22:31:00 30893 0 0
20151107081 22:41:00 54080 0 1
20151107082 22:51:00 25483 0 0
20151107083 23:01:00 40716 0 0
20151107084 23:11:00 83683 0 0
