20150508001 09:09:00 06379 0 0
20150508002 09:19:00 09702 0 0
20150508003 09:29:00 91918 1 0
20150508004 09:39:00 68719 0 0
20150508005 09:49:00 70620 0 0
20150508006 09:59:00 78637 0 0
20150508007 10:10:00 51700 0 1
20150508008 10:20:00 44191 1 1
20150508009 10:30:00 77471 1 0
20150508010 10:40:00 91654 0 0
20150508011 10:50:00 23562 0 0
20150508012 11:00:00 22124 1 0
20150508013 11:10:00 64968 0 0
20150508014 11:21:00 42472 1 0
20150508015 11:31:00 47472 1 0
20150508016 11:41:00 01647 0 0
20150508017 11:51:00 41587 0 0
20150508018 12:01:00 89727 0 1
20150508019 12:11:00 97591 0 0
20150508020 12:22:00 49795 0 0
20150508021 12:32:00 00810 1 0
20150508022 12:42:00 37886 0 1
20150508023 12:52:00 92207 1 0
20150508024 13:02:00 73616 0 1
20150508025 13:12:00 80522 0 1
20150508026 13:22:00 37327 1 0
20150508027 13:33:00 60130 0 0
20150508028 13:43:00 30388 1 1
20150508029 13:53:00 55880 1 1
20150508030 14:03:00 79451 0 0
20150508031 14:13:00 86567 0 0
20150508032 14:23:00 25426 0 0
20150508033 14:33:00 75959 0 1
20150508034 14:44:00 95365 0 0
20150508035 14:54:00 31180 1 0
20150508036 15:04:00 76790 1 0
20150508037 15:14:00 85509 1 0
20150508038 15:24:00 38875 1 0
20150508039 15:34:00 40157 0 0
20150508040 15:45:00 58355 0 1
20150508041 15:55:00 61244 0 1
20150508042 16:05:00 15712 0 0
20150508043 16:15:00 11540 1 0
20150508044 16:25:00 17322 0 1
20150508045 16:35:00 82962 0 0
20150508046 16:45:00 16633 1 1
20150508047 16:56:00 09266 0 1
20150508048 17:06:00 81088 0 1
20150508049 17:16:00 02377 0 1
20150508050 17:26:00 32680 0 0
20150508051 17:36:00 66763 1 0
20150508052 17:46:00 67717 1 1
20150508053 17:56:00 48911 0 1
20150508054 18:07:00 44006 1 1
20150508055 18:17:00 93901 1 0
20150508056 18:27:00 87985 0 0
20150508057 18:37:00 10137 1 0
20150508058 18:47:00 22243 1 0
20150508059 18:57:00 23691 0 0
20150508060 19:08:00 30286 0 0
20150508061 19:18:00 84794 0 0
20150508062 19:28:00 90258 0 0
20150508063 19:38:00 06050 1 1
20150508064 19:48:00 17957 0 0
20150508065 19:58:00 31852 0 0
20150508066 20:08:00 95902 1 0
20150508067 20:19:00 84066 0 1
20150508068 20:29:00 64538 0 0
20150508069 20:39:00 86312 0 0
20150508070 20:49:00 13819 0 0
20150508071 20:59:00 97768 1 0
20150508072 21:09:00 85219 0 0
20150508073 21:19:00 39527 0 0
20150508074 21:30:00 45360 0 0
20150508075 21:40:00 39509 0 0
20150508076 21:50:00 98327 0 0
20150508077 22:00:00 10525 0 1
20150508078 22:10:00 03094 1 0
20150508079 22:20:00 87877 1 1
20150508080 22:31:00 26696 1 1
20150508081 22:41:00 13497 0 0
20150508082 22:51:00 11009 1 1
20150508083 23:01:00 96608 1 0
20150508084 23:11:00 40502 0 0
