20150619001 09:09:00 50571 1 0
20150619002 09:19:00 58890 1 0
20150619003 09:29:00 08438 0 0
20150619004 09:39:00 33624 1 0
20150619005 09:49:00 80976 0 0
20150619006 09:59:00 21231 1 0
20150619007 10:10:00 56509 1 0
20150619008 10:20:00 10210 0 0
20150619009 10:30:00 12544 0 1
20150619010 10:40:00 08718 0 0
20150619011 10:50:00 06208 0 0
20150619012 11:00:00 50247 0 0
20150619013 11:10:00 21739 0 0
20150619014 11:21:00 55493 1 0
20150619015 11:31:00 66074 1 0
20150619016 11:41:00 98472 0 0
20150619017 11:51:00 81476 0 0
20150619018 12:01:00 31402 0 0
20150619019 12:11:00 61877 0 1
20150619020 12:22:00 17759 1 0
20150619021 12:32:00 49072 0 0
20150619022 12:42:00 18423 0 0
20150619023 12:52:00 37881 0 1
20150619024 13:02:00 02964 0 0
20150619025 13:12:00 90508 0 0
20150619026 13:22:00 36768 0 0
20150619027 13:33:00 94577 0 1
20150619028 13:43:00 36804 0 0
20150619029 13:53:00 91271 0 0
20150619030 14:03:00 70491 0 0
20150619031 14:13:00 99688 1 1
20150619032 14:23:00 31435 0 0
20150619033 14:33:00 21284 1 0
20150619034 14:44:00 81577 0 1
20150619035 14:54:00 36773 0 1
20150619036 15:04:00 39379 1 0
20150619037 15:14:00 25671 0 0
20150619038 15:24:00 28920 0 0
20150619039 15:34:00 11146 1 0
20150619040 15:45:00 73371 1 0
20150619041 15:55:00 65762 0 0
20150619042 16:05:00 27658 0 0
20150619043 16:15:00 07349 0 0
20150619044 16:25:00 18396 0 0
20150619045 16:35:00 59449 0 1
20150619046 16:45:00 78623 0 0
20150619047 16:56:00 72093 0 0
20150619048 17:06:00 02468 0 0
20150619049 17:16:00 90183 0 0
20150619050 17:26:00 32107 0 0
20150619051 17:36:00 84163 0 0
20150619052 17:46:00 60953 0 0
20150619053 17:56:00 52173 0 0
20150619054 18:07:00 72406 0 0
20150619055 18:17:00 05296 0 0
20150619056 18:27:00 66273 1 0
20150619057 18:37:00 93611 0 1
20150619058 18:47:00 18739 0 0
20150619059 18:57:00 00618 1 0
20150619060 19:08:00 50846 0 0
20150619061 19:18:00 49362 0 0
20150619062 19:28:00 42517 0 0
20150619063 19:38:00 76679 1 0
20150619064 19:48:00 84072 0 0
20150619065 19:58:00 00409 1 0
20150619066 20:08:00 32229 1 1
20150619067 20:19:00 11240 1 0
20150619068 20:29:00 44945 1 0
20150619069 20:39:00 56628 1 0
20150619070 20:49:00 89210 0 0
20150619071 20:59:00 65812 0 0
20150619072 21:09:00 51078 0 0
20150619073 21:19:00 00127 1 0
20150619074 21:30:00 17412 0 0
20150619075 21:40:00 27834 0 0
20150619076 21:50:00 39153 0 0
20150619077 22:00:00 57859 0 0
20150619078 22:10:00 07149 0 0
20150619079 22:20:00 36528 0 0
20150619080 22:31:00 83258 0 0
20150619081 22:41:00 31219 0 0
20150619082 22:51:00 42497 1 0
20150619083 23:01:00 35625 0 0
20150619084 23:11:00 81196 1 0
