20151213001 09:09:00 18029 0 0
20151213002 09:19:00 25345 0 0
20151213003 09:29:00 01744 0 1
20151213004 09:39:00 29603 0 0
20151213005 09:49:00 90201 0 0
20151213006 09:59:00 09508 0 0
20151213007 10:10:00 61468 0 0
20151213008 10:20:00 71377 0 1
20151213009 10:30:00 53339 1 1
20151213010 10:40:00 75815 0 0
20151213011 10:50:00 05179 0 0
20151213012 11:00:00 63811 0 1
20151213013 11:10:00 72968 0 0
20151213014 11:21:00 07572 0 0
20151213015 11:31:00 75732 1 0
20151213016 11:41:00 61957 0 0
20151213017 11:51:00 48317 0 0
20151213018 12:01:00 50689 0 0
20151213019 12:11:00 20549 0 0
20151213020 12:22:00 37828 0 1
20151213021 12:32:00 85548 1 0
20151213022 12:42:00 02342 0 0
20151213023 12:52:00 12081 0 0
20151213024 13:02:00 11308 1 0
20151213025 13:12:00 27657 0 0
20151213026 13:22:00 00056 1 0
20151213027 13:33:00 72785 1 0
20151213028 13:43:00 55510 1 0
20151213029 13:53:00 95302 0 0
20151213030 14:03:00 23461 0 0
20151213031 14:13:00 92003 0 1
20151213032 14:23:00 84435 1 0
20151213033 14:33:00 17084 0 0
20151213034 14:44:00 45390 0 0
20151213035 14:54:00 91003 0 1
20151213036 15:04:00 32585 0 1
20151213037 15:14:00 72548 0 0
20151213038 15:24:00 78968 0 0
20151213039 15:34:00 03402 0 0
20151213040 15:45:00 00289 1 0
20151213041 15:55:00 90635 0 0
20151213042 16:05:00 36926 0 0
20151213043 16:15:00 55734 1 0
20151213044 16:25:00 36010 0 1
20151213045 16:35:00 75973 0 0
20151213046 16:45:00 92422 0 1
20151213047 16:56:00 20763 0 0
20151213048 17:06:00 40925 0 0
20151213049 17:16:00 78579 0 0
20151213050 17:26:00 25567 1 0
20151213051 17:36:00 09642 0 0
20151213052 17:46:00 48029 0 0
20151213053 17:56:00 41569 0 0
20151213054 18:07:00 19569 0 0
20151213055 18:17:00 41613 0 0
20151213056 18:27:00 56853 0 0
20151213057 18:37:00 77239 1 0
20151213058 18:47:00 41346 0 0
20151213059 18:57:00 05712 0 0
20151213060 19:08:00 62360 0 0
20151213061 19:18:00 73894 0 0
20151213062 19:28:00 29711 0 1
20151213063 19:38:00 97268 0 0
20151213064 19:48:00 61866 0 1
20151213065 19:58:00 44386 1 0
20151213066 20:08:00 00323 1 1
20151213067 20:19:00 36479 0 0
20151213068 20:29:00 10478 0 0
20151213069 20:39:00 58149 0 0
20151213070 20:49:00 67115 0 1
20151213071 20:59:00 85198 0 0
20151213072 21:09:00 82426 0 0
20151213073 21:19:00 08763 0 0
20151213074 21:30:00 69301 0 0
20151213075 21:40:00 70930 0 0
20151213076 21:50:00 76820 0 0
20151213077 22:00:00 50466 0 1
20151213078 22:10:00 25192 0 0
20151213079 22:20:00 88692 1 0
20151213080 22:31:00 52924 0 0
20151213081 22:41:00 27322 0 1
20151213082 22:51:00 98463 0 0
20151213083 23:01:00 96897 0 0
20151213084 23:11:00 95564 1 0
