20150415001 09:09:00 51732 0 0
20150415002 09:19:00 54184 0 0
20150415003 09:29:00 43177 0 1
20150415004 09:39:00 07809 0 0
20150415005 09:49:00 71319 0 0
20150415006 09:59:00 00568 1 0
20150415007 10:10:00 62058 0 0
20150415008 10:20:00 98182 0 0
20150415009 10:30:00 39506 0 0
20150415010 10:40:00 01142 1 0
20150415011 10:50:00 28640 0 0
20150415012 11:00:00 45564 1 0
20150415013 11:10:00 92122 0 1
20150415014 11:21:00 46667 1 1
20150415015 11:31:00 10775 0 1
20150415016 11:41:00 24239 1 0
20150415017 11:51:00 63693 1 0
20150415018 12:01:00 76185 0 0
20150415019 12:11:00 19701 0 0
20150415020 12:22:00 32657 0 0
20150415021 12:32:00 38992 0 1
20150415022 12:42:00 40689 0 0
20150415023 12:52:00 05940 0 0
20150415024 13:02:00 11098 1 0
20150415025 13:12:00 41244 0 1
20150415026 13:22:00 06378 0 0
20150415027 13:33:00 73903 0 0
20150415028 13:43:00 57795 1 0
20150415029 13:53:00 06195 0 0
20150415030 14:03:00 58033 0 1
20150415031 14:13:00 02118 0 1
20150415032 14:23:00 44415 1 0
20150415033 14:33:00 70003 1 1
20150415034 14:44:00 57692 0 0
20150415035 14:54:00 37826 0 0
20150415036 15:04:00 49096 0 0
20150415037 15:14:00 26909 0 1
20150415038 15:24:00 32698 0 0
20150415039 15:34:00 45310 0 0
20150415040 15:45:00 62844 0 1
20150415041 15:55:00 57975 0 0
20150415042 16:05:00 25911 0 1
20150415043 16:15:00 12052 0 0
20150415044 16:25:00 44136 1 0
20150415045 16:35:00 30117 0 1
20150415046 16:45:00 26303 0 1
20150415047 16:56:00 41009 0 1
20150415048 17:06:00 90698 0 0
20150415049 17:16:00 60808 0 1
20150415050 17:26:00 80560 0 0
20150415051 17:36:00 91135 1 0
20150415052 17:46:00 19324 0 0
20150415053 17:56:00 96949 1 1
20150415054 18:07:00 88369 1 0
20150415055 18:17:00 39137 0 0
20150415056 18:27:00 28964 0 0
20150415057 18:37:00 33994 1 1
20150415058 18:47:00 55271 1 0
20150415059 18:57:00 52853 0 0
20150415060 19:08:00 81266 0 1
20150415061 19:18:00 21232 1 1
20150415062 19:28:00 94922 1 1
20150415063 19:38:00 73786 1 0
20150415064 19:48:00 50682 0 0
20150415065 19:58:00 53249 0 0
20150415066 20:08:00 51415 0 0
20150415067 20:19:00 42622 0 1
20150415068 20:29:00 05878 0 1
20150415069 20:39:00 47357 0 0
20150415070 20:49:00 96018 0 0
20150415071 20:59:00 04200 0 1
20150415072 21:09:00 91443 0 1
20150415073 21:19:00 86325 0 0
20150415074 21:30:00 03812 0 0
20150415075 21:40:00 60689 1 0
20150415076 21:50:00 07562 0 0
20150415077 22:00:00 44543 1 0
20150415078 22:10:00 83828 1 1
20150415079 22:20:00 93840 0 0
20150415080 22:31:00 56845 0 0
20150415081 22:41:00 61118 1 1
20150415082 22:51:00 07947 0 0
20150415083 23:01:00 64575 0 1
20150415084 23:11:00 64277 0 1
