20150606001 09:09:00 64868 0 1
20150606002 09:19:00 34274 0 0
20150606003 09:29:00 18181 1 1
20150606004 09:39:00 27226 1 1
20150606005 09:49:00 50783 0 0
20150606006 09:59:00 86892 1 0
20150606007 10:10:00 75130 0 0
20150606008 10:20:00 12793 0 0
20150606009 10:30:00 89492 0 0
20150606010 10:40:00 66503 1 0
20150606011 10:50:00 81272 0 1
20150606012 11:00:00 48801 1 0
20150606013 11:10:00 34078 0 0
20150606014 11:21:00 99073 1 0
20150606015 11:31:00 62006 0 1
20150606016 11:41:00 08730 0 0
20150606017 11:51:00 51458 0 0
20150606018 12:01:00 34252 0 1
20150606019 12:11:00 47252 0 1
20150606020 12:22:00 59940 1 0
20150606021 12:32:00 38273 0 0
20150606022 12:42:00 87747 1 1
20150606023 12:52:00 38713 0 0
20150606024 13:02:00 18472 0 0
20150606025 13:12:00 98394 0 0
20150606026 13:22:00 87374 0 0
20150606027 13:33:00 73887 0 1
20150606028 13:43:00 69068 0 0
20150606029 13:53:00 34427 1 0
20150606030 14:03:00 94916 1 0
20150606031 14:13:00 57984 0 0
20150606032 14:23:00 27350 0 0
20150606033 14:33:00 65275 0 0
20150606034 14:44:00 76313 0 1
20150606035 14:54:00 26117 0 1
20150606036 15:04:00 46139 0 0
20150606037 15:14:00 53696 0 1
20150606038 15:24:00 03719 0 0
20150606039 15:34:00 63431 0 0
20150606040 15:45:00 44064 1 0
20150606041 15:55:00 67613 1 0
20150606042 16:05:00 52664 0 1
20150606043 16:15:00 11603 1 0
20150606044 16:25:00 52015 0 0
20150606045 16:35:00 01320 0 0
20150606046 16:45:00 47993 0 1
20150606047 16:56:00 73312 1 0
20150606048 17:06:00 00959 1 1
20150606049 17:16:00 39455 0 1
20150606050 17:26:00 76317 0 0
20150606051 17:36:00 86841 1 0
20150606052 17:46:00 69302 0 0
20150606053 17:56:00 56299 0 1
20150606054 18:07:00 66062 1 0
20150606055 18:17:00 11726 1 0
20150606056 18:27:00 76903 0 0
20150606057 18:37:00 86263 0 0
20150606058 18:47:00 37022 0 1
20150606059 18:57:00 66603 1 0
20150606060 19:08:00 42145 0 0
20150606061 19:18:00 14315 0 0
20150606062 19:28:00 57234 0 0
20150606063 19:38:00 38385 1 0
20150606064 19:48:00 03261 0 0
20150606065 19:58:00 20213 1 0
20150606066 20:08:00 40044 1 1
20150606067 20:19:00 29590 0 0
20150606068 20:29:00 83764 0 0
20150606069 20:39:00 28392 0 0
20150606070 20:49:00 45402 1 0
20150606071 20:59:00 08336 0 1
20150606072 21:09:00 32878 0 1
20150606073 21:19:00 34430 1 0
20150606074 21:30:00 34828 0 1
20150606075 21:40:00 53705 0 0
20150606076 21:50:00 53563 1 0
20150606077 22:00:00 04386 0 0
20150606078 22:10:00 34162 0 0
20150606079 22:20:00 52257 1 0
20150606080 22:31:00 11094 1 0
20150606081 22:41:00 53412 0 0
20150606082 22:51:00 19186 1 0
20150606083 23:01:00 10399 0 1
20150606084 23:11:00 71494 0 1
