20150429001 09:09:00 23268 1 0
20150429002 09:19:00 67597 0 0
20150429003 09:29:00 75731 1 0
20150429004 09:39:00 22669 1 1
20150429005 09:49:00 02753 0 0
20150429006 09:59:00 10225 0 1
20150429007 10:10:00 63042 0 0
20150429008 10:20:00 38411 0 1
20150429009 10:30:00 99272 1 1
20150429010 10:40:00 48922 0 1
20150429011 10:50:00 50781 0 0
20150429012 11:00:00 60549 0 0
20150429013 11:10:00 07884 0 1
20150429014 11:21:00 22470 1 0
20150429015 11:31:00 91272 0 1
20150429016 11:41:00 88374 1 0
20150429017 11:51:00 99979 1 1
20150429018 12:01:00 48518 0 0
20150429019 12:11:00 01508 0 0
20150429020 12:22:00 06233 0 1
20150429021 12:32:00 64454 1 1
20150429022 12:42:00 08316 0 0
20150429023 12:52:00 86115 0 1
20150429024 13:02:00 64413 1 0
20150429025 13:12:00 40287 0 0
20150429026 13:22:00 69170 0 0
20150429027 13:33:00 05025 1 0
20150429028 13:43:00 64679 1 0
20150429029 13:53:00 01748 0 0
20150429030 14:03:00 47230 0 0
20150429031 14:13:00 68673 1 0
20150429032 14:23:00 61270 0 0
20150429033 14:33:00 02650 0 0
20150429034 14:44:00 90505 0 1
20150429035 14:54:00 11261 1 0
20150429036 15:04:00 42238 1 0
20150429037 15:14:00 08800 1 1
20150429038 15:24:00 53208 0 0
20150429039 15:34:00 24560 0 0
20150429040 15:45:00 74744 1 1
20150429041 15:55:00 13664 0 1
20150429042 16:05:00 75383 0 1
20150429043 16:15:00 91752 0 0
20150429044 16:25:00 83272 0 1
20150429045 16:35:00 47365 0 0
20150429046 16:45:00 72436 0 0
20150429047 16:56:00 33823 1 0
20150429048 17:06:00 27836 0 0
20150429049 17:16:00 27628 0 0
20150429050 17:26:00 63916 0 0
20150429051 17:36:00 74951 0 0
20150429052 17:46:00 95629 0 0
20150429053 17:56:00 14676 0 1
20150429054 18:07:00 14235 0 0
20150429055 18:17:00 57720 1 0
20150429056 18:27:00 95881 0 1
20150429057 18:37:00 85349 0 0
20150429058 18:47:00 99475 1 0
20150429059 18:57:00 98842 1 0
20150429060 19:08:00 53411 0 1
20150429061 19:18:00 80832 1 0
20150429062 19:28:00 88301 1 0
20150429063 19:38:00 31542 0 0
20150429064 19:48:00 50322 0 1
20150429065 19:58:00 43527 0 0
20150429066 20:08:00 19405 0 0
20150429067 20:19:00 08455 0 1
20150429068 20:29:00 42922 0 1
20150429069 20:39:00 38504 0 0
20150429070 20:49:00 62438 0 0
20150429071 20:59:00 21951 0 0
20150429072 21:09:00 35850 0 0
20150429073 21:19:00 65407 0 0
20150429074 21:30:00 45377 0 1
20150429075 21:40:00 81367 0 0
20150429076 21:50:00 00354 1 0
20150429077 22:00:00 34041 0 0
20150429078 22:10:00 64802 0 0
20150429079 22:20:00 06788 0 1
20150429080 22:31:00 95719 0 0
20150429081 22:41:00 82545 0 1
20150429082 22:51:00 30858 0 1
20150429083 23:01:00 72560 0 0
20150429084 23:11:00 77275 1 0
