20150121001 09:09:00 37711 1 1
20150121002 09:19:00 81399 0 1
20150121003 09:29:00 50396 0 0
20150121004 09:39:00 22401 1 0
20150121005 09:49:00 54721 0 0
20150121006 09:59:00 93977 1 1
20150121007 10:10:00 10944 0 1
20150121008 10:20:00 06914 0 0
20150121009 10:30:00 86403 0 0
20150121010 10:40:00 02347 0 0
20150121011 10:50:00 56496 0 0
20150121012 11:00:00 02028 1 0
20150121013 11:10:00 59155 0 1
20150121014 11:21:00 84691 0 0
20150121015 11:31:00 37118 0 1
20150121016 11:41:00 59817 0 0
20150121017 11:51:00 16164 1 0
20150121018 12:01:00 78244 0 1
20150121019 12:11:00 33422 1 1
20150121020 12:22:00 75987 0 0
20150121021 12:32:00 20480 0 0
20150121022 12:42:00 61832 0 0
20150121023 12:52:00 75157 0 0
20150121024 13:02:00 31489 0 0
20150121025 13:12:00 14347 0 0
20150121026 13:22:00 79590 0 0
20150121027 13:33:00 52745 0 0
20150121028 13:43:00 55457 1 0
20150121029 13:53:00 37334 1 1
20150121030 14:03:00 64639 1 0
20150121031 14:13:00 50743 0 0
20150121032 14:23:00 45467 1 0
20150121033 14:33:00 65518 1 0
20150121034 14:44:00 20016 1 0
20150121035 14:54:00 11801 1 0
20150121036 15:04:00 95290 0 0
20150121037 15:14:00 22567 1 0
20150121038 15:24:00 84126 0 0
20150121039 15:34:00 39422 0 1
20150121040 15:45:00 93079 0 0
20150121041 15:55:00 62303 0 1
20150121042 16:05:00 30419 0 0
20150121043 16:15:00 83877 1 1
20150121044 16:25:00 33231 1 0
20150121045 16:35:00 85174 0 0
20150121046 16:45:00 22781 1 0
20150121047 16:56:00 89424 0 1
20150121048 17:06:00 76724 1 0
20150121049 17:16:00 29304 0 0
20150121050 17:26:00 65374 0 0
20150121051 17:36:00 44233 1 1
20150121052 17:46:00 08637 0 0
20150121053 17:56:00 10593 0 0
20150121054 18:07:00 13234 0 0
20150121055 18:17:00 49501 0 0
20150121056 18:27:00 32248 1 0
20150121057 18:37:00 00900 1 1
20150121058 18:47:00 27275 1 0
20150121059 18:57:00 74890 0 0
20150121060 19:08:00 78601 0 0
20150121061 19:18:00 78145 0 0
20150121062 19:28:00 21389 0 0
20150121063 19:38:00 17999 0 1
20150121064 19:48:00 11367 1 0
20150121065 19:58:00 69068 0 0
20150121066 20:08:00 19163 1 0
20150121067 20:19:00 90470 0 0
20150121068 20:29:00 05391 0 0
20150121069 20:39:00 82036 0 0
20150121070 20:49:00 44158 1 0
20150121071 20:59:00 81663 0 1
20150121072 21:09:00 35278 0 0
20150121073 21:19:00 12913 0 0
20150121074 21:30:00 36115 0 1
20150121075 21:40:00 37350 1 0
20150121076 21:50:00 95809 0 0
20150121077 22:00:00 17626 0 1
20150121078 22:10:00 20911 0 1
20150121079 22:20:00 77567 1 0
20150121080 22:31:00 89769 0 0
20150121081 22:41:00 67363 0 1
20150121082 22:51:00 82761 0 0
20150121083 23:01:00 19645 0 0
20150121084 23:11:00 33211 1 1
