20150225001 09:09:00 05424 0 1
20150225002 09:19:00 41618 0 0
20150225003 09:29:00 17841 0 0
20150225004 09:39:00 52438 0 0
20150225005 09:49:00 93122 0 1
20150225006 09:59:00 72637 0 0
20150225007 10:10:00 24249 1 0
20150225008 10:20:00 17502 0 0
20150225009 10:30:00 52446 0 1
20150225010 10:40:00 00937 1 0
20150225011 10:50:00 71540 0 0
20150225012 11:00:00 52809 0 0
20150225013 11:10:00 59016 0 0
20150225014 11:21:00 69124 0 0
20150225015 11:31:00 31074 0 0
20150225016 11:41:00 50438 0 0
20150225017 11:51:00 04457 1 0
20150225018 12:01:00 75677 0 1
20150225019 12:11:00 13004 0 1
20150225020 12:22:00 20365 0 0
20150225021 12:32:00 89168 0 0
20150225022 12:42:00 65306 0 0
20150225023 12:52:00 79399 0 1
20150225024 13:02:00 99127 1 0
20150225025 13:12:00 17544 0 1
20150225026 13:22:00 20162 0 0
20150225027 13:33:00 73065 0 0
20150225028 13:43:00 76743 1 0
20150225029 13:53:00 37830 0 0
20150225030 14:03:00 32423 0 0
20150225031 14:13:00 49258 0 0
20150225032 14:23:00 24328 0 0
20150225033 14:33:00 88345 1 0
20150225034 14:44:00 38789 0 0
20150225035 14:54:00 70736 1 0
20150225036 15:04:00 93457 0 0
20150225037 15:14:00 66305 1 0
20150225038 15:24:00 07913 0 0
20150225039 15:34:00 18745 0 0
20150225040 15:45:00 30571 0 0
20150225041 15:55:00 32865 0 0
20150225042 16:05:00 08567 0 0
20150225043 16:15:00 73596 0 0
20150225044 16:25:00 15802 0 0
20150225045 16:35:00 99524 1 0
20150225046 16:45:00 25832 0 0
20150225047 16:56:00 44394 1 0
20150225048 17:06:00 56874 0 0
20150225049 17:16:00 81969 0 1
20150225050 17:26:00 76033 0 1
20150225051 17:36:00 77145 1 0
20150225052 17:46:00 20153 0 0
20150225053 17:56:00 89504 0 0
20150225054 18:07:00 19910 1 0
20150225055 18:17:00 45315 0 0
20150225056 18:27:00 92796 0 0
20150225057 18:37:00 66172 1 0
20150225058 18:47:00 02865 0 0
20150225059 18:57:00 21033 0 1
20150225060 19:08:00 28306 0 0
20150225061 19:18:00 26227 1 1
20150225062 19:28:00 89050 0 1
20150225063 19:38:00 59982 1 0
20150225064 19:48:00 78865 1 0
20150225065 19:58:00 01386 0 0
20150225066 20:08:00 49139 0 0
20150225067 20:19:00 01074 1 0
20150225068 20:29:00 67507 0 0
20150225069 20:39:00 54774 0 1
20150225070 20:49:00 26166 0 1
20150225071 20:59:00 10085 1 0
20150225072 21:09:00 05632 0 0
20150225073 21:19:00 67836 0 0
20150225074 21:30:00 94012 0 0
20150225075 21:40:00 65849 0 0
20150225076 21:50:00 85849 1 0
20150225077 22:00:00 92419 0 0
20150225078 22:10:00 18039 0 0
20150225079 22:20:00 35163 0 0
20150225080 22:31:00 90575 0 1
20150225081 22:41:00 24660 0 1
20150225082 22:51:00 40033 1 1
20150225083 23:01:00 16746 0 0
20150225084 23:11:00 10722 0 1
