20150212001 09:09:00 75098 0 0
20150212002 09:19:00 84934 0 0
20150212003 09:29:00 04114 0 1
20150212004 09:39:00 14211 0 1
20150212005 09:49:00 88743 1 0
20150212006 09:59:00 32599 0 1
20150212007 10:10:00 43257 0 0
20150212008 10:20:00 98793 0 0
20150212009 10:30:00 34949 0 1
20150212010 10:40:00 54830 0 0
20150212011 10:50:00 94148 0 0
20150212012 11:00:00 58499 0 1
20150212013 11:10:00 66326 1 0
20150212014 11:21:00 77608 1 0
20150212015 11:31:00 78139 0 0
20150212016 11:41:00 65962 0 0
20150212017 11:51:00 27286 1 0
20150212018 12:01:00 95013 0 0
20150212019 12:11:00 31110 1 1
20150212020 12:22:00 27586 0 0
20150212021 12:32:00 20612 0 0
20150212022 12:42:00 61700 0 1
20150212023 12:52:00 02990 0 1
20150212024 13:02:00 42378 0 0
20150212025 13:12:00 20621 0 0
20150212026 13:22:00 24233 1 1
20150212027 13:33:00 60866 0 1
20150212028 13:43:00 81818 1 1
20150212029 13:53:00 15947 0 0
20150212030 14:03:00 09471 0 0
20150212031 14:13:00 14844 0 1
20150212032 14:23:00 61184 1 0
20150212033 14:33:00 23407 0 0
20150212034 14:44:00 01030 1 1
20150212035 14:54:00 40864 0 0
20150212036 15:04:00 16264 0 0
20150212037 15:14:00 33446 1 1
20150212038 15:24:00 12947 0 0
20150212039 15:34:00 99315 1 0
20150212040 15:45:00 71227 0 1
20150212041 15:55:00 43313 1 1
20150212042 16:05:00 17607 0 0
20150212043 16:15:00 78309 0 0
20150212044 16:25:00 43018 0 0
20150212045 16:35:00 29074 0 0
20150212046 16:45:00 68838 1 1
20150212047 16:56:00 33863 1 0
20150212048 17:06:00 63313 1 1
20150212049 17:16:00 74227 0 1
20150212050 17:26:00 69871 0 0
20150212051 17:36:00 04039 1 0
20150212052 17:46:00 56696 1 1
20150212053 17:56:00 48025 0 0
20150212054 18:07:00 08234 0 0
20150212055 18:17:00 34562 0 0
20150212056 18:27:00 24134 0 0
20150212057 18:37:00 13151 1 1
20150212058 18:47:00 23669 0 1
20150212059 18:57:00 75131 0 1
20150212060 19:08:00 34585 0 1
20150212061 19:18:00 95630 0 0
20150212062 19:28:00 63904 0 0
20150212063 19:38:00 95474 0 1
20150212064 19:48:00 88966 1 1
20150212065 19:58:00 91349 0 0
20150212066 20:08:00 19838 0 1
20150212067 20:19:00 75635 0 0
20150212068 20:29:00 36272 0 1
20150212069 20:39:00 54998 0 1
20150212070 20:49:00 18360 0 0
20150212071 20:59:00 75285 0 0
20150212072 21:09:00 20695 0 0
20150212073 21:19:00 18143 1 0
20150212074 21:30:00 30436 0 0
20150212075 21:40:00 10049 1 0
20150212076 21:50:00 75267 0 0
20150212077 22:00:00 44822 1 1
20150212078 22:10:00 91650 0 0
20150212079 22:20:00 46004 0 1
20150212080 22:31:00 16893 0 0
20150212081 22:41:00 37190 0 0
20150212082 22:51:00 01730 0 0
20150212083 23:01:00 02744 0 1
20150212084 23:11:00 43311 1 1
