20150822001 09:09:00 08698 0 0
20150822002 09:19:00 04660 0 1
20150822003 09:29:00 23746 0 0
20150822004 09:39:00 73007 0 1
20150822005 09:49:00 87270 0 0
20150822006 09:59:00 66477 1 1
20150822007 10:10:00 46032 0 0
20150822008 10:20:00 51666 0 1
20150822009 10:30:00 61610 1 0
20150822010 10:40:00 33139 1 0
20150822011 10:50:00 65674 1 0
20150822012 11:00:00 68689 1 0
20150822013 11:10:00 73871 0 0
20150822014 11:21:00 97665 0 1
20150822015 11:31:00 86856 1 0
20150822016 11:41:00 97803 0 0
20150822017 11:51:00 14569 0 0
20150822018 12:01:00 19918 1 0
20150822019 12:11:00 51166 1 1
20150822020 12:22:00 51367 0 0
20150822021 12:32:00 57047 0 0
20150822022 12:42:00 89529 0 0
20150822023 12:52:00 43285 0 0
20150822024 13:02:00 35968 0 0
20150822025 13:12:00 26412 0 0
20150822026 13:22:00 49643 0 0
20150822027 13:33:00 52275 1 0
20150822028 13:43:00 09668 0 1
20150822029 13:53:00 87639 0 0
20150822030 14:03:00 16255 0 1
20150822031 14:13:00 38757 0 1
20150822032 14:23:00 87753 1 0
20150822033 14:33:00 42032 0 0
20150822034 14:44:00 83403 0 0
20150822035 14:54:00 99067 1 0
20150822036 15:04:00 39696 0 1
20150822037 15:14:00 83404 0 1
20150822038 15:24:00 36188 0 1
20150822039 15:34:00 75803 0 0
20150822040 15:45:00 35193 0 0
20150822041 15:55:00 30250 0 0
20150822042 16:05:00 07844 0 1
20150822043 16:15:00 79816 0 0
20150822044 16:25:00 22212 1 1
20150822045 16:35:00 82888 1 1
20150822046 16:45:00 62426 0 0
20150822047 16:56:00 63213 0 0
20150822048 17:06:00 00109 1 0
20150822049 17:16:00 14613 0 0
20150822050 17:26:00 07045 1 0
20150822051 17:36:00 30556 0 1
20150822052 17:46:00 50108 0 0
20150822053 17:56:00 56388 0 1
20150822054 18:07:00 81592 0 0
20150822055 18:17:00 66050 1 1
20150822056 18:27:00 04259 0 0
20150822057 18:37:00 54206 0 0
20150822058 18:47:00 07784 1 0
20150822059 18:57:00 81819 1 0
20150822060 19:08:00 57147 0 0
20150822061 19:18:00 00286 1 0
20150822062 19:28:00 60395 0 0
20150822063 19:38:00 04637 0 0
20150822064 19:48:00 55488 1 1
20150822065 19:58:00 36027 0 0
20150822066 20:08:00 21935 0 0
20150822067 20:19:00 12398 0 0
20150822068 20:29:00 09181 0 1
20150822069 20:39:00 39712 0 0
20150822070 20:49:00 01519 0 0
20150822071 20:59:00 36442 0 1
20150822072 21:09:00 79354 0 0
20150822073 21:19:00 54781 0 0
20150822074 21:30:00 78717 1 1
20150822075 21:40:00 41745 0 0
20150822076 21:50:00 75591 1 0
20150822077 22:00:00 51124 1 0
20150822078 22:10:00 78818 1 1
20150822079 22:20:00 27845 0 0
20150822080 22:31:00 39563 0 0
20150822081 22:41:00 22579 1 0
20150822082 22:51:00 09741 0 0
20150822083 23:01:00 73274 0 0
20150822084 23:11:00 98218 0 0
