20150404001 09:09:00 01567 0 0
20150404002 09:19:00 86356 0 0
20150404003 09:29:00 36825 0 0
20150404004 09:39:00 57056 0 0
20150404005 09:49:00 53320 1 0
20150404006 09:59:00 47963 0 0
20150404007 10:10:00 07013 1 0
20150404008 10:20:00 32226 1 1
20150404009 10:30:00 27095 0 0
20150404010 10:40:00 73601 0 0
20150404011 10:50:00 60960 0 0
20150404012 11:00:00 75121 0 1
20150404013 11:10:00 53762 0 0
20150404014 11:21:00 74565 0 1
20150404015 11:31:00 89345 0 0
20150404016 11:41:00 44011 1 1
20150404017 11:51:00 72200 1 1
20150404018 12:01:00 19714 0 0
20150404019 12:11:00 10230 0 0
20150404020 12:22:00 98438 0 0
20150404021 12:32:00 98287 0 0
20150404022 12:42:00 08912 0 0
20150404023 12:52:00 28166 0 1
20150404024 13:02:00 45050 0 1
20150404025 13:12:00 88609 1 0
20150404026 13:22:00 41966 0 1
20150404027 13:33:00 30289 0 0
20150404028 13:43:00 43091 0 0
20150404029 13:53:00 36832 0 0
20150404030 14:03:00 18197 1 0
20150404031 14:13:00 49658 0 0
20150404032 14:23:00 85647 0 0
20150404033 14:33:00 24490 1 0
20150404034 14:44:00 30778 0 1
20150404035 14:54:00 85811 1 1
20150404036 15:04:00 55071 1 0
20150404037 15:14:00 36314 1 0
20150404038 15:24:00 82909 0 1
20150404039 15:34:00 32195 0 0
20150404040 15:45:00 51558 1 1
20150404041 15:55:00 64492 1 0
20150404042 16:05:00 81961 0 0
20150404043 16:15:00 69052 0 0
20150404044 16:25:00 67696 1 1
20150404045 16:35:00 66125 1 0
20150404046 16:45:00 02487 0 0
20150404047 16:56:00 04366 0 1
20150404048 17:06:00 91054 0 0
20150404049 17:16:00 64645 1 0
20150404050 17:26:00 31128 1 0
20150404051 17:36:00 85978 0 0
20150404052 17:46:00 16607 1 0
20150404053 17:56:00 46347 0 0
20150404054 18:07:00 23210 1 0
20150404055 18:17:00 44338 1 1
20150404056 18:27:00 43544 0 1
20150404057 18:37:00 88250 1 0
20150404058 18:47:00 85471 0 0
20150404059 18:57:00 69322 0 1
20150404060 19:08:00 28710 0 0
20150404061 19:18:00 52866 0 1
20150404062 19:28:00 31976 0 0
20150404063 19:38:00 52546 1 0
20150404064 19:48:00 19124 1 0
20150404065 19:58:00 32933 0 1
20150404066 20:08:00 75963 0 0
20150404067 20:19:00 97894 0 0
20150404068 20:29:00 42067 0 0
20150404069 20:39:00 87424 0 1
20150404070 20:49:00 29524 0 0
20150404071 20:59:00 25097 0 0
20150404072 21:09:00 39408 0 0
20150404073 21:19:00 31538 0 0
20150404074 21:30:00 99581 1 0
20150404075 21:40:00 42098 0 0
20150404076 21:50:00 37083 0 0
20150404077 22:00:00 37594 0 0
20150404078 22:10:00 25406 0 0
20150404079 22:20:00 75079 0 0
20150404080 22:31:00 97816 0 0
20150404081 22:41:00 57851 0 0
20150404082 22:51:00 61002 0 1
20150404083 23:01:00 49450 1 0
20150404084 23:11:00 07956 0 0
