20151212001 09:09:00 73209 0 0
20151212002 09:19:00 34752 0 0
20151212003 09:29:00 75342 0 0
20151212004 09:39:00 45455 1 1
20151212005 09:49:00 24142 0 0
20151212006 09:59:00 43753 0 0
20151212007 10:10:00 15050 0 1
20151212008 10:20:00 69549 0 0
20151212009 10:30:00 84281 0 0
20151212010 10:40:00 09491 0 0
20151212011 10:50:00 76691 1 0
20151212012 11:00:00 92961 1 0
20151212013 11:10:00 49515 0 1
20151212014 11:21:00 33197 1 0
20151212015 11:31:00 20195 0 0
20151212016 11:41:00 72294 1 0
20151212017 11:51:00 64213 0 0
20151212018 12:01:00 62305 0 0
20151212019 12:11:00 64793 0 0
20151212020 12:22:00 62089 0 0
20151212021 12:32:00 37928 0 0
20151212022 12:42:00 34328 1 0
20151212023 12:52:00 43071 0 0
20151212024 13:02:00 14521 0 0
20151212025 13:12:00 87998 0 1
20151212026 13:22:00 64777 0 1
20151212027 13:33:00 70879 0 0
20151212028 13:43:00 80635 0 0
20151212029 13:53:00 26791 0 0
20151212030 14:03:00 48779 0 1
20151212031 14:13:00 62277 1 1
20151212032 14:23:00 72942 0 0
20151212033 14:33:00 93789 0 0
20151212034 14:44:00 61833 0 1
20151212035 14:54:00 72127 0 0
20151212036 15:04:00 18406 0 0
20151212037 15:14:00 23733 0 1
20151212038 15:24:00 55302 1 0
20151212039 15:34:00 89335 0 1
20151212040 15:45:00 72915 0 0
20151212041 15:55:00 53764 0 0
20151212042 16:05:00 39392 1 0
20151212043 16:15:00 58242 0 1
20151212044 16:25:00 95501 1 0
20151212045 16:35:00 61354 0 0
20151212046 16:45:00 35242 0 1
20151212047 16:56:00 32205 1 0
20151212048 17:06:00 55127 1 0
20151212049 17:16:00 49504 0 0
20151212050 17:26:00 85307 0 0
20151212051 17:36:00 87922 0 1
20151212052 17:46:00 07990 0 1
20151212053 17:56:00 76781 1 0
20151212054 18:07:00 21753 0 0
20151212055 18:17:00 03850 0 0
20151212056 18:27:00 63652 1 0
20151212057 18:37:00 50692 0 0
20151212058 18:47:00 22566 1 1
20151212059 18:57:00 37185 0 0
20151212060 19:08:00 22839 1 0
20151212061 19:18:00 53129 0 0
20151212062 19:28:00 67909 0 1
20151212063 19:38:00 60939 0 1
20151212064 19:48:00 50203 0 0
20151212065 19:58:00 89617 0 0
20151212066 20:08:00 32461 0 0
20151212067 20:19:00 56653 1 0
20151212068 20:29:00 82256 1 0
20151212069 20:39:00 21805 0 0
20151212070 20:49:00 30338 1 1
20151212071 20:59:00 92466 0 1
20151212072 21:09:00 98049 0 0
20151212073 21:19:00 09316 0 0
20151212074 21:30:00 43788 0 1
20151212075 21:40:00 23989 0 1
20151212076 21:50:00 00422 1 1
20151212077 22:00:00 01689 0 0
20151212078 22:10:00 83407 0 0
20151212079 22:20:00 65312 0 0
20151212080 22:31:00 40930 0 0
20151212081 22:41:00 48251 0 0
20151212082 22:51:00 34837 0 0
20151212083 23:01:00 53991 0 1
20151212084 23:11:00 81644 0 1
