20150827001 09:09:00 39148 0 0
20150827002 09:19:00 33783 1 0
20150827003 09:29:00 82421 0 0
20150827004 09:39:00 80979 0 1
20150827005 09:49:00 93331 1 1
20150827006 09:59:00 20658 0 0
20150827007 10:10:00 87071 0 0
20150827008 10:20:00 91379 0 0
20150827009 10:30:00 34151 0 1
20150827010 10:40:00 07862 0 0
20150827011 10:50:00 19563 0 0
20150827012 11:00:00 97329 0 0
20150827013 11:10:00 01002 1 1
20150827014 11:21:00 97182 0 0
20150827015 11:31:00 36291 0 0
20150827016 11:41:00 31480 0 0
20150827017 11:51:00 19763 0 0
20150827018 12:01:00 97600 0 1
20150827019 12:11:00 48228 0 1
20150827020 12:22:00 13103 1 0
20150827021 12:32:00 37232 0 1
20150827022 12:42:00 84047 0 0
20150827023 12:52:00 43480 1 0
20150827024 13:02:00 45630 0 0
20150827025 13:12:00 80875 1 0
20150827026 13:22:00 47360 0 0
20150827027 13:33:00 43786 0 0
20150827028 13:43:00 85732 0 0
20150827029 13:53:00 65556 1 1
20150827030 14:03:00 91466 0 1
20150827031 14:13:00 22360 1 0
20150827032 14:23:00 50968 0 0
20150827033 14:33:00 54753 0 0
20150827034 14:44:00 06235 0 0
20150827035 14:54:00 12296 1 0
20150827036 15:04:00 41074 0 0
20150827037 15:14:00 26930 0 0
20150827038 15:24:00 02249 1 0
20150827039 15:34:00 73337 1 1
20150827040 15:45:00 62180 0 0
20150827041 15:55:00 30793 0 0
20150827042 16:05:00 58839 1 0
20150827043 16:15:00 80309 0 0
20150827044 16:25:00 74319 0 0
20150827045 16:35:00 83069 0 0
20150827046 16:45:00 43157 0 0
20150827047 16:56:00 33712 1 0
20150827048 17:06:00 61368 0 0
20150827049 17:16:00 17005 0 1
20150827050 17:26:00 11031 1 0
20150827051 17:36:00 88447 1 1
20150827052 17:46:00 89141 0 1
20150827053 17:56:00 29058 0 0
20150827054 18:07:00 40290 0 0
20150827055 18:17:00 75195 0 0
20150827056 18:27:00 41255 0 1
20150827057 18:37:00 33710 1 0
20150827058 18:47:00 53307 1 0
20150827059 18:57:00 06714 0 0
20150827060 19:08:00 82630 0 0
20150827061 19:18:00 14786 0 0
20150827062 19:28:00 40523 0 0
20150827063 19:38:00 44457 1 0
20150827064 19:48:00 02663 0 1
20150827065 19:58:00 03453 0 0
20150827066 20:08:00 75776 1 1
20150827067 20:19:00 34229 0 1
20150827068 20:29:00 32612 0 0
20150827069 20:39:00 22114 1 1
20150827070 20:49:00 94646 0 1
20150827071 20:59:00 83912 0 0
20150827072 21:09:00 21306 0 0
20150827073 21:19:00 63583 0 0
20150827074 21:30:00 20534 0 0
20150827075 21:40:00 88124 1 0
20150827076 21:50:00 05312 0 0
20150827077 22:00:00 79910 1 0
20150827078 22:10:00 39915 1 0
20150827079 22:20:00 23639 0 0
20150827080 22:31:00 34002 0 1
20150827081 22:41:00 81874 1 0
20150827082 22:51:00 60780 0 0
20150827083 23:01:00 60067 1 0
20150827084 23:11:00 29548 0 0
