20151103001 09:09:00 02402 0 0
20151103002 09:19:00 16929 0 1
20151103003 09:29:00 59709 0 0
20151103004 09:39:00 79475 0 0
20151103005 09:49:00 35391 1 0
20151103006 09:59:00 63785 0 0
20151103007 10:10:00 99089 1 0
20151103008 10:20:00 94354 0 0
20151103009 10:30:00 19971 1 0
20151103010 10:40:00 92879 0 0
20151103011 10:50:00 91524 0 0
20151103012 11:00:00 32378 1 0
20151103013 11:10:00 46100 0 1
20151103014 11:21:00 79778 1 1
20151103015 11:31:00 78677 0 1
20151103016 11:41:00 64911 0 1
20151103017 11:51:00 58115 0 1
20151103018 12:01:00 99285 1 0
20151103019 12:11:00 70342 0 0
20151103020 12:22:00 26036 0 0
20151103021 12:32:00 15004 0 1
20151103022 12:42:00 22129 1 0
20151103023 12:52:00 52563 1 0
20151103024 13:02:00 96394 0 0
20151103025 13:12:00 12496 0 0
20151103026 13:22:00 97708 1 0
20151103027 13:33:00 92830 0 0
20151103028 13:43:00 15095 0 0
20151103029 13:53:00 65150 0 0
20151103030 14:03:00 91864 0 0
20151103031 14:13:00 88252 1 1
20151103032 14:23:00 64231 0 0
20151103033 14:33:00 74096 0 0
20151103034 14:44:00 83804 1 0
20151103035 14:54:00 87400 0 1
20151103036 15:04:00 63539 0 0
20151103037 15:14:00 24217 1 0
20151103038 15:24:00 18947 0 0
20151103039 15:34:00 89935 1 0
20151103040 15:45:00 78476 0 0
20151103041 15:55:00 11587 1 0
20151103042 16:05:00 60047 1 0
20151103043 16:15:00 04044 1 1
20151103044 16:25:00 09539 0 0
20151103045 16:35:00 21273 1 0
20151103046 16:45:00 81126 1 0
20151103047 16:56:00 00607 1 0
20151103048 17:06:00 17853 0 0
20151103049 17:16:00 99943 1 0
20151103050 17:26:00 55702 1 0
20151103051 17:36:00 66515 1 1
20151103052 17:46:00 76869 0 0
20151103053 17:56:00 64476 1 0
20151103054 18:07:00 60830 0 0
20151103055 18:17:00 63890 0 0
20151103056 18:27:00 84138 0 0
20151103057 18:37:00 76038 0 0
20151103058 18:47:00 47611 0 1
20151103059 18:57:00 43146 0 0
20151103060 19:08:00 16051 0 0
20151103061 19:18:00 85174 0 0
20151103062 19:28:00 03590 0 0
20151103063 19:38:00 49257 0 0
20151103064 19:48:00 80751 0 0
20151103065 19:58:00 91259 0 0
20151103066 20:08:00 54998 0 1
20151103067 20:19:00 65268 0 0
20151103068 20:29:00 52269 1 0
20151103069 20:39:00 86530 0 0
20151103070 20:49:00 91504 0 0
20151103071 20:59:00 74746 1 0
20151103072 21:09:00 64017 0 0
20151103073 21:19:00 66499 1 1
20151103074 21:30:00 74245 0 0
20151103075 21:40:00 86038 0 0
20151103076 21:50:00 61133 1 1
20151103077 22:00:00 24028 0 0
20151103078 22:10:00 82439 0 0
20151103079 22:20:00 06813 0 0
20151103080 22:31:00 28549 0 0
20151103081 22:41:00 01779 0 1
20151103082 22:51:00 36387 1 0
20151103083 23:01:00 43487 1 0
20151103084 23:11:00 52360 0 0
