20150701001 09:09:00 04545 0 1
20150701002 09:19:00 25423 0 0
20150701003 09:29:00 60651 1 0
20150701004 09:39:00 99942 1 0
20150701005 09:49:00 35804 0 0
20150701006 09:59:00 08408 0 0
20150701007 10:10:00 60485 0 0
20150701008 10:20:00 60582 0 0
20150701009 10:30:00 14259 0 0
20150701010 10:40:00 46150 0 0
20150701011 10:50:00 97467 0 0
20150701012 11:00:00 33700 1 1
20150701013 11:10:00 56989 0 1
20150701014 11:21:00 80968 0 0
20150701015 11:31:00 99833 1 1
20150701016 11:41:00 41721 0 0
20150701017 11:51:00 73980 0 0
20150701018 12:01:00 35154 0 0
20150701019 12:11:00 14655 0 1
20150701020 12:22:00 05139 0 0
20150701021 12:32:00 11817 1 0
20150701022 12:42:00 01528 0 0
20150701023 12:52:00 72571 0 0
20150701024 13:02:00 61974 0 0
20150701025 13:12:00 65233 0 1
20150701026 13:22:00 40259 0 0
20150701027 13:33:00 88986 1 0
20150701028 13:43:00 06188 0 1
20150701029 13:53:00 94814 0 0
20150701030 14:03:00 15499 0 1
20150701031 14:13:00 32376 1 0
20150701032 14:23:00 41685 0 0
20150701033 14:33:00 02980 0 0
20150701034 14:44:00 45562 1 0
20150701035 14:54:00 29656 0 1
20150701036 15:04:00 96810 0 0
20150701037 15:14:00 19023 0 0
20150701038 15:24:00 07800 0 1
20150701039 15:34:00 75653 0 0
20150701040 15:45:00 24811 0 1
20150701041 15:55:00 82646 0 1
20150701042 16:05:00 14207 0 0
20150701043 16:15:00 03519 0 0
20150701044 16:25:00 96817 0 0
20150701045 16:35:00 74857 0 0
20150701046 16:45:00 50990 0 1
20150701047 16:56:00 97845 0 0
20150701048 17:06:00 02677 0 1
20150701049 17:16:00 29634 0 0
20150701050 17:26:00 78898 1 1
20150701051 17:36:00 98148 0 0
20150701052 17:46:00 26180 0 0
20150701053 17:56:00 63158 0 0
20150701054 18:07:00 07513 0 0
20150701055 18:17:00 16958 0 0
20150701056 18:27:00 08055 1 1
20150701057 18:37:00 63500 0 1
20150701058 18:47:00 50301 0 0
20150701059 18:57:00 58682 0 0
20150701060 19:08:00 88150 1 0
20150701061 19:18:00 18572 0 0
20150701062 19:28:00 82996 0 1
20150701063 19:38:00 77281 1 0
20150701064 19:48:00 48524 0 0
20150701065 19:58:00 38149 0 0
20150701066 20:08:00 52517 1 0
20150701067 20:19:00 27733 1 1
20150701068 20:29:00 30808 0 1
20150701069 20:39:00 81048 0 0
20150701070 20:49:00 96110 0 1
20150701071 20:59:00 33936 1 0
20150701072 21:09:00 92076 0 0
20150701073 21:19:00 03991 0 1
20150701074 21:30:00 74309 0 0
20150701075 21:40:00 33741 1 0
20150701076 21:50:00 78638 0 0
20150701077 22:00:00 27181 0 1
20150701078 22:10:00 70874 0 0
20150701079 22:20:00 16993 0 1
20150701080 22:31:00 92469 0 0
20150701081 22:41:00 24947 0 0
20150701082 22:51:00 54139 0 0
20150701083 23:01:00 52331 0 1
20150701084 23:11:00 84214 0 0
