20070606001 10:00:00 38744 0 1
20070606002 10:10:00 33174 1 0
20070606003 10:20:00 20329 0 0
20070606004 10:30:00 47931 0 0
20070606005 10:40:00 44380 1 0
20070606006 10:50:00 57601 0 0
20070606007 11:00:00 27505 0 1
20070606008 11:10:00 05686 0 1
20070606009 11:20:00 50044 1 1
20070606010 11:30:00 44418 1 0
20070606011 11:40:00 64767 0 1
20070606012 11:50:00 62743 0 0
20070606013 12:00:00 74720 1 0
20070606014 12:10:00 18704 0 0
20070606015 12:20:00 00615 1 0
20070606016 12:30:00 75264 0 0
20070606017 12:40:00 74103 0 0
20070606018 12:50:00 50370 0 0
20070606019 13:00:00 97821 0 0
20070606020 13:10:00 98684 0 0
20070606021 13:20:00 66461 1 0
20070606022 13:30:00 85339 0 1
20070606023 13:40:00 08330 0 1
20070606024 13:50:00 05069 1 0
20070606025 14:00:00 51837 0 0
20070606026 14:10:00 48072 0 0
20070606027 14:20:00 66420 1 0
20070606028 14:30:00 95230 0 0
20070606029 14:40:00 10839 0 0
20070606030 14:50:00 77744 1 1
20070606031 15:00:00 96686 1 1
20070606032 15:10:00 63741 0 0
20070606033 15:20:00 62607 1 0
20070606034 15:30:00 85388 0 1
20070606035 15:40:00 76961 0 0
20070606036 15:50:00 72754 1 0
20070606037 16:00:00 41573 0 0
20070606038 16:10:00 51713 0 0
20070606039 16:20:00 97563 0 0
20070606040 16:30:00 25935 0 0
20070606041 16:40:00 30054 1 0
20070606042 16:50:00 99557 1 1
20070606043 17:00:00 51564 1 0
20070606044 17:10:00 49847 0 0
20070606045 17:20:00 90119 0 1
20070606046 17:30:00 52807 0 0
20070606047 17:40:00 19263 0 0
20070606048 17:50:00 84184 0 0
20070606049 18:00:00 75770 1 1
20070606050 18:10:00 29674 0 0
20070606051 18:20:00 69967 1 0
20070606052 18:30:00 58528 1 0
20070606053 18:40:00 25138 0 0
20070606054 18:50:00 54518 1 0
20070606055 19:00:00 60879 0 0
20070606056 19:10:00 70266 0 1
20070606057 19:20:00 88450 1 0
20070606058 19:30:00 53845 0 0
20070606059 19:40:00 29654 0 0
20070606060 19:50:00 66744 1 1
20070606061 20:00:00 24426 1 0
20070606062 20:10:00 40358 0 0
20070606063 20:20:00 82739 0 0
20070606064 20:30:00 54387 0 0
20070606065 20:40:00 68749 0 0
20070606066 20:50:00 59428 0 0
20070606067 21:00:00 75903 0 0
20070606068 21:10:00 55853 1 0
20070606069 21:20:00 83237 0 0
20070606070 21:30:00 66890 1 0
20070606071 21:40:00 67308 0 0
20070606072 21:50:00 72475 0 0
