20070619001 10:00:00 28320 0 0
20070619002 10:10:00 59145 0 0
20070619003 10:20:00 05110 0 1
20070619004 10:30:00 84491 1 0
20070619005 10:40:00 86966 0 1
20070619006 10:50:00 40430 1 0
20070619007 11:00:00 28934 0 0
20070619008 11:10:00 79996 1 1
20070619009 11:20:00 56205 0 0
20070619010 11:30:00 05484 0 1
20070619011 11:40:00 55340 1 0
20070619012 11:50:00 11213 1 0
20070619013 12:00:00 21242 1 1
20070619014 12:10:00 95111 0 1
20070619015 12:20:00 25561 1 0
20070619016 12:30:00 31862 0 0
20070619017 12:40:00 64466 1 1
20070619018 12:50:00 94063 0 0
20070619019 13:00:00 61665 1 1
20070619020 13:10:00 78656 0 1
20070619021 13:20:00 23972 0 0
20070619022 13:30:00 59810 0 0
20070619023 13:40:00 57305 0 0
20070619024 13:50:00 56428 0 0
20070619025 14:00:00 18501 0 0
20070619026 14:10:00 32313 1 1
20070619027 14:20:00 74893 0 0
20070619028 14:30:00 21192 1 0
20070619029 14:40:00 40343 0 1
20070619030 14:50:00 51417 0 0
20070619031 15:00:00 55089 1 0
20070619032 15:10:00 06482 0 0
20070619033 15:20:00 40362 0 0
20070619034 15:30:00 25551 1 1
20070619035 15:40:00 38376 1 0
20070619036 15:50:00 60602 1 0
20070619037 16:00:00 14606 0 1
20070619038 16:10:00 02614 0 0
20070619039 16:20:00 74677 0 1
20070619040 16:30:00 37596 0 0
20070619041 16:40:00 10355 0 1
20070619042 16:50:00 41271 0 0
20070619043 17:00:00 85671 0 0
20070619044 17:10:00 23901 0 0
20070619045 17:20:00 15962 0 0
20070619046 17:30:00 84447 1 1
20070619047 17:40:00 86512 0 0
20070619048 17:50:00 13190 1 0
20070619049 18:00:00 73557 0 1
20070619050 18:10:00 34276 0 0
20070619051 18:20:00 07119 0 1
20070619052 18:30:00 30647 0 0
20070619053 18:40:00 64086 0 0
20070619054 18:50:00 30776 0 1
20070619055 19:00:00 36682 1 0
20070619056 19:10:00 54433 1 1
20070619057 19:20:00 93805 0 0
20070619058 19:30:00 80360 0 0
20070619059 19:40:00 63215 0 0
20070619060 19:50:00 27646 0 1
20070619061 20:00:00 82592 0 0
20070619062 20:10:00 86720 0 0
20070619063 20:20:00 43728 0 0
20070619064 20:30:00 44735 1 0
20070619065 20:40:00 82469 0 0
20070619066 20:50:00 61823 0 0
20070619067 21:00:00 56069 0 0
20070619068 21:10:00 44539 1 0
20070619069 21:20:00 38680 0 0
20070619070 21:30:00 24368 0 0
20070619071 21:40:00 64418 1 0
20070619072 21:50:00 72189 0 0
