20070730001 10:00:00 51724 0 0
20070730002 10:10:00 05302 0 0
20070730003 10:20:00 09110 0 1
20070730004 10:30:00 90910 1 0
20070730005 10:40:00 25042 0 0
20070730006 10:50:00 66458 1 0
20070730007 11:00:00 41200 0 1
20070730008 11:10:00 92455 0 1
20070730009 11:20:00 24670 0 0
20070730010 11:30:00 07818 0 1
20070730011 11:40:00 80780 0 0
20070730012 11:50:00 19185 1 0
20070730013 12:00:00 73919 0 1
20070730014 12:10:00 76441 0 1
20070730015 12:20:00 55495 1 0
20070730016 12:30:00 94946 1 0
20070730017 12:40:00 27602 0 0
20070730018 12:50:00 97649 0 0
20070730019 13:00:00 73511 0 1
20070730020 13:10:00 32516 0 0
20070730021 13:20:00 12073 0 0
20070730022 13:30:00 79442 0 1
20070730023 13:40:00 64077 0 1
20070730024 13:50:00 45381 0 0
20070730025 14:00:00 98798 0 0
20070730026 14:10:00 41407 1 0
20070730027 14:20:00 48482 1 0
20070730028 14:30:00 76989 0 1
20070730029 14:40:00 52100 0 1
20070730030 14:50:00 88524 1 0
20070730031 15:00:00 38308 1 0
20070730032 15:10:00 27862 0 0
20070730033 15:20:00 23089 0 0
20070730034 15:30:00 96288 0 1
20070730035 15:40:00 57509 1 0
20070730036 15:50:00 58945 0 0
20070730037 16:00:00 05856 0 0
20070730038 16:10:00 32399 1 1
20070730039 16:20:00 38960 0 0
20070730040 16:30:00 61573 0 0
20070730041 16:40:00 45914 0 0
20070730042 16:50:00 35118 0 1
20070730043 17:00:00 10559 0 1
20070730044 17:10:00 97843 0 0
20070730045 17:20:00 73054 0 0
20070730046 17:30:00 62970 0 0
20070730047 17:40:00 57471 0 0
20070730048 17:50:00 71867 0 0
20070730049 18:00:00 44204 1 0
20070730050 18:10:00 63221 0 1
20070730051 18:20:00 55039 1 0
20070730052 18:30:00 69711 0 1
20070730053 18:40:00 90250 0 0
20070730054 18:50:00 91054 0 0
20070730055 19:00:00 22708 1 0
20070730056 19:10:00 61721 0 0
20070730057 19:20:00 53526 1 0
20070730058 19:30:00 39778 0 1
20070730059 19:40:00 07131 0 1
20070730060 19:50:00 32831 0 0
20070730061 20:00:00 39277 0 1
20070730062 20:10:00 61508 0 0
20070730063 20:20:00 71736 1 0
20070730064 20:30:00 13835 0 0
20070730065 20:40:00 33734 1 0
20070730066 20:50:00 48730 0 0
20070730067 21:00:00 62124 0 0
20070730068 21:10:00 92505 0 1
20070730069 21:20:00 64649 1 0
20070730070 21:30:00 54675 0 0
20070730071 21:40:00 27869 0 0
20070730072 21:50:00 77641 1 0
