20070618001 10:00:00 24819 0 0
20070618002 10:10:00 76058 0 0
20070618003 10:20:00 05295 0 0
20070618004 10:30:00 94181 0 1
20070618005 10:40:00 77993 1 1
20070618006 10:50:00 83824 1 0
20070618007 11:00:00 62731 0 0
20070618008 11:10:00 90129 0 0
20070618009 11:20:00 18380 0 0
20070618010 11:30:00 41490 1 0
20070618011 11:40:00 29332 0 1
20070618012 11:50:00 79639 0 0
20070618013 12:00:00 09703 0 0
20070618014 12:10:00 69080 0 1
20070618015 12:20:00 61376 0 0
20070618016 12:30:00 09667 0 1
20070618017 12:40:00 85705 0 0
20070618018 12:50:00 46185 0 0
20070618019 13:00:00 86607 1 0
20070618020 13:10:00 05365 0 0
20070618021 13:20:00 34152 0 0
20070618022 13:30:00 78154 0 0
20070618023 13:40:00 55195 1 0
20070618024 13:50:00 31389 1 0
20070618025 14:00:00 79408 0 0
20070618026 14:10:00 53409 0 0
20070618027 14:20:00 22999 1 1
20070618028 14:30:00 53094 0 0
20070618029 14:40:00 32943 0 0
20070618030 14:50:00 02262 1 1
20070618031 15:00:00 16672 1 0
20070618032 15:10:00 07287 0 0
20070618033 15:20:00 91936 1 0
20070618034 15:30:00 53831 0 0
20070618035 15:40:00 93882 0 1
20070618036 15:50:00 07796 1 0
20070618037 16:00:00 93320 1 0
20070618038 16:10:00 58139 0 0
20070618039 16:20:00 43253 0 0
20070618040 16:30:00 66604 1 0
20070618041 16:40:00 05930 0 0
20070618042 16:50:00 18103 1 0
20070618043 17:00:00 45397 0 0
20070618044 17:10:00 61866 0 1
20070618045 17:20:00 35166 0 1
20070618046 17:30:00 58842 1 0
20070618047 17:40:00 42244 1 1
20070618048 17:50:00 15401 0 0
20070618049 18:00:00 66284 1 0
20070618050 18:10:00 36475 0 0
20070618051 18:20:00 80503 0 0
20070618052 18:30:00 34670 0 0
20070618053 18:40:00 99838 1 1
20070618054 18:50:00 30738 0 0
20070618055 19:00:00 92101 0 1
20070618056 19:10:00 13557 0 1
20070618057 19:20:00 71346 0 0
20070618058 19:30:00 24157 0 0
20070618059 19:40:00 31449 0 1
20070618060 19:50:00 68637 1 0
20070618061 20:00:00 77370 1 0
20070618062 20:10:00 03394 1 0
20070618063 20:20:00 67293 0 0
20070618064 20:30:00 07903 0 0
20070618065 20:40:00 84682 0 0
20070618066 20:50:00 81324 0 0
20070618067 21:00:00 72150 0 0
20070618068 21:10:00 67988 0 1
20070618069 21:20:00 54145 0 0
20070618070 21:30:00 64998 0 1
20070618071 21:40:00 44559 1 1
20070618072 21:50:00 22446 1 1
