20070613001 10:00:00 34409 1 0
20070613002 10:10:00 95722 0 1
20070613003 10:20:00 30818 0 1
20070613004 10:30:00 53364 1 0
20070613005 10:40:00 24910 0 0
20070613006 10:50:00 72294 1 0
20070613007 11:00:00 95319 0 0
20070613008 11:10:00 38550 0 1
20070613009 11:20:00 03414 0 1
20070613010 11:30:00 78425 0 0
20070613011 11:40:00 60614 1 0
20070613012 11:50:00 64716 0 0
20070613013 12:00:00 88915 1 0
20070613014 12:10:00 66249 1 0
20070613015 12:20:00 22294 1 0
20070613016 12:30:00 69666 1 1
20070613017 12:40:00 63082 0 0
20070613018 12:50:00 59210 0 0
20070613019 13:00:00 12715 0 0
20070613020 13:10:00 98061 0 0
20070613021 13:20:00 78655 0 1
20070613022 13:30:00 13456 0 0
20070613023 13:40:00 57852 0 0
20070613024 13:50:00 33927 1 0
20070613025 14:00:00 22030 1 1
20070613026 14:10:00 99085 1 0
20070613027 14:20:00 94562 0 0
20070613028 14:30:00 44745 1 0
20070613029 14:40:00 85191 0 1
20070613030 14:50:00 23284 1 0
20070613031 15:00:00 36729 0 0
20070613032 15:10:00 22076 1 0
20070613033 15:20:00 55367 1 0
20070613034 15:30:00 29314 0 0
20070613035 15:40:00 09634 0 0
20070613036 15:50:00 14187 1 0
20070613037 16:00:00 92697 0 0
20070613038 16:10:00 22466 1 1
20070613039 16:20:00 53430 0 0
20070613040 16:30:00 52247 1 0
20070613041 16:40:00 32477 0 1
20070613042 16:50:00 92124 0 0
20070613043 17:00:00 25478 0 0
20070613044 17:10:00 55704 1 0
20070613045 17:20:00 34471 1 0
20070613046 17:30:00 28575 0 1
20070613047 17:40:00 96448 0 1
20070613048 17:50:00 08468 0 0
20070613049 18:00:00 08348 0 0
20070613050 18:10:00 83409 0 0
20070613051 18:20:00 41296 0 0
20070613052 18:30:00 77282 1 1
20070613053 18:40:00 57105 0 0
20070613054 18:50:00 46842 0 0
20070613055 19:00:00 08237 0 0
20070613056 19:10:00 47667 0 1
20070613057 19:20:00 27017 0 0
20070613058 19:30:00 22071 1 0
20070613059 19:40:00 32664 0 1
20070613060 19:50:00 78627 0 0
20070613061 20:00:00 62214 1 0
20070613062 20:10:00 94653 0 0
20070613063 20:20:00 29304 0 0
20070613064 20:30:00 12563 0 0
20070613065 20:40:00 45535 1 1
20070613066 20:50:00 44725 1 0
20070613067 21:00:00 66352 1 0
20070613068 21:10:00 46030 0 1
20070613069 21:20:00 23537 0 0
20070613070 21:30:00 50801 0 0
20070613071 21:40:00 50169 0 0
20070613072 21:50:00 53838 0 1
