20071018001 10:00:00 50099 1 1
20071018002 10:10:00 59076 0 0
20071018003 10:20:00 28195 0 0
20071018004 10:30:00 76837 0 0
20071018005 10:40:00 74303 0 1
20071018006 10:50:00 18896 1 0
20071018007 11:00:00 22028 1 0
20071018008 11:10:00 58516 1 0
20071018009 11:20:00 35573 1 0
20071018010 11:30:00 68998 0 1
20071018011 11:40:00 08136 0 0
20071018012 11:50:00 36619 1 0
20071018013 12:00:00 20916 0 0
20071018014 12:10:00 50108 0 0
20071018015 12:20:00 71224 0 1
20071018016 12:30:00 66804 1 0
20071018017 12:40:00 76223 0 1
20071018018 12:50:00 53067 0 0
20071018019 13:00:00 43218 0 0
20071018020 13:10:00 82958 0 0
20071018021 13:20:00 15732 0 0
20071018022 13:30:00 35479 0 0
20071018023 13:40:00 12063 0 0
20071018024 13:50:00 48675 0 0
20071018025 14:00:00 67480 0 0
20071018026 14:10:00 67455 0 1
20071018027 14:20:00 43175 0 0
20071018028 14:30:00 94263 0 0
20071018029 14:40:00 51858 0 1
20071018030 14:50:00 30228 0 1
20071018031 15:00:00 94907 1 0
20071018032 15:10:00 88046 1 0
20071018033 15:20:00 29675 0 0
20071018034 15:30:00 96125 0 0
20071018035 15:40:00 73694 0 0
20071018036 15:50:00 02699 0 1
20071018037 16:00:00 80176 0 0
20071018038 16:10:00 54944 0 1
20071018039 16:20:00 31609 0 0
20071018040 16:30:00 96809 0 0
20071018041 16:40:00 51759 0 0
20071018042 16:50:00 65531 1 0
20071018043 17:00:00 97962 1 0
20071018044 17:10:00 34705 0 0
20071018045 17:20:00 52488 0 1
20071018046 17:30:00 06251 0 0
20071018047 17:40:00 81925 0 0
20071018048 17:50:00 45495 1 0
20071018049 18:00:00 61459 0 0
20071018050 18:10:00 25418 0 0
20071018051 18:20:00 11876 1 0
20071018052 18:30:00 76479 0 0
20071018053 18:40:00 04642 0 0
20071018054 18:50:00 17877 0 1
20071018055 19:00:00 80718 0 0
20071018056 19:10:00 31916 0 0
20071018057 19:20:00 56680 1 0
20071018058 19:30:00 90233 0 1
20071018059 19:40:00 18910 0 0
20071018060 19:50:00 42091 0 0
20071018061 20:00:00 88297 1 0
20071018062 20:10:00 75304 0 0
20071018063 20:20:00 42776 0 1
20071018064 20:30:00 30478 0 0
20071018065 20:40:00 10257 0 0
20071018066 20:50:00 07511 0 1
20071018067 21:00:00 41739 0 0
20071018068 21:10:00 35965 0 0
20071018069 21:20:00 77085 1 0
20071018070 21:30:00 78412 0 0
20071018071 21:40:00 44807 1 0
20071018072 21:50:00 95627 0 0
