20070911001 10:00:00 71062 0 0
20070911002 10:10:00 79871 0 0
20070911003 10:20:00 02520 0 0
20070911004 10:30:00 97724 1 0
20070911005 10:40:00 85346 0 0
20070911006 10:50:00 11581 1 0
20070911007 11:00:00 44796 1 0
20070911008 11:10:00 31905 0 0
20070911009 11:20:00 71941 0 0
20070911010 11:30:00 16433 0 1
20070911011 11:40:00 00276 1 0
20070911012 11:50:00 63853 0 0
20070911013 12:00:00 51196 1 0
20070911014 12:10:00 53932 0 0
20070911015 12:20:00 78279 0 0
20070911016 12:30:00 07768 1 0
20070911017 12:40:00 38682 0 0
20070911018 12:50:00 18070 0 1
20070911019 13:00:00 06824 0 0
20070911020 13:10:00 75868 0 1
20070911021 13:20:00 75830 0 0
20070911022 13:30:00 46506 0 0
20070911023 13:40:00 01990 0 1
20070911024 13:50:00 40662 0 1
20070911025 14:00:00 81358 0 0
20070911026 14:10:00 74419 1 0
20070911027 14:20:00 45335 0 1
20070911028 14:30:00 72405 0 0
20070911029 14:40:00 49982 1 0
20070911030 14:50:00 47565 0 1
20070911031 15:00:00 35936 0 0
20070911032 15:10:00 83626 0 1
20070911033 15:20:00 49454 1 1
20070911034 15:30:00 50865 0 0
20070911035 15:40:00 40281 0 0
20070911036 15:50:00 37669 0 1
20070911037 16:00:00 58259 0 0
20070911038 16:10:00 54941 0 0
20070911039 16:20:00 66207 1 0
20070911040 16:30:00 13618 0 0
20070911041 16:40:00 72096 0 0
20070911042 16:50:00 78100 0 1
20070911043 17:00:00 62210 1 0
20070911044 17:10:00 20719 0 0
20070911045 17:20:00 22137 1 0
20070911046 17:30:00 35178 0 0
20070911047 17:40:00 80092 1 0
20070911048 17:50:00 56683 1 0
20070911049 18:00:00 40066 1 1
20070911050 18:10:00 40637 0 0
20070911051 18:20:00 01113 1 1
20070911052 18:30:00 48070 0 1
20070911053 18:40:00 44603 1 0
20070911054 18:50:00 44131 1 1
20070911055 19:00:00 82803 1 0
20070911056 19:10:00 10320 0 0
20070911057 19:20:00 32288 1 1
20070911058 19:30:00 88439 1 0
20070911059 19:40:00 13751 0 0
20070911060 19:50:00 63514 0 0
20070911061 20:00:00 21141 1 1
20070911062 20:10:00 53551 1 1
20070911063 20:20:00 73753 1 0
20070911064 20:30:00 15695 0 0
20070911065 20:40:00 49818 0 1
20070911066 20:50:00 05807 0 0
20070911067 21:00:00 25088 0 1
20070911068 21:10:00 14318 0 0
20070911069 21:20:00 47338 0 1
20070911070 21:30:00 75894 0 0
20070911071 21:40:00 49533 0 1
20070911072 21:50:00 69200 0 1
