20070412001 10:00:00 55380 1 0
20070412002 10:10:00 87920 0 0
20070412003 10:20:00 87287 0 0
20070412004 10:30:00 03811 0 1
20070412005 10:40:00 37996 0 1
20070412006 10:50:00 51011 0 1
20070412007 11:00:00 10720 0 0
20070412008 11:10:00 78683 0 0
20070412009 11:20:00 10401 0 0
20070412010 11:30:00 87793 1 0
20070412011 11:40:00 75222 0 1
20070412012 11:50:00 17090 0 1
20070412013 12:00:00 94169 0 0
20070412014 12:10:00 82801 1 0
20070412015 12:20:00 99622 1 1
20070412016 12:30:00 91372 0 0
20070412017 12:40:00 58269 0 0
20070412018 12:50:00 38443 0 1
20070412019 13:00:00 94550 0 1
20070412020 13:10:00 10831 0 0
20070412021 13:20:00 73622 0 1
20070412022 13:30:00 88802 1 0
20070412023 13:40:00 87647 0 0
20070412024 13:50:00 56031 0 0
20070412025 14:00:00 94518 0 0
20070412026 14:10:00 01465 0 0
20070412027 14:20:00 03839 0 0
20070412028 14:30:00 48417 1 0
20070412029 14:40:00 66678 1 0
20070412030 14:50:00 32794 0 0
20070412031 15:00:00 82322 0 1
20070412032 15:10:00 20463 0 0
20070412033 15:20:00 73849 0 0
20070412034 15:30:00 59902 1 0
20070412035 15:40:00 29239 1 0
20070412036 15:50:00 64625 1 0
20070412037 16:00:00 80045 1 0
20070412038 16:10:00 28692 0 0
20070412039 16:20:00 41346 0 0
20070412040 16:30:00 86546 0 0
20070412041 16:40:00 45501 1 0
20070412042 16:50:00 62537 0 0
20070412043 17:00:00 91116 1 1
20070412044 17:10:00 90299 0 1
20070412045 17:20:00 71328 0 0
20070412046 17:30:00 56763 0 0
20070412047 17:40:00 82781 0 0
20070412048 17:50:00 84834 1 0
20070412049 18:00:00 41007 0 1
20070412050 18:10:00 53704 0 0
20070412051 18:20:00 45895 0 0
20070412052 18:30:00 10453 0 0
20070412053 18:40:00 48953 0 0
20070412054 18:50:00 38320 1 0
20070412055 19:00:00 69254 0 0
20070412056 19:10:00 34656 0 1
20070412057 19:20:00 87882 1 1
20070412058 19:30:00 06078 1 0
20070412059 19:40:00 08089 1 0
20070412060 19:50:00 53935 0 0
20070412061 20:00:00 63374 1 0
20070412062 20:10:00 01911 0 1
20070412063 20:20:00 94910 1 0
20070412064 20:30:00 17962 0 0
20070412065 20:40:00 85418 0 0
20070412066 20:50:00 15936 0 0
20070412067 21:00:00 13744 0 1
20070412068 21:10:00 85664 0 1
20070412069 21:20:00 75442 0 1
20070412070 21:30:00 92657 0 0
20070412071 21:40:00 99538 1 0
20070412072 21:50:00 06301 0 0
