20071215001 10:00:00 51011 0 1
20071215002 10:10:00 71554 0 1
20071215003 10:20:00 69603 1 0
20071215004 10:30:00 66401 1 0
20071215005 10:40:00 43091 0 0
20071215006 10:50:00 29812 0 0
20071215007 11:00:00 11148 1 0
20071215008 11:10:00 55338 1 1
20071215009 11:20:00 39557 0 1
20071215010 11:30:00 96743 0 0
20071215011 11:40:00 06367 0 0
20071215012 11:50:00 24075 0 0
20071215013 12:00:00 93830 0 0
20071215014 12:10:00 55410 1 0
20071215015 12:20:00 85324 0 0
20071215016 12:30:00 39181 0 1
20071215017 12:40:00 99973 1 0
20071215018 12:50:00 05628 0 0
20071215019 13:00:00 11926 1 0
20071215020 13:10:00 25049 0 0
20071215021 13:20:00 52399 0 1
20071215022 13:30:00 99891 1 0
20071215023 13:40:00 34121 0 1
20071215024 13:50:00 74823 0 0
20071215025 14:00:00 97087 0 0
20071215026 14:10:00 99871 1 0
20071215027 14:20:00 74284 0 0
20071215028 14:30:00 91366 0 1
20071215029 14:40:00 68169 0 0
20071215030 14:50:00 37195 0 0
20071215031 15:00:00 77430 1 0
20071215032 15:10:00 55201 1 0
20071215033 15:20:00 79549 0 0
20071215034 15:30:00 42507 0 0
20071215035 15:40:00 71631 0 0
20071215036 15:50:00 30958 0 0
20071215037 16:00:00 20621 0 0
20071215038 16:10:00 52319 0 0
20071215039 16:20:00 63341 1 0
20071215040 16:30:00 60847 0 0
20071215041 16:40:00 78643 0 0
20071215042 16:50:00 94726 0 0
20071215043 17:00:00 09251 0 0
20071215044 17:10:00 95920 1 0
20071215045 17:20:00 18283 0 0
20071215046 17:30:00 76883 0 1
20071215047 17:40:00 83090 0 1
20071215048 17:50:00 40436 1 0
20071215049 18:00:00 26005 0 1
20071215050 18:10:00 63446 0 1
20071215051 18:20:00 08879 1 0
20071215052 18:30:00 46025 0 0
20071215053 18:40:00 36116 0 1
20071215054 18:50:00 26284 1 0
20071215055 19:00:00 26606 1 1
20071215056 19:10:00 46173 0 0
20071215057 19:20:00 46618 1 0
20071215058 19:30:00 80664 0 1
20071215059 19:40:00 42038 0 0
20071215060 19:50:00 65064 0 0
20071215061 20:00:00 40569 0 0
20071215062 20:10:00 82269 1 0
20071215063 20:20:00 40757 0 1
20071215064 20:30:00 04294 0 0
20071215065 20:40:00 32301 1 0
20071215066 20:50:00 83804 1 0
20071215067 21:00:00 88837 1 0
20071215068 21:10:00 93591 0 0
20071215069 21:20:00 11890 1 0
20071215070 21:30:00 18946 0 0
20071215071 21:40:00 79927 1 0
20071215072 21:50:00 40592 0 0
