20070415001 10:00:00 75066 0 1
20070415002 10:10:00 83656 0 1
20070415003 10:20:00 55761 1 0
20070415004 10:30:00 74610 0 0
20070415005 10:40:00 59383 0 1
20070415006 10:50:00 64631 1 0
20070415007 11:00:00 67911 0 1
20070415008 11:10:00 94345 0 0
20070415009 11:20:00 89104 0 0
20070415010 11:30:00 78912 0 0
20070415011 11:40:00 99212 1 1
20070415012 11:50:00 72614 0 0
20070415013 12:00:00 38875 1 0
20070415014 12:10:00 51004 0 1
20070415015 12:20:00 15585 1 1
20070415016 12:30:00 51481 0 0
20070415017 12:40:00 71222 0 1
20070415018 12:50:00 97342 0 0
20070415019 13:00:00 64271 0 0
20070415020 13:10:00 64830 0 0
20070415021 13:20:00 60037 1 0
20070415022 13:30:00 02912 0 0
20070415023 13:40:00 17210 0 0
20070415024 13:50:00 95553 1 1
20070415025 14:00:00 36961 0 0
20070415026 14:10:00 84184 0 0
20070415027 14:20:00 02208 1 0
20070415028 14:30:00 17827 0 0
20070415029 14:40:00 12185 1 0
20070415030 14:50:00 19192 1 0
20070415031 15:00:00 40772 0 1
20070415032 15:10:00 47292 0 1
20070415033 15:20:00 15739 0 0
20070415034 15:30:00 40445 1 1
20070415035 15:40:00 68926 0 0
20070415036 15:50:00 96737 0 1
20070415037 16:00:00 91950 1 0
20070415038 16:10:00 76025 0 0
20070415039 16:20:00 03325 1 0
20070415040 16:30:00 11956 1 0
20070415041 16:40:00 36790 0 0
20070415042 16:50:00 05614 0 0
20070415043 17:00:00 19660 0 1
20070415044 17:10:00 72284 1 0
20070415045 17:20:00 66121 1 1
20070415046 17:30:00 57361 0 0
20070415047 17:40:00 55284 1 0
20070415048 17:50:00 61072 0 0
20070415049 18:00:00 47754 1 0
20070415050 18:10:00 67733 1 1
20070415051 18:20:00 70355 0 1
20070415052 18:30:00 29546 0 0
20070415053 18:40:00 76087 0 0
20070415054 18:50:00 92386 0 0
20070415055 19:00:00 43213 0 0
20070415056 19:10:00 16772 0 1
20070415057 19:20:00 14961 0 0
20070415058 19:30:00 70900 0 1
20070415059 19:40:00 13618 0 0
20070415060 19:50:00 49356 0 0
20070415061 20:00:00 35793 0 0
20070415062 20:10:00 94860 0 0
20070415063 20:20:00 48977 0 1
20070415064 20:30:00 43901 0 0
20070415065 20:40:00 63440 0 1
20070415066 20:50:00 08830 1 0
20070415067 21:00:00 60798 0 0
20070415068 21:10:00 30486 0 0
20070415069 21:20:00 10207 0 0
20070415070 21:30:00 09535 0 1
20070415071 21:40:00 72034 0 0
20070415072 21:50:00 96190 0 0
