20070806001 10:00:00 14141 1 1
20070806002 10:10:00 28110 0 1
20070806003 10:20:00 01266 0 1
20070806004 10:30:00 54849 0 0
20070806005 10:40:00 52197 0 0
20070806006 10:50:00 75021 0 0
20070806007 11:00:00 71584 0 0
20070806008 11:10:00 74376 0 0
20070806009 11:20:00 58192 0 0
20070806010 11:30:00 08803 1 0
20070806011 11:40:00 02776 0 1
20070806012 11:50:00 74550 0 1
20070806013 12:00:00 53142 0 0
20070806014 12:10:00 51999 0 1
20070806015 12:20:00 31791 0 0
20070806016 12:30:00 72049 0 0
20070806017 12:40:00 84610 0 0
20070806018 12:50:00 08542 0 0
20070806019 13:00:00 03705 0 0
20070806020 13:10:00 08642 0 0
20070806021 13:20:00 36851 0 0
20070806022 13:30:00 84566 0 1
20070806023 13:40:00 59373 0 1
20070806024 13:50:00 18957 0 0
20070806025 14:00:00 74470 1 0
20070806026 14:10:00 21145 1 0
20070806027 14:20:00 02133 0 1
20070806028 14:30:00 38256 0 0
20070806029 14:40:00 40474 1 1
20070806030 14:50:00 28126 0 0
20070806031 15:00:00 10672 0 0
20070806032 15:10:00 15874 0 0
20070806033 15:20:00 13685 0 0
20070806034 15:30:00 62968 0 0
20070806035 15:40:00 06423 0 0
20070806036 15:50:00 78450 0 0
20070806037 16:00:00 08589 0 0
20070806038 16:10:00 23858 0 1
20070806039 16:20:00 60971 0 0
20070806040 16:30:00 23502 0 0
20070806041 16:40:00 65361 0 0
20070806042 16:50:00 07846 0 0
20070806043 17:00:00 91068 0 0
20070806044 17:10:00 19352 0 0
20070806045 17:20:00 18889 1 1
20070806046 17:30:00 68466 0 1
20070806047 17:40:00 95927 1 0
20070806048 17:50:00 00088 1 1
20070806049 18:00:00 81578 0 0
20070806050 18:10:00 10121 1 1
20070806051 18:20:00 27069 0 0
20070806052 18:30:00 22765 1 0
20070806053 18:40:00 83830 1 0
20070806054 18:50:00 87890 1 0
20070806055 19:00:00 15004 0 1
20070806056 19:10:00 56622 1 1
20070806057 19:20:00 48148 0 0
20070806058 19:30:00 01929 0 1
20070806059 19:40:00 76679 1 0
20070806060 19:50:00 07585 0 1
20070806061 20:00:00 71475 0 0
20070806062 20:10:00 17799 1 1
20070806063 20:20:00 87501 0 0
20070806064 20:30:00 03555 0 1
20070806065 20:40:00 85134 0 0
20070806066 20:50:00 39214 0 0
20070806067 21:00:00 18437 0 0
20070806068 21:10:00 38814 1 0
20070806069 21:20:00 42837 0 0
20070806070 21:30:00 91789 0 0
20070806071 21:40:00 94730 0 0
20070806072 21:50:00 53510 1 0
