20070617001 10:00:00 88304 1 0
20070617002 10:10:00 11022 1 1
20070617003 10:20:00 97055 0 1
20070617004 10:30:00 37373 1 1
20070617005 10:40:00 73395 1 0
20070617006 10:50:00 56264 0 0
20070617007 11:00:00 20632 0 0
20070617008 11:10:00 63116 0 1
20070617009 11:20:00 85333 0 1
20070617010 11:30:00 97204 0 0
20070617011 11:40:00 49232 0 1
20070617012 11:50:00 45539 1 0
20070617013 12:00:00 85620 0 0
20070617014 12:10:00 44961 1 0
20070617015 12:20:00 80658 0 0
20070617016 12:30:00 66118 1 1
20070617017 12:40:00 61721 0 0
20070617018 12:50:00 46305 0 0
20070617019 13:00:00 51149 1 0
20070617020 13:10:00 55770 1 1
20070617021 13:20:00 79395 0 0
20070617022 13:30:00 08395 0 0
20070617023 13:40:00 78634 0 0
20070617024 13:50:00 82479 0 0
20070617025 14:00:00 04847 0 0
20070617026 14:10:00 64294 0 0
20070617027 14:20:00 39070 0 1
20070617028 14:30:00 21243 1 0
20070617029 14:40:00 19234 0 0
20070617030 14:50:00 18899 1 1
20070617031 15:00:00 03208 0 0
20070617032 15:10:00 01785 0 0
20070617033 15:20:00 37133 0 1
20070617034 15:30:00 06795 0 0
20070617035 15:40:00 70976 0 0
20070617036 15:50:00 19427 0 0
20070617037 16:00:00 65902 0 0
20070617038 16:10:00 79571 0 0
20070617039 16:20:00 52961 0 0
20070617040 16:30:00 48849 1 0
20070617041 16:40:00 91787 0 1
20070617042 16:50:00 18442 0 1
20070617043 17:00:00 35256 0 0
20070617044 17:10:00 22465 1 0
20070617045 17:20:00 15516 1 0
20070617046 17:30:00 88850 1 0
20070617047 17:40:00 39388 1 1
20070617048 17:50:00 36841 0 0
20070617049 18:00:00 50328 0 0
20070617050 18:10:00 38397 1 0
20070617051 18:20:00 82975 0 0
20070617052 18:30:00 38336 1 1
20070617053 18:40:00 21732 0 0
20070617054 18:50:00 33443 1 1
20070617055 19:00:00 08309 0 0
20070617056 19:10:00 63615 1 0
20070617057 19:20:00 10024 1 0
20070617058 19:30:00 79121 0 1
20070617059 19:40:00 42735 0 0
20070617060 19:50:00 47672 0 0
20070617061 20:00:00 44585 1 1
20070617062 20:10:00 02248 1 0
20070617063 20:20:00 76803 0 0
20070617064 20:30:00 55075 1 0
20070617065 20:40:00 29746 0 0
20070617066 20:50:00 22301 1 0
20070617067 21:00:00 47315 0 0
20070617068 21:10:00 98383 0 1
20070617069 21:20:00 89487 0 0
20070617070 21:30:00 15482 0 0
20070617071 21:40:00 41074 0 0
20070617072 21:50:00 15922 0 1
