20071211001 10:00:00 77452 1 0
20071211002 10:10:00 25915 0 0
20071211003 10:20:00 01689 0 0
20071211004 10:30:00 39459 0 0
20071211005 10:40:00 18790 0 0
20071211006 10:50:00 60649 1 0
20071211007 11:00:00 26440 0 1
20071211008 11:10:00 73606 0 1
20071211009 11:20:00 37152 0 0
20071211010 11:30:00 64061 0 0
20071211011 11:40:00 64636 1 1
20071211012 11:50:00 99718 1 0
20071211013 12:00:00 77596 1 0
20071211014 12:10:00 73996 0 1
20071211015 12:20:00 78146 0 0
20071211016 12:30:00 59555 1 1
20071211017 12:40:00 63861 0 0
20071211018 12:50:00 62462 0 0
20071211019 13:00:00 15851 0 0
20071211020 13:10:00 51438 0 0
20071211021 13:20:00 43738 0 0
20071211022 13:30:00 22330 1 1
20071211023 13:40:00 97234 0 0
20071211024 13:50:00 20871 0 0
20071211025 14:00:00 17985 0 0
20071211026 14:10:00 93738 0 0
20071211027 14:20:00 36281 0 0
20071211028 14:30:00 96484 0 1
20071211029 14:40:00 22699 1 1
20071211030 14:50:00 09058 1 0
20071211031 15:00:00 56853 0 0
20071211032 15:10:00 06941 0 0
20071211033 15:20:00 17044 0 1
20071211034 15:30:00 62516 0 0
20071211035 15:40:00 92446 0 1
20071211036 15:50:00 34147 0 0
20071211037 16:00:00 67829 0 0
20071211038 16:10:00 82117 0 1
20071211039 16:20:00 91694 0 0
20071211040 16:30:00 98342 0 0
20071211041 16:40:00 32691 0 0
20071211042 16:50:00 52215 1 0
20071211043 17:00:00 48065 0 0
20071211044 17:10:00 59553 1 1
20071211045 17:20:00 26964 0 0
20071211046 17:30:00 20033 1 1
20071211047 17:40:00 78782 1 0
20071211048 17:50:00 90439 0 0
20071211049 18:00:00 36656 1 1
20071211050 18:10:00 18372 0 0
20071211051 18:20:00 23381 1 0
20071211052 18:30:00 74784 1 0
20071211053 18:40:00 61049 0 0
20071211054 18:50:00 83083 0 0
20071211055 19:00:00 67537 0 0
20071211056 19:10:00 52066 0 1
20071211057 19:20:00 40221 0 1
20071211058 19:30:00 52177 0 1
20071211059 19:40:00 99002 1 1
20071211060 19:50:00 87031 0 0
20071211061 20:00:00 93690 0 0
20071211062 20:10:00 19137 1 0
20071211063 20:20:00 09223 0 1
20071211064 20:30:00 43776 0 1
20071211065 20:40:00 25864 0 0
20071211066 20:50:00 91509 0 0
20071211067 21:00:00 47537 0 0
20071211068 21:10:00 65493 0 0
20071211069 21:20:00 73115 0 1
20071211070 21:30:00 03092 1 0
20071211071 21:40:00 50816 0 0
20071211072 21:50:00 12847 0 0
