20070611001 10:00:00 32326 1 0
20070611002 10:10:00 68425 0 0
20070611003 10:20:00 65558 1 1
20070611004 10:30:00 46190 0 0
20070611005 10:40:00 46308 0 0
20070611006 10:50:00 38050 0 1
20070611007 11:00:00 60284 0 0
20070611008 11:10:00 93390 1 0
20070611009 11:20:00 13127 1 0
20070611010 11:30:00 44242 1 1
20070611011 11:40:00 31748 0 0
20070611012 11:50:00 01897 0 0
20070611013 12:00:00 54506 1 0
20070611014 12:10:00 16885 0 1
20070611015 12:20:00 77865 1 0
20070611016 12:30:00 67794 1 0
20070611017 12:40:00 02844 0 1
20070611018 12:50:00 30101 0 1
20070611019 13:00:00 72505 0 1
20070611020 13:10:00 12223 1 1
20070611021 13:20:00 18991 0 1
20070611022 13:30:00 22337 1 1
20070611023 13:40:00 35211 0 1
20070611024 13:50:00 92079 0 0
20070611025 14:00:00 87123 0 0
20070611026 14:10:00 69233 0 1
20070611027 14:20:00 57629 0 0
20070611028 14:30:00 36264 0 0
20070611029 14:40:00 32420 0 0
20070611030 14:50:00 29396 0 0
20070611031 15:00:00 45954 0 0
20070611032 15:10:00 41842 0 0
20070611033 15:20:00 55921 1 0
20070611034 15:30:00 02840 0 0
20070611035 15:40:00 38681 0 0
20070611036 15:50:00 63669 1 1
20070611037 16:00:00 27200 1 1
20070611038 16:10:00 21726 0 0
20070611039 16:20:00 86450 0 0
20070611040 16:30:00 59241 0 0
20070611041 16:40:00 01184 1 0
20070611042 16:50:00 84265 0 0
20070611043 17:00:00 75619 0 0
20070611044 17:10:00 00484 1 1
20070611045 17:20:00 15539 1 0
20070611046 17:30:00 69358 0 0
20070611047 17:40:00 58936 0 0
20070611048 17:50:00 48696 0 1
20070611049 18:00:00 16928 0 0
20070611050 18:10:00 57858 0 1
20070611051 18:20:00 19924 1 0
20070611052 18:30:00 26233 1 1
20070611053 18:40:00 76234 0 0
20070611054 18:50:00 07905 0 0
20070611055 19:00:00 31126 1 0
20070611056 19:10:00 47298 0 0
20070611057 19:20:00 51290 0 0
20070611058 19:30:00 18815 1 0
20070611059 19:40:00 20366 0 1
20070611060 19:50:00 22670 1 0
20070611061 20:00:00 95064 0 0
20070611062 20:10:00 81904 0 0
20070611063 20:20:00 51270 0 0
20070611064 20:30:00 82610 0 0
20070611065 20:40:00 87374 0 0
20070611066 20:50:00 22128 1 0
20070611067 21:00:00 32893 0 0
20070611068 21:10:00 81389 0 0
20070611069 21:20:00 87823 1 0
20070611070 21:30:00 73483 0 0
20070611071 21:40:00 71427 0 0
20070611072 21:50:00 96269 0 0
