20070505001 10:00:00 91006 0 1
20070505002 10:10:00 51217 0 0
20070505003 10:20:00 31044 0 1
20070505004 10:30:00 57226 0 1
20070505005 10:40:00 86396 0 0
20070505006 10:50:00 42849 0 0
20070505007 11:00:00 47812 0 0
20070505008 11:10:00 00022 1 1
20070505009 11:20:00 98794 0 0
20070505010 11:30:00 25135 0 0
20070505011 11:40:00 63540 0 0
20070505012 11:50:00 78801 1 0
20070505013 12:00:00 75364 0 0
20070505014 12:10:00 81098 0 0
20070505015 12:20:00 16590 0 0
20070505016 12:30:00 21719 0 0
20070505017 12:40:00 32548 0 0
20070505018 12:50:00 33496 1 0
20070505019 13:00:00 44845 1 0
20070505020 13:10:00 70671 0 0
20070505021 13:20:00 51244 0 1
20070505022 13:30:00 97187 0 0
20070505023 13:40:00 55204 1 0
20070505024 13:50:00 04734 0 0
20070505025 14:00:00 43590 0 0
20070505026 14:10:00 57207 0 0
20070505027 14:20:00 33288 1 1
20070505028 14:30:00 35198 0 0
20070505029 14:40:00 85506 1 0
20070505030 14:50:00 92680 0 0
20070505031 15:00:00 57125 0 0
20070505032 15:10:00 27011 0 1
20070505033 15:20:00 89253 0 0
20070505034 15:30:00 17089 0 0
20070505035 15:40:00 11948 1 0
20070505036 15:50:00 01736 0 0
20070505037 16:00:00 89859 1 0
20070505038 16:10:00 90033 1 1
20070505039 16:20:00 22646 1 1
20070505040 16:30:00 25071 0 0
20070505041 16:40:00 96965 1 0
20070505042 16:50:00 50393 0 1
20070505043 17:00:00 56952 0 0
20070505044 17:10:00 87078 0 0
20070505045 17:20:00 45024 0 0
20070505046 17:30:00 62728 0 0
20070505047 17:40:00 96666 1 1
20070505048 17:50:00 31077 0 1
20070505049 18:00:00 23853 0 0
20070505050 18:10:00 88510 1 0
20070505051 18:20:00 66506 1 0
20070505052 18:30:00 14775 0 1
20070505053 18:40:00 30937 0 0
20070505054 18:50:00 60487 0 0
20070505055 19:00:00 19629 0 0
20070505056 19:10:00 32780 0 0
20070505057 19:20:00 12942 0 0
20070505058 19:30:00 18530 0 0
20070505059 19:40:00 46699 1 1
20070505060 19:50:00 75001 0 1
20070505061 20:00:00 99087 1 0
20070505062 20:10:00 15037 0 0
20070505063 20:20:00 44809 1 0
20070505064 20:30:00 98308 0 0
20070505065 20:40:00 26283 1 0
20070505066 20:50:00 12324 0 0
20070505067 21:00:00 37434 0 1
20070505068 21:10:00 86263 0 0
20070505069 21:20:00 41310 0 0
20070505070 21:30:00 05497 0 0
20070505071 21:40:00 65545 1 1
20070505072 21:50:00 03912 0 0
