20071109001 10:00:00 76440 0 1
20071109002 10:10:00 78655 0 1
20071109003 10:20:00 71259 0 0
20071109004 10:30:00 18822 1 1
20071109005 10:40:00 45836 0 0
20071109006 10:50:00 24051 0 0
20071109007 11:00:00 65656 1 1
20071109008 11:10:00 95312 0 0
20071109009 11:20:00 61887 0 1
20071109010 11:30:00 13702 0 0
20071109011 11:40:00 82712 0 0
20071109012 11:50:00 23835 0 0
20071109013 12:00:00 89139 0 0
20071109014 12:10:00 46350 0 0
20071109015 12:20:00 16141 1 1
20071109016 12:30:00 70097 1 0
20071109017 12:40:00 46842 0 0
20071109018 12:50:00 70792 1 0
20071109019 13:00:00 91867 0 0
20071109020 13:10:00 07573 0 0
20071109021 13:20:00 28754 0 0
20071109022 13:30:00 93257 0 0
20071109023 13:40:00 64191 0 1
20071109024 13:50:00 18127 1 0
20071109025 14:00:00 54407 1 0
20071109026 14:10:00 09351 0 0
20071109027 14:20:00 24828 0 1
20071109028 14:30:00 74125 0 0
20071109029 14:40:00 95070 0 1
20071109030 14:50:00 06437 0 0
20071109031 15:00:00 93350 1 0
20071109032 15:10:00 54102 0 0
20071109033 15:20:00 78604 0 0
20071109034 15:30:00 73259 0 0
20071109035 15:40:00 06647 1 0
20071109036 15:50:00 09211 0 1
20071109037 16:00:00 05676 0 1
20071109038 16:10:00 56588 1 1
20071109039 16:20:00 46414 1 1
20071109040 16:30:00 88261 1 0
20071109041 16:40:00 39857 0 0
20071109042 16:50:00 01032 1 0
20071109043 17:00:00 64850 0 0
20071109044 17:10:00 97043 0 0
20071109045 17:20:00 97776 1 1
20071109046 17:30:00 06365 0 0
20071109047 17:40:00 44606 1 1
20071109048 17:50:00 68616 1 1
20071109049 18:00:00 89997 1 1
20071109050 18:10:00 17061 0 0
20071109051 18:20:00 82988 0 1
20071109052 18:30:00 07781 1 0
20071109053 18:40:00 83805 1 0
20071109054 18:50:00 90178 0 0
20071109055 19:00:00 74081 0 0
20071109056 19:10:00 41564 0 0
20071109057 19:20:00 88742 1 0
20071109058 19:30:00 80850 1 0
20071109059 19:40:00 55238 1 0
20071109060 19:50:00 62600 1 1
20071109061 20:00:00 38623 0 0
20071109062 20:10:00 61285 0 0
20071109063 20:20:00 79737 1 1
20071109064 20:30:00 07650 0 0
20071109065 20:40:00 49207 0 0
20071109066 20:50:00 84129 0 0
20071109067 21:00:00 14667 0 1
20071109068 21:10:00 10055 1 1
20071109069 21:20:00 60114 0 1
20071109070 21:30:00 80725 0 0
20071109071 21:40:00 85342 0 0
20071109072 21:50:00 62196 0 0
