20070803001 10:00:00 98604 0 0
20070803002 10:10:00 55240 1 0
20070803003 10:20:00 79167 0 0
20070803004 10:30:00 82129 0 0
20070803005 10:40:00 06510 0 0
20070803006 10:50:00 96233 0 1
20070803007 11:00:00 99728 1 0
20070803008 11:10:00 00565 1 1
20070803009 11:20:00 37285 0 0
20070803010 11:30:00 66266 1 1
20070803011 11:40:00 73737 1 1
20070803012 11:50:00 36043 0 0
20070803013 12:00:00 42492 1 0
20070803014 12:10:00 40712 0 0
20070803015 12:20:00 80908 0 0
20070803016 12:30:00 59052 0 0
20070803017 12:40:00 00816 1 0
20070803018 12:50:00 81101 1 1
20070803019 13:00:00 31059 0 0
20070803020 13:10:00 18687 0 0
20070803021 13:20:00 80543 0 0
20070803022 13:30:00 10204 0 0
20070803023 13:40:00 47873 0 0
20070803024 13:50:00 58529 1 0
20070803025 14:00:00 38464 0 1
20070803026 14:10:00 42790 0 0
20070803027 14:20:00 22948 1 0
20070803028 14:30:00 69979 1 1
20070803029 14:40:00 31416 0 0
20070803030 14:50:00 94126 0 0
20070803031 15:00:00 34998 0 1
20070803032 15:10:00 17796 1 0
20070803033 15:20:00 96371 0 0
20070803034 15:30:00 46670 1 0
20070803035 15:40:00 10360 0 0
20070803036 15:50:00 45981 0 0
20070803037 16:00:00 64852 0 0
20070803038 16:10:00 89922 1 1
20070803039 16:20:00 83366 1 1
20070803040 16:30:00 31604 0 0
20070803041 16:40:00 08802 1 0
20070803042 16:50:00 00671 1 0
20070803043 17:00:00 28411 0 1
20070803044 17:10:00 10020 1 1
20070803045 17:20:00 03402 0 0
20070803046 17:30:00 11458 1 0
20070803047 17:40:00 34739 0 0
20070803048 17:50:00 46617 1 0
20070803049 18:00:00 52849 0 0
20070803050 18:10:00 09522 0 1
20070803051 18:20:00 54658 0 0
20070803052 18:30:00 37891 0 0
20070803053 18:40:00 59582 1 0
20070803054 18:50:00 11199 1 1
20070803055 19:00:00 18076 0 0
20070803056 19:10:00 44936 1 0
20070803057 19:20:00 00677 1 1
20070803058 19:30:00 41878 0 1
20070803059 19:40:00 79853 0 0
20070803060 19:50:00 13420 0 0
20070803061 20:00:00 67443 0 1
20070803062 20:10:00 89526 0 0
20070803063 20:20:00 00405 1 0
20070803064 20:30:00 74794 1 0
20070803065 20:40:00 29975 1 0
20070803066 20:50:00 63978 0 0
20070803067 21:00:00 41507 0 0
20070803068 21:10:00 70256 0 0
20070803069 21:20:00 90101 0 1
20070803070 21:30:00 66319 1 0
20070803071 21:40:00 33744 1 1
20070803072 21:50:00 82925 0 0
