20070817001 10:00:00 89671 0 0
20070817002 10:10:00 24407 1 0
20070817003 10:20:00 03425 0 0
20070817004 10:30:00 63106 0 0
20070817005 10:40:00 79117 0 1
20070817006 10:50:00 27978 0 0
20070817007 11:00:00 51271 0 0
20070817008 11:10:00 69224 0 1
20070817009 11:20:00 38895 1 0
20070817010 11:30:00 44802 1 0
20070817011 11:40:00 04954 0 0
20070817012 11:50:00 36421 0 0
20070817013 12:00:00 37632 0 0
20070817014 12:10:00 99218 1 0
20070817015 12:20:00 64191 0 1
20070817016 12:30:00 54170 0 0
20070817017 12:40:00 08871 1 0
20070817018 12:50:00 64777 0 1
20070817019 13:00:00 02960 0 0
20070817020 13:10:00 55880 1 1
20070817021 13:20:00 32356 1 0
20070817022 13:30:00 27006 0 1
20070817023 13:40:00 88833 1 1
20070817024 13:50:00 34544 0 1
20070817025 14:00:00 14235 0 0
20070817026 14:10:00 21380 0 0
20070817027 14:20:00 97114 0 1
20070817028 14:30:00 20292 1 1
20070817029 14:40:00 60219 0 0
20070817030 14:50:00 41550 0 1
20070817031 15:00:00 42981 0 0
20070817032 15:10:00 09110 0 1
20070817033 15:20:00 74589 0 0
20070817034 15:30:00 96733 0 1
20070817035 15:40:00 09486 0 0
20070817036 15:50:00 68767 0 1
20070817037 16:00:00 57548 1 0
20070817038 16:10:00 32540 0 0
20070817039 16:20:00 28124 0 0
20070817040 16:30:00 39093 0 0
20070817041 16:40:00 62168 0 0
20070817042 16:50:00 92929 1 1
20070817043 17:00:00 29304 0 0
20070817044 17:10:00 76662 1 1
20070817045 17:20:00 76313 0 1
20070817046 17:30:00 22205 1 0
20070817047 17:40:00 72870 0 0
20070817048 17:50:00 05679 0 0
20070817049 18:00:00 03735 0 0
20070817050 18:10:00 38476 0 0
20070817051 18:20:00 76165 0 0
20070817052 18:30:00 19720 0 0
20070817053 18:40:00 80053 1 0
20070817054 18:50:00 58403 0 0
20070817055 19:00:00 83472 0 0
20070817056 19:10:00 53007 0 1
20070817057 19:20:00 73700 1 1
20070817058 19:30:00 14876 0 0
20070817059 19:40:00 19662 0 1
20070817060 19:50:00 59310 0 0
20070817061 20:00:00 58518 1 0
20070817062 20:10:00 87849 1 0
20070817063 20:20:00 44026 1 0
20070817064 20:30:00 70161 0 1
20070817065 20:40:00 34769 0 0
20070817066 20:50:00 56813 0 0
20070817067 21:00:00 01876 0 0
20070817068 21:10:00 81620 0 0
20070817069 21:20:00 58978 0 0
20070817070 21:30:00 58763 0 0
20070817071 21:40:00 09044 1 1
20070817072 21:50:00 59782 0 0
