20070723001 10:00:00 25383 0 1
20070723002 10:10:00 84830 1 0
20070723003 10:20:00 79766 1 1
20070723004 10:30:00 65621 1 0
20070723005 10:40:00 07911 0 1
20070723006 10:50:00 08356 0 0
20070723007 11:00:00 83548 0 0
20070723008 11:10:00 18330 0 1
20070723009 11:20:00 43043 0 0
20070723010 11:30:00 96972 1 0
20070723011 11:40:00 10027 1 0
20070723012 11:50:00 05536 1 0
20070723013 12:00:00 25030 0 1
20070723014 12:10:00 99894 1 0
20070723015 12:20:00 55031 1 0
20070723016 12:30:00 05858 0 1
20070723017 12:40:00 29707 0 1
20070723018 12:50:00 60268 0 0
20070723019 13:00:00 90047 1 0
20070723020 13:10:00 91928 1 0
20070723021 13:20:00 79397 0 0
20070723022 13:30:00 13964 0 0
20070723023 13:40:00 65820 0 0
20070723024 13:50:00 00094 1 0
20070723025 14:00:00 75292 0 1
20070723026 14:10:00 05310 0 0
20070723027 14:20:00 23338 1 1
20070723028 14:30:00 59484 0 1
20070723029 14:40:00 52382 0 0
20070723030 14:50:00 17291 0 0
20070723031 15:00:00 09032 1 0
20070723032 15:10:00 82079 0 0
20070723033 15:20:00 03062 1 0
20070723034 15:30:00 17575 0 1
20070723035 15:40:00 81921 0 0
20070723036 15:50:00 54149 0 0
20070723037 16:00:00 65984 0 0
20070723038 16:10:00 51966 0 1
20070723039 16:20:00 29353 0 1
20070723040 16:30:00 80269 0 0
20070723041 16:40:00 82747 0 1
20070723042 16:50:00 13584 0 0
20070723043 17:00:00 48070 0 1
20070723044 17:10:00 45933 0 1
20070723045 17:20:00 20022 1 1
20070723046 17:30:00 71911 0 1
20070723047 17:40:00 20237 1 0
20070723048 17:50:00 87141 0 1
20070723049 18:00:00 60679 1 0
20070723050 18:10:00 57016 0 0
20070723051 18:20:00 15718 0 0
20070723052 18:30:00 28054 0 0
20070723053 18:40:00 37689 0 0
20070723054 18:50:00 64977 0 1
20070723055 19:00:00 68272 0 1
20070723056 19:10:00 72907 0 0
20070723057 19:20:00 11666 1 1
20070723058 19:30:00 01943 0 0
20070723059 19:40:00 76154 0 0
20070723060 19:50:00 92721 0 0
20070723061 20:00:00 55665 1 1
20070723062 20:10:00 29972 1 0
20070723063 20:20:00 25480 0 0
20070723064 20:30:00 50711 0 1
20070723065 20:40:00 24472 1 0
20070723066 20:50:00 65440 0 1
20070723067 21:00:00 42975 0 0
20070723068 21:10:00 32261 1 0
20070723069 21:20:00 74580 0 0
20070723070 21:30:00 82580 0 0
20070723071 21:40:00 71953 0 0
20070723072 21:50:00 21191 1 1
