20070626001 10:00:00 15264 0 0
20070626002 10:10:00 80560 0 0
20070626003 10:20:00 09236 0 0
20070626004 10:30:00 35319 1 0
20070626005 10:40:00 19717 0 1
20070626006 10:50:00 67516 0 0
20070626007 11:00:00 83746 0 0
20070626008 11:10:00 07959 0 1
20070626009 11:20:00 46123 0 0
20070626010 11:30:00 92530 0 0
20070626011 11:40:00 68207 0 0
20070626012 11:50:00 35688 0 1
20070626013 12:00:00 05083 1 0
20070626014 12:10:00 79875 0 0
20070626015 12:20:00 55866 1 1
20070626016 12:30:00 77143 1 0
20070626017 12:40:00 13741 0 0
20070626018 12:50:00 68639 1 0
20070626019 13:00:00 19549 0 0
20070626020 13:10:00 49853 0 0
20070626021 13:20:00 88761 1 0
20070626022 13:30:00 01109 1 0
20070626023 13:40:00 86166 0 1
20070626024 13:50:00 69899 0 1
20070626025 14:00:00 48875 1 0
20070626026 14:10:00 96517 0 0
20070626027 14:20:00 92667 0 1
20070626028 14:30:00 11315 1 0
20070626029 14:40:00 34266 0 1
20070626030 14:50:00 28892 1 0
20070626031 15:00:00 77567 1 0
20070626032 15:10:00 92984 1 0
20070626033 15:20:00 64198 0 0
20070626034 15:30:00 68926 0 0
20070626035 15:40:00 40358 0 0
20070626036 15:50:00 49185 0 0
20070626037 16:00:00 87743 1 0
20070626038 16:10:00 92292 1 1
20070626039 16:20:00 49634 0 0
20070626040 16:30:00 38946 0 0
20070626041 16:40:00 85589 1 0
20070626042 16:50:00 17002 0 1
20070626043 17:00:00 98889 1 1
20070626044 17:10:00 68773 0 1
20070626045 17:20:00 48951 0 0
20070626046 17:30:00 95110 0 1
20070626047 17:40:00 02118 0 1
20070626048 17:50:00 65784 0 0
20070626049 18:00:00 97838 0 1
20070626050 18:10:00 09691 0 0
20070626051 18:20:00 42434 1 1
20070626052 18:30:00 77767 1 1
20070626053 18:40:00 72076 0 0
20070626054 18:50:00 66900 1 1
20070626055 19:00:00 57606 0 1
20070626056 19:10:00 82568 0 0
20070626057 19:20:00 82098 0 0
20070626058 19:30:00 27363 0 1
20070626059 19:40:00 02295 1 0
20070626060 19:50:00 17945 0 0
20070626061 20:00:00 71621 0 0
20070626062 20:10:00 91960 1 0
20070626063 20:20:00 81994 0 1
20070626064 20:30:00 92201 1 0
20070626065 20:40:00 71200 0 1
20070626066 20:50:00 47902 0 0
20070626067 21:00:00 08914 0 0
20070626068 21:10:00 83238 0 0
20070626069 21:20:00 48304 0 0
20070626070 21:30:00 49085 0 0
20070626071 21:40:00 66290 1 0
20070626072 21:50:00 99757 1 1
