20071212001 10:00:00 54107 0 0
20071212002 10:10:00 14049 0 0
20071212003 10:20:00 06895 0 0
20071212004 10:30:00 89451 0 0
20071212005 10:40:00 17728 1 0
20071212006 10:50:00 43291 0 0
20071212007 11:00:00 34249 0 0
20071212008 11:10:00 25621 0 0
20071212009 11:20:00 99519 1 0
20071212010 11:30:00 24102 0 0
20071212011 11:40:00 79130 0 0
20071212012 11:50:00 08844 1 1
20071212013 12:00:00 58426 0 0
20071212014 12:10:00 17169 1 0
20071212015 12:20:00 45408 1 0
20071212016 12:30:00 80656 0 1
20071212017 12:40:00 58328 0 0
20071212018 12:50:00 38460 0 0
20071212019 13:00:00 77087 1 0
20071212020 13:10:00 42772 0 1
20071212021 13:20:00 78512 0 0
20071212022 13:30:00 70467 0 0
20071212023 13:40:00 92740 0 0
20071212024 13:50:00 00231 1 0
20071212025 14:00:00 97350 0 0
20071212026 14:10:00 65162 0 0
20071212027 14:20:00 32385 1 0
20071212028 14:30:00 74985 0 0
20071212029 14:40:00 41146 1 0
20071212030 14:50:00 77581 1 0
20071212031 15:00:00 16279 0 0
20071212032 15:10:00 25292 1 1
20071212033 15:20:00 28752 0 0
20071212034 15:30:00 21325 0 0
20071212035 15:40:00 15774 0 1
20071212036 15:50:00 73980 0 0
20071212037 16:00:00 38938 0 0
20071212038 16:10:00 17198 1 0
20071212039 16:20:00 46257 0 0
20071212040 16:30:00 74281 0 0
20071212041 16:40:00 59465 0 0
20071212042 16:50:00 82349 0 0
20071212043 17:00:00 85726 0 0
20071212044 17:10:00 31095 0 0
20071212045 17:20:00 31792 0 0
20071212046 17:30:00 03498 0 0
20071212047 17:40:00 97263 0 0
20071212048 17:50:00 45385 0 0
20071212049 18:00:00 90009 1 1
20071212050 18:10:00 10966 0 1
20071212051 18:20:00 31259 0 0
20071212052 18:30:00 06576 0 0
20071212053 18:40:00 43246 0 0
20071212054 18:50:00 16662 1 1
20071212055 19:00:00 99821 1 0
20071212056 19:10:00 63485 0 0
20071212057 19:20:00 49434 1 1
20071212058 19:30:00 92728 0 0
20071212059 19:40:00 84359 0 0
20071212060 19:50:00 92062 0 0
20071212061 20:00:00 76898 0 1
20071212062 20:10:00 37723 1 0
20071212063 20:20:00 91072 0 0
20071212064 20:30:00 48779 0 1
20071212065 20:40:00 36848 0 1
20071212066 20:50:00 96691 1 0
20071212067 21:00:00 45470 1 0
20071212068 21:10:00 31829 0 0
20071212069 21:20:00 82790 0 0
20071212070 21:30:00 15832 0 0
20071212071 21:40:00 32543 0 0
20071212072 21:50:00 88509 1 0
