20070914001 10:00:00 29044 0 1
20070914002 10:10:00 61248 0 0
20070914003 10:20:00 94639 0 0
20070914004 10:30:00 70959 0 1
20070914005 10:40:00 34730 0 0
20070914006 10:50:00 64012 0 0
20070914007 11:00:00 28029 0 0
20070914008 11:10:00 84164 0 0
20070914009 11:20:00 87583 0 0
20070914010 11:30:00 09101 0 1
20070914011 11:40:00 08440 0 1
20070914012 11:50:00 67584 0 0
20070914013 12:00:00 83967 0 0
20070914014 12:10:00 75821 0 0
20070914015 12:20:00 01685 0 0
20070914016 12:30:00 34870 0 0
20070914017 12:40:00 51196 1 0
20070914018 12:50:00 30965 0 0
20070914019 13:00:00 22540 1 0
20070914020 13:10:00 53108 0 0
20070914021 13:20:00 24718 0 0
20070914022 13:30:00 66347 1 0
20070914023 13:40:00 97428 0 0
20070914024 13:50:00 92407 0 0
20070914025 14:00:00 72096 0 0
20070914026 14:10:00 24704 0 0
20070914027 14:20:00 70337 0 1
20070914028 14:30:00 91731 0 0
20070914029 14:40:00 71819 0 0
20070914030 14:50:00 25212 1 1
20070914031 15:00:00 62336 0 1
20070914032 15:10:00 62304 0 0
20070914033 15:20:00 28726 0 0
20070914034 15:30:00 21272 1 1
20070914035 15:40:00 26366 0 1
20070914036 15:50:00 41800 0 1
20070914037 16:00:00 08619 0 0
20070914038 16:10:00 48200 0 1
20070914039 16:20:00 92772 0 1
20070914040 16:30:00 86209 0 0
20070914041 16:40:00 10032 1 0
20070914042 16:50:00 08994 0 1
20070914043 17:00:00 07789 1 0
20070914044 17:10:00 58838 1 1
20070914045 17:20:00 10574 0 0
20070914046 17:30:00 26080 0 1
20070914047 17:40:00 20582 0 0
20070914048 17:50:00 34628 0 0
20070914049 18:00:00 58007 0 1
20070914050 18:10:00 67172 0 0
20070914051 18:20:00 67566 0 1
20070914052 18:30:00 87682 0 0
20070914053 18:40:00 33879 1 0
20070914054 18:50:00 95607 0 0
20070914055 19:00:00 56593 1 0
20070914056 19:10:00 65081 0 0
20070914057 19:20:00 84265 0 0
20070914058 19:30:00 82005 0 1
20070914059 19:40:00 24546 0 0
20070914060 19:50:00 11083 1 0
20070914061 20:00:00 71383 0 1
20070914062 20:10:00 53667 0 1
20070914063 20:20:00 66429 1 0
20070914064 20:30:00 20419 0 0
20070914065 20:40:00 98239 0 0
20070914066 20:50:00 33679 1 0
20070914067 21:00:00 37044 0 1
20070914068 21:10:00 38448 0 1
20070914069 21:20:00 63236 0 0
20070914070 21:30:00 22223 1 1
20070914071 21:40:00 43594 0 0
20070914072 21:50:00 25405 0 0
