20071223001 10:00:00 57454 0 1
20071223002 10:10:00 16894 0 0
20071223003 10:20:00 83284 0 0
20071223004 10:30:00 90086 1 0
20071223005 10:40:00 29646 0 1
20071223006 10:50:00 63898 0 1
20071223007 11:00:00 19112 1 1
20071223008 11:10:00 14347 0 0
20071223009 11:20:00 89377 0 1
20071223010 11:30:00 95220 0 1
20071223011 11:40:00 85610 0 0
20071223012 11:50:00 10215 0 0
20071223013 12:00:00 02972 0 0
20071223014 12:10:00 01860 0 0
20071223015 12:20:00 36470 0 0
20071223016 12:30:00 73402 0 0
20071223017 12:40:00 03569 0 0
20071223018 12:50:00 28709 0 0
20071223019 13:00:00 33251 1 0
20071223020 13:10:00 70117 0 1
20071223021 13:20:00 56481 0 0
20071223022 13:30:00 92456 0 0
20071223023 13:40:00 28260 1 0
20071223024 13:50:00 45709 0 0
20071223025 14:00:00 56306 0 0
20071223026 14:10:00 72246 1 0
20071223027 14:20:00 41798 0 0
20071223028 14:30:00 44893 1 0
20071223029 14:40:00 25377 0 1
20071223030 14:50:00 62955 0 1
20071223031 15:00:00 08391 0 0
20071223032 15:10:00 60293 0 0
20071223033 15:20:00 32882 0 1
20071223034 15:30:00 99899 1 1
20071223035 15:40:00 21074 0 0
20071223036 15:50:00 09517 0 0
20071223037 16:00:00 96978 1 0
20071223038 16:10:00 97839 0 0
20071223039 16:20:00 29945 1 0
20071223040 16:30:00 85703 0 0
20071223041 16:40:00 08362 0 0
20071223042 16:50:00 94939 1 1
20071223043 17:00:00 80179 0 0
20071223044 17:10:00 71933 0 1
20071223045 17:20:00 61528 0 0
20071223046 17:30:00 45619 0 0
20071223047 17:40:00 88056 1 0
20071223048 17:50:00 49988 1 1
20071223049 18:00:00 74019 0 0
20071223050 18:10:00 60421 0 0
20071223051 18:20:00 85846 1 0
20071223052 18:30:00 88328 1 0
20071223053 18:40:00 91534 0 0
20071223054 18:50:00 73776 1 1
20071223055 19:00:00 21791 0 0
20071223056 19:10:00 37698 0 0
20071223057 19:20:00 91331 0 1
20071223058 19:30:00 27875 0 0
20071223059 19:40:00 86097 0 0
20071223060 19:50:00 85919 0 1
20071223061 20:00:00 55102 1 0
20071223062 20:10:00 47040 0 1
20071223063 20:20:00 60331 0 1
20071223064 20:30:00 76315 0 0
20071223065 20:40:00 91854 0 0
20071223066 20:50:00 50559 1 1
20071223067 21:00:00 72869 0 0
20071223068 21:10:00 35547 1 0
20071223069 21:20:00 61004 0 1
20071223070 21:30:00 70211 0 1
20071223071 21:40:00 57242 0 1
20071223072 21:50:00 32055 0 1
