20070930001 10:00:00 22281 1 0
20070930002 10:10:00 18955 0 1
20070930003 10:20:00 04064 1 0
20070930004 10:30:00 11048 1 0
20070930005 10:40:00 51216 0 0
20070930006 10:50:00 62356 0 0
20070930007 11:00:00 08419 0 0
20070930008 11:10:00 19529 0 0
20070930009 11:20:00 53549 1 0
20070930010 11:30:00 96758 0 0
20070930011 11:40:00 56543 1 0
20070930012 11:50:00 22719 1 0
20070930013 12:00:00 95993 1 1
20070930014 12:10:00 74040 0 1
20070930015 12:20:00 33084 1 0
20070930016 12:30:00 18306 0 0
20070930017 12:40:00 80474 0 1
20070930018 12:50:00 57223 0 1
20070930019 13:00:00 00449 1 1
20070930020 13:10:00 63715 0 0
20070930021 13:20:00 94144 0 1
20070930022 13:30:00 21010 0 1
20070930023 13:40:00 86056 0 0
20070930024 13:50:00 73454 0 1
20070930025 14:00:00 99286 1 0
20070930026 14:10:00 40389 0 0
20070930027 14:20:00 23514 0 0
20070930028 14:30:00 23927 0 0
20070930029 14:40:00 20143 0 0
20070930030 14:50:00 95969 1 1
20070930031 15:00:00 75211 0 1
20070930032 15:10:00 59938 1 0
20070930033 15:20:00 93190 0 0
20070930034 15:30:00 30209 0 0
20070930035 15:40:00 95667 0 1
20070930036 15:50:00 89202 0 1
20070930037 16:00:00 72000 0 1
20070930038 16:10:00 25980 0 0
20070930039 16:20:00 57026 0 0
20070930040 16:30:00 34989 0 1
20070930041 16:40:00 25482 0 0
20070930042 16:50:00 33893 1 0
20070930043 17:00:00 90246 0 0
20070930044 17:10:00 30665 0 1
20070930045 17:20:00 33556 1 1
20070930046 17:30:00 34800 0 1
20070930047 17:40:00 59331 0 1
20070930048 17:50:00 86983 0 0
20070930049 18:00:00 76249 0 0
20070930050 18:10:00 97487 0 0
20070930051 18:20:00 68902 0 0
20070930052 18:30:00 40209 0 0
20070930053 18:40:00 76391 0 0
20070930054 18:50:00 62180 0 0
20070930055 19:00:00 30907 0 0
20070930056 19:10:00 49461 1 0
20070930057 19:20:00 54619 0 0
20070930058 19:30:00 26966 0 1
20070930059 19:40:00 84346 0 0
20070930060 19:50:00 54510 1 0
20070930061 20:00:00 50911 0 1
20070930062 20:10:00 12751 0 0
20070930063 20:20:00 29680 0 0
20070930064 20:30:00 55537 1 0
20070930065 20:40:00 93957 1 0
20070930066 20:50:00 07692 0 0
20070930067 21:00:00 00986 1 0
20070930068 21:10:00 41805 0 0
20070930069 21:20:00 03494 0 1
20070930070 21:30:00 31291 0 0
20070930071 21:40:00 61867 0 0
20070930072 21:50:00 66271 1 0
