20070512001 10:00:00 46822 0 1
20070512002 10:10:00 41648 0 0
20070512003 10:20:00 80117 0 1
20070512004 10:30:00 12615 0 0
20070512005 10:40:00 75285 0 0
20070512006 10:50:00 69669 1 1
20070512007 11:00:00 31605 0 0
20070512008 11:10:00 64768 0 0
20070512009 11:20:00 80499 0 1
20070512010 11:30:00 62249 1 0
20070512011 11:40:00 73832 0 0
20070512012 11:50:00 89693 0 0
20070512013 12:00:00 34959 0 1
20070512014 12:10:00 14337 0 1
20070512015 12:20:00 41976 0 0
20070512016 12:30:00 04843 0 0
20070512017 12:40:00 52661 0 1
20070512018 12:50:00 64034 0 0
20070512019 13:00:00 26372 0 0
20070512020 13:10:00 65983 0 0
20070512021 13:20:00 83706 0 0
20070512022 13:30:00 31003 0 1
20070512023 13:40:00 44759 1 0
20070512024 13:50:00 27598 0 0
20070512025 14:00:00 05899 0 1
20070512026 14:10:00 13450 0 0
20070512027 14:20:00 00219 1 0
20070512028 14:30:00 92062 0 0
20070512029 14:40:00 74525 0 1
20070512030 14:50:00 09523 0 0
20070512031 15:00:00 30020 1 1
20070512032 15:10:00 85435 0 0
20070512033 15:20:00 43659 0 0
20070512034 15:30:00 89225 0 1
20070512035 15:40:00 84377 0 1
20070512036 15:50:00 52481 0 0
20070512037 16:00:00 15801 0 0
20070512038 16:10:00 00172 1 0
20070512039 16:20:00 54769 0 0
20070512040 16:30:00 94329 0 0
20070512041 16:40:00 47280 0 0
20070512042 16:50:00 85895 1 0
20070512043 17:00:00 50256 0 0
20070512044 17:10:00 47028 0 0
20070512045 17:20:00 17119 1 1
20070512046 17:30:00 76549 0 0
20070512047 17:40:00 55485 1 0
20070512048 17:50:00 64086 0 0
20070512049 18:00:00 61211 0 1
20070512050 18:10:00 58603 0 0
20070512051 18:20:00 08704 0 0
20070512052 18:30:00 47655 0 1
20070512053 18:40:00 24353 0 1
20070512054 18:50:00 25037 0 0
20070512055 19:00:00 61924 0 0
20070512056 19:10:00 01885 0 1
20070512057 19:20:00 81140 1 0
20070512058 19:30:00 21095 0 0
20070512059 19:40:00 29214 1 0
20070512060 19:50:00 83522 0 1
20070512061 20:00:00 40480 1 0
20070512062 20:10:00 12749 0 0
20070512063 20:20:00 47281 0 0
20070512064 20:30:00 19427 0 0
20070512065 20:40:00 51238 0 0
20070512066 20:50:00 09160 0 0
20070512067 21:00:00 09135 0 0
20070512068 21:10:00 45767 0 1
20070512069 21:20:00 51886 0 1
20070512070 21:30:00 77465 1 0
20070512071 21:40:00 49732 0 0
20070512072 21:50:00 54776 0 1
