20070724001 10:00:00 09789 0 0
20070724002 10:10:00 94107 0 0
20070724003 10:20:00 69228 0 1
20070724004 10:30:00 01908 0 0
20070724005 10:40:00 77991 1 1
20070724006 10:50:00 13235 0 0
20070724007 11:00:00 80177 0 1
20070724008 11:10:00 11585 1 1
20070724009 11:20:00 37865 0 0
20070724010 11:30:00 63139 0 0
20070724011 11:40:00 37168 0 0
20070724012 11:50:00 21811 0 1
20070724013 12:00:00 27634 0 0
20070724014 12:10:00 19705 0 0
20070724015 12:20:00 36158 0 0
20070724016 12:30:00 86006 0 1
20070724017 12:40:00 45983 0 0
20070724018 12:50:00 34361 1 0
20070724019 13:00:00 45663 0 1
20070724020 13:10:00 58369 0 0
20070724021 13:20:00 48801 1 0
20070724022 13:30:00 22127 1 0
20070724023 13:40:00 63781 0 0
20070724024 13:50:00 37732 1 0
20070724025 14:00:00 68798 0 0
20070724026 14:10:00 01095 1 0
20070724027 14:20:00 53194 0 0
20070724028 14:30:00 06727 0 1
20070724029 14:40:00 82706 0 0
20070724030 14:50:00 91128 1 0
20070724031 15:00:00 62745 0 0
20070724032 15:10:00 64249 0 0
20070724033 15:20:00 41987 0 0
20070724034 15:30:00 80088 1 1
20070724035 15:40:00 14742 0 0
20070724036 15:50:00 36366 1 1
20070724037 16:00:00 41681 0 0
20070724038 16:10:00 40967 0 0
20070724039 16:20:00 52974 0 0
20070724040 16:30:00 26389 0 0
20070724041 16:40:00 34407 1 0
20070724042 16:50:00 19848 0 1
20070724043 17:00:00 99862 1 0
20070724044 17:10:00 88793 1 0
20070724045 17:20:00 24243 1 0
20070724046 17:30:00 94895 0 0
20070724047 17:40:00 77859 1 0
20070724048 17:50:00 90293 0 0
20070724049 18:00:00 31579 0 0
20070724050 18:10:00 20954 0 0
20070724051 18:20:00 00433 1 1
20070724052 18:30:00 82961 0 0
20070724053 18:40:00 90838 0 1
20070724054 18:50:00 51685 0 0
20070724055 19:00:00 11335 1 1
20070724056 19:10:00 68885 1 1
20070724057 19:20:00 28550 0 1
20070724058 19:30:00 58424 0 1
20070724059 19:40:00 41408 1 0
20070724060 19:50:00 70431 0 0
20070724061 20:00:00 97512 0 0
20070724062 20:10:00 33515 1 1
20070724063 20:20:00 76801 0 0
20070724064 20:30:00 86182 0 0
20070724065 20:40:00 25141 0 1
20070724066 20:50:00 35900 0 1
20070724067 21:00:00 68612 1 0
20070724068 21:10:00 31360 1 0
20070724069 21:20:00 20057 1 0
20070724070 21:30:00 60592 0 0
20070724071 21:40:00 99176 1 0
20070724072 21:50:00 08807 1 0
