20070818001 10:00:00 97770 1 1
20070818002 10:10:00 35548 1 0
20070818003 10:20:00 86154 0 0
20070818004 10:30:00 38751 0 0
20070818005 10:40:00 49713 0 0
20070818006 10:50:00 04288 0 1
20070818007 11:00:00 83716 0 0
20070818008 11:10:00 71907 0 0
20070818009 11:20:00 14291 0 0
20070818010 11:30:00 60232 0 1
20070818011 11:40:00 24517 0 0
20070818012 11:50:00 77900 1 1
20070818013 12:00:00 06378 0 0
20070818014 12:10:00 83826 1 0
20070818015 12:20:00 35818 0 1
20070818016 12:30:00 07595 0 1
20070818017 12:40:00 05499 0 1
20070818018 12:50:00 49351 0 0
20070818019 13:00:00 28426 0 0
20070818020 13:10:00 24496 1 0
20070818021 13:20:00 18488 0 1
20070818022 13:30:00 30419 0 0
20070818023 13:40:00 13929 0 1
20070818024 13:50:00 15315 0 0
20070818025 14:00:00 31237 0 0
20070818026 14:10:00 47230 0 0
20070818027 14:20:00 14316 0 0
20070818028 14:30:00 89783 0 0
20070818029 14:40:00 08846 1 0
20070818030 14:50:00 27992 0 1
20070818031 15:00:00 81886 1 1
20070818032 15:10:00 91533 0 1
20070818033 15:20:00 28917 0 0
20070818034 15:30:00 55009 1 1
20070818035 15:40:00 18605 0 0
20070818036 15:50:00 61823 0 0
20070818037 16:00:00 06567 0 0
20070818038 16:10:00 30637 0 0
20070818039 16:20:00 91521 0 0
20070818040 16:30:00 63867 0 0
20070818041 16:40:00 50546 1 0
20070818042 16:50:00 68671 1 0
20070818043 17:00:00 45040 0 1
20070818044 17:10:00 64085 0 0
20070818045 17:20:00 49477 1 1
20070818046 17:30:00 74749 1 0
20070818047 17:40:00 28286 1 0
20070818048 17:50:00 14699 0 1
20070818049 18:00:00 23741 0 0
20070818050 18:10:00 39788 0 1
20070818051 18:20:00 22551 1 1
20070818052 18:30:00 36062 0 0
20070818053 18:40:00 60387 0 0
20070818054 18:50:00 58331 0 1
20070818055 19:00:00 39489 0 0
20070818056 19:10:00 88041 1 0
20070818057 19:20:00 71217 0 0
20070818058 19:30:00 92518 0 0
20070818059 19:40:00 54349 0 0
20070818060 19:50:00 80004 1 1
20070818061 20:00:00 95550 1 1
20070818062 20:10:00 83384 1 0
20070818063 20:20:00 67322 0 1
20070818064 20:30:00 99364 1 0
20070818065 20:40:00 77454 1 1
20070818066 20:50:00 02450 0 0
20070818067 21:00:00 30999 0 1
20070818068 21:10:00 52438 0 0
20070818069 21:20:00 06776 0 1
20070818070 21:30:00 59930 1 0
20070818071 21:40:00 35059 0 0
20070818072 21:50:00 67715 1 0
