20080512001 10:00:00 64056 0 0
20080512002 10:10:00 95080 0 1
20080512003 10:20:00 39397 1 0
20080512004 10:30:00 90280 0 0
20080512005 10:40:00 60615 1 0
20080512006 10:50:00 94679 0 0
20080512007 11:00:00 58905 0 0
20080512008 11:10:00 04638 0 0
20080512009 11:20:00 26768 0 0
20080512010 11:30:00 90695 0 0
20080512011 11:40:00 28208 1 0
20080512012 11:50:00 31211 0 1
20080512013 12:00:00 04826 0 0
20080512014 12:10:00 86056 0 0
20080512015 12:20:00 95863 0 0
20080512016 12:30:00 97597 0 0
20080512017 12:40:00 45172 0 0
20080512018 12:50:00 88681 1 0
20080512019 13:00:00 36121 0 1
20080512020 13:10:00 83331 1 1
20080512021 13:20:00 44006 1 1
20080512022 13:30:00 40027 1 0
20080512023 13:40:00 80262 0 1
20080512024 13:50:00 93558 0 1
20080512025 14:00:00 92322 0 1
20080512026 14:10:00 16326 0 0
20080512027 14:20:00 31865 0 0
20080512028 14:30:00 31859 0 0
20080512029 14:40:00 51600 0 1
20080512030 14:50:00 86554 0 1
20080512031 15:00:00 48271 0 0
20080512032 15:10:00 77061 1 0
20080512033 15:20:00 89430 0 0
20080512034 15:30:00 90230 0 0
20080512035 15:40:00 80224 0 1
20080512036 15:50:00 87048 0 0
20080512037 16:00:00 46451 1 0
20080512038 16:10:00 11459 1 0
20080512039 16:20:00 26390 0 0
20080512040 16:30:00 96261 0 0
20080512041 16:40:00 91928 1 0
20080512042 16:50:00 04541 0 0
20080512043 17:00:00 54170 0 0
20080512044 17:10:00 67046 0 0
20080512045 17:20:00 10616 0 1
20080512046 17:30:00 38958 0 0
20080512047 17:40:00 01116 1 1
20080512048 17:50:00 79639 0 0
20080512049 18:00:00 32382 1 0
20080512050 18:10:00 99369 1 0
20080512051 18:20:00 91825 0 0
20080512052 18:30:00 35200 0 1
20080512053 18:40:00 97434 0 1
20080512054 18:50:00 97622 0 1
20080512055 19:00:00 04632 0 0
20080512056 19:10:00 70142 0 0
20080512057 19:20:00 63995 0 1
20080512058 19:30:00 72719 1 0
20080512059 19:40:00 25132 0 0
20080512060 19:50:00 91606 0 1
20080512061 20:00:00 29464 0 1
20080512062 20:10:00 68078 0 0
20080512063 20:20:00 50949 0 1
20080512064 20:30:00 38330 1 1
20080512065 20:40:00 46160 0 0
20080512066 20:50:00 80576 0 0
20080512067 21:00:00 93433 0 1
20080512068 21:10:00 55766 1 1
20080512069 21:20:00 15452 0 0
20080512070 21:30:00 43964 0 0
20080512071 21:40:00 54759 0 0
20080512072 21:50:00 89072 0 0
