20080417001 10:00:00 00832 1 0
20080417002 10:10:00 90840 0 0
20080417003 10:20:00 05347 0 0
20080417004 10:30:00 89469 0 0
20080417005 10:40:00 91661 0 1
20080417006 10:50:00 29278 1 0
20080417007 11:00:00 29284 1 0
20080417008 11:10:00 92579 0 0
20080417009 11:20:00 44775 1 1
20080417010 11:30:00 20002 1 1
20080417011 11:40:00 90698 0 0
20080417012 11:50:00 45854 0 0
20080417013 12:00:00 04176 0 0
20080417014 12:10:00 05649 0 0
20080417015 12:20:00 64515 0 1
20080417016 12:30:00 05974 0 0
20080417017 12:40:00 38309 1 0
20080417018 12:50:00 68486 0 0
20080417019 13:00:00 96739 0 0
20080417020 13:10:00 11955 1 1
20080417021 13:20:00 43784 0 0
20080417022 13:30:00 39280 0 0
20080417023 13:40:00 45405 1 0
20080417024 13:50:00 08167 0 0
20080417025 14:00:00 57604 0 0
20080417026 14:10:00 49568 0 0
20080417027 14:20:00 20223 1 1
20080417028 14:30:00 35831 0 0
20080417029 14:40:00 89823 1 0
20080417030 14:50:00 99407 1 0
20080417031 15:00:00 57367 0 0
20080417032 15:10:00 46508 0 0
20080417033 15:20:00 84658 0 0
20080417034 15:30:00 83948 0 0
20080417035 15:40:00 05279 0 0
20080417036 15:50:00 10973 0 0
20080417037 16:00:00 66669 1 1
20080417038 16:10:00 33953 1 0
20080417039 16:20:00 04004 1 1
20080417040 16:30:00 97659 0 0
20080417041 16:40:00 97395 0 0
20080417042 16:50:00 85029 0 0
20080417043 17:00:00 05690 0 0
20080417044 17:10:00 68557 0 1
20080417045 17:20:00 55476 1 0
20080417046 17:30:00 14525 0 1
20080417047 17:40:00 37007 0 1
20080417048 17:50:00 23738 0 0
20080417049 18:00:00 96012 0 0
20080417050 18:10:00 19075 0 0
20080417051 18:20:00 69590 0 0
20080417052 18:30:00 77721 1 0
20080417053 18:40:00 27092 0 0
20080417054 18:50:00 17896 0 0
20080417055 19:00:00 44702 1 0
20080417056 19:10:00 92494 0 1
20080417057 19:20:00 27323 0 1
20080417058 19:30:00 42056 0 0
20080417059 19:40:00 36722 0 1
20080417060 19:50:00 95184 0 0
20080417061 20:00:00 34864 0 0
20080417062 20:10:00 48430 1 0
20080417063 20:20:00 87848 1 1
20080417064 20:30:00 07314 0 0
20080417065 20:40:00 66062 1 0
20080417066 20:50:00 88313 1 1
20080417067 21:00:00 94665 0 1
20080417068 21:10:00 98896 1 0
20080417069 21:20:00 08831 1 0
20080417070 21:30:00 96134 0 0
20080417071 21:40:00 54234 0 0
20080417072 21:50:00 67898 0 1
