20081114001 10:00:00 17854 0 0
20081114002 10:10:00 75059 0 0
20081114003 10:20:00 86904 0 0
20081114004 10:30:00 66215 1 0
20081114005 10:40:00 45532 1 0
20081114006 10:50:00 27702 1 0
20081114007 11:00:00 73453 0 0
20081114008 11:10:00 70791 1 0
20081114009 11:20:00 51455 0 1
20081114010 11:30:00 31749 0 0
20081114011 11:40:00 48150 0 0
20081114012 11:50:00 48846 1 0
20081114013 12:00:00 83711 0 1
20081114014 12:10:00 04126 0 0
20081114015 12:20:00 07177 0 1
20081114016 12:30:00 75869 0 0
20081114017 12:40:00 20072 1 0
20081114018 12:50:00 26886 0 1
20081114019 13:00:00 88809 1 0
20081114020 13:10:00 52267 1 0
20081114021 13:20:00 61178 1 0
20081114022 13:30:00 68739 0 0
20081114023 13:40:00 22673 1 0
20081114024 13:50:00 60580 0 0
20081114025 14:00:00 62059 0 0
20081114026 14:10:00 98392 0 0
20081114027 14:20:00 97002 0 1
20081114028 14:30:00 44044 1 1
20081114029 14:40:00 90326 0 0
20081114030 14:50:00 75539 1 0
20081114031 15:00:00 11145 1 0
20081114032 15:10:00 58703 0 0
20081114033 15:20:00 57170 0 0
20081114034 15:30:00 19552 0 1
20081114035 15:40:00 08638 0 0
20081114036 15:50:00 25070 0 1
20081114037 16:00:00 35101 0 1
20081114038 16:10:00 55355 1 1
20081114039 16:20:00 56929 0 1
20081114040 16:30:00 04607 0 0
20081114041 16:40:00 51497 0 0
20081114042 16:50:00 19272 0 1
20081114043 17:00:00 53607 0 0
20081114044 17:10:00 84549 0 0
20081114045 17:20:00 21403 0 0
20081114046 17:30:00 84971 0 0
20081114047 17:40:00 07756 1 0
20081114048 17:50:00 54672 0 0
20081114049 18:00:00 56575 1 1
20081114050 18:10:00 31586 0 0
20081114051 18:20:00 56762 0 0
20081114052 18:30:00 96078 0 0
20081114053 18:40:00 53760 0 0
20081114054 18:50:00 60329 0 0
20081114055 19:00:00 46699 1 1
20081114056 19:10:00 60476 0 0
20081114057 19:20:00 23830 0 0
20081114058 19:30:00 37428 0 0
20081114059 19:40:00 65030 0 1
20081114060 19:50:00 80581 0 0
20081114061 20:00:00 53228 0 1
20081114062 20:10:00 66600 1 1
20081114063 20:20:00 19616 0 1
20081114064 20:30:00 82369 0 0
20081114065 20:40:00 76501 0 0
20081114066 20:50:00 44564 1 0
20081114067 21:00:00 31580 0 0
20081114068 21:10:00 98201 0 0
20081114069 21:20:00 38209 0 0
20081114070 21:30:00 62253 1 0
20081114071 21:40:00 42199 0 1
20081114072 21:50:00 76942 0 0
