20081211001 10:00:00 53877 0 1
20081211002 10:10:00 73918 0 0
20081211003 10:20:00 90434 0 1
20081211004 10:30:00 74283 0 0
20081211005 10:40:00 22598 1 0
20081211006 10:50:00 09624 0 0
20081211007 11:00:00 22663 1 1
20081211008 11:10:00 35889 0 1
20081211009 11:20:00 85991 0 1
20081211010 11:30:00 70440 0 1
20081211011 11:40:00 10692 0 0
20081211012 11:50:00 22651 1 0
20081211013 12:00:00 83722 0 1
20081211014 12:10:00 06064 1 0
20081211015 12:20:00 50315 0 0
20081211016 12:30:00 52350 0 0
20081211017 12:40:00 02697 0 0
20081211018 12:50:00 68508 0 0
20081211019 13:00:00 16258 0 0
20081211020 13:10:00 02822 0 1
20081211021 13:20:00 40557 0 1
20081211022 13:30:00 50926 0 0
20081211023 13:40:00 55660 1 1
20081211024 13:50:00 56377 0 1
20081211025 14:00:00 28598 0 0
20081211026 14:10:00 48757 0 1
20081211027 14:20:00 54861 0 0
20081211028 14:30:00 55497 1 0
20081211029 14:40:00 85855 1 1
20081211030 14:50:00 77260 1 0
20081211031 15:00:00 32586 0 0
20081211032 15:10:00 05347 0 0
20081211033 15:20:00 69403 0 0
20081211034 15:30:00 65568 1 0
20081211035 15:40:00 35946 0 0
20081211036 15:50:00 89877 1 1
20081211037 16:00:00 17977 0 1
20081211038 16:10:00 60482 0 0
20081211039 16:20:00 54802 0 0
20081211040 16:30:00 28978 0 0
20081211041 16:40:00 81834 1 0
20081211042 16:50:00 36552 0 1
20081211043 17:00:00 20259 1 0
20081211044 17:10:00 04015 1 0
20081211045 17:20:00 47924 0 0
20081211046 17:30:00 58188 0 1
20081211047 17:40:00 74094 0 0
20081211048 17:50:00 37282 0 1
20081211049 18:00:00 72844 0 1
20081211050 18:10:00 71536 0 0
20081211051 18:20:00 89040 0 1
20081211052 18:30:00 47112 0 1
20081211053 18:40:00 50848 0 1
20081211054 18:50:00 74959 0 1
20081211055 19:00:00 07690 0 0
20081211056 19:10:00 96257 0 0
20081211057 19:20:00 79892 0 0
20081211058 19:30:00 93698 0 0
20081211059 19:40:00 93812 0 0
20081211060 19:50:00 25058 0 0
20081211061 20:00:00 58942 0 0
20081211062 20:10:00 25211 1 1
20081211063 20:20:00 19925 1 0
20081211064 20:30:00 98166 0 1
20081211065 20:40:00 84962 0 0
20081211066 20:50:00 60147 0 0
20081211067 21:00:00 56050 0 1
20081211068 21:10:00 72955 0 1
20081211069 21:20:00 22070 1 1
20081211070 21:30:00 62937 0 0
20081211071 21:40:00 34342 1 0
20081211072 21:50:00 13803 0 0
