20081110001 10:00:00 26561 0 0
20081110002 10:10:00 04239 0 0
20081110003 10:20:00 63564 0 0
20081110004 10:30:00 75171 0 1
20081110005 10:40:00 18933 0 1
20081110006 10:50:00 31006 0 1
20081110007 11:00:00 95403 0 0
20081110008 11:10:00 81059 0 0
20081110009 11:20:00 10727 0 1
20081110010 11:30:00 56753 0 0
20081110011 11:40:00 04560 0 0
20081110012 11:50:00 69793 0 0
20081110013 12:00:00 66760 1 0
20081110014 12:10:00 88741 1 0
20081110015 12:20:00 40926 0 0
20081110016 12:30:00 64417 1 0
20081110017 12:40:00 87230 0 0
20081110018 12:50:00 57234 0 0
20081110019 13:00:00 69861 0 0
20081110020 13:10:00 45505 1 1
20081110021 13:20:00 35865 0 0
20081110022 13:30:00 40686 0 1
20081110023 13:40:00 59609 0 0
20081110024 13:50:00 58927 0 0
20081110025 14:00:00 95241 0 0
20081110026 14:10:00 71953 0 0
20081110027 14:20:00 45723 0 0
20081110028 14:30:00 15930 0 0
20081110029 14:40:00 08079 1 0
20081110030 14:50:00 96550 0 1
20081110031 15:00:00 59212 0 1
20081110032 15:10:00 38695 0 0
20081110033 15:20:00 30727 0 1
20081110034 15:30:00 09004 1 1
20081110035 15:40:00 18276 0 0
20081110036 15:50:00 28641 0 0
20081110037 16:00:00 90929 1 1
20081110038 16:10:00 53521 1 0
20081110039 16:20:00 55064 1 0
20081110040 16:30:00 47463 1 0
20081110041 16:40:00 75176 0 0
20081110042 16:50:00 48666 0 1
20081110043 17:00:00 72563 0 0
20081110044 17:10:00 15019 0 0
20081110045 17:20:00 18814 1 0
20081110046 17:30:00 94695 0 0
20081110047 17:40:00 42481 1 0
20081110048 17:50:00 34404 1 1
20081110049 18:00:00 44871 1 0
20081110050 18:10:00 97167 0 0
20081110051 18:20:00 64383 0 1
20081110052 18:30:00 69066 0 1
20081110053 18:40:00 69375 0 0
20081110054 18:50:00 33371 1 0
20081110055 19:00:00 68914 0 0
20081110056 19:10:00 01440 0 1
20081110057 19:20:00 14727 0 1
20081110058 19:30:00 34575 0 1
20081110059 19:40:00 54311 0 1
20081110060 19:50:00 81648 0 0
20081110061 20:00:00 72993 0 1
20081110062 20:10:00 08935 0 0
20081110063 20:20:00 94975 1 0
20081110064 20:30:00 93268 0 0
20081110065 20:40:00 48240 0 0
20081110066 20:50:00 15424 0 1
20081110067 21:00:00 57240 0 0
20081110068 21:10:00 53353 1 1
20081110069 21:20:00 28216 1 0
20081110070 21:30:00 12777 0 1
20081110071 21:40:00 79608 0 0
20081110072 21:50:00 20932 0 0
