20081123001 10:00:00 55735 1 0
20081123002 10:10:00 71378 0 0
20081123003 10:20:00 03912 0 0
20081123004 10:30:00 48707 0 1
20081123005 10:40:00 24320 0 0
20081123006 10:50:00 79550 0 1
20081123007 11:00:00 35103 0 0
20081123008 11:10:00 50286 0 0
20081123009 11:20:00 63612 1 0
20081123010 11:30:00 17011 0 1
20081123011 11:40:00 17765 1 0
20081123012 11:50:00 71137 1 0
20081123013 12:00:00 16555 0 1
20081123014 12:10:00 75886 0 1
20081123015 12:20:00 33824 1 0
20081123016 12:30:00 22754 1 0
20081123017 12:40:00 92511 0 1
20081123018 12:50:00 41931 0 0
20081123019 13:00:00 71605 0 0
20081123020 13:10:00 35188 0 1
20081123021 13:20:00 61547 0 0
20081123022 13:30:00 64325 0 0
20081123023 13:40:00 21725 0 0
20081123024 13:50:00 92145 0 0
20081123025 14:00:00 92988 1 1
20081123026 14:10:00 88515 1 1
20081123027 14:20:00 31049 0 0
20081123028 14:30:00 69838 0 1
20081123029 14:40:00 47397 0 0
20081123030 14:50:00 04527 0 0
20081123031 15:00:00 84623 0 0
20081123032 15:10:00 19788 0 1
20081123033 15:20:00 22853 1 0
20081123034 15:30:00 16279 0 0
20081123035 15:40:00 94305 0 0
20081123036 15:50:00 49020 0 1
20081123037 16:00:00 07243 0 0
20081123038 16:10:00 73138 0 0
20081123039 16:20:00 45398 0 0
20081123040 16:30:00 03553 0 1
20081123041 16:40:00 18786 0 0
20081123042 16:50:00 93990 1 1
20081123043 17:00:00 82994 0 1
20081123044 17:10:00 02823 0 0
20081123045 17:20:00 63881 0 1
20081123046 17:30:00 24036 0 0
20081123047 17:40:00 57409 0 0
20081123048 17:50:00 69033 0 1
20081123049 18:00:00 44638 1 0
20081123050 18:10:00 87861 1 0
20081123051 18:20:00 10685 0 0
20081123052 18:30:00 40358 0 0
20081123053 18:40:00 81894 1 0
20081123054 18:50:00 85666 0 1
20081123055 19:00:00 38761 0 0
20081123056 19:10:00 88861 1 0
20081123057 19:20:00 63139 0 0
20081123058 19:30:00 40130 0 0
20081123059 19:40:00 56352 0 0
20081123060 19:50:00 91673 0 0
20081123061 20:00:00 27691 0 0
20081123062 20:10:00 49649 0 0
20081123063 20:20:00 57079 0 0
20081123064 20:30:00 10863 0 0
20081123065 20:40:00 82796 0 0
20081123066 20:50:00 02389 0 0
20081123067 21:00:00 91044 0 1
20081123068 21:10:00 10360 0 0
20081123069 21:20:00 19918 1 0
20081123070 21:30:00 15555 1 1
20081123071 21:40:00 53835 0 0
20081123072 21:50:00 53688 0 1
