20080618001 10:00:00 98713 0 0
20080618002 10:10:00 85939 0 1
20080618003 10:20:00 57007 0 1
20080618004 10:30:00 42169 0 0
20080618005 10:40:00 18098 0 0
20080618006 10:50:00 05554 1 1
20080618007 11:00:00 77562 1 0
20080618008 11:10:00 84482 1 0
20080618009 11:20:00 67835 0 0
20080618010 11:30:00 33526 1 0
20080618011 11:40:00 80493 0 0
20080618012 11:50:00 08209 0 0
20080618013 12:00:00 94866 0 1
20080618014 12:10:00 70824 0 0
20080618015 12:20:00 21176 1 0
20080618016 12:30:00 64510 0 0
20080618017 12:40:00 43787 0 1
20080618018 12:50:00 79716 1 0
20080618019 13:00:00 38470 0 0
20080618020 13:10:00 33856 1 0
20080618021 13:20:00 87555 0 1
20080618022 13:30:00 42366 0 1
20080618023 13:40:00 55245 1 0
20080618024 13:50:00 28506 0 0
20080618025 14:00:00 28224 1 1
20080618026 14:10:00 59872 0 0
20080618027 14:20:00 22396 1 0
20080618028 14:30:00 98913 1 0
20080618029 14:40:00 43685 0 0
20080618030 14:50:00 98845 1 0
20080618031 15:00:00 52143 0 0
20080618032 15:10:00 61104 1 0
20080618033 15:20:00 15023 0 0
20080618034 15:30:00 74309 0 0
20080618035 15:40:00 13118 1 1
20080618036 15:50:00 54382 0 0
20080618037 16:00:00 91792 0 0
20080618038 16:10:00 77452 1 0
20080618039 16:20:00 64099 0 1
20080618040 16:30:00 86324 0 0
20080618041 16:40:00 78535 0 1
20080618042 16:50:00 27088 0 1
20080618043 17:00:00 90940 1 0
20080618044 17:10:00 88275 1 0
20080618045 17:20:00 13694 0 0
20080618046 17:30:00 16302 0 0
20080618047 17:40:00 36985 0 0
20080618048 17:50:00 87231 0 0
20080618049 18:00:00 67838 0 1
20080618050 18:10:00 58618 0 0
20080618051 18:20:00 11946 1 0
20080618052 18:30:00 22918 1 0
20080618053 18:40:00 27291 1 0
20080618054 18:50:00 12723 0 0
20080618055 19:00:00 32165 0 0
20080618056 19:10:00 78464 0 1
20080618057 19:20:00 29488 0 1
20080618058 19:30:00 90365 0 0
20080618059 19:40:00 31442 0 1
20080618060 19:50:00 34829 0 0
20080618061 20:00:00 87094 0 0
20080618062 20:10:00 49005 0 1
20080618063 20:20:00 30569 0 0
20080618064 20:30:00 81437 0 0
20080618065 20:40:00 98218 0 0
20080618066 20:50:00 55529 1 0
20080618067 21:00:00 82420 0 0
20080618068 21:10:00 42203 1 0
20080618069 21:20:00 14283 0 0
20080618070 21:30:00 68770 0 1
20080618071 21:40:00 58910 0 0
20080618072 21:50:00 25026 0 0
