20080717001 10:00:00 21542 0 0
20080717002 10:10:00 63940 0 0
20080717003 10:20:00 34171 0 1
20080717004 10:30:00 94457 1 0
20080717005 10:40:00 35310 1 0
20080717006 10:50:00 54485 1 0
20080717007 11:00:00 15298 0 0
20080717008 11:10:00 73961 0 0
20080717009 11:20:00 64973 0 0
20080717010 11:30:00 02890 0 0
20080717011 11:40:00 63139 0 0
20080717012 11:50:00 97726 1 0
20080717013 12:00:00 77327 1 0
20080717014 12:10:00 17411 0 1
20080717015 12:20:00 24793 0 0
20080717016 12:30:00 88419 1 0
20080717017 12:40:00 61205 0 0
20080717018 12:50:00 86766 0 1
20080717019 13:00:00 32279 1 0
20080717020 13:10:00 74763 1 0
20080717021 13:20:00 65174 0 0
20080717022 13:30:00 39055 0 1
20080717023 13:40:00 72386 0 0
20080717024 13:50:00 42686 0 1
20080717025 14:00:00 88806 1 0
20080717026 14:10:00 79642 0 0
20080717027 14:20:00 24795 0 0
20080717028 14:30:00 99945 1 0
20080717029 14:40:00 22635 1 0
20080717030 14:50:00 47013 0 0
20080717031 15:00:00 85554 1 1
20080717032 15:10:00 96155 0 1
20080717033 15:20:00 70982 0 0
20080717034 15:30:00 52663 0 1
20080717035 15:40:00 15943 0 0
20080717036 15:50:00 77118 1 1
20080717037 16:00:00 91324 0 0
20080717038 16:10:00 21679 0 0
20080717039 16:20:00 44184 1 0
20080717040 16:30:00 94043 0 0
20080717041 16:40:00 97461 0 0
20080717042 16:50:00 76004 0 1
20080717043 17:00:00 38128 0 0
20080717044 17:10:00 47914 0 0
20080717045 17:20:00 52022 0 1
20080717046 17:30:00 79960 1 0
20080717047 17:40:00 83808 1 1
20080717048 17:50:00 17912 0 0
20080717049 18:00:00 57376 0 0
20080717050 18:10:00 52722 0 1
20080717051 18:20:00 86858 1 1
20080717052 18:30:00 94505 0 1
20080717053 18:40:00 23140 0 0
20080717054 18:50:00 02173 0 0
20080717055 19:00:00 06350 0 0
20080717056 19:10:00 28370 0 0
20080717057 19:20:00 33192 1 0
20080717058 19:30:00 10182 1 0
20080717059 19:40:00 65117 0 1
20080717060 19:50:00 40093 1 0
20080717061 20:00:00 86104 0 0
20080717062 20:10:00 10661 0 1
20080717063 20:20:00 10491 0 0
20080717064 20:30:00 66987 1 0
20080717065 20:40:00 25895 0 0
20080717066 20:50:00 74650 0 0
20080717067 21:00:00 49010 0 1
20080717068 21:10:00 21177 1 1
20080717069 21:20:00 26181 0 1
20080717070 21:30:00 20537 0 0
20080717071 21:40:00 19028 0 0
20080717072 21:50:00 38232 0 1
