20080204001 10:00:00 14270 0 0
20080204002 10:10:00 65452 0 0
20080204003 10:20:00 85481 0 0
20080204004 10:30:00 66845 1 0
20080204005 10:40:00 87330 0 1
20080204006 10:50:00 42599 0 1
20080204007 11:00:00 51057 0 0
20080204008 11:10:00 65661 1 1
20080204009 11:20:00 73205 0 0
20080204010 11:30:00 51109 1 0
20080204011 11:40:00 86351 0 0
20080204012 11:50:00 88036 1 0
20080204013 12:00:00 00504 1 0
20080204014 12:10:00 83892 1 0
20080204015 12:20:00 75037 0 0
20080204016 12:30:00 71361 0 0
20080204017 12:40:00 42843 0 0
20080204018 12:50:00 15822 0 1
20080204019 13:00:00 25421 0 0
20080204020 13:10:00 26289 1 0
20080204021 13:20:00 69815 0 0
20080204022 13:30:00 03868 0 1
20080204023 13:40:00 88283 1 0
20080204024 13:50:00 10611 0 1
20080204025 14:00:00 32477 0 1
20080204026 14:10:00 56979 0 1
20080204027 14:20:00 16303 0 1
20080204028 14:30:00 88026 1 0
20080204029 14:40:00 67377 0 1
20080204030 14:50:00 14897 0 0
20080204031 15:00:00 36305 1 0
20080204032 15:10:00 69252 0 1
20080204033 15:20:00 89737 0 1
20080204034 15:30:00 25313 0 1
20080204035 15:40:00 69672 1 0
20080204036 15:50:00 60725 0 0
20080204037 16:00:00 14447 1 1
20080204038 16:10:00 86437 0 0
20080204039 16:20:00 16563 0 0
20080204040 16:30:00 52376 0 0
20080204041 16:40:00 35005 0 1
20080204042 16:50:00 84570 0 0
20080204043 17:00:00 69894 0 0
20080204044 17:10:00 93170 0 0
20080204045 17:20:00 44084 1 0
20080204046 17:30:00 62271 1 0
20080204047 17:40:00 39098 0 0
20080204048 17:50:00 15572 1 0
20080204049 18:00:00 64781 0 0
20080204050 18:10:00 50846 0 0
20080204051 18:20:00 59880 0 1
20080204052 18:30:00 70372 0 0
20080204053 18:40:00 93977 1 1
20080204054 18:50:00 29234 1 0
20080204055 19:00:00 29222 1 1
20080204056 19:10:00 04035 1 0
20080204057 19:20:00 05985 0 0
20080204058 19:30:00 45587 1 0
20080204059 19:40:00 04843 0 0
20080204060 19:50:00 61122 1 1
20080204061 20:00:00 30200 0 1
20080204062 20:10:00 83772 0 1
20080204063 20:20:00 46616 1 1
20080204064 20:30:00 03829 0 0
20080204065 20:40:00 65450 0 0
20080204066 20:50:00 96931 1 0
20080204067 21:00:00 21306 0 0
20080204068 21:10:00 34700 0 1
20080204069 21:20:00 56739 0 0
20080204070 21:30:00 68531 0 0
20080204071 21:40:00 13734 0 0
20080204072 21:50:00 67228 0 1
