20080704001 10:00:00 49040 0 1
20080704002 10:10:00 88647 1 0
20080704003 10:20:00 39893 0 0
20080704004 10:30:00 47118 0 1
20080704005 10:40:00 23479 0 0
20080704006 10:50:00 16662 1 1
20080704007 11:00:00 33756 1 0
20080704008 11:10:00 56452 0 0
20080704009 11:20:00 83980 0 0
20080704010 11:30:00 69370 0 0
20080704011 11:40:00 40687 0 0
20080704012 11:50:00 27527 0 0
20080704013 12:00:00 82054 0 0
20080704014 12:10:00 63232 0 1
20080704015 12:20:00 08525 0 1
20080704016 12:30:00 92141 0 1
20080704017 12:40:00 60071 1 0
20080704018 12:50:00 76578 0 0
20080704019 13:00:00 13377 1 1
20080704020 13:10:00 11170 1 0
20080704021 13:20:00 14283 0 0
20080704022 13:30:00 93574 0 0
20080704023 13:40:00 84350 0 0
20080704024 13:50:00 51144 1 1
20080704025 14:00:00 04959 0 1
20080704026 14:10:00 71944 0 1
20080704027 14:20:00 62738 0 0
20080704028 14:30:00 74962 0 0
20080704029 14:40:00 60544 0 1
20080704030 14:50:00 89537 0 0
20080704031 15:00:00 06960 0 0
20080704032 15:10:00 49792 0 0
20080704033 15:20:00 56047 0 0
20080704034 15:30:00 59538 1 0
20080704035 15:40:00 22460 1 0
20080704036 15:50:00 51304 0 0
20080704037 16:00:00 91426 0 0
20080704038 16:10:00 03415 0 0
20080704039 16:20:00 77990 1 1
20080704040 16:30:00 96583 0 0
20080704041 16:40:00 01634 0 0
20080704042 16:50:00 68474 0 1
20080704043 17:00:00 56605 1 0
20080704044 17:10:00 90802 0 0
20080704045 17:20:00 57844 0 1
20080704046 17:30:00 92031 0 0
20080704047 17:40:00 72353 0 1
20080704048 17:50:00 67747 1 1
20080704049 18:00:00 66209 1 0
20080704050 18:10:00 00198 1 0
20080704051 18:20:00 77542 1 0
20080704052 18:30:00 44919 1 1
20080704053 18:40:00 39910 1 0
20080704054 18:50:00 04189 0 0
20080704055 19:00:00 15523 1 0
20080704056 19:10:00 89901 1 0
20080704057 19:20:00 30841 0 0
20080704058 19:30:00 88390 1 0
20080704059 19:40:00 50943 0 0
20080704060 19:50:00 02558 0 1
20080704061 20:00:00 74995 0 1
20080704062 20:10:00 91541 0 0
20080704063 20:20:00 83432 0 0
20080704064 20:30:00 02868 0 1
20080704065 20:40:00 45072 0 0
20080704066 20:50:00 48393 0 1
20080704067 21:00:00 74927 0 0
20080704068 21:10:00 09699 0 1
20080704069 21:20:00 60326 0 0
20080704070 21:30:00 81330 0 1
20080704071 21:40:00 90498 0 0
20080704072 21:50:00 77873 1 0
