20081104001 10:00:00 06869 0 0
20081104002 10:10:00 99215 1 0
20081104003 10:20:00 27399 0 1
20081104004 10:30:00 32857 0 0
20081104005 10:40:00 96364 0 0
20081104006 10:50:00 46717 0 1
20081104007 11:00:00 59773 0 1
20081104008 11:10:00 74134 0 0
20081104009 11:20:00 82655 0 1
20081104010 11:30:00 25707 0 1
20081104011 11:40:00 77684 1 0
20081104012 11:50:00 97687 0 0
20081104013 12:00:00 79615 0 0
20081104014 12:10:00 75087 0 0
20081104015 12:20:00 97969 1 1
20081104016 12:30:00 05579 1 0
20081104017 12:40:00 64408 1 0
20081104018 12:50:00 96660 1 1
20081104019 13:00:00 19634 0 0
20081104020 13:10:00 09658 0 0
20081104021 13:20:00 90545 0 1
20081104022 13:30:00 82478 0 0
20081104023 13:40:00 41004 0 1
20081104024 13:50:00 33603 1 0
20081104025 14:00:00 87556 0 1
20081104026 14:10:00 08773 0 1
20081104027 14:20:00 33721 1 0
20081104028 14:30:00 91745 0 0
20081104029 14:40:00 65590 1 0
20081104030 14:50:00 86705 0 0
20081104031 15:00:00 82941 0 0
20081104032 15:10:00 14580 0 0
20081104033 15:20:00 60454 0 1
20081104034 15:30:00 63850 0 0
20081104035 15:40:00 15240 0 0
20081104036 15:50:00 33968 1 0
20081104037 16:00:00 98271 0 0
20081104038 16:10:00 38689 0 0
20081104039 16:20:00 87783 1 0
20081104040 16:30:00 56664 1 1
20081104041 16:40:00 84744 0 1
20081104042 16:50:00 98249 0 0
20081104043 17:00:00 91280 0 0
20081104044 17:10:00 07851 0 0
20081104045 17:20:00 97123 0 0
20081104046 17:30:00 82392 0 0
20081104047 17:40:00 55869 1 0
20081104048 17:50:00 85605 0 0
20081104049 18:00:00 04575 0 1
20081104050 18:10:00 73706 1 0
20081104051 18:20:00 45037 0 0
20081104052 18:30:00 01529 0 0
20081104053 18:40:00 74054 0 0
20081104054 18:50:00 59335 0 1
20081104055 19:00:00 12213 1 0
20081104056 19:10:00 44341 1 0
20081104057 19:20:00 68450 0 0
20081104058 19:30:00 44666 1 1
20081104059 19:40:00 88424 1 1
20081104060 19:50:00 56254 0 0
20081104061 20:00:00 50749 0 0
20081104062 20:10:00 58820 1 0
20081104063 20:20:00 47113 0 1
20081104064 20:30:00 67252 0 1
20081104065 20:40:00 14254 0 0
20081104066 20:50:00 76233 0 1
20081104067 21:00:00 95431 0 0
20081104068 21:10:00 27258 1 0
20081104069 21:20:00 44829 1 0
20081104070 21:30:00 05189 0 0
20081104071 21:40:00 09000 1 1
20081104072 21:50:00 24818 0 1
