20080205001 10:00:00 33373 1 1
20080205002 10:10:00 37261 0 0
20080205003 10:20:00 85609 0 0
20080205004 10:30:00 63844 0 1
20080205005 10:40:00 91676 0 1
20080205006 10:50:00 74238 0 0
20080205007 11:00:00 31560 0 0
20080205008 11:10:00 83517 0 0
20080205009 11:20:00 09653 0 0
20080205010 11:30:00 36713 0 0
20080205011 11:40:00 89854 1 0
20080205012 11:50:00 64763 0 0
20080205013 12:00:00 90493 0 0
20080205014 12:10:00 05380 0 0
20080205015 12:20:00 27208 1 0
20080205016 12:30:00 63402 0 0
20080205017 12:40:00 21804 0 0
20080205018 12:50:00 57723 1 0
20080205019 13:00:00 92435 0 0
20080205020 13:10:00 78713 1 0
20080205021 13:20:00 68970 0 0
20080205022 13:30:00 24753 0 0
20080205023 13:40:00 53231 0 0
20080205024 13:50:00 82044 0 1
20080205025 14:00:00 08614 0 0
20080205026 14:10:00 72774 1 1
20080205027 14:20:00 11161 1 1
20080205028 14:30:00 11080 1 1
20080205029 14:40:00 27957 0 0
20080205030 14:50:00 98508 0 0
20080205031 15:00:00 28118 0 1
20080205032 15:10:00 62178 0 0
20080205033 15:20:00 77124 1 0
20080205034 15:30:00 20826 0 0
20080205035 15:40:00 83683 0 0
20080205036 15:50:00 18362 0 0
20080205037 16:00:00 10800 0 1
20080205038 16:10:00 31104 1 0
20080205039 16:20:00 26666 1 1
20080205040 16:30:00 84317 0 0
20080205041 16:40:00 46423 1 0
20080205042 16:50:00 87360 0 0
20080205043 17:00:00 65547 1 0
20080205044 17:10:00 52161 0 1
20080205045 17:20:00 45404 1 1
20080205046 17:30:00 73164 0 0
20080205047 17:40:00 63029 0 0
20080205048 17:50:00 70587 0 0
20080205049 18:00:00 07111 0 1
20080205050 18:10:00 34594 0 0
20080205051 18:20:00 96983 1 0
20080205052 18:30:00 48799 0 1
20080205053 18:40:00 18074 0 0
20080205054 18:50:00 97316 0 0
20080205055 19:00:00 26627 1 0
20080205056 19:10:00 81947 0 0
20080205057 19:20:00 88875 1 0
20080205058 19:30:00 14205 0 0
20080205059 19:40:00 47436 1 0
20080205060 19:50:00 13081 0 0
20080205061 20:00:00 91517 0 0
20080205062 20:10:00 86290 0 0
20080205063 20:20:00 39981 1 0
20080205064 20:30:00 69135 0 0
20080205065 20:40:00 74259 0 0
20080205066 20:50:00 91356 0 0
20080205067 21:00:00 26301 0 0
20080205068 21:10:00 49024 0 0
20080205069 21:20:00 49858 0 1
20080205070 21:30:00 34165 0 0
20080205071 21:40:00 33873 1 0
20080205072 21:50:00 54615 0 0
