20080116001 10:00:00 21110 1 1
20080116002 10:10:00 93924 1 0
20080116003 10:20:00 97218 0 0
20080116004 10:30:00 34409 1 0
20080116005 10:40:00 97121 0 1
20080116006 10:50:00 58438 0 0
20080116007 11:00:00 39918 1 0
20080116008 11:10:00 66609 1 0
20080116009 11:20:00 60877 0 1
20080116010 11:30:00 50391 0 0
20080116011 11:40:00 17092 0 0
20080116012 11:50:00 83096 0 0
20080116013 12:00:00 93988 1 1
20080116014 12:10:00 11378 1 0
20080116015 12:20:00 76245 0 0
20080116016 12:30:00 83446 0 1
20080116017 12:40:00 59813 0 0
20080116018 12:50:00 75696 0 1
20080116019 13:00:00 75988 0 1
20080116020 13:10:00 93141 0 1
20080116021 13:20:00 33505 1 1
20080116022 13:30:00 85614 0 0
20080116023 13:40:00 72699 0 1
20080116024 13:50:00 49045 0 0
20080116025 14:00:00 28975 0 0
20080116026 14:10:00 08272 0 1
20080116027 14:20:00 89253 0 0
20080116028 14:30:00 76041 0 0
20080116029 14:40:00 59748 0 0
20080116030 14:50:00 91959 1 1
20080116031 15:00:00 74749 1 0
20080116032 15:10:00 34949 0 1
20080116033 15:20:00 23037 0 0
20080116034 15:30:00 67278 0 0
20080116035 15:40:00 72866 0 1
20080116036 15:50:00 27421 0 0
20080116037 16:00:00 57271 0 0
20080116038 16:10:00 16376 0 0
20080116039 16:20:00 34244 0 1
20080116040 16:30:00 81632 0 0
20080116041 16:40:00 48029 0 0
20080116042 16:50:00 74345 0 0
20080116043 17:00:00 71102 1 0
20080116044 17:10:00 75620 0 0
20080116045 17:20:00 73420 0 0
20080116046 17:30:00 67005 0 1
20080116051 18:20:00 56643 1 0
20080116052 18:30:00 13958 0 0
20080116053 18:40:00 99181 1 1
20080116054 18:50:00 55171 1 1
20080116055 19:00:00 80462 0 0
20080116056 19:10:00 45563 1 0
20080116057 19:20:00 62485 0 0
20080116058 19:30:00 02099 1 1
20080116059 19:40:00 84056 0 0
20080116060 19:50:00 42647 0 0
20080116061 20:00:00 41896 0 0
20080116062 20:10:00 79611 0 1
20080116063 20:20:00 68781 0 0
20080116064 20:30:00 27548 0 0
20080116065 20:40:00 13339 1 1
20080116066 20:50:00 87009 0 1
20080116067 21:00:00 05031 1 0
20080116068 21:10:00 05969 0 1
20080116069 21:20:00 88186 1 0
20080116070 21:30:00 99553 1 1
20080116071 21:40:00 19038 0 0
20080116072 21:50:00 52242 1 1
