20080814001 10:00:00 98071 0 0
20080814002 10:10:00 32844 0 1
20080814003 10:20:00 12667 0 1
20080814004 10:30:00 37253 0 0
20080814005 10:40:00 93325 1 0
20080814006 10:50:00 21944 0 1
20080814007 11:00:00 64948 0 0
20080814008 11:10:00 88655 1 1
20080814009 11:20:00 38595 0 1
20080814010 11:30:00 54427 1 0
20080814011 11:40:00 84457 1 0
20080814012 11:50:00 28805 1 0
20080814013 12:00:00 00982 1 0
20080814014 12:10:00 69638 1 0
20080814015 12:20:00 17273 0 0
20080814016 12:30:00 63056 0 0
20080814017 12:40:00 04838 0 1
20080814018 12:50:00 56475 0 0
20080814019 13:00:00 44931 1 0
20080814020 13:10:00 36607 1 0
20080814021 13:20:00 86627 1 0
20080814022 13:30:00 81473 0 0
20080814023 13:40:00 22818 1 1
20080814024 13:50:00 93344 1 1
20080814025 14:00:00 32635 0 0
20080814026 14:10:00 98066 0 1
20080814027 14:20:00 09880 0 1
20080814028 14:30:00 65758 0 0
20080814029 14:40:00 49857 0 0
20080814030 14:50:00 29230 1 0
20080814031 15:00:00 45490 1 0
20080814032 15:10:00 66058 1 0
20080814033 15:20:00 14540 0 0
20080814034 15:30:00 52211 1 1
20080814035 15:40:00 39532 0 0
20080814036 15:50:00 77013 1 0
20080814037 16:00:00 53123 0 0
20080814038 16:10:00 21263 1 0
20080814039 16:20:00 76955 0 1
20080814040 16:30:00 77019 1 0
20080814041 16:40:00 85329 0 0
20080814042 16:50:00 76344 0 1
20080814043 17:00:00 85975 0 0
20080814044 17:10:00 76704 1 0
20080814045 17:20:00 20316 0 0
20080814046 17:30:00 40456 1 0
20080814047 17:40:00 13212 0 1
20080814048 17:50:00 42791 0 0
20080814049 18:00:00 10433 0 1
20080814050 18:10:00 13219 0 0
20080814051 18:20:00 81127 1 0
20080814052 18:30:00 55314 1 0
20080814053 18:40:00 57138 0 0
20080814054 18:50:00 75565 1 1
20080814055 19:00:00 12498 0 0
20080814056 19:10:00 32882 0 1
20080814057 19:20:00 52666 0 1
20080814058 19:30:00 76252 0 1
20080814059 19:40:00 64473 1 0
20080814060 19:50:00 31950 0 0
20080814061 20:00:00 72623 0 0
20080814062 20:10:00 68383 0 1
20080814063 20:20:00 78374 0 0
20080814064 20:30:00 25347 0 0
20080814065 20:40:00 56483 0 0
20080814066 20:50:00 93290 0 0
20080814067 21:00:00 62136 0 0
20080814068 21:10:00 96739 0 0
20080814069 21:20:00 97731 1 0
20080814070 21:30:00 04938 0 0
20080814071 21:40:00 78760 1 0
20080814072 21:50:00 69627 1 0
