20081124001 10:00:00 35782 0 0
20081124002 10:10:00 72239 1 0
20081124003 10:20:00 60697 1 0
20081124004 10:30:00 23820 0 0
20081124005 10:40:00 63295 0 0
20081124006 10:50:00 41807 0 0
20081124007 11:00:00 20282 1 1
20081124008 11:10:00 70293 0 0
20081124009 11:20:00 21370 0 0
20081124010 11:30:00 36892 0 0
20081124011 11:40:00 91231 0 0
20081124012 11:50:00 78666 0 1
20081124013 12:00:00 30884 0 1
20081124014 12:10:00 46801 0 0
20081124015 12:20:00 09650 0 0
20081124016 12:30:00 73367 1 0
20081124017 12:40:00 54270 0 0
20081124018 12:50:00 69166 0 1
20081124019 13:00:00 04192 0 0
20081124020 13:10:00 88797 1 1
20081124021 13:20:00 70338 0 1
20081124022 13:30:00 60971 0 0
20081124023 13:40:00 53308 1 0
20081124024 13:50:00 59764 0 0
20081124025 14:00:00 83576 0 0
20081124026 14:10:00 93952 1 0
20081124027 14:20:00 38138 0 0
20081124028 14:30:00 62308 0 0
20081124029 14:40:00 63346 1 0
20081124030 14:50:00 66431 1 0
20081124031 15:00:00 99937 1 0
20081124032 15:10:00 95883 0 1
20081124033 15:20:00 38400 0 1
20081124034 15:30:00 44163 1 0
20081124035 15:40:00 20720 0 0
20081124036 15:50:00 33062 1 0
20081124037 16:00:00 86192 0 0
20081124038 16:10:00 24366 0 1
20081124039 16:20:00 27380 0 0
20081124040 16:30:00 01210 0 0
20081124041 16:40:00 07230 0 0
20081124042 16:50:00 71550 0 1
20081124043 17:00:00 24907 0 0
20081124044 17:10:00 81720 0 0
20081124045 17:20:00 25855 0 1
20081124046 17:30:00 74026 0 0
20081124047 17:40:00 44658 1 0
20081124048 17:50:00 24907 0 0
20081124049 18:00:00 43834 0 0
20081124050 18:10:00 45900 0 1
20081124051 18:20:00 80298 0 0
20081124052 18:30:00 83785 0 0
20081124053 18:40:00 66419 1 0
20081124054 18:50:00 63863 0 0
20081124055 19:00:00 27601 0 0
20081124056 19:10:00 40079 1 0
20081124057 19:20:00 48847 1 0
20081124058 19:30:00 43278 0 0
20081124059 19:40:00 52249 1 0
20081124060 19:50:00 02489 0 0
20081124061 20:00:00 37065 0 0
20081124062 20:10:00 00044 1 1
20081124063 20:20:00 86357 0 0
20081124064 20:30:00 77626 1 1
20081124065 20:40:00 70379 0 0
20081124066 20:50:00 53155 0 1
20081124067 21:00:00 94337 0 1
20081124068 21:10:00 71069 0 0
20081124069 21:20:00 47357 0 0
20081124070 21:30:00 86873 1 0
20081124071 21:40:00 23824 0 0
20081124072 21:50:00 71808 0 1
