20081226001 10:00:00 04053 1 0
20081226002 10:10:00 36406 0 0
20081226003 10:20:00 06149 0 0
20081226004 10:30:00 46831 0 0
20081226005 10:40:00 45609 0 0
20081226006 10:50:00 18448 0 1
20081226007 11:00:00 58510 1 0
20081226008 11:10:00 59891 0 0
20081226009 11:20:00 39222 0 1
20081226010 11:30:00 71007 0 1
20081226011 11:40:00 99698 1 0
20081226012 11:50:00 51830 0 0
20081226013 12:00:00 10442 0 1
20081226014 12:10:00 11016 1 0
20081226015 12:20:00 32212 1 1
20081226016 12:30:00 96891 0 0
20081226017 12:40:00 59273 0 0
20081226018 12:50:00 67574 0 0
20081226019 13:00:00 38853 1 0
20081226020 13:10:00 40464 1 1
20081226021 13:20:00 24049 0 0
20081226022 13:30:00 63336 1 1
20081226023 13:40:00 26038 0 0
20081226024 13:50:00 17759 1 0
20081226025 14:00:00 11350 1 0
20081226026 14:10:00 34128 0 0
20081226027 14:20:00 34668 0 1
20081226028 14:30:00 82591 0 0
20081226029 14:40:00 21387 0 0
20081226030 14:50:00 71982 0 0
20081226031 15:00:00 02300 0 1
20081226032 15:10:00 51891 0 0
20081226033 15:20:00 05783 0 0
20081226034 15:30:00 16998 0 1
20081226035 15:40:00 71381 0 0
20081226036 15:50:00 23977 0 1
20081226037 16:00:00 79072 0 0
20081226038 16:10:00 06550 0 1
20081226039 16:20:00 28015 0 0
20081226040 16:30:00 62303 0 1
20081226041 16:40:00 96782 0 0
20081226042 16:50:00 42820 0 0
20081226043 17:00:00 28669 0 1
20081226044 17:10:00 96957 1 0
20081226045 17:20:00 31654 0 0
20081226046 17:30:00 80614 0 0
20081226047 17:40:00 72008 0 1
20081226048 17:50:00 55959 1 1
20081226049 18:00:00 66745 1 0
20081226050 18:10:00 34839 0 0
20081226051 18:20:00 71109 1 0
20081226052 18:30:00 22959 1 1
20081226053 18:40:00 06312 0 0
20081226054 18:50:00 28710 0 0
20081226055 19:00:00 00275 1 0
20081226056 19:10:00 36882 0 1
20081226057 19:20:00 33434 1 1
20081226058 19:30:00 64136 0 0
20081226059 19:40:00 77613 1 0
20081226060 19:50:00 06988 0 1
20081226061 20:00:00 48447 1 1
20081226062 20:10:00 80310 0 0
20081226063 20:20:00 97787 1 1
20081226064 20:30:00 25239 1 0
20081226065 20:40:00 70688 0 1
20081226066 20:50:00 96874 0 0
20081226067 21:00:00 21067 0 0
20081226068 21:10:00 66696 1 1
20081226069 21:20:00 18794 0 0
20081226070 21:30:00 44227 1 1
20081226071 21:40:00 43328 1 0
20081226072 21:50:00 16036 0 0
