20081004001 10:00:00 03213 0 0
20081004002 10:10:00 53370 1 0
20081004003 10:20:00 16831 0 0
20081004004 10:30:00 77309 1 0
20081004005 10:40:00 90146 0 0
20081004006 10:50:00 64089 0 0
20081004007 11:00:00 29212 1 1
20081004008 11:10:00 81897 1 0
20081004009 11:20:00 11106 1 0
20081004010 11:30:00 27073 0 0
20081004011 11:40:00 87965 0 0
20081004012 11:50:00 54501 1 0
20081004013 12:00:00 98115 0 1
20081004014 12:10:00 04240 0 0
20081004015 12:20:00 90389 0 0
20081004016 12:30:00 74017 0 0
20081004017 12:40:00 14707 0 1
20081004018 12:50:00 27093 0 0
20081004019 13:00:00 80205 0 0
20081004020 13:10:00 57644 0 1
20081004021 13:20:00 96129 0 0
20081004022 13:30:00 79425 0 0
20081004023 13:40:00 41992 0 1
20081004024 13:50:00 33587 1 0
20081004025 14:00:00 80890 1 0
20081004026 14:10:00 10557 0 1
20081004027 14:20:00 51006 0 1
20081004028 14:30:00 18308 0 0
20081004029 14:40:00 51425 0 0
20081004030 14:50:00 93365 1 0
20081004031 15:00:00 08923 0 0
20081004032 15:10:00 77191 1 1
20081004033 15:20:00 26335 0 1
20081004034 15:30:00 63894 0 0
20081004035 15:40:00 66343 1 1
20081004036 15:50:00 85349 0 0
20081004037 16:00:00 56070 0 1
20081004038 16:10:00 44029 1 0
20081004039 16:20:00 52710 0 0
20081004040 16:30:00 64802 0 0
20081004041 16:40:00 76970 0 0
20081004042 16:50:00 46544 0 1
20081004043 17:00:00 33928 1 0
20081004044 17:10:00 86360 0 0
20081004045 17:20:00 05314 0 0
20081004046 17:30:00 67095 0 0
20081004047 17:40:00 98852 1 0
20081004048 17:50:00 69039 0 0
20081004049 18:00:00 13656 0 1
20081004050 18:10:00 25915 0 0
20081004051 18:20:00 56642 1 0
20081004052 18:30:00 82563 0 0
20081004053 18:40:00 46135 0 0
20081004054 18:50:00 51223 0 1
20081004055 19:00:00 13929 0 1
20081004056 19:10:00 93210 0 0
20081004057 19:20:00 68457 0 0
20081004058 19:30:00 82201 1 0
20081004059 19:40:00 07004 1 1
20081004060 19:50:00 14608 0 0
20081004061 20:00:00 12024 0 0
20081004062 20:10:00 04903 0 0
20081004063 20:20:00 52438 0 0
20081004064 20:30:00 76544 0 1
20081004065 20:40:00 96871 0 0
20081004066 20:50:00 71494 0 1
20081004067 21:00:00 39632 0 0
20081004068 21:10:00 03304 1 0
20081004069 21:20:00 68391 0 0
20081004070 21:30:00 43920 0 0
20081004071 21:40:00 29549 0 0
20081004072 21:50:00 27824 0 0
