20081012001 10:00:00 41426 1 0
20081012002 10:10:00 85299 0 1
20081012003 10:20:00 45700 0 1
20081012004 10:30:00 31238 0 0
20081012005 10:40:00 98539 0 0
20081012006 10:50:00 58370 0 0
20081012007 11:00:00 77911 1 1
20081012008 11:10:00 84313 0 1
20081012009 11:20:00 80400 0 1
20081012010 11:30:00 35870 0 0
20081012011 11:40:00 32088 0 1
20081012012 11:50:00 24975 0 0
20081012013 12:00:00 23729 0 0
20081012014 12:10:00 30233 0 1
20081012015 12:20:00 97998 1 1
20081012016 12:30:00 06889 0 1
20081012017 12:40:00 21161 1 1
20081012018 12:50:00 89161 0 1
20081012019 13:00:00 23609 0 0
20081012020 13:10:00 22455 1 1
20081012021 13:20:00 26937 0 0
20081012022 13:30:00 08824 1 0
20081012023 13:40:00 25967 0 0
20081012024 13:50:00 43646 0 1
20081012025 14:00:00 97632 0 0
20081012026 14:10:00 64687 1 0
20081012027 14:20:00 46005 0 1
20081012028 14:30:00 79788 1 1
20081012029 14:40:00 88487 1 0
20081012030 14:50:00 81747 0 1
20081012031 15:00:00 59603 0 0
20081012032 15:10:00 82614 0 0
20081012033 15:20:00 44954 1 0
20081012034 15:30:00 60385 0 0
20081012035 15:40:00 44961 1 0
20081012036 15:50:00 40832 0 0
20081012037 16:00:00 25843 0 0
20081012038 16:10:00 81733 0 1
20081012039 16:20:00 50110 0 1
20081012040 16:30:00 80146 0 0
20081012041 16:40:00 87269 0 0
20081012042 16:50:00 04231 0 0
20081012043 17:00:00 85956 0 0
20081012044 17:10:00 84523 0 0
20081012045 17:20:00 83073 0 0
20081012046 17:30:00 64308 0 0
20081012047 17:40:00 37778 1 1
20081012048 17:50:00 18866 1 1
20081012049 18:00:00 08556 0 1
20081012050 18:10:00 24533 0 1
20081012051 18:20:00 83832 1 0
20081012052 18:30:00 33828 1 1
20081012053 18:40:00 04102 0 0
20081012054 18:50:00 52310 0 0
20081012055 19:00:00 08015 1 0
20081012056 19:10:00 26167 0 0
20081012057 19:20:00 52482 0 0
20081012058 19:30:00 17084 0 0
20081012059 19:40:00 62265 1 0
20081012060 19:50:00 91714 0 0
20081012061 20:00:00 90855 0 1
20081012062 20:10:00 68183 0 0
20081012063 20:20:00 25125 0 0
20081012064 20:30:00 66870 1 0
20081012065 20:40:00 37465 0 0
20081012066 20:50:00 66852 1 0
20081012067 21:00:00 64743 0 0
20081012068 21:10:00 65995 0 1
20081012069 21:20:00 74298 0 0
20081012070 21:30:00 09016 1 0
20081012071 21:40:00 47891 0 0
20081012072 21:50:00 84680 0 0
