20080816001 10:00:00 92225 1 1
20080816002 10:10:00 89209 0 0
20080816003 10:20:00 04432 1 0
20080816004 10:30:00 75619 0 0
20080816005 10:40:00 71969 0 1
20080816006 10:50:00 33267 1 0
20080816007 11:00:00 28270 1 0
20080816008 11:10:00 20858 0 1
20080816009 11:20:00 21704 0 0
20080816010 11:30:00 27870 0 0
20080816011 11:40:00 21943 0 0
20080816012 11:50:00 13881 0 1
20080816013 12:00:00 46486 1 0
20080816014 12:10:00 84994 0 1
20080816015 12:20:00 17171 1 1
20080816016 12:30:00 74169 0 0
20080816017 12:40:00 46155 0 1
20080816018 12:50:00 75053 0 0
20080816019 13:00:00 90640 0 0
20080816020 13:10:00 09237 0 0
20080816021 13:20:00 47983 0 0
20080816022 13:30:00 72183 0 0
20080816023 13:40:00 05968 0 0
20080816024 13:50:00 37069 0 0
20080816025 14:00:00 38671 0 0
20080816026 14:10:00 27796 1 0
20080816027 14:20:00 90244 0 1
20080816028 14:30:00 97673 0 0
20080816029 14:40:00 47549 0 0
20080816030 14:50:00 17895 0 0
20080816031 15:00:00 89636 0 1
20080816032 15:10:00 41404 1 1
20080816033 15:20:00 06527 0 0
20080816034 15:30:00 76680 1 0
20080816035 15:40:00 76007 0 1
20080816036 15:50:00 71988 0 1
20080816037 16:00:00 32435 0 0
20080816038 16:10:00 83450 0 0
20080816039 16:20:00 13786 0 0
20080816040 16:30:00 06104 0 0
20080816041 16:40:00 95864 0 0
20080816042 16:50:00 89029 0 0
20080816043 17:00:00 60698 1 0
20080816044 17:10:00 18562 0 0
20080816045 17:20:00 01777 0 1
20080816046 17:30:00 08142 0 0
20080816047 17:40:00 24806 0 0
20080816048 17:50:00 18006 0 1
20080816049 18:00:00 98492 0 0
20080816050 18:10:00 35242 0 1
20080816051 18:20:00 70065 1 0
20080816052 18:30:00 50699 0 1
20080816053 18:40:00 95129 0 0
20080816054 18:50:00 41263 0 0
20080816055 19:00:00 61177 1 1
20080816056 19:10:00 47603 0 0
20080816057 19:20:00 93101 0 1
20080816058 19:30:00 29203 1 0
20080816059 19:40:00 18319 0 0
20080816060 19:50:00 94563 0 0
20080816061 20:00:00 95878 0 1
20080816062 20:10:00 87559 0 1
20080816063 20:20:00 48157 0 0
20080816064 20:30:00 64435 1 0
20080816065 20:40:00 48709 0 0
20080816066 20:50:00 13054 0 0
20080816067 21:00:00 71009 0 1
20080816068 21:10:00 70906 0 0
20080816069 21:20:00 85314 0 0
20080816070 21:30:00 11241 1 0
20080816071 21:40:00 32022 0 1
20080816072 21:50:00 84511 0 1
