20080614001 10:00:00 27061 0 0
20080614002 10:10:00 44544 1 1
20080614003 10:20:00 10557 0 1
20080614004 10:30:00 45091 0 0
20080614005 10:40:00 89290 0 0
20080614006 10:50:00 10667 0 1
20080614007 11:00:00 01633 0 1
20080614008 11:10:00 60407 0 0
20080614009 11:20:00 14798 0 0
20080614010 11:30:00 29865 0 0
20080614011 11:40:00 40019 1 0
20080614012 11:50:00 28727 0 1
20080614013 12:00:00 27872 0 0
20080614014 12:10:00 41101 1 1
20080614015 12:20:00 94545 0 1
20080614016 12:30:00 90262 0 1
20080614017 12:40:00 93995 1 1
20080614018 12:50:00 17464 0 1
20080614019 13:00:00 60683 1 0
20080614020 13:10:00 24626 0 1
20080614021 13:20:00 76798 1 0
20080614022 13:30:00 66646 1 1
20080614023 13:40:00 02511 0 1
20080614024 13:50:00 07484 0 1
20080614025 14:00:00 26640 1 0
20080614026 14:10:00 87668 0 1
20080614027 14:20:00 95293 0 0
20080614028 14:30:00 98783 0 0
20080614029 14:40:00 97773 1 1
20080614030 14:50:00 67469 0 0
20080614031 15:00:00 55484 1 1
20080614032 15:10:00 57610 0 0
20080614033 15:20:00 01900 0 1
20080614034 15:30:00 73751 1 0
20080614035 15:40:00 16577 0 1
20080614036 15:50:00 72500 0 1
20080614037 16:00:00 45396 0 0
20080614038 16:10:00 15392 0 0
20080614039 16:20:00 17915 0 0
20080614040 16:30:00 36316 1 0
20080614041 16:40:00 61040 0 1
20080614042 16:50:00 41903 0 0
20080614043 17:00:00 49303 0 1
20080614044 17:10:00 40639 0 0
20080614045 17:20:00 89913 1 0
20080614046 17:30:00 48829 1 0
20080614047 17:40:00 16261 0 0
20080614048 17:50:00 67672 1 0
20080614049 18:00:00 59092 0 0
20080614050 18:10:00 80018 1 0
20080614051 18:20:00 26993 0 1
20080614052 18:30:00 48468 1 0
20080614053 18:40:00 04557 0 1
20080614054 18:50:00 24954 0 0
20080614055 19:00:00 95870 0 0
20080614056 19:10:00 62703 0 0
20080614057 19:20:00 68665 1 1
20080614058 19:30:00 20277 1 1
20080614059 19:40:00 65577 1 1
20080614060 19:50:00 77187 1 0
20080614061 20:00:00 42906 0 0
20080614062 20:10:00 39997 1 1
20080614063 20:20:00 22935 1 0
20080614064 20:30:00 66806 1 0
20080614065 20:40:00 62842 0 0
20080614066 20:50:00 75043 0 0
20080614067 21:00:00 81121 1 1
20080614068 21:10:00 88736 1 0
20080614069 21:20:00 04768 0 0
20080614070 21:30:00 44591 1 0
20080614071 21:40:00 94188 0 1
20080614072 21:50:00 46805 0 0
