20080305001 10:00:00 86391 0 0
20080305002 10:10:00 77632 1 0
20080305003 10:20:00 23783 0 0
20080305004 10:30:00 66586 1 0
20080305005 10:40:00 39786 0 0
20080305006 10:50:00 19949 1 1
20080305007 11:00:00 94581 0 0
20080305008 11:10:00 32626 0 1
20080305009 11:20:00 09583 0 0
20080305010 11:30:00 22269 1 0
20080305011 11:40:00 02866 0 1
20080305012 11:50:00 84003 0 1
20080305013 12:00:00 74755 1 1
20080305014 12:10:00 44140 1 0
20080305015 12:20:00 81653 0 0
20080305016 12:30:00 84005 0 1
20080305017 12:40:00 95545 1 1
20080305018 12:50:00 04369 0 0
20080305019 13:00:00 22645 1 0
20080305020 13:10:00 34680 0 0
20080305021 13:20:00 00492 1 0
20080305022 13:30:00 39301 1 0
20080305023 13:40:00 77317 1 0
20080305024 13:50:00 45232 0 1
20080305025 14:00:00 22335 1 1
20080305026 14:10:00 70481 0 0
20080305027 14:20:00 68893 1 0
20080305028 14:30:00 97289 0 0
20080305029 14:40:00 34810 0 0
20080305030 14:50:00 97305 0 0
20080305031 15:00:00 25493 0 0
20080305032 15:10:00 24745 0 0
20080305033 15:20:00 30733 0 1
20080305034 15:30:00 08363 0 1
20080305035 15:40:00 40916 0 0
20080305036 15:50:00 72428 0 0
20080305037 16:00:00 80316 0 0
20080305038 16:10:00 49430 1 0
20080305039 16:20:00 81100 1 1
20080305040 16:30:00 85462 0 0
20080305041 16:40:00 77735 1 0
20080305042 16:50:00 90509 0 0
20080305043 17:00:00 87356 0 0
20080305044 17:10:00 02350 0 0
20080305045 17:20:00 91950 1 0
20080305046 17:30:00 70510 0 0
20080305047 17:40:00 50146 0 0
20080305048 17:50:00 07470 0 0
20080305049 18:00:00 15470 0 0
20080305050 18:10:00 82801 1 0
20080305051 18:20:00 75898 0 1
20080305052 18:30:00 87090 0 1
20080305053 18:40:00 14966 0 1
20080305054 18:50:00 68206 0 0
20080305055 19:00:00 39860 0 0
20080305056 19:10:00 35749 0 0
20080305057 19:20:00 48729 0 0
20080305058 19:30:00 46929 0 1
20080305059 19:40:00 56257 0 0
20080305060 19:50:00 15430 0 0
20080305061 20:00:00 92306 0 0
20080305062 20:10:00 00980 1 0
20080305063 20:20:00 65934 0 0
20080305064 20:30:00 69221 0 1
20080305065 20:40:00 04159 0 0
20080305066 20:50:00 22760 1 0
20080305067 21:00:00 28101 0 1
20080305068 21:10:00 49441 1 1
20080305069 21:20:00 27837 0 0
20080305070 21:30:00 06273 0 0
20080305071 21:40:00 46918 0 0
20080305072 21:50:00 14094 0 0
