20080828001 10:00:00 90535 0 1
20080828002 10:10:00 20142 0 0
20080828003 10:20:00 57992 0 1
20080828004 10:30:00 44601 1 0
20080828005 10:40:00 33099 1 1
20080828006 10:50:00 95872 0 0
20080828007 11:00:00 80699 0 1
20080828008 11:10:00 86637 1 0
20080828009 11:20:00 61239 0 0
20080828010 11:30:00 38418 0 0
20080828011 11:40:00 36105 0 0
20080828012 11:50:00 11807 1 0
20080828013 12:00:00 54059 0 0
20080828014 12:10:00 08027 1 0
20080828015 12:20:00 30580 0 0
20080828016 12:30:00 97527 0 0
20080828017 12:40:00 78767 1 1
20080828018 12:50:00 82556 0 1
20080828019 13:00:00 16740 0 0
20080828020 13:10:00 23357 1 0
20080828021 13:20:00 33509 1 0
20080828022 13:30:00 74327 0 0
20080828023 13:40:00 29384 0 0
20080828024 13:50:00 15073 0 0
20080828025 14:00:00 91938 1 0
20080828026 14:10:00 31240 0 0
20080828027 14:20:00 06340 0 0
20080828028 14:30:00 53322 1 1
20080828029 14:40:00 53895 0 0
20080828030 14:50:00 96775 0 1
20080828031 15:00:00 86823 1 0
20080828032 15:10:00 70418 0 0
20080828033 15:20:00 77517 1 0
20080828034 15:30:00 85308 0 0
20080828035 15:40:00 17603 0 0
20080828036 15:50:00 30019 1 0
20080828037 16:00:00 90646 0 1
20080828038 16:10:00 86839 1 0
20080828039 16:20:00 76571 0 0
20080828040 16:30:00 02648 0 0
20080828041 16:40:00 45598 1 0
20080828042 16:50:00 27344 0 1
20080828043 17:00:00 11974 1 0
20080828044 17:10:00 36186 0 0
20080828045 17:20:00 45171 0 1
20080828046 17:30:00 32948 0 0
20080828047 17:40:00 71537 0 0
20080828048 17:50:00 80142 0 0
20080828049 18:00:00 66500 1 1
20080828050 18:10:00 27578 0 0
20080828051 18:20:00 72135 0 0
20080828052 18:30:00 16824 0 0
20080828053 18:40:00 43919 0 1
20080828054 18:50:00 21689 0 0
20080828055 19:00:00 37518 0 0
20080828056 19:10:00 89726 0 0
20080828057 19:20:00 50393 0 1
20080828058 19:30:00 97481 0 0
20080828059 19:40:00 79797 1 1
20080828060 19:50:00 14560 0 0
20080828061 20:00:00 29720 0 0
20080828062 20:10:00 77985 1 0
20080828063 20:20:00 12256 1 0
20080828064 20:30:00 94783 0 0
20080828065 20:40:00 13162 1 0
20080828066 20:50:00 37489 0 0
20080828067 21:00:00 32441 0 1
20080828068 21:10:00 47736 1 0
20080828069 21:20:00 10375 0 0
20080828070 21:30:00 67239 0 0
20080828071 21:40:00 11962 1 0
20080828072 21:50:00 55692 1 0
