20080313001 10:00:00 61846 0 0
20080313002 10:10:00 71711 1 1
20080313003 10:20:00 75975 0 0
20080313004 10:30:00 53436 0 0
20080313005 10:40:00 30072 1 0
20080313006 10:50:00 98877 1 1
20080313007 11:00:00 98765 0 0
20080313008 11:10:00 40262 0 1
20080313009 11:20:00 69327 0 0
20080313010 11:30:00 84025 0 0
20080313011 11:40:00 80067 1 0
20080313012 11:50:00 22357 1 0
20080313013 12:00:00 54903 0 0
20080313014 12:10:00 68277 0 1
20080313015 12:20:00 90465 0 0
20080313016 12:30:00 39253 0 0
20080313017 12:40:00 34694 0 0
20080313018 12:50:00 75237 0 0
20080313019 13:00:00 03088 1 1
20080313020 13:10:00 33694 1 0
20080313021 13:20:00 38805 1 0
20080313022 13:30:00 95765 0 0
20080313023 13:40:00 60020 1 1
20080313024 13:50:00 95310 0 0
20080313025 14:00:00 73661 0 1
20080313026 14:10:00 99244 1 1
20080313027 14:20:00 60157 0 0
20080313028 14:30:00 88411 1 1
20080313029 14:40:00 03006 1 1
20080313030 14:50:00 10085 1 0
20080313031 15:00:00 78016 0 0
20080313032 15:10:00 32075 0 0
20080313033 15:20:00 11263 1 0
20080313034 15:30:00 34967 0 0
20080313035 15:40:00 56323 0 1
20080313036 15:50:00 20828 0 1
20080313037 16:00:00 50303 0 1
20080313038 16:10:00 47698 0 0
20080313039 16:20:00 47459 1 0
20080313040 16:30:00 31053 0 0
20080313041 16:40:00 58038 0 0
20080313042 16:50:00 35998 0 1
20080313043 17:00:00 07607 0 0
20080313044 17:10:00 35926 0 0
20080313045 17:20:00 20939 0 1
20080313046 17:30:00 46377 0 1
20080313047 17:40:00 12271 1 0
20080313048 17:50:00 24846 0 0
20080313049 18:00:00 19865 0 0
20080313050 18:10:00 73630 0 0
20080313051 18:20:00 26056 0 0
20080313052 18:30:00 55967 1 0
20080313053 18:40:00 83921 0 0
20080313054 18:50:00 50548 1 0
20080313055 19:00:00 63407 0 0
20080313056 19:10:00 89824 1 0
20080313057 19:20:00 06589 0 0
20080313058 19:30:00 64920 0 0
20080313059 19:40:00 38471 0 0
20080313060 19:50:00 71548 0 0
20080313061 20:00:00 38021 0 0
20080313062 20:10:00 73506 0 0
20080313063 20:20:00 01059 1 0
20080313064 20:30:00 75035 0 0
20080313065 20:40:00 35809 0 0
20080313066 20:50:00 82760 0 0
20080313067 21:00:00 16454 0 1
20080313068 21:10:00 24744 0 1
20080313069 21:20:00 50374 0 0
20080313070 21:30:00 43832 0 0
20080313071 21:40:00 49109 0 0
20080313072 21:50:00 52946 0 0
