20080201001 10:00:00 28853 1 0
20080201002 10:10:00 34529 0 0
20080201003 10:20:00 03808 0 1
20080201004 10:30:00 79633 0 1
20080201005 10:40:00 51203 0 0
20080201006 10:50:00 32071 0 0
20080201007 11:00:00 22300 1 1
20080201008 11:10:00 52013 0 0
20080201009 11:20:00 38655 0 1
20080201010 11:30:00 32867 0 0
20080201011 11:40:00 52379 0 0
20080201012 11:50:00 52784 0 0
20080201013 12:00:00 54858 0 1
20080201014 12:10:00 86456 0 0
20080201015 12:20:00 11871 1 0
20080201016 12:30:00 33618 1 0
20080201017 12:40:00 47670 0 0
20080201018 12:50:00 56940 0 0
20080201019 13:00:00 83657 0 0
20080201020 13:10:00 23446 0 1
20080201021 13:20:00 75861 0 0
20080201022 13:30:00 65084 0 0
20080201023 13:40:00 37999 0 1
20080201024 13:50:00 72895 0 0
20080201025 14:00:00 84131 0 1
20080201026 14:10:00 55849 1 0
20080201027 14:20:00 93222 0 1
20080201028 14:30:00 59891 0 0
20080201029 14:40:00 63200 0 1
20080201030 14:50:00 10632 0 0
20080201031 15:00:00 94355 0 1
20080201032 15:10:00 48832 1 0
20080201033 15:20:00 21989 0 1
20080201034 15:30:00 02215 1 0
20080201035 15:40:00 58392 0 0
20080201036 15:50:00 12985 0 0
20080201037 16:00:00 05012 1 0
20080201038 16:10:00 52404 0 1
20080201039 16:20:00 78484 0 1
20080201040 16:30:00 63271 0 0
20080201041 16:40:00 21518 0 0
20080201042 16:50:00 68655 1 1
20080201043 17:00:00 09222 0 1
20080201044 17:10:00 55325 1 0
20080201045 17:20:00 27403 0 0
20080201046 17:30:00 64530 0 0
20080201047 17:40:00 85428 0 0
20080201048 17:50:00 93532 0 0
20080201049 18:00:00 23674 0 0
20080201050 18:10:00 81300 0 1
20080201051 18:20:00 89757 0 1
20080201052 18:30:00 39678 0 0
20080201053 18:40:00 59909 1 1
20080201054 18:50:00 23178 0 0
20080201055 19:00:00 75309 0 0
20080201056 19:10:00 80894 1 0
20080201057 19:20:00 23917 0 0
20080201058 19:30:00 71382 0 0
20080201059 19:40:00 94855 0 1
20080201060 19:50:00 66607 1 0
20080201061 20:00:00 26938 0 0
20080201062 20:10:00 83113 0 1
20080201063 20:20:00 00497 1 0
20080201064 20:30:00 61791 0 0
20080201065 20:40:00 04301 0 0
20080201066 20:50:00 29003 0 1
20080201067 21:00:00 21473 0 0
20080201068 21:10:00 72109 0 0
20080201069 21:20:00 16055 0 1
20080201070 21:30:00 15231 0 0
20080201071 21:40:00 42333 0 1
20080201072 21:50:00 22340 1 0
