20081212001 10:00:00 78309 0 0
20081212002 10:10:00 13034 0 0
20081212003 10:20:00 66611 1 1
20081212004 10:30:00 18103 1 0
20081212005 10:40:00 92871 0 0
20081212006 10:50:00 99940 1 0
20081212007 11:00:00 39887 0 1
20081212008 11:10:00 49655 0 1
20081212009 11:20:00 78618 0 0
20081212010 11:30:00 28424 0 1
20081212011 11:40:00 83727 0 1
20081212012 11:50:00 54016 0 0
20081212013 12:00:00 54600 0 1
20081212014 12:10:00 14882 0 1
20081212015 12:20:00 15483 0 0
20081212016 12:30:00 58963 0 0
20081212017 12:40:00 40860 0 0
20081212018 12:50:00 93541 0 0
20081212019 13:00:00 31144 1 1
20081212020 13:10:00 42491 1 0
20081212021 13:20:00 71077 0 1
20081212022 13:30:00 71911 0 1
20081212023 13:40:00 79234 0 0
20081212024 13:50:00 12833 0 1
20081212025 14:00:00 68635 1 0
20081212026 14:10:00 51567 1 0
20081212027 14:20:00 88190 1 0
20081212028 14:30:00 08610 0 0
20081212029 14:40:00 76460 0 0
20081212030 14:50:00 64546 0 0
20081212031 15:00:00 59389 0 0
20081212032 15:10:00 65425 0 0
20081212033 15:20:00 77815 1 0
20081212034 15:30:00 57041 0 0
20081212035 15:40:00 50034 1 0
20081212036 15:50:00 55496 1 0
20081212037 16:00:00 68659 1 0
20081212038 16:10:00 60306 0 0
20081212039 16:20:00 84089 0 0
20081212040 16:30:00 88399 1 1
20081212041 16:40:00 57660 0 1
20081212042 16:50:00 15424 0 1
20081212043 17:00:00 17074 0 0
20081212044 17:10:00 55792 1 0
20081212045 17:20:00 38272 0 1
20081212046 17:30:00 61974 0 0
20081212047 17:40:00 46963 0 0
20081212048 17:50:00 86861 1 0
20081212049 18:00:00 14211 0 1
20081212050 18:10:00 54544 1 1
20081212051 18:20:00 23884 0 1
20081212052 18:30:00 35004 0 1
20081212053 18:40:00 29640 0 0
20081212054 18:50:00 93013 0 0
20081212055 19:00:00 08360 0 0
20081212056 19:10:00 49622 0 1
20081212057 19:20:00 89503 0 0
20081212058 19:30:00 35195 0 0
20081212059 19:40:00 61607 1 0
20081212060 19:50:00 03048 1 0
20081212061 20:00:00 83062 0 0
20081212062 20:10:00 64443 1 1
20081212063 20:20:00 60466 0 1
20081212064 20:30:00 38080 0 1
20081212065 20:40:00 04579 0 0
20081212066 20:50:00 56683 1 0
20081212067 21:00:00 56130 0 0
20081212068 21:10:00 18641 0 0
20081212069 21:20:00 01129 1 0
20081212070 21:30:00 51291 0 0
20081212071 21:40:00 77761 1 0
20081212072 21:50:00 46532 0 0
