20080707001 10:00:00 95697 0 0
20080707002 10:10:00 59819 0 0
20080707003 10:20:00 59155 0 1
20080707004 10:30:00 56272 0 1
20080707005 10:40:00 39013 0 0
20080707006 10:50:00 37956 0 0
20080707007 11:00:00 22543 1 0
20080707008 11:10:00 52406 0 0
20080707009 11:20:00 57117 0 1
20080707010 11:30:00 84267 0 0
20080707011 11:40:00 25025 0 0
20080707012 11:50:00 42889 0 1
20080707013 12:00:00 35695 0 0
20080707014 12:10:00 97234 0 0
20080707015 12:20:00 47261 0 0
20080707016 12:30:00 58474 0 1
20080707017 12:40:00 34017 0 0
20080707018 12:50:00 38768 0 0
20080707019 13:00:00 23957 0 0
20080707020 13:10:00 95774 0 1
20080707021 13:20:00 01746 0 0
20080707022 13:30:00 46185 0 0
20080707023 13:40:00 92388 0 1
20080707024 13:50:00 68732 0 0
20080707025 14:00:00 86473 0 0
20080707026 14:10:00 23799 0 1
20080707027 14:20:00 61535 0 1
20080707028 14:30:00 59916 1 0
20080707029 14:40:00 22334 1 1
20080707030 14:50:00 45966 0 1
20080707031 15:00:00 64115 0 1
20080707032 15:10:00 41911 0 1
20080707033 15:20:00 60630 1 0
20080707034 15:30:00 84535 0 1
20080707035 15:40:00 38120 0 0
20080707036 15:50:00 12469 0 0
20080707037 16:00:00 00002 1 1
20080707038 16:10:00 59190 0 0
20080707039 16:20:00 83896 1 0
20080707040 16:30:00 46818 0 1
20080707041 16:40:00 28387 0 0
20080707042 16:50:00 30320 1 0
20080707043 17:00:00 95997 1 1
20080707044 17:10:00 25996 0 1
20080707045 17:20:00 19900 1 1
20080707046 17:30:00 15533 1 1
20080707047 17:40:00 18265 0 0
20080707048 17:50:00 15208 0 0
20080707049 18:00:00 95161 0 1
20080707050 18:10:00 81609 0 0
20080707051 18:20:00 29545 0 1
20080707052 18:30:00 84761 0 0
20080707053 18:40:00 27261 1 0
20080707054 18:50:00 64615 1 0
20080707055 19:00:00 93432 0 0
20080707056 19:10:00 34980 0 0
20080707057 19:20:00 39833 0 1
20080707058 19:30:00 93427 0 0
20080707059 19:40:00 55864 1 0
20080707060 19:50:00 17127 1 0
20080707061 20:00:00 28711 0 1
20080707062 20:10:00 88662 1 1
20080707063 20:20:00 43443 1 1
20080707064 20:30:00 46243 0 0
20080707065 20:40:00 55019 1 0
20080707066 20:50:00 83372 1 0
20080707067 21:00:00 37757 1 1
20080707068 21:10:00 70837 0 0
20080707069 21:20:00 78032 0 0
20080707070 21:30:00 92206 1 0
20080707071 21:40:00 72135 0 0
20080707072 21:50:00 34153 0 0
