20081210001 10:00:00 78787 1 1
20081210002 10:10:00 18297 0 0
20081210003 10:20:00 19191 1 1
20081210004 10:30:00 63624 1 0
20081210005 10:40:00 15536 1 0
20081210006 10:50:00 52115 0 1
20081210007 11:00:00 86525 0 1
20081210008 11:10:00 59855 0 1
20081210009 11:20:00 31015 0 0
20081210010 11:30:00 02698 0 0
20081210011 11:40:00 35726 0 0
20081210012 11:50:00 10854 0 0
20081210013 12:00:00 00590 1 0
20081210014 12:10:00 57353 0 1
20081210015 12:20:00 57498 0 0
20081210016 12:30:00 13200 0 1
20081210017 12:40:00 12009 0 1
20081210018 12:50:00 61933 0 1
20081210019 13:00:00 55848 1 1
20081210020 13:10:00 21830 0 0
20081210021 13:20:00 07146 0 0
20081210022 13:30:00 31539 0 0
20081210023 13:40:00 17300 0 1
20081210024 13:50:00 47845 0 0
20081210025 14:00:00 42379 0 0
20081210026 14:10:00 86388 0 1
20081210027 14:20:00 29497 0 0
20081210028 14:30:00 11867 1 0
20081210029 14:40:00 56583 1 0
20081210030 14:50:00 62632 1 0
20081210031 15:00:00 11976 1 0
20081210032 15:10:00 30996 0 1
20081210033 15:20:00 77884 1 1
20081210034 15:30:00 55932 1 0
20081210035 15:40:00 01307 0 0
20081210036 15:50:00 99842 1 0
20081210037 16:00:00 47464 1 1
20081210038 16:10:00 55773 1 1
20081210039 16:20:00 26272 1 1
20081210040 16:30:00 26954 0 0
20081210041 16:40:00 37397 1 0
20081210042 16:50:00 83000 0 1
20081210043 17:00:00 09099 1 1
20081210044 17:10:00 99013 1 0
20081210045 17:20:00 99528 1 0
20081210046 17:30:00 34978 0 0
20081210047 17:40:00 11713 1 0
20081210048 17:50:00 19444 0 1
20081210049 18:00:00 47996 0 1
20081210050 18:10:00 58301 0 0
20081210051 18:20:00 27824 0 0
20081210052 18:30:00 64917 0 0
20081210053 18:40:00 13886 0 1
20081210054 18:50:00 43972 0 0
20081210055 19:00:00 23179 0 0
20081210056 19:10:00 65235 0 0
20081210057 19:20:00 87400 0 1
20081210058 19:30:00 70297 0 0
20081210059 19:40:00 00153 1 0
20081210060 19:50:00 85034 0 0
20081210061 20:00:00 32852 0 0
20081210062 20:10:00 52948 0 0
20081210063 20:20:00 94114 0 1
20081210064 20:30:00 18287 0 0
20081210065 20:40:00 75493 0 0
20081210066 20:50:00 90366 0 1
20081210067 21:00:00 33282 1 1
20081210068 21:10:00 11186 1 0
20081210069 21:20:00 86619 1 0
20081210070 21:30:00 87526 0 0
20081210071 21:40:00 12297 1 0
20081210072 21:50:00 65608 1 0
