20080304001 10:00:00 78484 0 1
20080304002 10:10:00 12077 0 1
20080304003 10:20:00 08761 0 0
20080304004 10:30:00 80492 0 0
20080304005 10:40:00 81039 0 0
20080304006 10:50:00 27577 0 1
20080304007 11:00:00 00389 1 0
20080304008 11:10:00 21290 1 0
20080304009 11:20:00 55389 1 0
20080304010 11:30:00 86539 0 0
20080304011 11:40:00 24178 0 0
20080304012 11:50:00 81466 0 1
20080304013 12:00:00 91288 0 1
20080304014 12:10:00 90336 0 1
20080304015 12:20:00 73384 1 0
20080304016 12:30:00 04097 1 0
20080304017 12:40:00 62378 0 0
20080304018 12:50:00 26255 1 1
20080304019 13:00:00 58585 1 1
20080304020 13:10:00 11354 1 0
20080304021 13:20:00 65718 0 0
20080304022 13:30:00 41432 1 0
20080304023 13:40:00 44936 1 0
20080304024 13:50:00 59073 0 0
20080304025 14:00:00 38669 0 1
20080304026 14:10:00 47462 1 0
20080304027 14:20:00 65797 0 1
20080304028 14:30:00 18369 0 0
20080304029 14:40:00 19144 1 1
20080304030 14:50:00 97251 0 0
20080304031 15:00:00 48807 1 0
20080304032 15:10:00 40095 1 0
20080304033 15:20:00 57261 0 0
20080304034 15:30:00 21153 1 0
20080304035 15:40:00 27851 0 0
20080304036 15:50:00 22500 1 1
20080304037 16:00:00 71112 1 1
20080304038 16:10:00 80463 0 0
20080304039 16:20:00 21142 1 0
20080304040 16:30:00 66375 1 0
20080304041 16:40:00 14849 0 0
20080304042 16:50:00 58880 1 1
20080304043 17:00:00 37822 0 1
20080304044 17:10:00 71660 0 1
20080304045 17:20:00 57873 0 0
20080304046 17:30:00 74611 0 1
20080304047 17:40:00 13924 0 0
20080304048 17:50:00 92851 0 0
20080304049 18:00:00 48202 0 1
20080304050 18:10:00 40084 1 0
20080304051 18:20:00 55178 1 0
20080304052 18:30:00 34646 0 1
20080304053 18:40:00 09993 1 1
20080304054 18:50:00 85611 0 1
20080304055 19:00:00 10571 0 0
20080304056 19:10:00 68851 1 0
20080304057 19:20:00 68938 0 0
20080304058 19:30:00 61338 0 1
20080304059 19:40:00 00042 1 0
20080304060 19:50:00 36527 0 0
20080304061 20:00:00 07906 0 0
20080304062 20:10:00 44770 1 1
20080304063 20:20:00 16482 0 0
20080304064 20:30:00 98174 0 0
20080304065 20:40:00 94535 0 1
20080304066 20:50:00 85134 0 0
20080304067 21:00:00 48588 0 1
20080304068 21:10:00 33462 1 0
20080304069 21:20:00 61739 0 0
20080304070 21:30:00 67317 0 0
20080304071 21:40:00 58471 0 0
20080304072 21:50:00 17465 0 0
