20080815001 10:00:00 58668 0 1
20080815002 10:10:00 06862 0 0
20080815003 10:20:00 45480 1 0
20080815004 10:30:00 71396 0 0
20080815005 10:40:00 83298 0 0
20080815006 10:50:00 40501 0 0
20080815007 11:00:00 64742 0 0
20080815008 11:10:00 96006 0 1
20080815009 11:20:00 93758 0 0
20080815010 11:30:00 18214 0 0
20080815011 11:40:00 85864 1 0
20080815012 11:50:00 68056 0 0
20080815013 12:00:00 52935 0 0
20080815014 12:10:00 94126 0 0
20080815015 12:20:00 38795 0 0
20080815016 12:30:00 84493 1 0
20080815017 12:40:00 23557 0 1
20080815018 12:50:00 18511 0 1
20080815019 13:00:00 59164 0 0
20080815020 13:10:00 13349 1 0
20080815021 13:20:00 33589 1 0
20080815022 13:30:00 12266 1 1
20080815023 13:40:00 13022 0 1
20080815024 13:50:00 47647 0 0
20080815025 14:00:00 80525 0 1
20080815026 14:10:00 95096 0 0
20080815027 14:20:00 02179 0 0
20080815028 14:30:00 71377 0 1
20080815029 14:40:00 99711 1 1
20080815030 14:50:00 32236 1 0
20080815031 15:00:00 37384 1 0
20080815032 15:10:00 39682 0 0
20080815033 15:20:00 42249 1 0
20080815034 15:30:00 41929 0 1
20080815035 15:40:00 46690 1 0
20080815036 15:50:00 83048 0 0
20080815037 16:00:00 89757 0 1
20080815038 16:10:00 59033 0 1
20080815039 16:20:00 36221 0 1
20080815040 16:30:00 28471 0 0
20080815041 16:40:00 68044 0 1
20080815042 16:50:00 56880 0 1
20080815043 17:00:00 48414 1 1
20080815044 17:10:00 90224 0 1
20080815045 17:20:00 96196 0 0
20080815046 17:30:00 55167 1 0
20080815047 17:40:00 19206 0 0
20080815048 17:50:00 69106 0 0
20080815049 18:00:00 18938 0 0
20080815050 18:10:00 76166 0 1
20080815051 18:20:00 18133 1 1
20080815052 18:30:00 61417 0 0
20080815053 18:40:00 10599 0 1
20080815054 18:50:00 99763 1 0
20080815055 19:00:00 53292 0 1
20080815056 19:10:00 53585 1 1
20080815057 19:20:00 90310 0 0
20080815058 19:30:00 02520 0 0
20080815059 19:40:00 40736 0 0
20080815060 19:50:00 08304 0 0
20080815061 20:00:00 73584 0 0
20080815062 20:10:00 75948 0 0
20080815063 20:20:00 25693 0 0
20080815064 20:30:00 97332 0 1
20080815065 20:40:00 16207 0 0
20080815066 20:50:00 29622 0 1
20080815067 21:00:00 46386 0 0
20080815068 21:10:00 57994 0 1
20080815069 21:20:00 02778 0 1
20080815070 21:30:00 28045 0 0
20080815071 21:40:00 74968 0 0
20080815072 21:50:00 31856 0 0
