20080613001 10:00:00 57585 1 1
20080613002 10:10:00 12714 0 0
20080613003 10:20:00 65481 0 0
20080613004 10:30:00 85719 0 0
20080613005 10:40:00 54969 0 1
20080613006 10:50:00 01109 1 0
20080613007 11:00:00 79896 0 0
20080613008 11:10:00 39608 0 0
20080613009 11:20:00 02465 0 0
20080613010 11:30:00 58500 1 1
20080613011 11:40:00 84860 1 0
20080613012 11:50:00 75615 0 0
20080613013 12:00:00 39895 0 0
20080613014 12:10:00 30265 0 0
20080613015 12:20:00 19164 1 0
20080613016 12:30:00 53447 0 1
20080613017 12:40:00 29439 0 0
20080613018 12:50:00 45539 1 0
20080613019 13:00:00 05582 1 0
20080613020 13:10:00 35427 0 0
20080613021 13:20:00 26204 1 0
20080613022 13:30:00 43923 0 0
20080613023 13:40:00 54908 0 0
20080613024 13:50:00 37584 0 0
20080613025 14:00:00 86448 0 1
20080613026 14:10:00 60165 0 0
20080613027 14:20:00 93418 0 0
20080613028 14:30:00 90730 0 0
20080613029 14:40:00 41767 0 1
20080613030 14:50:00 83845 1 0
20080613031 15:00:00 81791 0 0
20080613032 15:10:00 93220 0 1
20080613033 15:20:00 41408 1 0
20080613034 15:30:00 72529 0 0
20080613035 15:40:00 75287 0 0
20080613036 15:50:00 97430 0 0
20080613037 16:00:00 45149 0 0
20080613038 16:10:00 54136 0 0
20080613039 16:20:00 54266 0 1
20080613040 16:30:00 34889 0 1
20080613041 16:40:00 68595 0 1
20080613042 16:50:00 78356 0 0
20080613043 17:00:00 06033 1 1
20080613044 17:10:00 82758 0 0
20080613045 17:20:00 18811 1 1
20080613046 17:30:00 40892 0 0
20080613047 17:40:00 01317 0 0
20080613048 17:50:00 94274 0 0
20080613049 18:00:00 02546 0 0
20080613050 18:10:00 77811 1 1
20080613051 18:20:00 08887 1 1
20080613052 18:30:00 06697 1 0
20080613053 18:40:00 42967 0 0
20080613054 18:50:00 04037 1 0
20080613055 19:00:00 99126 1 0
20080613056 19:10:00 41821 0 0
20080613057 19:20:00 35971 0 0
20080613058 19:30:00 54521 1 0
20080613059 19:40:00 32338 1 1
20080613060 19:50:00 71225 0 1
20080613061 20:00:00 72188 0 1
20080613062 20:10:00 06611 1 1
20080613063 20:20:00 23550 0 1
20080613064 20:30:00 80644 0 1
20080613065 20:40:00 44645 1 0
20080613066 20:50:00 68146 0 0
20080613067 21:00:00 46145 0 0
20080613068 21:10:00 35175 0 0
20080613069 21:20:00 22930 1 0
20080613070 21:30:00 16541 0 0
20080613071 21:40:00 95909 1 1
20080613072 21:50:00 19386 0 0
