20080114001 10:00:00 71448 0 1
20080114002 10:10:00 09416 0 0
20080114003 10:20:00 77046 1 0
20080114004 10:30:00 16543 0 0
20080114005 10:40:00 59702 0 0
20080114006 10:50:00 26432 0 0
20080114007 11:00:00 30278 0 0
20080114008 11:10:00 13030 0 1
20080114009 11:20:00 21960 0 0
20080114010 11:30:00 36661 1 1
20080114011 11:40:00 70758 1 0
20080114012 11:50:00 65219 0 0
20080114013 12:00:00 20199 0 1
20080114014 12:10:00 66896 1 0
20080114015 12:20:00 67253 0 0
20080114016 12:30:00 83991 0 1
20080114017 12:40:00 39235 0 0
20080114018 12:50:00 18159 1 0
20080114019 13:00:00 65741 0 0
20080114020 13:10:00 61865 0 0
20080114021 13:20:00 39577 0 1
20080114022 13:30:00 21639 0 0
20080114023 13:40:00 03324 1 0
20080114024 13:50:00 81604 0 0
20080114025 14:00:00 36179 0 0
20080114026 14:10:00 16808 0 1
20080114027 14:20:00 24046 0 0
20080114028 14:30:00 88157 1 0
20080114029 14:40:00 34181 0 1
20080114030 14:50:00 56731 0 0
20080114031 15:00:00 65601 1 0
20080114032 15:10:00 18634 0 0
20080114033 15:20:00 68952 0 0
20080114034 15:30:00 28229 1 1
20080114035 15:40:00 08122 0 1
20080114036 15:50:00 63365 1 0
20080114037 16:00:00 92421 0 0
20080114038 16:10:00 71826 0 0
20080114039 16:20:00 81206 0 0
20080114040 16:30:00 17718 1 0
20080114041 16:40:00 34149 0 0
20080114042 16:50:00 09569 0 0
20080114043 17:00:00 25740 0 0
20080114044 17:10:00 22704 1 0
20080114045 17:20:00 05572 1 0
20080114046 17:30:00 22523 1 0
20080114047 17:40:00 88650 1 0
20080114048 17:50:00 94692 0 0
20080114049 18:00:00 30513 0 0
20080114050 18:10:00 38874 1 0
20080114051 18:20:00 65321 0 0
20080114052 18:30:00 09659 0 0
20080114053 18:40:00 39843 0 0
20080114054 18:50:00 38613 0 0
20080114055 19:00:00 78365 0 0
20080114056 19:10:00 36276 0 0
20080114057 19:20:00 56876 0 0
20080114058 19:30:00 67499 0 1
20080114059 19:40:00 92792 0 0
20080114060 19:50:00 09964 1 0
20080114061 20:00:00 10155 1 1
20080114062 20:10:00 74327 0 0
20080114063 20:20:00 13208 0 0
20080114064 20:30:00 13994 0 1
20080114065 20:40:00 25687 0 0
20080114066 20:50:00 76066 0 1
20080114067 21:00:00 99664 1 1
20080114068 21:10:00 46221 0 1
20080114069 21:20:00 37140 0 0
20080114070 21:30:00 08202 0 1
20080114071 21:40:00 81122 1 1
20080114072 21:50:00 29709 0 0
