20081126001 10:00:00 65211 0 1
20081126002 10:10:00 27397 0 0
20081126003 10:20:00 03365 1 0
20081126004 10:30:00 98392 0 0
20081126005 10:40:00 00210 1 0
20081126006 10:50:00 52502 1 0
20081126007 11:00:00 46822 0 1
20081126008 11:10:00 35032 0 0
20081126009 11:20:00 40704 0 0
20081126010 11:30:00 18273 0 0
20081126011 11:40:00 52005 0 1
20081126012 11:50:00 06104 0 0
20081126013 12:00:00 86610 1 0
20081126014 12:10:00 56361 0 0
20081126015 12:20:00 65632 1 0
20081126016 12:30:00 30883 0 1
20081126017 12:40:00 81302 0 0
20081126018 12:50:00 58450 0 0
20081126019 13:00:00 23132 0 0
20081126020 13:10:00 88335 1 1
20081126021 13:20:00 61325 0 0
20081126022 13:30:00 02557 0 1
20081126023 13:40:00 00592 1 0
20081126024 13:50:00 42729 0 0
20081126025 14:00:00 85131 0 1
20081126026 14:10:00 01322 0 1
20081126027 14:20:00 48248 0 0
20081126028 14:30:00 41135 1 0
20081126029 14:40:00 43533 0 1
20081126030 14:50:00 95013 0 0
20081126031 15:00:00 33535 1 1
20081126032 15:10:00 14921 0 0
20081126033 15:20:00 96693 1 0
20081126034 15:30:00 10435 0 0
20081126035 15:40:00 21837 0 0
20081126036 15:50:00 59722 0 1
20081126037 16:00:00 51163 1 0
20081126038 16:10:00 41742 0 0
20081126039 16:20:00 59514 1 0
20081126040 16:30:00 97698 0 0
20081126041 16:40:00 19389 0 0
20081126042 16:50:00 55242 1 1
20081126043 17:00:00 37865 0 0
20081126044 17:10:00 84390 0 0
20081126045 17:20:00 15472 0 0
20081126046 17:30:00 94369 0 0
20081126047 17:40:00 59279 0 0
20081126048 17:50:00 64392 0 0
20081126049 18:00:00 67775 1 1
20081126050 18:10:00 65639 1 0
20081126051 18:20:00 86969 0 1
20081126052 18:30:00 24992 0 1
20081126053 18:40:00 90777 0 1
20081126054 18:50:00 81914 0 0
20081126055 19:00:00 45799 0 1
20081126056 19:10:00 43715 0 0
20081126057 19:20:00 43016 0 0
20081126058 19:30:00 26401 0 0
20081126059 19:40:00 66788 1 1
20081126060 19:50:00 27812 0 0
20081126061 20:00:00 85608 0 0
20081126062 20:10:00 99757 1 1
20081126063 20:20:00 24194 0 0
20081126064 20:30:00 80226 0 1
20081126065 20:40:00 00517 1 0
20081126066 20:50:00 54252 0 1
20081126067 21:00:00 25546 1 0
20081126068 21:10:00 73485 0 0
20081126069 21:20:00 87324 0 0
20081126070 21:30:00 51471 0 0
20081126071 21:40:00 46379 0 0
20081126072 21:50:00 21992 0 1
