20080912001 10:00:00 64103 0 0
20080912002 10:10:00 65063 0 0
20080912003 10:20:00 39814 0 0
20080912004 10:30:00 78758 1 0
20080912005 10:40:00 04672 0 0
20080912006 10:50:00 53759 0 0
20080912007 11:00:00 56365 0 0
20080912008 11:10:00 00514 1 0
20080912009 11:20:00 19191 1 1
20080912010 11:30:00 88795 1 0
20080912011 11:40:00 48584 0 0
20080912012 11:50:00 00051 1 0
20080912013 12:00:00 50653 0 0
20080912014 12:10:00 94711 0 1
20080912015 12:20:00 02654 0 0
20080912016 12:30:00 11109 1 0
20080912017 12:40:00 99514 1 0
20080912018 12:50:00 49812 0 0
20080912019 13:00:00 14664 0 1
20080912020 13:10:00 03434 0 1
20080912021 13:20:00 10467 0 0
20080912022 13:30:00 90241 0 0
20080912023 13:40:00 97197 0 0
20080912024 13:50:00 30165 0 0
20080912025 14:00:00 79413 0 0
20080912026 14:10:00 58314 0 0
20080912027 14:20:00 65776 0 1
20080912028 14:30:00 60144 0 1
20080912029 14:40:00 18597 0 0
20080912030 14:50:00 79824 0 0
20080912031 15:00:00 30077 1 1
20080912032 15:10:00 55120 1 0
20080912033 15:20:00 18366 0 1
20080912034 15:30:00 45519 1 0
20080912035 15:40:00 78872 1 0
20080912036 15:50:00 18651 0 0
20080912037 16:00:00 26557 0 1
20080912038 16:10:00 74047 0 0
20080912039 16:20:00 24668 0 1
20080912040 16:30:00 25560 1 0
20080912041 16:40:00 07033 1 1
20080912042 16:50:00 50431 0 0
20080912043 17:00:00 56351 0 0
20080912044 17:10:00 11802 1 0
20080912045 17:20:00 69131 0 1
20080912046 17:30:00 70349 0 0
20080912047 17:40:00 56872 0 0
20080912048 17:50:00 23782 0 0
20080912049 18:00:00 63715 0 0
20080912050 18:10:00 23291 1 0
20080912051 18:20:00 07300 0 1
20080912052 18:30:00 54458 1 0
20080912053 18:40:00 98968 1 0
20080912054 18:50:00 62899 0 1
20080912055 19:00:00 01429 0 0
20080912056 19:10:00 82155 0 1
20080912057 19:20:00 30607 0 0
20080912058 19:30:00 89139 0 0
20080912059 19:40:00 67765 1 0
20080912060 19:50:00 65150 0 0
20080912061 20:00:00 65556 1 1
20080912062 20:10:00 69801 0 0
20080912063 20:20:00 72717 1 1
20080912064 20:30:00 42224 1 1
20080912065 20:40:00 85341 0 0
20080912066 20:50:00 66102 1 0
20080912067 21:00:00 83069 0 0
20080912068 21:10:00 02357 0 0
20080912069 21:20:00 19724 0 0
20080912070 21:30:00 63912 0 0
20080912071 21:40:00 78346 0 0
20080912072 21:50:00 33583 1 0
