20081222001 10:00:00 48541 0 0
20081222002 10:10:00 64170 0 0
20081222003 10:20:00 36017 0 0
20081222004 10:30:00 63357 1 0
20081222005 10:40:00 28902 0 0
20081222006 10:50:00 46494 1 1
20081222007 11:00:00 48526 0 0
20081222008 11:10:00 12848 0 1
20081222009 11:20:00 69937 1 0
20081222010 11:30:00 10162 1 0
20081222011 11:40:00 86637 1 0
20081222012 11:50:00 91148 1 0
20081222013 12:00:00 54875 0 0
20081222014 12:10:00 02416 0 0
20081222015 12:20:00 35927 0 0
20081222016 12:30:00 30143 0 0
20081222017 12:40:00 23922 0 1
20081222018 12:50:00 01530 0 0
20081222019 13:00:00 18306 0 0
20081222020 13:10:00 80586 0 0
20081222021 13:20:00 62353 0 1
20081222022 13:30:00 67042 0 0
20081222023 13:40:00 10494 0 1
20081222024 13:50:00 10221 0 1
20081222025 14:00:00 57274 0 0
20081222026 14:10:00 84337 0 1
20081222027 14:20:00 89751 0 0
20081222028 14:30:00 96731 0 0
20081222029 14:40:00 57592 1 0
20081222030 14:50:00 32061 0 0
20081222031 15:00:00 81976 0 0
20081222032 15:10:00 37483 0 0
20081222033 15:20:00 28954 0 0
20081222034 15:30:00 78635 0 0
20081222035 15:40:00 03427 0 0
20081222036 15:50:00 55137 1 0
20081222037 16:00:00 06076 1 0
20081222038 16:10:00 15396 0 0
20081222039 16:20:00 38285 0 0
20081222040 16:30:00 92293 1 0
20081222041 16:40:00 15573 1 0
20081222042 16:50:00 91335 0 1
20081222043 17:00:00 61766 0 1
20081222044 17:10:00 08041 1 0
20081222045 17:20:00 26447 0 1
20081222046 17:30:00 75144 0 1
20081222047 17:40:00 09806 0 0
20081222048 17:50:00 97450 0 0
20081222049 18:00:00 88847 1 0
20081222050 18:10:00 73431 0 0
20081222051 18:20:00 05538 1 0
20081222052 18:30:00 92014 0 0
20081222053 18:40:00 30182 0 0
20081222054 18:50:00 09496 0 0
20081222055 19:00:00 13794 0 0
20081222056 19:10:00 43667 0 1
20081222057 19:20:00 56929 0 1
20081222058 19:30:00 02888 0 1
20081222059 19:40:00 15269 0 0
20081222060 19:50:00 55652 1 0
20081222061 20:00:00 56153 0 0
20081222062 20:10:00 24339 0 1
20081222063 20:20:00 10709 0 0
20081222064 20:30:00 34578 0 0
20081222065 20:40:00 92764 0 0
20081222066 20:50:00 33221 1 1
20081222067 21:00:00 13599 0 1
20081222068 21:10:00 76189 0 0
20081222069 21:20:00 32084 0 0
20081222070 21:30:00 86387 0 0
20081222071 21:40:00 65763 0 0
20081222072 21:50:00 64717 0 1
