20081219001 10:00:00 69819 0 0
20081219002 10:10:00 20300 0 1
20081219003 10:20:00 34696 0 1
20081219004 10:30:00 48578 0 0
20081219005 10:40:00 31237 0 0
20081219006 10:50:00 07665 0 1
20081219007 11:00:00 98841 1 0
20081219008 11:10:00 48890 1 0
20081219009 11:20:00 97189 0 0
20081219010 11:30:00 73663 0 1
20081219011 11:40:00 68137 0 0
20081219012 11:50:00 07012 1 0
20081219013 12:00:00 67334 0 1
20081219014 12:10:00 24467 1 0
20081219015 12:20:00 03230 0 0
20081219016 12:30:00 46976 0 0
20081219017 12:40:00 83836 1 0
20081219018 12:50:00 83951 0 0
20081219019 13:00:00 07316 0 0
20081219020 13:10:00 03664 0 1
20081219021 13:20:00 31359 1 0
20081219022 13:30:00 53304 1 0
20081219023 13:40:00 82430 0 0
20081219024 13:50:00 84673 0 0
20081219025 14:00:00 59745 0 0
20081219026 14:10:00 89349 0 0
20081219027 14:20:00 39786 0 0
20081219028 14:30:00 37338 1 1
20081219029 14:40:00 06039 1 0
20081219030 14:50:00 28501 0 0
20081219031 15:00:00 07945 0 0
20081219032 15:10:00 15277 0 1
20081219033 15:20:00 10554 0 1
20081219034 15:30:00 57853 0 0
20081219035 15:40:00 47619 0 0
20081219036 15:50:00 34934 0 0
20081219037 16:00:00 15377 0 1
20081219038 16:10:00 87487 0 0
20081219039 16:20:00 59706 0 0
20081219040 16:30:00 92344 0 1
20081219041 16:40:00 99027 1 0
20081219042 16:50:00 75672 0 0
20081219043 17:00:00 08572 0 0
20081219044 17:10:00 32477 0 1
20081219045 17:20:00 99347 1 0
20081219046 17:30:00 21965 0 0
20081219047 17:40:00 09912 1 0
20081219048 17:50:00 74746 1 0
20081219049 18:00:00 13053 0 0
20081219050 18:10:00 81965 0 0
20081219051 18:20:00 51439 0 0
20081219052 18:30:00 24004 0 1
20081219053 18:40:00 76411 0 1
20081219054 18:50:00 04012 1 0
20081219055 19:00:00 66112 1 1
20081219056 19:10:00 29110 0 1
20081219057 19:20:00 51720 0 0
20081219058 19:30:00 04593 0 0
20081219059 19:40:00 22335 1 1
20081219060 19:50:00 82861 1 0
20081219061 20:00:00 17617 0 0
20081219062 20:10:00 63275 0 0
20081219063 20:20:00 20043 1 0
20081219064 20:30:00 95989 1 1
20081219065 20:40:00 00016 1 0
20081219066 20:50:00 09264 0 0
20081219067 21:00:00 26126 0 0
20081219068 21:10:00 84680 0 0
20081219069 21:20:00 49124 0 0
20081219070 21:30:00 18889 1 1
20081219071 21:40:00 07101 0 1
20081219072 21:50:00 92272 1 1
