20080516001 10:00:00 44543 1 0
20080516002 10:10:00 41381 0 0
20080516003 10:20:00 40747 0 1
20080516004 10:30:00 94473 1 0
20080516005 10:40:00 07634 0 0
20080516006 10:50:00 60609 1 0
20080516007 11:00:00 59696 0 1
20080516008 11:10:00 76117 0 1
20080516009 11:20:00 93571 0 0
20080516010 11:30:00 29395 0 0
20080516011 11:40:00 67626 1 1
20080516012 11:50:00 97230 0 0
20080516013 12:00:00 90947 1 0
20080516014 12:10:00 49500 0 1
20080516015 12:20:00 08131 0 1
20080516016 12:30:00 90068 1 0
20080516017 12:40:00 97479 0 0
20080516018 12:50:00 37202 0 1
20080516019 13:00:00 14516 0 0
20080516020 13:10:00 18793 0 0
20080516021 13:20:00 94554 0 1
20080516022 13:30:00 41532 0 0
20080516023 13:40:00 02227 1 1
20080516024 13:50:00 44764 1 0
20080516025 14:00:00 23609 0 0
20080516026 14:10:00 07431 0 0
20080516027 14:20:00 76907 0 0
20080516028 14:30:00 43176 0 0
20080516029 14:40:00 96897 0 0
20080516030 14:50:00 50252 0 1
20080516031 15:00:00 21398 0 0
20080516032 15:10:00 01499 0 1
20080516033 15:20:00 01845 0 0
20080516034 15:30:00 84912 0 0
20080516035 15:40:00 81536 0 0
20080516036 15:50:00 31687 0 0
20080516037 16:00:00 39178 0 0
20080516038 16:10:00 49949 1 1
20080516039 16:20:00 77191 1 1
20080516040 16:30:00 27234 1 0
20080516041 16:40:00 66068 1 0
20080516042 16:50:00 33511 1 1
20080516043 17:00:00 78564 0 0
20080516044 17:10:00 45246 0 0
20080516045 17:20:00 47796 1 0
20080516046 17:30:00 81487 0 0
20080516047 17:40:00 20097 1 0
20080516048 17:50:00 04624 0 0
20080516049 18:00:00 31017 0 0
20080516050 18:10:00 14254 0 0
20080516051 18:20:00 34315 1 0
20080516052 18:30:00 18916 0 0
20080516053 18:40:00 88820 1 0
20080516054 18:50:00 84673 0 0
20080516055 19:00:00 16836 0 0
20080516056 19:10:00 85752 0 0
20080516057 19:20:00 29593 0 0
20080516058 19:30:00 94429 1 0
20080516059 19:40:00 58755 0 1
20080516060 19:50:00 91394 0 0
20080516061 20:00:00 55165 1 0
20080516062 20:10:00 56933 0 1
20080516063 20:20:00 22152 1 0
20080516064 20:30:00 94056 0 0
20080516065 20:40:00 89563 0 0
20080516066 20:50:00 60729 0 0
20080516067 21:00:00 11939 1 1
20080516068 21:10:00 31343 1 1
20080516069 21:20:00 06632 1 0
20080516070 21:30:00 30586 0 0
20080516071 21:40:00 01478 0 0
20080516072 21:50:00 38150 0 0
