20080307001 10:00:00 49039 0 0
20080307002 10:10:00 06846 0 0
20080307003 10:20:00 17040 0 1
20080307004 10:30:00 99889 1 1
20080307005 10:40:00 88836 1 0
20080307006 10:50:00 78702 1 0
20080307007 11:00:00 51776 0 1
20080307008 11:10:00 08982 0 0
20080307009 11:20:00 80619 0 0
20080307010 11:30:00 86515 0 1
20080307011 11:40:00 35283 0 0
20080307012 11:50:00 32985 0 0
20080307013 12:00:00 24093 0 0
20080307014 12:10:00 38012 0 0
20080307015 12:20:00 70955 0 1
20080307016 12:30:00 00380 1 0
20080307017 12:40:00 95768 0 0
20080307018 12:50:00 17508 0 0
20080307019 13:00:00 49119 0 1
20080307020 13:10:00 11444 1 1
20080307021 13:20:00 79445 0 1
20080307022 13:30:00 30260 0 0
20080307023 13:40:00 45291 0 0
20080307024 13:50:00 66137 1 0
20080307025 14:00:00 29066 0 1
20080307026 14:10:00 75936 0 0
20080307027 14:20:00 06973 0 0
20080307028 14:30:00 01160 1 0
20080307029 14:40:00 96436 0 0
20080307030 14:50:00 80719 0 0
20080307031 15:00:00 06380 0 0
20080307032 15:10:00 87447 0 1
20080307033 15:20:00 52846 0 0
20080307034 15:30:00 33398 1 0
20080307035 15:40:00 45888 0 1
20080307036 15:50:00 60406 0 0
20080307037 16:00:00 95536 1 0
20080307038 16:10:00 70842 0 0
20080307039 16:20:00 47311 0 1
20080307040 16:30:00 59655 0 1
20080307041 16:40:00 89283 0 0
20080307042 16:50:00 28711 0 1
20080307043 17:00:00 55968 1 0
20080307044 17:10:00 03919 0 1
20080307045 17:20:00 65222 0 1
20080307046 17:30:00 47481 1 0
20080307047 17:40:00 97580 0 0
20080307048 17:50:00 53900 0 1
20080307049 18:00:00 03451 0 0
20080307050 18:10:00 24177 0 1
20080307051 18:20:00 30303 1 1
20080307052 18:30:00 22038 1 0
20080307053 18:40:00 48854 1 0
20080307054 18:50:00 45592 1 0
20080307055 19:00:00 19824 0 0
20080307056 19:10:00 66790 1 0
20080307057 19:20:00 86152 0 0
20080307058 19:30:00 77518 1 0
20080307059 19:40:00 83761 0 0
20080307060 19:50:00 60276 0 0
20080307061 20:00:00 84535 0 1
20080307062 20:10:00 93059 0 0
20080307063 20:20:00 33995 1 1
20080307064 20:30:00 09833 0 1
20080307065 20:40:00 36338 1 1
20080307066 20:50:00 18791 0 0
20080307067 21:00:00 81634 0 0
20080307068 21:10:00 06504 0 0
20080307069 21:20:00 07634 0 0
20080307070 21:30:00 64154 0 0
20080307071 21:40:00 71298 0 0
20080307072 21:50:00 35424 0 1
