20081216001 10:00:00 81627 0 0
20081216002 10:10:00 76596 0 0
20081216003 10:20:00 80988 0 1
20081216004 10:30:00 71041 0 0
20081216005 10:40:00 78649 0 0
20081216006 10:50:00 81255 0 1
20081216007 11:00:00 94773 0 1
20081216008 11:10:00 25125 0 0
20081216009 11:20:00 90889 0 1
20081216010 11:30:00 70873 0 0
20081216011 11:40:00 49517 0 0
20081216012 11:50:00 54119 0 1
20081216013 12:00:00 72694 0 0
20081216014 12:10:00 76912 0 0
20081216015 12:20:00 48771 0 1
20081216016 12:30:00 68777 0 1
20081216017 12:40:00 70286 0 0
20081216018 12:50:00 94749 0 0
20081216019 13:00:00 56939 0 1
20081216020 13:10:00 12700 0 1
20081216021 13:20:00 54498 1 0
20081216022 13:30:00 02963 0 0
20081216023 13:40:00 50977 0 1
20081216024 13:50:00 46288 0 1
20081216025 14:00:00 14074 0 0
20081216026 14:10:00 45435 1 0
20081216027 14:20:00 28463 0 0
20081216028 14:30:00 07614 0 0
20081216029 14:40:00 01131 1 1
20081216030 14:50:00 30020 1 1
20081216031 15:00:00 18009 0 1
20081216032 15:10:00 16518 0 0
20081216033 15:20:00 35369 1 0
20081216034 15:30:00 10702 0 0
20081216035 15:40:00 54310 0 0
20081216036 15:50:00 57080 0 1
20081216037 16:00:00 29871 0 0
20081216038 16:10:00 53598 1 0
20081216039 16:20:00 13178 1 0
20081216040 16:30:00 63609 1 0
20081216041 16:40:00 95045 0 0
20081216042 16:50:00 55371 1 0
20081216043 17:00:00 07038 1 0
20081216044 17:10:00 89537 0 0
20081216045 17:20:00 10362 0 0
20081216046 17:30:00 99620 1 0
20081216047 17:40:00 41189 1 0
20081216048 17:50:00 05474 0 1
20081216049 18:00:00 76079 0 0
20081216050 18:10:00 10407 0 0
20081216051 18:20:00 63084 0 0
20081216052 18:30:00 64867 0 0
20081216053 18:40:00 11221 1 1
20081216054 18:50:00 27711 1 1
20081216055 19:00:00 30468 0 0
20081216056 19:10:00 92633 0 1
20081216057 19:20:00 89638 0 0
20081216058 19:30:00 60911 0 1
20081216059 19:40:00 10279 0 0
20081216060 19:50:00 55379 1 0
20081216061 20:00:00 57666 0 1
20081216062 20:10:00 36100 0 1
20081216063 20:20:00 74310 0 0
20081216064 20:30:00 31978 0 0
20081216065 20:40:00 18875 1 0
20081216066 20:50:00 76149 0 0
20081216067 21:00:00 92015 0 0
20081216068 21:10:00 39986 1 0
20081216069 21:20:00 43949 0 1
20081216070 21:30:00 35824 0 0
20081216071 21:40:00 34262 0 1
20081216072 21:50:00 31765 0 0
