20080428001 10:00:00 18728 0 0
20080428002 10:10:00 46461 1 0
20080428003 10:20:00 73549 0 0
20080428004 10:30:00 81503 0 0
20080428005 10:40:00 90842 0 0
20080428006 10:50:00 69654 1 0
20080428007 11:00:00 66677 1 1
20080428008 11:10:00 61734 0 0
20080428009 11:20:00 54889 0 1
20080428010 11:30:00 09109 0 0
20080428011 11:40:00 19522 0 1
20080428012 11:50:00 83914 0 0
20080428013 12:00:00 83513 0 0
20080428014 12:10:00 70139 0 0
20080428015 12:20:00 01621 0 0
20080428016 12:30:00 60186 0 0
20080428017 12:40:00 04844 0 1
20080428018 12:50:00 49317 0 0
20080428019 13:00:00 67419 0 0
20080428020 13:10:00 31315 1 0
20080428021 13:20:00 05642 0 0
20080428022 13:30:00 72226 1 1
20080428023 13:40:00 15260 0 0
20080428024 13:50:00 48006 0 1
20080428025 14:00:00 93764 0 0
20080428026 14:10:00 07507 0 0
20080428027 14:20:00 58100 0 1
20080428028 14:30:00 72258 1 0
20080428029 14:40:00 20577 0 1
20080428030 14:50:00 16874 0 0
20080428031 15:00:00 81993 0 1
20080428032 15:10:00 82897 1 0
20080428033 15:20:00 77335 1 1
20080428034 15:30:00 87333 0 1
20080428035 15:40:00 22044 1 1
20080428036 15:50:00 83323 1 1
20080428037 16:00:00 72407 0 0
20080428038 16:10:00 35810 0 0
20080428039 16:20:00 63444 0 1
20080428040 16:30:00 02714 0 0
20080428041 16:40:00 74917 0 0
20080428042 16:50:00 21150 1 0
20080428043 17:00:00 27488 0 1
20080428044 17:10:00 63983 0 0
20080428045 17:20:00 78621 0 0
20080428046 17:30:00 25976 0 0
20080428047 17:40:00 18295 0 0
20080428048 17:50:00 86983 0 0
20080428049 18:00:00 81640 0 0
20080428050 18:10:00 56156 0 0
20080428051 18:20:00 50121 0 1
20080428052 18:30:00 26273 1 0
20080428053 18:40:00 98669 0 1
20080428054 18:50:00 31613 0 0
20080428055 19:00:00 75774 1 1
20080428056 19:10:00 87277 0 1
20080428057 19:20:00 82721 0 0
20080428058 19:30:00 66665 1 1
20080428059 19:40:00 77645 1 0
20080428060 19:50:00 61656 1 1
20080428061 20:00:00 87265 0 0
20080428062 20:10:00 49191 0 1
20080428063 20:20:00 46065 0 0
20080428064 20:30:00 42507 0 0
20080428065 20:40:00 26336 0 1
20080428066 20:50:00 11364 1 0
20080428067 21:00:00 98487 0 0
20080428068 21:10:00 64414 1 1
20080428069 21:20:00 38613 0 0
20080428070 21:30:00 40568 0 0
20080428071 21:40:00 96831 0 0
20080428072 21:50:00 95706 0 0
