20080125001 10:00:00 16230 0 0
20080125002 10:10:00 81314 0 0
20080125003 10:20:00 64670 1 0
20080125004 10:30:00 24413 1 0
20080125005 10:40:00 17376 0 0
20080125006 10:50:00 85973 0 0
20080125007 11:00:00 33585 1 1
20080125008 11:10:00 85315 0 0
20080125009 11:20:00 39088 0 1
20080125010 11:30:00 21612 0 0
20080125011 11:40:00 41727 0 1
20080125012 11:50:00 38941 0 0
20080125013 12:00:00 54918 0 0
20080125014 12:10:00 28779 0 1
20080125015 12:20:00 47190 0 0
20080125016 12:30:00 30842 0 0
20080125017 12:40:00 48001 0 1
20080125018 12:50:00 79772 1 1
20080125019 13:00:00 08705 0 0
20080125020 13:10:00 15143 1 0
20080125021 13:20:00 09015 1 0
20080125022 13:30:00 35990 0 1
20080125023 13:40:00 17415 0 0
20080125024 13:50:00 65029 0 0
20080125025 14:00:00 69192 0 0
20080125026 14:10:00 69856 0 0
20080125027 14:20:00 62001 0 1
20080125028 14:30:00 14013 0 0
20080125029 14:40:00 06032 1 0
20080125030 14:50:00 66347 1 0
20080125031 15:00:00 10911 0 1
20080125032 15:10:00 91481 0 0
20080125033 15:20:00 34894 0 0
20080125034 15:30:00 48986 0 0
20080125035 15:40:00 99336 1 1
20080125036 15:50:00 85297 0 0
20080125037 16:00:00 62000 0 1
20080125038 16:10:00 49133 0 1
20080125039 16:20:00 50668 0 1
20080125040 16:30:00 79881 0 1
20080125041 16:40:00 06192 0 0
20080125042 16:50:00 69535 0 1
20080125043 17:00:00 21667 0 1
20080125044 17:10:00 70992 0 1
20080125045 17:20:00 98503 0 0
20080125046 17:30:00 66663 1 1
20080125047 17:40:00 92282 1 1
20080125048 17:50:00 90987 1 0
20080125049 18:00:00 01889 0 1
20080125050 18:10:00 89888 1 1
20080125051 18:20:00 71454 0 1
20080125052 18:30:00 15445 0 1
20080125053 18:40:00 31674 0 0
20080125054 18:50:00 50375 0 0
20080125055 19:00:00 82767 0 1
20080125056 19:10:00 71752 1 0
20080125057 19:20:00 39479 0 0
20080125058 19:30:00 27920 0 0
20080125059 19:40:00 93972 1 0
20080125060 19:50:00 11390 1 0
20080125061 20:00:00 53335 1 1
20080125062 20:10:00 06696 1 1
20080125063 20:20:00 10049 1 0
20080125064 20:30:00 44837 1 0
20080125065 20:40:00 39485 0 0
20080125066 20:50:00 81566 0 1
20080125067 21:00:00 05775 0 1
20080125068 21:10:00 83805 1 0
20080125069 21:20:00 28176 0 0
20080125070 21:30:00 68064 0 0
20080125071 21:40:00 97502 0 0
20080125072 21:50:00 61523 0 0
