20080524001 10:00:00 02984 0 0
20080524002 10:10:00 82542 0 0
20080524003 10:20:00 15883 0 1
20080524004 10:30:00 21446 0 1
20080524005 10:40:00 54488 1 1
20080524006 10:50:00 38479 0 0
20080524007 11:00:00 18058 0 0
20080524008 11:10:00 03661 0 1
20080524009 11:20:00 44433 1 1
20080524010 11:30:00 52364 0 0
20080524011 11:40:00 76010 0 1
20080524012 11:50:00 48837 1 0
20080524013 12:00:00 10730 0 0
20080524014 12:10:00 91984 1 0
20080524015 12:20:00 07727 1 1
20080524016 12:30:00 37864 0 0
20080524017 12:40:00 19183 1 0
20080524018 12:50:00 50204 0 0
20080524019 13:00:00 54406 1 0
20080524020 13:10:00 29147 0 0
20080524021 13:20:00 79084 0 0
20080524022 13:30:00 08572 0 0
20080524023 13:40:00 96901 1 0
20080524024 13:50:00 70827 0 0
20080524025 14:00:00 54202 0 1
20080524026 14:10:00 05716 0 0
20080524027 14:20:00 32540 0 0
20080524028 14:30:00 52307 0 0
20080524029 14:40:00 01330 0 1
20080524030 14:50:00 66096 1 0
20080524031 15:00:00 26053 0 0
20080524032 15:10:00 07253 0 0
20080524033 15:20:00 26026 0 0
20080524034 15:30:00 49931 1 0
20080524035 15:40:00 20947 0 0
20080524036 15:50:00 81667 0 1
20080524037 16:00:00 84514 0 0
20080524038 16:10:00 32459 0 0
20080524039 16:20:00 33561 1 0
20080524040 16:30:00 67619 1 0
20080524041 16:40:00 96326 0 0
20080524042 16:50:00 01955 0 1
20080524043 17:00:00 97732 1 0
20080524044 17:10:00 41216 0 0
20080524045 17:20:00 94903 1 0
20080524046 17:30:00 16403 0 0
20080524047 17:40:00 46955 0 1
20080524048 17:50:00 30347 1 0
20080524049 18:00:00 31180 1 0
20080524050 18:10:00 26258 1 0
20080524051 18:20:00 10732 0 0
20080524052 18:30:00 18742 0 0
20080524053 18:40:00 78740 1 0
20080524054 18:50:00 92712 0 0
20080524055 19:00:00 06101 0 1
20080524056 19:10:00 92778 0 1
20080524057 19:20:00 45782 0 0
20080524058 19:30:00 44129 1 0
20080524059 19:40:00 23015 0 0
20080524060 19:50:00 83944 0 1
20080524061 20:00:00 74380 0 0
20080524062 20:10:00 27985 0 0
20080524063 20:20:00 91097 0 0
20080524064 20:30:00 99859 1 0
20080524065 20:40:00 92432 0 0
20080524066 20:50:00 14177 1 1
20080524067 21:00:00 54945 0 0
20080524068 21:10:00 38479 0 0
20080524069 21:20:00 18294 0 0
20080524070 21:30:00 68427 0 0
20080524071 21:40:00 18327 0 0
20080524072 21:50:00 69119 0 1
