20080515001 10:00:00 98697 0 0
20080515002 10:10:00 73410 0 0
20080515003 10:20:00 16078 0 0
20080515004 10:30:00 85040 0 1
20080515005 10:40:00 62819 0 0
20080515006 10:50:00 25253 1 0
20080515007 11:00:00 07803 0 0
20080515008 11:10:00 66461 1 0
20080515009 11:20:00 03552 0 1
20080515010 11:30:00 31507 0 0
20080515011 11:40:00 75397 0 0
20080515012 11:50:00 63553 0 1
20080515013 12:00:00 48451 1 0
20080515014 12:10:00 26808 0 1
20080515015 12:20:00 81777 0 1
20080515016 12:30:00 45073 0 0
20080515017 12:40:00 89851 1 0
20080515018 12:50:00 42293 1 0
20080515019 13:00:00 42442 1 1
20080515020 13:10:00 10432 0 0
20080515021 13:20:00 03612 0 0
20080515022 13:30:00 79026 0 0
20080515023 13:40:00 28332 0 1
20080515024 13:50:00 02761 0 0
20080515025 14:00:00 38347 1 0
20080515026 14:10:00 94551 0 1
20080515027 14:20:00 33974 1 0
20080515028 14:30:00 28642 0 0
20080515029 14:40:00 62966 0 1
20080515030 14:50:00 13740 0 0
20080515031 15:00:00 02378 0 0
20080515032 15:10:00 19688 0 1
20080515033 15:20:00 11628 1 0
20080515034 15:30:00 50162 0 0
20080515035 15:40:00 49041 0 0
20080515036 15:50:00 53113 0 1
20080515037 16:00:00 51952 0 0
20080515038 16:10:00 95002 0 1
20080515039 16:20:00 73872 0 0
20080515040 16:30:00 61506 0 0
20080515041 16:40:00 66265 1 0
20080515042 16:50:00 06334 0 1
20080515043 17:00:00 25442 0 1
20080515044 17:10:00 49430 1 0
20080515045 17:20:00 33158 1 0
20080515046 17:30:00 41698 0 0
20080515047 17:40:00 27526 0 0
20080515048 17:50:00 71181 1 1
20080515049 18:00:00 07305 0 0
20080515050 18:10:00 73168 0 0
20080515051 18:20:00 97907 1 0
20080515052 18:30:00 04442 1 1
20080515053 18:40:00 91270 0 0
20080515054 18:50:00 66010 1 1
20080515055 19:00:00 59523 1 0
20080515056 19:10:00 09996 1 1
20080515057 19:20:00 77908 1 0
20080515058 19:30:00 15400 0 1
20080515059 19:40:00 11420 1 0
20080515060 19:50:00 01836 0 0
20080515061 20:00:00 78058 0 0
20080515062 20:10:00 51694 0 0
20080515063 20:20:00 42570 0 0
20080515064 20:30:00 43133 0 1
20080515065 20:40:00 21269 1 0
20080515066 20:50:00 05094 1 0
20080515067 21:00:00 33032 1 0
20080515068 21:10:00 00991 1 1
20080515069 21:20:00 19173 1 0
20080515070 21:30:00 33092 1 0
20080515071 21:40:00 82408 0 0
20080515072 21:50:00 21104 1 0
