20091220001 00:05:00 28974 0 0
20091220002 00:10:00 44595 1 1
20091220003 00:15:00 05927 0 0
20091220004 00:20:00 81078 0 0
20091220005 00:25:00 91206 0 0
20091220006 00:30:00 50557 1 1
20091220007 00:35:00 63103 0 0
20091220008 00:40:00 49147 0 0
20091220009 00:45:00 46275 0 0
20091220010 00:50:00 09912 1 0
20091220011 00:55:00 25760 0 0
20091220012 01:00:00 66981 1 0
20091220013 01:05:00 20330 0 1
20091220014 01:10:00 10242 0 1
20091220015 01:15:00 46545 0 1
20091220016 01:20:00 15036 0 0
20091220017 01:25:00 81358 0 0
20091220018 01:30:00 00494 1 1
20091220019 01:35:00 43309 1 0
20091220020 01:40:00 24481 1 0
20091220021 01:45:00 59723 0 0
20091220022 01:50:00 81131 1 1
20091220023 01:55:00 39115 0 1
20091220024 10:00:00 51356 0 0
20091220025 10:10:00 94837 0 0
20091220026 10:20:00 56462 0 0
20091220027 10:30:00 04367 0 0
20091220028 10:40:00 47158 0 0
20091220029 10:50:00 98210 0 0
20091220030 11:00:00 05348 0 0
20091220031 11:10:00 99924 1 0
20091220032 11:20:00 90063 1 0
20091220033 11:30:00 33817 1 0
20091220034 11:40:00 48091 0 0
20091220035 11:50:00 31948 0 0
20091220036 12:00:00 87602 0 0
20091220037 12:10:00 50600 0 1
20091220038 12:20:00 34853 0 0
20091220039 12:30:00 59858 0 1
20091220040 12:40:00 12105 1 0
20091220041 12:50:00 35191 0 1
20091220042 13:00:00 14462 1 0
20091220043 13:10:00 47528 0 0
20091220044 13:20:00 31125 1 0
20091220045 13:30:00 02929 0 1
20091220046 13:40:00 28509 0 0
20091220047 13:50:00 67222 0 1
20091220048 14:00:00 70225 0 1
20091220049 14:10:00 81352 0 0
20091220050 14:20:00 68558 0 1
20091220051 14:30:00 34090 0 1
20091220052 14:40:00 81567 0 0
20091220053 14:50:00 65785 0 0
20091220054 15:00:00 10230 0 0
20091220055 15:10:00 83881 1 1
20091220056 15:20:00 44554 1 1
20091220057 15:30:00 98758 0 0
20091220058 15:40:00 45607 0 0
20091220059 15:50:00 51874 0 0
20091220060 16:00:00 95267 0 0
20091220061 16:10:00 49561 0 0
20091220062 16:20:00 61684 1 0
20091220063 16:30:00 68711 0 1
20091220064 16:40:00 80605 0 0
20091220065 16:50:00 50698 0 0
20091220066 17:00:00 04512 0 0
20091220067 17:10:00 88102 1 0
20091220068 17:20:00 10121 1 1
20091220069 17:30:00 80264 0 0
20091220070 17:40:00 14149 1 0
20091220071 17:50:00 95824 0 0
20091220072 18:00:00 50779 0 1
20091220073 18:10:00 26767 0 1
20091220074 18:20:00 63531 0 0
20091220075 18:30:00 06380 0 0
20091220076 18:40:00 92460 0 0
20091220077 18:50:00 95951 1 0
20091220078 19:00:00 69485 0 0
20091220079 19:10:00 11020 1 1
20091220080 19:20:00 20665 0 1
20091220081 19:30:00 89008 0 1
20091220082 19:40:00 86680 1 0
20091220083 19:50:00 04955 0 1
20091220084 20:00:00 29148 0 0
20091220085 20:10:00 75471 0 0
20091220086 20:20:00 68625 1 0
20091220087 20:30:00 44525 1 1
20091220088 20:40:00 60718 0 0
20091220089 20:50:00 10735 0 0
20091220090 21:00:00 63933 0 1
20091220091 21:10:00 17648 0 0
20091220092 21:20:00 55995 1 1
20091220093 21:30:00 35254 0 0
20091220094 21:40:00 32045 0 0
20091220095 21:50:00 92064 0 0
20091220096 22:00:00 02175 0 0
20091220097 22:05:00 94478 1 0
20091220098 22:10:00 07141 0 1
20091220099 22:15:00 96260 0 0
20091220100 22:20:00 36623 1 0
20091220101 22:25:00 28120 0 0
20091220102 22:30:00 34387 1 0
20091220103 22:35:00 69770 0 1
20091220104 22:40:00 74633 0 1
20091220105 22:45:00 95299 0 1
20091220106 22:50:00 52325 0 0
20091220107 22:55:00 80471 0 0
20091220108 23:00:00 00721 1 0
20091220109 23:05:00 27086 0 0
20091220110 23:10:00 63737 0 1
20091220111 23:15:00 86449 0 1
20091220112 23:20:00 49440 1 1
20091220113 23:25:00 33922 1 1
20091220114 23:30:00 11409 1 0
20091220115 23:35:00 80527 0 0
20091220116 23:40:00 69240 0 0
20091220117 23:45:00 59146 0 0
20091220118 23:50:00 08566 0 1
20091220119 23:55:00 43153 0 0
20091220120 00:00:00 39245 0 0
