20090716001 10:00:00 88670 1 0
20090716002 10:10:00 31758 0 0
20090716003 10:20:00 99489 1 0
20090716004 10:30:00 23035 0 0
20090716005 10:40:00 27905 0 0
20090716006 10:50:00 16063 0 0
20090716007 11:00:00 78486 0 0
20090716008 11:10:00 34582 0 0
20090716009 11:20:00 65135 0 0
20090716010 11:30:00 70032 1 0
20090716011 11:40:00 68326 0 0
20090716012 11:50:00 09755 0 1
20090716013 12:00:00 46019 0 0
20090716014 12:10:00 29399 0 1
20090716015 12:20:00 22942 1 0
20090716016 12:30:00 40400 1 1
20090716017 12:40:00 50126 0 0
20090716018 12:50:00 37162 0 0
20090716019 13:00:00 78003 0 1
20090716020 13:10:00 79273 0 0
20090716021 13:20:00 77987 1 0
20090716022 13:30:00 11586 1 0
20090716023 13:40:00 68225 0 1
20090716024 13:50:00 35198 0 0
20090716025 14:00:00 86610 1 0
20090716026 14:10:00 45732 0 0
20090716027 14:20:00 61217 0 0
20090716028 14:30:00 88973 1 0
20090716029 14:40:00 08679 0 0
20090716030 14:50:00 35276 0 0
20090716031 15:00:00 73084 0 0
20090716032 15:10:00 77279 1 0
20090716033 15:20:00 20568 0 0
20090716034 15:30:00 24486 1 0
20090716035 15:40:00 45371 0 0
20090716036 15:50:00 11933 1 1
20090716037 16:00:00 44917 1 0
20090716038 16:10:00 12136 1 0
20090716039 16:20:00 18612 0 0
20090716040 16:30:00 16291 0 0
20090716041 16:40:00 86365 0 0
20090716042 16:50:00 08472 0 0
20090716043 17:00:00 39331 1 1
20090716044 17:10:00 14982 0 0
20090716045 17:20:00 56388 0 1
20090716046 17:30:00 95977 1 1
20090716047 17:40:00 22364 1 0
20090716048 17:50:00 36543 0 0
20090716049 18:00:00 38105 0 0
20090716050 18:10:00 85120 0 0
20090716051 18:20:00 67201 0 0
20090716052 18:30:00 27251 1 0
20090716053 18:40:00 77256 1 0
20090716054 18:50:00 43136 0 0
20090716055 19:00:00 72603 0 0
20090716056 19:10:00 51082 0 0
20090716057 19:20:00 48234 0 0
20090716058 19:30:00 79458 0 0
20090716059 19:40:00 54041 0 0
20090716060 19:50:00 98920 1 0
20090716061 20:00:00 59605 0 0
20090716062 20:10:00 39918 1 0
20090716063 20:20:00 46818 0 1
20090716064 20:30:00 27685 0 0
20090716065 20:40:00 19289 0 0
20090716066 20:50:00 26066 0 1
20090716067 21:00:00 95490 0 0
20090716068 21:10:00 15600 0 1
20090716069 21:20:00 58192 0 0
20090716070 21:30:00 03634 0 0
20090716071 21:40:00 10377 0 1
20090716072 21:50:00 42796 0 0
