20090918001 10:00:00 40916 0 0
20090918002 10:10:00 37459 0 0
20090918003 10:20:00 21144 1 1
20090918004 10:30:00 33285 1 0
20090918005 10:40:00 91559 0 1
20090918006 10:50:00 23352 1 0
20090918007 11:00:00 86467 0 0
20090918008 11:10:00 60713 0 0
20090918009 11:20:00 85862 1 0
20090918010 11:30:00 84653 0 0
20090918011 11:40:00 57608 0 0
20090918012 11:50:00 15469 0 0
20090918013 12:00:00 78609 0 0
20090918014 12:10:00 05180 0 0
20090918015 12:20:00 56703 0 0
20090918016 12:30:00 03381 1 0
20090918017 12:40:00 07197 0 0
20090918018 12:50:00 70338 0 1
20090918019 13:00:00 95451 0 0
20090918020 13:10:00 17368 0 0
20090918021 13:20:00 12122 1 1
20090918022 13:30:00 19649 0 0
20090918023 13:40:00 95510 1 0
20090918024 13:50:00 17982 0 0
20090918025 14:00:00 86197 0 0
20090918026 14:10:00 72597 0 0
20090918027 14:20:00 63868 0 1
20090918028 14:30:00 55467 1 0
20090918029 14:40:00 05285 0 0
20090918030 14:50:00 01852 0 0
20090918031 15:00:00 75591 1 0
20090918032 15:10:00 16170 1 0
20090918033 15:20:00 15706 0 0
20090918034 15:30:00 70382 0 0
20090918035 15:40:00 53356 1 0
20090918036 15:50:00 26626 1 1
20090918037 16:00:00 69560 0 0
20090918038 16:10:00 20696 0 1
20090918039 16:20:00 99094 1 0
20090918040 16:30:00 76096 0 0
20090918041 16:40:00 63517 0 0
20090918042 16:50:00 07201 0 0
20090918043 17:00:00 50538 1 0
20090918044 17:10:00 12515 0 1
20090918045 17:20:00 96220 0 1
20090918046 17:30:00 75590 1 0
20090918047 17:40:00 78424 0 1
20090918048 17:50:00 08217 0 0
20090918049 18:00:00 57241 0 0
20090918050 18:10:00 92573 0 0
20090918051 18:20:00 88546 1 0
20090918052 18:30:00 83337 1 1
20090918053 18:40:00 85890 1 0
20090918054 18:50:00 12509 0 0
20090918055 19:00:00 08312 0 0
20090918056 19:10:00 80187 0 0
20090918057 19:20:00 21855 0 1
20090918058 19:30:00 62586 0 0
20090918059 19:40:00 06426 0 0
20090918060 19:50:00 32905 0 0
20090918061 20:00:00 68028 0 0
20090918062 20:10:00 91981 1 0
20090918063 20:20:00 57348 0 0
20090918064 20:30:00 05690 0 0
20090918065 20:40:00 58479 0 0
20090918066 20:50:00 62565 0 1
20090918067 21:00:00 78552 0 1
20090918068 21:10:00 64873 0 0
20090918069 21:20:00 45275 0 0
20090918070 21:30:00 77319 1 0
20090918071 21:40:00 11037 1 0
20090918072 21:50:00 38936 0 0
