20090621001 10:00:00 94764 0 0
20090621002 10:10:00 84191 0 1
20090621003 10:20:00 08175 0 0
20090621004 10:30:00 56066 0 1
20090621005 10:40:00 33875 1 0
20090621006 10:50:00 68180 0 0
20090621007 11:00:00 09923 1 0
20090621008 11:10:00 45223 0 1
20090621009 11:20:00 42619 0 0
20090621010 11:30:00 99998 1 1
20090621011 11:40:00 88700 1 1
20090621012 11:50:00 47776 1 1
20090621013 12:00:00 11741 1 0
20090621014 12:10:00 48399 0 1
20090621015 12:20:00 46872 0 0
20090621016 12:30:00 81350 0 0
20090621017 12:40:00 31576 0 0
20090621018 12:50:00 17513 0 0
20090621019 13:00:00 78526 0 0
20090621020 13:10:00 83016 0 0
20090621021 13:20:00 71175 1 0
20090621022 13:30:00 49825 0 0
20090621023 13:40:00 78887 1 1
20090621024 13:50:00 12771 0 1
20090621025 14:00:00 41568 0 0
20090621026 14:10:00 69452 0 0
20090621027 14:20:00 77111 1 1
20090621028 14:30:00 49689 0 0
20090621029 14:40:00 67841 0 0
20090621030 14:50:00 62515 0 1
20090621031 15:00:00 43715 0 0
20090621032 15:10:00 38853 1 0
20090621033 15:20:00 64920 0 0
20090621034 15:30:00 49547 0 0
20090621035 15:40:00 12859 0 0
20090621036 15:50:00 85449 0 1
20090621037 16:00:00 45382 0 0
20090621038 16:10:00 09552 0 1
20090621039 16:20:00 40096 1 0
20090621040 16:30:00 97207 0 0
20090621041 16:40:00 27982 0 0
20090621042 16:50:00 59221 0 1
20090621043 17:00:00 51927 0 0
20090621044 17:10:00 80085 1 0
20090621045 17:20:00 33448 1 1
20090621046 17:30:00 19661 0 1
20090621047 17:40:00 31902 0 0
20090621048 17:50:00 53251 0 0
20090621049 18:00:00 96742 0 0
20090621050 18:10:00 36193 0 0
20090621051 18:20:00 77935 1 0
20090621052 18:30:00 60336 0 1
20090621053 18:40:00 91829 0 0
20090621054 18:50:00 97988 1 1
20090621055 19:00:00 31604 0 0
20090621056 19:10:00 59071 0 0
20090621057 19:20:00 82959 0 1
20090621058 19:30:00 37184 0 0
20090621059 19:40:00 82157 0 0
20090621060 19:50:00 91232 0 1
20090621061 20:00:00 68321 0 0
20090621062 20:10:00 49706 0 0
20090621063 20:20:00 29146 0 0
20090621064 20:30:00 24723 0 0
20090621065 20:40:00 28883 1 1
20090621066 20:50:00 53917 0 0
20090621067 21:00:00 88396 1 0
20090621068 21:10:00 24510 0 0
20090621069 21:20:00 23080 0 1
20090621070 21:30:00 30150 0 0
20090621071 21:40:00 72692 0 0
20090621072 21:50:00 97575 0 1
