20090705001 10:00:00 73353 1 1
20090705002 10:10:00 14074 0 0
20090705003 10:20:00 05580 1 0
20090705004 10:30:00 37055 0 1
20090705005 10:40:00 97404 0 1
20090705006 10:50:00 12623 0 0
20090705007 11:00:00 36697 1 0
20090705008 11:10:00 29106 0 0
20090705009 11:20:00 29249 1 0
20090705010 11:30:00 03445 0 1
20090705011 11:40:00 84814 1 0
20090705012 11:50:00 33986 1 0
20090705013 12:00:00 20801 0 0
20090705014 12:10:00 17600 0 1
20090705015 12:20:00 21584 0 0
20090705016 12:30:00 12552 0 1
20090705017 12:40:00 75263 0 0
20090705018 12:50:00 69877 0 1
20090705019 13:00:00 77220 1 1
20090705020 13:10:00 98383 0 1
20090705021 13:20:00 45301 0 0
20090705022 13:30:00 99801 1 0
20090705023 13:40:00 69068 0 0
20090705024 13:50:00 30587 0 0
20090705025 14:00:00 56625 1 0
20090705026 14:10:00 63105 0 0
20090705027 14:20:00 04777 0 1
20090705028 14:30:00 19988 1 1
20090705029 14:40:00 00920 1 0
20090705030 14:50:00 33965 1 0
20090705031 15:00:00 96705 0 0
20090705032 15:10:00 36125 0 0
20090705033 15:20:00 69583 0 0
20090705034 15:30:00 09021 1 0
20090705035 15:40:00 63886 0 1
20090705036 15:50:00 77147 1 0
20090705037 16:00:00 69423 0 0
20090705038 16:10:00 86822 1 1
20090705039 16:20:00 87438 0 0
20090705040 16:30:00 84349 0 0
20090705041 16:40:00 48447 1 1
20090705042 16:50:00 60309 0 0
20090705043 17:00:00 86616 1 1
20090705044 17:10:00 63702 0 0
20090705045 17:20:00 74827 0 0
20090705046 17:30:00 74163 0 0
20090705047 17:40:00 36124 0 0
20090705048 17:50:00 23837 0 0
20090705049 18:00:00 19025 0 0
20090705050 18:10:00 41062 0 0
20090705051 18:20:00 12876 0 0
20090705052 18:30:00 02401 0 0
20090705053 18:40:00 04369 0 0
20090705054 18:50:00 13274 0 0
20090705055 19:00:00 22748 1 0
20090705056 19:10:00 62477 0 1
20090705057 19:20:00 30268 0 0
20090705058 19:30:00 00478 1 0
20090705059 19:40:00 39250 0 0
20090705060 19:50:00 79629 0 0
20090705061 20:00:00 90244 0 1
20090705062 20:10:00 30283 0 0
20090705063 20:20:00 57200 0 1
20090705064 20:30:00 56703 0 0
20090705065 20:40:00 22801 1 0
20090705066 20:50:00 73303 1 1
20090705067 21:00:00 76152 0 0
20090705068 21:10:00 84291 0 0
20090705069 21:20:00 31048 0 0
20090705070 21:30:00 57525 1 1
20090705071 21:40:00 91123 1 0
20090705072 21:50:00 40725 0 0
