20090315001 10:00:00 97013 0 0
20090315002 10:10:00 05890 0 0
20090315003 10:20:00 66438 1 0
20090315004 10:30:00 78879 1 0
20090315005 10:40:00 88578 1 0
20090315006 10:50:00 83067 0 0
20090315007 11:00:00 15495 0 0
20090315008 11:10:00 39510 0 0
20090315009 11:20:00 39030 0 1
20090315010 11:30:00 06228 0 1
20090315011 11:40:00 07479 0 0
20090315012 11:50:00 16395 0 0
20090315013 12:00:00 36267 0 0
20090315014 12:10:00 63983 0 0
20090315015 12:20:00 86209 0 0
20090315016 12:30:00 77874 1 0
20090315017 12:40:00 33064 1 0
20090315018 12:50:00 68205 0 0
20090315019 13:00:00 72886 0 1
20090315020 13:10:00 76288 0 1
20090315021 13:20:00 41357 0 0
20090315022 13:30:00 97690 0 0
20090315023 13:40:00 69899 0 1
20090315024 13:50:00 00966 1 1
20090315025 14:00:00 76750 1 0
20090315026 14:10:00 43040 0 1
20090315027 14:20:00 28105 0 0
20090315028 14:30:00 44571 1 0
20090315029 14:40:00 65604 1 0
20090315030 14:50:00 23011 0 1
20090315031 15:00:00 71891 0 0
20090315032 15:10:00 48313 0 1
20090315033 15:20:00 53925 0 0
20090315034 15:30:00 90035 1 0
20090315035 15:40:00 96017 0 0
20090315036 15:50:00 36903 0 0
20090315037 16:00:00 27903 0 0
20090315038 16:10:00 78245 0 0
20090315039 16:20:00 63518 0 0
20090315040 16:30:00 74669 0 1
20090315041 16:40:00 39479 0 0
20090315042 16:50:00 23792 0 0
20090315043 17:00:00 43448 1 1
20090315044 17:10:00 93775 0 1
20090315045 17:20:00 07240 0 0
20090315046 17:30:00 57971 0 0
20090315047 17:40:00 29511 0 1
20090315048 17:50:00 27587 0 0
20090315049 18:00:00 42973 0 0
20090315050 18:10:00 61256 0 0
20090315051 18:20:00 85411 0 1
20090315052 18:30:00 29394 0 0
20090315053 18:40:00 11784 1 0
20090315054 18:50:00 80281 0 0
20090315055 19:00:00 04401 1 0
20090315056 19:10:00 38419 0 0
20090315057 19:20:00 20984 0 0
20090315058 19:30:00 65965 0 0
20090315059 19:40:00 18763 0 0
20090315060 19:50:00 43724 0 0
20090315061 20:00:00 88323 1 1
20090315062 20:10:00 65227 0 1
20090315063 20:20:00 47828 0 1
20090315064 20:30:00 34838 0 1
20090315065 20:40:00 51058 0 0
20090315066 20:50:00 21707 0 1
20090315067 21:00:00 42859 0 0
20090315068 21:10:00 05854 0 0
20090315069 21:20:00 69499 0 1
20090315070 21:30:00 21995 0 1
20090315071 21:40:00 28208 1 0
20090315072 21:50:00 18372 0 0
