20090715001 10:00:00 48264 0 0
20090715002 10:10:00 36159 0 0
20090715003 10:20:00 16315 0 0
20090715004 10:30:00 50253 0 0
20090715005 10:40:00 71639 0 0
20090715006 10:50:00 99845 1 0
20090715007 11:00:00 57529 1 0
20090715008 11:10:00 08288 0 1
20090715009 11:20:00 90429 0 0
20090715010 11:30:00 97591 0 0
20090715011 11:40:00 69540 0 0
20090715012 11:50:00 97165 0 0
20090715013 12:00:00 99363 1 1
20090715014 12:10:00 28264 1 0
20090715015 12:20:00 56117 0 1
20090715016 12:30:00 55846 1 0
20090715017 12:40:00 92952 1 0
20090715018 12:50:00 34186 0 0
20090715019 13:00:00 53402 0 0
20090715020 13:10:00 45835 0 0
20090715021 13:20:00 97299 0 1
20090715022 13:30:00 83469 0 0
20090715023 13:40:00 47436 1 0
20090715024 13:50:00 67718 1 0
20090715025 14:00:00 23046 0 0
20090715026 14:10:00 29526 0 0
20090715027 14:20:00 11860 1 0
20090715028 14:30:00 77085 1 0
20090715029 14:40:00 78759 1 0
20090715030 14:50:00 34474 1 1
20090715031 15:00:00 00668 1 1
20090715032 15:10:00 03721 0 0
20090715033 15:20:00 35666 0 1
20090715034 15:30:00 36305 1 0
20090715035 15:40:00 10920 0 0
20090715036 15:50:00 13721 0 0
20090715037 16:00:00 84269 0 0
20090715038 16:10:00 24379 0 0
20090715039 16:20:00 36311 1 1
20090715040 16:30:00 46001 0 1
20090715041 16:40:00 54103 0 0
20090715042 16:50:00 17457 0 0
20090715043 17:00:00 38709 0 0
20090715044 17:10:00 08479 0 0
20090715045 17:20:00 56224 0 1
20090715046 17:30:00 86511 0 1
20090715047 17:40:00 11649 1 0
20090715048 17:50:00 22386 1 0
20090715049 18:00:00 85586 1 0
20090715050 18:10:00 41437 1 0
20090715051 18:20:00 31411 0 1
20090715052 18:30:00 12932 0 0
20090715053 18:40:00 28587 0 0
20090715054 18:50:00 75664 0 1
20090715055 19:00:00 10327 0 0
20090715056 19:10:00 67787 1 1
20090715057 19:20:00 03078 1 0
20090715058 19:30:00 48126 0 0
20090715059 19:40:00 90733 0 1
20090715060 19:50:00 22773 1 1
20090715061 20:00:00 74271 0 0
20090715062 20:10:00 59095 0 0
20090715063 20:20:00 98976 1 0
20090715064 20:30:00 56049 0 0
20090715065 20:40:00 29487 0 0
20090715066 20:50:00 62319 0 0
20090715067 21:00:00 82668 0 1
20090715068 21:10:00 63334 1 1
20090715069 21:20:00 40840 0 0
20090715070 21:30:00 48769 0 0
20090715071 21:40:00 99807 1 0
20090715072 21:50:00 70334 0 1
