20090923001 10:00:00 86030 0 1
20090923002 10:10:00 73619 0 0
20090923003 10:20:00 59020 0 1
20090923004 10:30:00 37296 0 0
20090923005 10:40:00 71948 0 0
20090923006 10:50:00 89896 1 0
20090923007 11:00:00 36410 0 0
20090923008 11:10:00 64466 1 1
20090923009 11:20:00 70815 0 0
20090923010 11:30:00 12130 1 0
20090923011 11:40:00 13012 0 0
20090923012 11:50:00 81699 0 1
20090923013 12:00:00 11810 1 0
20090923014 12:10:00 12480 0 0
20090923015 12:20:00 42178 0 0
20090923016 12:30:00 33920 1 0
20090923017 12:40:00 23318 1 0
20090923018 12:50:00 26749 0 0
20090923019 13:00:00 16145 1 0
20090923020 13:10:00 95947 1 0
20090923021 13:20:00 93333 1 1
20090923022 13:30:00 68033 0 1
20090923023 13:40:00 61250 0 0
20090923024 13:50:00 98778 0 1
20090923025 14:00:00 47378 0 0
20090923026 14:10:00 01847 0 0
20090923027 14:20:00 02894 0 0
20090923028 14:30:00 09483 0 0
20090923029 14:40:00 15612 0 0
20090923030 14:50:00 45206 0 0
20090923031 15:00:00 30416 0 0
20090923032 15:10:00 04604 0 0
20090923033 15:20:00 96895 0 0
20090923034 15:30:00 15510 1 0
20090923035 15:40:00 59389 0 0
20090923036 15:50:00 62386 0 0
20090923037 16:00:00 37114 0 1
20090923038 16:10:00 26860 0 0
20090923039 16:20:00 70274 0 0
20090923040 16:30:00 83664 0 1
20090923041 16:40:00 54357 0 0
20090923042 16:50:00 39106 0 0
20090923043 17:00:00 66140 1 0
20090923044 17:10:00 95328 0 0
20090923045 17:20:00 08068 1 0
20090923046 17:30:00 34763 0 0
20090923047 17:40:00 37139 0 0
20090923048 17:50:00 19189 1 0
20090923049 18:00:00 85103 0 0
20090923050 18:10:00 49267 0 0
20090923051 18:20:00 42158 0 0
20090923052 18:30:00 53780 0 0
20090923053 18:40:00 87220 0 1
20090923054 18:50:00 05534 1 0
20090923055 19:00:00 59040 0 1
20090923056 19:10:00 51812 0 0
20090923057 19:20:00 23220 1 1
20090923058 19:30:00 16841 0 0
20090923059 19:40:00 31742 0 0
20090923060 19:50:00 36838 0 1
20090923061 20:00:00 94090 0 1
20090923062 20:10:00 56385 0 0
20090923063 20:20:00 39380 1 0
20090923064 20:30:00 91449 0 1
20090923065 20:40:00 67573 0 0
20090923066 20:50:00 10149 1 0
20090923067 21:00:00 98924 1 0
20090923068 21:10:00 84315 0 0
20090923069 21:20:00 20834 0 0
20090923070 21:30:00 69657 1 0
20090923071 21:40:00 09594 0 0
20090923072 21:50:00 83230 0 0
