20090210001 10:00:00 20602 0 0
20090210002 10:10:00 54802 0 0
20090210003 10:20:00 75768 1 0
20090210004 10:30:00 71727 1 1
20090210005 10:40:00 15573 1 0
20090210006 10:50:00 97288 0 1
20090210007 11:00:00 24777 0 1
20090210008 11:10:00 55826 1 0
20090210009 11:20:00 27899 0 1
20090210010 11:30:00 57744 1 1
20090210011 11:40:00 51793 0 0
20090210012 11:50:00 03520 0 0
20090210013 12:00:00 24870 0 0
20090210014 12:10:00 54440 1 1
20090210015 12:20:00 59227 0 1
20090210016 12:30:00 33215 1 0
20090210017 12:40:00 31287 0 0
20090210018 12:50:00 76800 0 1
20090210019 13:00:00 34815 0 0
20090210020 13:10:00 70085 1 0
20090210021 13:20:00 10183 1 0
20090210022 13:30:00 76464 0 1
20090210023 13:40:00 63259 0 0
20090210024 13:50:00 72394 0 0
20090210025 14:00:00 91425 0 0
20090210026 14:10:00 49037 0 0
20090210027 14:20:00 10294 0 0
20090210028 14:30:00 26967 0 0
20090210029 14:40:00 96808 0 1
20090210030 14:50:00 58867 1 0
20090210031 15:00:00 83104 0 0
20090210032 15:10:00 91399 0 1
20090210033 15:20:00 35503 1 0
20090210034 15:30:00 55853 1 0
20090210035 15:40:00 56425 0 0
20090210036 15:50:00 57544 1 1
20090210037 16:00:00 84710 0 0
20090210038 16:10:00 57159 0 0
20090210039 16:20:00 85265 0 0
20090210040 16:30:00 25830 0 0
20090210041 16:40:00 90547 0 0
20090210042 16:50:00 94759 0 0
20090210043 17:00:00 20772 0 1
20090210044 17:10:00 49483 1 0
20090210045 17:20:00 13005 0 1
20090210046 17:30:00 48065 0 0
20090210047 17:40:00 82272 1 1
20090210048 17:50:00 58489 0 0
20090210049 18:00:00 38554 0 1
20090210050 18:10:00 30474 0 1
20090210051 18:20:00 09104 0 0
20090210052 18:30:00 73949 0 1
20090210053 18:40:00 82500 0 1
20090210054 18:50:00 68384 0 0
20090210055 19:00:00 39845 0 0
20090210056 19:10:00 24619 0 0
20090210057 19:20:00 81770 0 1
20090210058 19:30:00 64542 0 0
20090210059 19:40:00 22021 1 0
20090210060 19:50:00 34408 1 0
20090210061 20:00:00 61657 1 0
20090210062 20:10:00 85803 1 0
20090210063 20:20:00 29290 1 0
20090210064 20:30:00 48227 0 1
20090210065 20:40:00 04439 1 0
20090210066 20:50:00 45172 0 0
20090210067 21:00:00 03139 0 0
20090210068 21:10:00 48296 0 0
20090210069 21:20:00 02126 0 0
20090210070 21:30:00 43618 0 0
20090210071 21:40:00 00836 1 0
20090210072 21:50:00 64628 1 0
