20090909001 10:00:00 59894 0 0
20090909002 10:10:00 73679 0 0
20090909003 10:20:00 93797 0 1
20090909004 10:30:00 03895 0 0
20090909005 10:40:00 45920 0 0
20090909006 10:50:00 32568 0 0
20090909007 11:00:00 83694 0 0
20090909008 11:10:00 01772 0 1
20090909009 11:20:00 55368 1 0
20090909010 11:30:00 62424 0 1
20090909011 11:40:00 59139 0 0
20090909012 11:50:00 46619 1 0
20090909013 12:00:00 73913 0 0
20090909014 12:10:00 04787 0 1
20090909015 12:20:00 74000 0 1
20090909016 12:30:00 92701 0 0
20090909017 12:40:00 34002 0 1
20090909018 12:50:00 91867 0 0
20090909019 13:00:00 04330 0 1
20090909020 13:10:00 71118 1 1
20090909021 13:20:00 94228 0 1
20090909022 13:30:00 64768 0 0
20090909023 13:40:00 03986 0 0
20090909024 13:50:00 75475 0 0
20090909025 14:00:00 67475 0 0
20090909026 14:10:00 56912 0 0
20090909027 14:20:00 03518 0 0
20090909028 14:30:00 25242 1 1
20090909029 14:40:00 57022 0 1
20090909030 14:50:00 96707 0 1
20090909031 15:00:00 47709 1 0
20090909032 15:10:00 73245 0 0
20090909033 15:20:00 53538 1 0
20090909034 15:30:00 16035 0 0
20090909035 15:40:00 84998 0 1
20090909036 15:50:00 21103 1 0
20090909037 16:00:00 06653 1 0
20090909038 16:10:00 13831 0 0
20090909039 16:20:00 97381 0 0
20090909040 16:30:00 98840 1 0
20090909041 16:40:00 32534 0 0
20090909042 16:50:00 25308 0 0
20090909043 17:00:00 03059 1 0
20090909044 17:10:00 70736 1 0
20090909045 17:20:00 80487 0 0
20090909046 17:30:00 82060 0 1
20090909047 17:40:00 05114 0 1
20090909048 17:50:00 51111 1 1
20090909049 18:00:00 28258 1 0
20090909050 18:10:00 18106 1 0
20090909051 18:20:00 80747 0 1
20090909052 18:30:00 31937 0 0
20090909053 18:40:00 85707 0 1
20090909054 18:50:00 96164 0 0
20090909055 19:00:00 97610 0 0
20090909056 19:10:00 44914 1 0
20090909057 19:20:00 89461 0 0
20090909058 19:30:00 25147 0 0
20090909059 19:40:00 78031 0 0
20090909060 19:50:00 06602 1 0
20090909061 20:00:00 90876 0 0
20090909062 20:10:00 59008 0 1
20090909063 20:20:00 94126 0 0
20090909064 20:30:00 46380 0 0
20090909065 20:40:00 08570 0 0
20090909066 20:50:00 82696 0 1
20090909067 21:00:00 47357 0 0
20090909068 21:10:00 90832 0 0
20090909069 21:20:00 64614 1 0
20090909070 21:30:00 57786 1 0
20090909071 21:40:00 36930 0 0
20090909072 21:50:00 29131 0 1
