20090413001 10:00:00 99315 1 0
20090413002 10:10:00 87650 0 0
20090413003 10:20:00 16323 0 1
20090413004 10:30:00 97292 0 1
20090413005 10:40:00 16603 1 0
20090413006 10:50:00 81615 0 0
20090413007 11:00:00 26006 0 1
20090413008 11:10:00 18619 0 0
20090413009 11:20:00 27953 0 0
20090413010 11:30:00 12938 0 0
20090413011 11:40:00 93966 1 1
20090413012 11:50:00 86539 0 0
20090413013 12:00:00 14696 0 1
20090413014 12:10:00 79982 1 0
20090413015 12:20:00 65192 0 0
20090413016 12:30:00 97204 0 0
20090413017 12:40:00 49445 1 1
20090413018 12:50:00 96711 0 1
20090413019 13:00:00 60845 0 0
20090413020 13:10:00 33751 1 0
20090413021 13:20:00 46184 0 0
20090413022 13:30:00 56900 0 1
20090413023 13:40:00 87645 0 0
20090413024 13:50:00 77414 1 1
20090413025 14:00:00 39024 0 0
20090413026 14:10:00 12294 1 0
20090413027 14:20:00 48187 0 0
20090413028 14:30:00 41633 0 1
20090413029 14:40:00 54694 0 0
20090413030 14:50:00 60764 0 0
20090413031 15:00:00 42300 0 1
20090413032 15:10:00 60770 0 1
20090413033 15:20:00 80848 1 1
20090413034 15:30:00 40337 0 1
20090413035 15:40:00 98265 0 0
20090413036 15:50:00 17742 1 0
20090413037 16:00:00 43058 0 0
20090413038 16:10:00 52367 0 0
20090413039 16:20:00 88026 1 0
20090413040 16:30:00 18014 0 0
20090413041 16:40:00 99889 1 1
20090413042 16:50:00 28520 0 0
20090413043 17:00:00 15344 0 1
20090413044 17:10:00 46012 0 0
20090413045 17:20:00 51232 0 1
20090413046 17:30:00 04126 0 0
20090413047 17:40:00 09315 0 0
20090413048 17:50:00 16263 0 0
20090413049 18:00:00 35328 1 0
20090413050 18:10:00 99977 1 1
20090413051 18:20:00 49958 1 0
20090413052 18:30:00 44955 1 1
20090413053 18:40:00 55141 1 1
20090413054 18:50:00 39256 0 0
20090413055 19:00:00 32816 0 0
20090413056 19:10:00 48708 0 0
20090413057 19:20:00 59852 0 0
20090413058 19:30:00 14909 0 1
20090413059 19:40:00 53780 0 0
20090413060 19:50:00 25323 0 1
20090413061 20:00:00 48875 1 0
20090413062 20:10:00 38750 0 0
20090413063 20:20:00 39776 0 1
20090413064 20:30:00 73122 0 1
20090413065 20:40:00 36362 1 0
20090413066 20:50:00 39139 0 0
20090413067 21:00:00 75485 0 0
20090413068 21:10:00 96551 0 1
20090413069 21:20:00 57149 0 0
20090413070 21:30:00 28031 0 0
20090413071 21:40:00 14893 0 0
20090413072 21:50:00 79020 0 1
