20091222001 00:05:00 35039 0 0
20091222002 00:10:00 18508 0 0
20091222003 00:15:00 13412 0 0
20091222004 00:20:00 10425 0 0
20091222005 00:25:00 56597 1 0
20091222006 00:30:00 05760 0 0
20091222007 00:35:00 12841 0 0
20091222008 00:40:00 10297 0 0
20091222009 00:45:00 55456 1 0
20091222010 00:50:00 17585 0 1
20091222011 00:55:00 82411 0 1
20091222012 01:00:00 76594 0 0
20091222013 01:05:00 96823 0 0
20091222014 01:10:00 94351 0 0
20091222015 01:15:00 77347 1 0
20091222016 01:20:00 11963 1 0
20091222017 01:25:00 53336 1 1
20091222018 01:30:00 52606 0 1
20091222019 01:35:00 06580 0 0
20091222020 01:40:00 63265 0 0
20091222021 01:45:00 70777 1 1
20091222022 01:50:00 01738 0 0
20091222023 01:55:00 64169 0 0
20091222024 10:00:00 84603 0 0
20091222025 10:10:00 40238 0 0
20091222026 10:20:00 53267 0 0
20091222027 10:30:00 42190 0 0
20091222028 10:40:00 62141 0 1
20091222029 10:50:00 18910 0 0
20091222030 11:00:00 63142 0 0
20091222031 11:10:00 11739 1 0
20091222032 11:20:00 99866 1 1
20091222033 11:30:00 28567 0 0
20091222034 11:40:00 41659 0 0
20091222035 11:50:00 60519 0 0
20091222036 12:00:00 91838 0 1
20091222037 12:10:00 82364 0 0
20091222038 12:20:00 62832 0 0
20091222039 12:30:00 67562 0 0
20091222040 12:40:00 52345 0 0
20091222041 12:50:00 45888 0 1
20091222042 13:00:00 73093 0 0
20091222043 13:10:00 50876 0 0
20091222044 13:20:00 73288 0 1
20091222045 13:30:00 86911 0 1
20091222046 13:40:00 07115 0 1
20091222047 13:50:00 50473 0 0
20091222048 14:00:00 15260 0 0
20091222049 14:10:00 61216 0 0
20091222050 14:20:00 76555 0 1
20091222051 14:30:00 46301 0 0
20091222052 14:40:00 53355 1 1
20091222053 14:50:00 00348 1 0
20091222054 15:00:00 79652 0 0
20091222055 15:10:00 66275 1 0
20091222056 15:20:00 25759 0 0
20091222057 15:30:00 20621 0 0
20091222058 15:40:00 94653 0 0
20091222059 15:50:00 97599 0 1
20091222060 16:00:00 13480 0 0
20091222061 16:10:00 47393 0 1
20091222062 16:20:00 56110 0 1
20091222063 16:30:00 72054 0 0
20091222064 16:40:00 94461 1 0
20091222065 16:50:00 94397 0 0
20091222066 17:00:00 88173 1 0
20091222067 17:10:00 29941 1 0
20091222068 17:20:00 61373 0 1
20091222069 17:30:00 37995 0 1
20091222070 17:40:00 68615 1 0
20091222071 17:50:00 65987 0 0
20091222072 18:00:00 87596 0 0
20091222073 18:10:00 96306 0 0
20091222074 18:20:00 65949 0 1
20091222075 18:30:00 43073 0 0
20091222076 18:40:00 37872 0 0
20091222077 18:50:00 70613 0 0
20091222078 19:00:00 27006 0 1
20091222079 19:10:00 39848 0 1
20091222080 19:20:00 48671 0 0
20091222081 19:30:00 83686 0 1
20091222082 19:40:00 37300 1 1
20091222083 19:50:00 70224 0 1
20091222084 20:00:00 30289 0 0
20091222085 20:10:00 69103 0 0
20091222086 20:20:00 99017 1 0
20091222087 20:30:00 03769 0 0
20091222088 20:40:00 54771 0 1
20091222089 20:50:00 48646 0 1
20091222090 21:00:00 75710 1 0
20091222091 21:10:00 16506 0 0
20091222092 21:20:00 37553 0 1
20091222093 21:30:00 97521 0 0
20091222094 21:40:00 21451 0 0
20091222095 21:50:00 34180 0 0
20091222096 22:00:00 47203 0 0
20091222097 22:05:00 20440 0 1
20091222098 22:10:00 60203 0 0
20091222099 22:15:00 89411 0 1
20091222100 22:20:00 12988 0 1
20091222101 22:25:00 76738 1 0
20091222102 22:30:00 79447 0 1
20091222103 22:35:00 20590 0 0
20091222104 22:40:00 39808 0 1
20091222105 22:45:00 97809 0 0
20091222106 22:50:00 72552 0 1
20091222107 22:55:00 15605 0 0
20091222108 23:00:00 68888 1 1
20091222109 23:05:00 83650 0 0
20091222110 23:10:00 72777 1 1
20091222111 23:15:00 08513 0 0
20091222112 23:20:00 14414 1 1
20091222113 23:25:00 62711 0 1
20091222114 23:30:00 30384 1 0
20091222115 23:35:00 67652 1 0
20091222116 23:40:00 35110 0 1
20091222117 23:45:00 96551 0 1
20091222118 23:50:00 34734 0 0
20091222119 23:55:00 64842 0 0
20091222120 00:00:00 53024 0 0
