20090804001 10:00:00 99591 1 0
20090804002 10:10:00 71769 1 0
20090804003 10:20:00 89977 1 1
20090804004 10:30:00 03823 0 0
20090804005 10:40:00 99128 1 0
20090804006 10:50:00 90692 0 0
20090804007 11:00:00 41127 1 0
20090804008 11:10:00 35428 0 0
20090804009 11:20:00 34350 1 0
20090804010 11:30:00 99368 1 0
20090804011 11:40:00 54667 0 1
20090804012 11:50:00 54353 0 1
20090804013 12:00:00 16170 1 0
20090804014 12:10:00 38586 0 0
20090804015 12:20:00 08529 0 0
20090804016 12:30:00 67188 0 1
20090804017 12:40:00 31756 0 0
20090804018 12:50:00 25059 0 0
20090804019 13:00:00 08657 0 0
20090804020 13:10:00 01449 0 1
20090804021 13:20:00 58962 0 0
20090804022 13:30:00 02656 0 1
20090804023 13:40:00 71794 1 0
20090804024 13:50:00 25264 1 0
20090804025 14:00:00 54548 1 0
20090804026 14:10:00 08668 0 1
20090804027 14:20:00 73215 0 0
20090804028 14:30:00 46471 1 0
20090804029 14:40:00 49077 0 1
20090804030 14:50:00 42791 0 0
20090804031 15:00:00 15405 0 0
20090804032 15:10:00 40038 1 0
20090804033 15:20:00 75895 0 0
20090804034 15:30:00 78507 0 0
20090804035 15:40:00 75243 0 0
20090804036 15:50:00 21166 1 1
20090804037 16:00:00 30860 0 0
20090804038 16:10:00 60255 0 1
20090804039 16:20:00 05960 0 0
20090804040 16:30:00 61287 0 0
20090804041 16:40:00 70309 0 0
20090804042 16:50:00 56816 0 0
20090804043 17:00:00 56521 1 0
20090804044 17:10:00 40357 0 0
20090804045 17:20:00 86352 0 0
20090804046 17:30:00 29050 0 1
20090804047 17:40:00 73980 0 0
20090804048 17:50:00 24497 1 0
20090804049 18:00:00 42953 0 0
20090804050 18:10:00 19832 0 0
20090804051 18:20:00 83642 0 0
20090804052 18:30:00 02582 0 0
20090804053 18:40:00 60895 0 0
20090804054 18:50:00 00553 1 1
20090804055 19:00:00 58956 0 0
20090804056 19:10:00 71031 0 0
20090804057 19:20:00 20814 0 0
20090804058 19:30:00 68276 0 0
20090804059 19:40:00 61705 0 0
20090804060 19:50:00 44211 1 1
20090804061 20:00:00 21973 0 0
20090804062 20:10:00 38522 0 1
20090804063 20:20:00 97133 0 1
20090804064 20:30:00 82803 1 0
20090804065 20:40:00 71141 1 1
20090804066 20:50:00 92772 0 1
20090804067 21:00:00 72804 0 0
20090804068 21:10:00 05302 0 0
20090804069 21:20:00 13916 0 0
20090804070 21:30:00 42912 0 0
20090804071 21:40:00 36289 0 0
20090804072 21:50:00 11138 1 0
