20091209001 10:00:00 19030 0 1
20091209002 10:10:00 79728 1 0
20091209003 10:20:00 06650 1 0
20091209004 10:30:00 89172 0 0
20091209005 10:40:00 40742 0 0
20091209006 10:50:00 91772 0 1
20091209007 11:00:00 88778 1 1
20091209008 11:10:00 20825 0 0
20091209009 11:20:00 62652 1 0
20091209010 11:30:00 05288 0 1
20091209011 11:40:00 11650 1 0
20091209012 11:50:00 97751 1 0
20091209013 12:00:00 08906 0 0
20091209014 12:10:00 15640 0 0
20091209015 12:20:00 03045 1 0
20091209016 12:30:00 09353 0 1
20091209017 12:40:00 01461 0 0
20091209018 12:50:00 45484 1 1
20091209019 13:00:00 82073 0 0
20091209020 13:10:00 78726 1 0
20091209021 13:20:00 25946 0 0
20091209022 13:30:00 92366 0 1
20091209023 13:40:00 06249 0 0
20091209024 13:50:00 23161 0 1
20091209025 14:00:00 87303 0 1
20091209026 14:10:00 15484 0 1
20091209027 14:20:00 38170 0 0
20091209028 14:30:00 96274 0 0
20091209029 14:40:00 47356 0 0
20091209030 14:50:00 16332 0 1
20091209031 15:00:00 03192 0 0
20091209032 15:10:00 81748 0 0
20091209033 15:20:00 17091 0 0
20091209034 15:30:00 87099 0 1
20091209035 15:40:00 41139 1 0
20091209036 15:50:00 79257 0 0
20091209037 16:00:00 79476 0 0
20091209038 16:10:00 82790 0 0
20091209039 16:20:00 01547 0 0
20091209040 16:30:00 00115 1 1
20091209041 16:40:00 07941 0 0
20091209042 16:50:00 34716 0 0
20091209043 17:00:00 57694 0 0
20091209044 17:10:00 77718 1 0
20091209045 17:20:00 49469 1 0
20091209046 17:30:00 21030 0 1
20091209047 17:40:00 52724 0 0
20091209048 17:50:00 39247 0 0
20091209049 18:00:00 34501 0 0
20091209050 18:10:00 93554 0 1
20091209051 18:20:00 20951 0 0
20091209052 18:30:00 72394 0 0
20091209053 18:40:00 72720 1 0
20091209054 18:50:00 30449 0 1
20091209055 19:00:00 15383 0 1
20091209056 19:10:00 05044 1 1
20091209057 19:20:00 62401 0 0
20091209058 19:30:00 07895 0 0
20091209059 19:40:00 38180 0 0
20091209060 19:50:00 04671 0 0
20091209061 20:00:00 60918 0 0
20091209062 20:10:00 85415 0 0
20091209063 20:20:00 90584 0 0
20091209064 20:30:00 82995 0 1
20091209065 20:40:00 16408 0 0
20091209066 20:50:00 06405 0 0
20091209067 21:00:00 74374 0 0
20091209068 21:10:00 16041 0 0
20091209069 21:20:00 81971 0 0
20091209070 21:30:00 01170 1 0
20091209071 21:40:00 85992 0 1
20091209072 21:50:00 91193 1 0
