20090824001 10:00:00 76420 0 0
20090824002 10:10:00 42490 1 0
20090824003 10:20:00 24784 0 0
20090824004 10:30:00 82801 1 0
20090824005 10:40:00 85354 0 0
20090824006 10:50:00 74280 0 0
20090824007 11:00:00 42369 0 0
20090824008 11:10:00 38122 0 1
20090824009 11:20:00 50083 1 0
20090824010 11:30:00 17176 1 0
20090824011 11:40:00 54159 0 0
20090824012 11:50:00 43836 0 0
20090824013 12:00:00 15137 1 0
20090824014 12:10:00 46238 0 0
20090824015 12:20:00 55989 1 1
20090824016 12:30:00 79351 0 0
20090824017 12:40:00 23392 1 0
20090824018 12:50:00 76901 0 0
20090824019 13:00:00 05428 0 0
20090824020 13:10:00 98832 1 0
20090824021 13:20:00 14314 0 0
20090824022 13:30:00 00351 1 0
20090824023 13:40:00 56655 1 1
20090824024 13:50:00 67533 0 1
20090824025 14:00:00 47718 1 0
20090824026 14:10:00 46000 0 1
20090824027 14:20:00 38021 0 0
20090824028 14:30:00 58014 0 0
20090824029 14:40:00 73961 0 0
20090824030 14:50:00 92759 0 0
20090824031 15:00:00 56912 0 0
20090824032 15:10:00 08121 0 1
20090824033 15:20:00 26788 0 1
20090824034 15:30:00 05215 0 0
20090824035 15:40:00 03136 0 0
20090824036 15:50:00 92918 1 0
20090824037 16:00:00 24329 0 0
20090824038 16:10:00 85884 1 1
20090824039 16:20:00 50116 0 1
20090824040 16:30:00 13815 0 0
20090824041 16:40:00 62761 0 0
20090824042 16:50:00 61504 0 0
20090824043 17:00:00 80377 0 1
20090824044 17:10:00 35491 0 0
20090824045 17:20:00 71056 0 0
20090824046 17:30:00 77989 1 1
20090824047 17:40:00 67759 1 0
20090824048 17:50:00 00811 1 1
20090824049 18:00:00 06488 0 1
20090824050 18:10:00 54180 0 0
20090824051 18:20:00 32590 0 0
20090824052 18:30:00 19937 1 0
20090824053 18:40:00 49048 0 0
20090824054 18:50:00 77376 1 0
20090824055 19:00:00 34825 0 0
20090824056 19:10:00 99916 1 0
20090824057 19:20:00 70349 0 0
20090824058 19:30:00 55662 1 1
20090824059 19:40:00 49239 0 0
20090824060 19:50:00 23091 0 0
20090824061 20:00:00 34885 0 1
20090824062 20:10:00 49738 0 0
20090824063 20:20:00 13740 0 0
20090824064 20:30:00 67338 0 1
20090824065 20:40:00 78685 0 0
20090824066 20:50:00 56171 0 1
20090824067 21:00:00 19283 0 0
20090824068 21:10:00 83669 0 1
20090824069 21:20:00 50385 0 0
20090824070 21:30:00 62882 0 1
20090824071 21:40:00 80427 0 0
20090824072 21:50:00 04741 0 0
