20090928001 10:00:00 45033 0 1
20090928002 10:10:00 18525 0 1
20090928003 10:20:00 55602 1 0
20090928004 10:30:00 18809 1 0
20090928005 10:40:00 07546 0 0
20090928006 10:50:00 72414 0 1
20090928007 11:00:00 13896 0 0
20090928008 11:10:00 27556 0 1
20090928009 11:20:00 36431 0 0
20090928010 11:30:00 96825 0 0
20090928011 11:40:00 79566 0 1
20090928012 11:50:00 37316 1 0
20090928013 12:00:00 94066 0 1
20090928014 12:10:00 58188 0 1
20090928015 12:20:00 08024 1 0
20090928016 12:30:00 54371 0 0
20090928017 12:40:00 26934 0 0
20090928018 12:50:00 51809 0 0
20090928019 13:00:00 84460 1 0
20090928020 13:10:00 82798 0 0
20090928021 13:20:00 08257 0 0
20090928022 13:30:00 63997 0 1
20090928023 13:40:00 86603 1 0
20090928024 13:50:00 80969 0 1
20090928025 14:00:00 38871 1 0
20090928026 14:10:00 12091 0 0
20090928027 14:20:00 61051 0 0
20090928028 14:30:00 22912 1 0
20090928029 14:40:00 18823 1 0
20090928030 14:50:00 30324 1 0
20090928031 15:00:00 44420 1 0
20090928032 15:10:00 13449 0 1
20090928033 15:20:00 20060 1 1
20090928034 15:30:00 36798 0 0
20090928035 15:40:00 31036 0 0
20090928036 15:50:00 11462 1 0
20090928037 16:00:00 61577 0 1
20090928038 16:10:00 25082 0 0
20090928039 16:20:00 89453 0 0
20090928040 16:30:00 74449 1 1
20090928041 16:40:00 38075 0 0
20090928042 16:50:00 25808 0 1
20090928043 17:00:00 65926 0 0
20090928044 17:10:00 86934 0 0
20090928045 17:20:00 04576 0 0
20090928046 17:30:00 35136 0 0
20090928047 17:40:00 69650 1 0
20090928048 17:50:00 78183 0 0
20090928049 18:00:00 54035 0 0
20090928050 18:10:00 33180 1 0
20090928051 18:20:00 64870 0 0
20090928052 18:30:00 58146 0 0
20090928053 18:40:00 64003 0 1
20090928054 18:50:00 11073 1 0
20090928055 19:00:00 22090 1 1
20090928056 19:10:00 90393 0 1
20090928057 19:20:00 72886 0 1
20090928058 19:30:00 20402 0 0
20090928059 19:40:00 35593 1 0
20090928060 19:50:00 64959 0 1
20090928061 20:00:00 36141 0 1
20090928062 20:10:00 16308 0 0
20090928063 20:20:00 74160 0 0
20090928064 20:30:00 13748 0 0
20090928065 20:40:00 32400 0 1
20090928066 20:50:00 89879 1 0
20090928067 21:00:00 52663 0 1
20090928068 21:10:00 64638 1 0
20090928069 21:20:00 65725 0 0
20090928070 21:30:00 62477 0 1
20090928071 21:40:00 79247 0 0
20090928072 21:50:00 66421 1 0
