20091108001 10:00:00 52912 0 0
20091108002 10:10:00 44634 1 0
20091108003 10:20:00 44843 1 0
20091108004 10:30:00 22471 1 0
20091108005 10:40:00 87905 0 0
20091108006 10:50:00 48553 0 1
20091108007 11:00:00 03705 0 0
20091108008 11:10:00 43969 0 1
20091108009 11:20:00 50628 0 0
20091108010 11:30:00 22892 1 0
20091108011 11:40:00 65811 0 1
20091108012 11:50:00 91028 0 0
20091108013 12:00:00 58883 1 1
20091108014 12:10:00 55785 1 0
20091108015 12:20:00 28450 0 0
20091108016 12:30:00 84483 1 0
20091108017 12:40:00 59145 0 0
20091108018 12:50:00 12580 0 0
20091108019 13:00:00 88622 1 1
20091108020 13:10:00 22224 1 1
20091108021 13:20:00 60594 0 0
20091108022 13:30:00 03308 1 0
20091108023 13:40:00 82000 0 1
20091108024 13:50:00 65291 0 0
20091108025 14:00:00 50634 0 0
20091108026 14:10:00 32863 0 0
20091108027 14:20:00 56328 0 0
20091108028 14:30:00 50378 0 0
20091108029 14:40:00 10516 0 0
20091108030 14:50:00 04743 0 0
20091108031 15:00:00 13546 0 0
20091108032 15:10:00 30586 0 0
20091108033 15:20:00 38026 0 0
20091108034 15:30:00 11406 1 0
20091108035 15:40:00 25031 0 0
20091108036 15:50:00 19800 0 1
20091108037 16:00:00 61034 0 0
20091108038 16:10:00 21398 0 0
20091108039 16:20:00 91782 0 0
20091108040 16:30:00 45674 0 0
20091108041 16:40:00 22120 1 0
20091108042 16:50:00 38588 0 1
20091108043 17:00:00 40665 0 1
20091108044 17:10:00 23459 0 0
20091108045 17:20:00 62227 1 1
20091108046 17:30:00 06958 0 0
20091108047 17:40:00 55578 1 0
20091108048 17:50:00 78540 0 0
20091108049 18:00:00 81955 0 1
20091108050 18:10:00 66577 1 1
20091108051 18:20:00 62654 1 0
20091108052 18:30:00 90095 1 0
20091108053 18:40:00 36277 0 1
20091108054 18:50:00 67546 0 0
20091108055 19:00:00 18086 0 0
20091108056 19:10:00 97078 0 0
20091108057 19:20:00 42561 0 0
20091108058 19:30:00 00020 1 1
20091108059 19:40:00 05458 0 0
20091108060 19:50:00 59281 0 0
20091108061 20:00:00 40819 0 0
20091108062 20:10:00 86164 0 0
20091108063 20:20:00 31600 0 1
20091108064 20:30:00 13548 0 0
20091108065 20:40:00 65791 0 0
20091108066 20:50:00 94106 0 0
20091108067 21:00:00 97415 0 0
20091108068 21:10:00 31189 1 0
20091108069 21:20:00 51225 0 1
20091108070 21:30:00 95565 1 1
20091108071 21:40:00 44218 1 0
20091108072 21:50:00 70666 0 1
