20090313001 10:00:00 73051 0 0
20090313002 10:10:00 39318 1 0
20090313003 10:20:00 25528 1 0
20090313004 10:30:00 73624 0 0
20090313005 10:40:00 58518 1 0
20090313006 10:50:00 18611 0 1
20090313007 11:00:00 24822 0 1
20090313008 11:10:00 28904 0 0
20090313009 11:20:00 47905 0 0
20090313010 11:30:00 72565 0 1
20090313011 11:40:00 48407 1 0
20090313012 11:50:00 79249 0 0
20090313013 12:00:00 80079 1 0
20090313014 12:10:00 45458 1 0
20090313015 12:20:00 69239 0 0
20090313016 12:30:00 55929 1 1
20090313017 12:40:00 84738 0 0
20090313018 12:50:00 45449 1 1
20090313019 13:00:00 03444 0 1
20090313020 13:10:00 33137 1 0
20090313021 13:20:00 87646 0 1
20090313022 13:30:00 13072 0 0
20090313023 13:40:00 16488 0 1
20090313024 13:50:00 64125 0 0
20090313025 14:00:00 38104 0 0
20090313026 14:10:00 38519 0 0
20090313027 14:20:00 15988 0 1
20090313028 14:30:00 55459 1 0
20090313029 14:40:00 74846 0 0
20090313030 14:50:00 42085 0 0
20090313031 15:00:00 78313 0 1
20090313032 15:10:00 70063 1 0
20090313033 15:20:00 98005 0 1
20090313034 15:30:00 74722 1 1
20090313035 15:40:00 71711 1 1
20090313036 15:50:00 20795 0 0
20090313037 16:00:00 61315 0 0
20090313038 16:10:00 23963 0 0
20090313039 16:20:00 52589 1 0
20090313040 16:30:00 96045 0 0
20090313041 16:40:00 61322 0 1
20090313042 16:50:00 49264 0 0
20090313043 17:00:00 57177 0 1
20090313044 17:10:00 25577 1 1
20090313045 17:20:00 75247 0 0
20090313046 17:30:00 59511 1 1
20090313047 17:40:00 64591 0 0
20090313048 17:50:00 52667 0 1
20090313049 18:00:00 47037 0 0
20090313050 18:10:00 00866 1 1
20090313051 18:20:00 08887 1 1
20090313052 18:30:00 78600 0 1
20090313053 18:40:00 97117 0 1
20090313054 18:50:00 70723 1 0
20090313055 19:00:00 95803 0 0
20090313056 19:10:00 46846 0 0
20090313057 19:20:00 92406 0 0
20090313058 19:30:00 04505 0 1
20090313059 19:40:00 53069 0 0
20090313060 19:50:00 55477 1 1
20090313061 20:00:00 52426 0 0
20090313062 20:10:00 90730 0 0
20090313063 20:20:00 31300 1 1
20090313064 20:30:00 85882 1 1
20090313065 20:40:00 00331 1 1
20090313066 20:50:00 55201 1 0
20090313067 21:00:00 37684 0 0
20090313068 21:10:00 51549 1 0
20090313069 21:20:00 30314 1 0
20090313070 21:30:00 88303 1 1
20090313071 21:40:00 06101 0 1
20090313072 21:50:00 85792 0 0
