20090426001 10:00:00 38261 0 0
20090426002 10:10:00 18213 0 0
20090426003 10:20:00 86333 0 1
20090426004 10:30:00 88061 1 0
20090426005 10:40:00 55264 1 0
20090426006 10:50:00 14984 0 0
20090426007 11:00:00 58046 0 0
20090426008 11:10:00 38752 0 0
20090426009 11:20:00 38530 0 0
20090426010 11:30:00 99244 1 1
20090426011 11:40:00 78620 0 0
20090426012 11:50:00 77280 1 0
20090426013 12:00:00 90615 0 0
20090426014 12:10:00 95321 0 0
20090426015 12:20:00 45828 0 1
20090426016 12:30:00 03015 1 0
20090426017 12:40:00 60595 0 1
20090426018 12:50:00 32787 0 1
20090426019 13:00:00 64940 0 0
20090426020 13:10:00 35386 1 0
20090426021 13:20:00 86693 1 0
20090426022 13:30:00 19732 0 0
20090426023 13:40:00 07107 0 0
20090426024 13:50:00 76807 0 0
20090426025 14:00:00 06210 0 0
20090426026 14:10:00 97102 0 0
20090426027 14:20:00 62438 0 0
20090426028 14:30:00 51102 1 0
20090426029 14:40:00 95618 0 0
20090426030 14:50:00 31978 0 0
20090426031 15:00:00 65232 0 1
20090426032 15:10:00 71271 0 0
20090426033 15:20:00 72609 0 0
20090426034 15:30:00 03268 0 0
20090426035 15:40:00 38540 0 0
20090426036 15:50:00 05330 0 1
20090426037 16:00:00 81404 0 1
20090426038 16:10:00 56154 0 0
20090426039 16:20:00 76309 0 0
20090426040 16:30:00 90940 1 0
20090426041 16:40:00 94456 1 0
20090426042 16:50:00 26463 0 0
20090426043 17:00:00 23025 0 0
20090426044 17:10:00 60836 0 0
20090426045 17:20:00 69851 0 0
20090426046 17:30:00 77950 1 0
20090426047 17:40:00 47654 0 0
20090426048 17:50:00 29303 0 1
20090426049 18:00:00 14004 0 1
20090426050 18:10:00 31604 0 0
20090426051 18:20:00 28255 1 1
20090426052 18:30:00 81952 0 0
20090426053 18:40:00 44530 1 0
20090426054 18:50:00 23017 0 0
20090426055 19:00:00 67340 0 0
20090426056 19:10:00 71473 0 0
20090426057 19:20:00 40917 0 0
20090426058 19:30:00 30152 0 0
20090426059 19:40:00 14088 0 1
20090426060 19:50:00 31015 0 0
20090426061 20:00:00 90704 0 0
20090426062 20:10:00 38186 0 0
20090426063 20:20:00 20701 0 0
20090426064 20:30:00 88081 1 0
20090426065 20:40:00 71666 0 1
20090426066 20:50:00 45925 0 0
20090426067 21:00:00 45765 0 0
20090426068 21:10:00 18043 0 0
20090426069 21:20:00 11583 1 0
20090426070 21:30:00 55387 1 0
20090426071 21:40:00 58255 0 1
20090426072 21:50:00 03099 1 1
