20090414001 10:00:00 21446 0 1
20090414002 10:10:00 33467 1 0
20090414003 10:20:00 62617 1 0
20090414004 10:30:00 80368 0 0
20090414005 10:40:00 97986 1 0
20090414006 10:50:00 71237 0 0
20090414007 11:00:00 41797 0 1
20090414008 11:10:00 81710 0 0
20090414009 11:20:00 97268 0 0
20090414010 11:30:00 79445 0 1
20090414011 11:40:00 18584 0 0
20090414012 11:50:00 71112 1 1
20090414013 12:00:00 71075 0 0
20090414014 12:10:00 45303 0 1
20090414015 12:20:00 53060 0 1
20090414016 12:30:00 74323 0 1
20090414017 12:40:00 59815 0 0
20090414018 12:50:00 01021 1 0
20090414019 13:00:00 42951 0 0
20090414020 13:10:00 58394 0 0
20090414021 13:20:00 93175 0 0
20090414022 13:30:00 34476 1 0
20090414023 13:40:00 36451 0 0
20090414024 13:50:00 72390 0 0
20090414025 14:00:00 75791 1 0
20090414026 14:10:00 46099 0 1
20090414027 14:20:00 17310 0 0
20090414028 14:30:00 13045 0 0
20090414029 14:40:00 17616 0 1
20090414030 14:50:00 00795 1 0
20090414031 15:00:00 63521 0 0
20090414032 15:10:00 92269 1 0
20090414033 15:20:00 74386 0 0
20090414034 15:30:00 39231 0 0
20090414035 15:40:00 22568 1 0
20090414036 15:50:00 35476 0 0
20090414037 16:00:00 32728 0 0
20090414038 16:10:00 55294 1 0
20090414039 16:20:00 41782 0 0
20090414040 16:30:00 15314 0 0
20090414041 16:40:00 48554 0 1
20090414042 16:50:00 93098 0 0
20090414043 17:00:00 47601 0 0
20090414044 17:10:00 72488 0 1
20090414045 17:20:00 73098 0 0
20090414046 17:30:00 03910 0 0
20090414047 17:40:00 55222 1 1
20090414048 17:50:00 79878 0 1
20090414049 18:00:00 55369 1 0
20090414050 18:10:00 30218 0 0
20090414051 18:20:00 65405 0 0
20090414052 18:30:00 76265 0 0
20090414053 18:40:00 09101 0 1
20090414054 18:50:00 37138 0 0
20090414055 19:00:00 83343 1 1
20090414056 19:10:00 64715 0 0
20090414057 19:20:00 48593 0 0
20090414058 19:30:00 15112 1 1
20090414059 19:40:00 46999 0 1
20090414060 19:50:00 24840 0 0
20090414061 20:00:00 53116 0 1
20090414062 20:10:00 91126 1 0
20090414063 20:20:00 65897 0 0
20090414064 20:30:00 36402 0 0
20090414065 20:40:00 63934 0 0
20090414066 20:50:00 69774 0 1
20090414067 21:00:00 54829 0 0
20090414068 21:10:00 25323 0 1
20090414069 21:20:00 48675 0 0
20090414070 21:30:00 89946 1 0
20090414071 21:40:00 69951 1 0
20090414072 21:50:00 26132 0 0
