20090122001 10:00:00 21178 1 0
20090122002 10:10:00 78737 1 1
20090122003 10:20:00 72726 1 0
20090122004 10:30:00 36338 1 1
20090122005 10:40:00 63014 0 0
20090122006 10:50:00 70891 0 0
20090122007 11:00:00 73469 0 0
20090122008 11:10:00 59743 0 0
20090122009 11:20:00 18037 0 0
20090122010 11:30:00 80873 1 0
20090122011 11:40:00 76299 0 1
20090122012 11:50:00 29310 0 0
20090122013 12:00:00 46705 0 0
20090122014 12:10:00 43116 0 1
20090122015 12:20:00 75836 0 0
20090122016 12:30:00 75992 0 1
20090122017 12:40:00 02695 0 0
20090122018 12:50:00 71906 0 0
20090122019 13:00:00 91653 0 0
20090122020 13:10:00 44307 1 0
20090122021 13:20:00 59566 1 1
20090122022 13:30:00 14506 0 0
20090122023 13:40:00 16504 0 0
20090122024 13:50:00 66679 1 0
20090122025 14:00:00 26786 0 0
20090122026 14:10:00 97821 0 0
20090122027 14:20:00 21786 0 0
20090122028 14:30:00 23781 0 0
20090122029 14:40:00 47156 0 0
20090122030 14:50:00 08721 0 0
20090122031 15:00:00 05557 1 1
20090122032 15:10:00 91200 0 1
20090122033 15:20:00 32325 1 0
20090122034 15:30:00 68353 0 1
20090122035 15:40:00 90382 0 0
20090122036 15:50:00 64272 0 1
20090122037 16:00:00 37171 0 1
20090122038 16:10:00 51388 0 1
20090122039 16:20:00 28879 1 0
20090122040 16:30:00 07145 0 0
20090122041 16:40:00 49606 0 1
20090122042 16:50:00 23780 0 0
20090122043 17:00:00 44380 1 0
20090122044 17:10:00 89041 0 0
20090122045 17:20:00 76511 0 1
20090122046 17:30:00 51803 0 0
20090122047 17:40:00 63280 0 0
20090122048 17:50:00 77753 1 0
20090122049 18:00:00 06887 0 1
20090122050 18:10:00 52275 1 0
20090122051 18:20:00 62093 0 0
20090122052 18:30:00 47195 0 0
20090122053 18:40:00 69464 0 1
20090122054 18:50:00 17435 0 0
20090122055 19:00:00 23839 0 0
20090122056 19:10:00 33922 1 1
20090122057 19:20:00 73844 0 1
20090122058 19:30:00 95757 0 1
20090122059 19:40:00 35166 0 1
20090122060 19:50:00 66903 1 0
20090122061 20:00:00 22564 1 0
20090122062 20:10:00 15862 0 0
20090122063 20:20:00 69395 0 0
20090122064 20:30:00 46309 0 0
20090122065 20:40:00 88719 1 0
20090122066 20:50:00 00210 1 0
20090122067 21:00:00 47064 0 0
20090122068 21:10:00 50441 0 1
20090122069 21:20:00 71105 1 0
20090122070 21:30:00 13328 1 0
20090122071 21:40:00 46894 0 0
20090122072 21:50:00 83554 0 1
