20091109001 10:00:00 14051 0 0
20091109002 10:10:00 20666 0 1
20091109003 10:20:00 16719 0 0
20091109004 10:30:00 66149 1 0
20091109005 10:40:00 79352 0 0
20091109006 10:50:00 92597 0 0
20091109007 11:00:00 96163 0 0
20091109008 11:10:00 41195 1 0
20091109009 11:20:00 15462 0 0
20091109010 11:30:00 02036 1 0
20091109011 11:40:00 71965 0 0
20091109012 11:50:00 90350 0 0
20091109013 12:00:00 37363 1 1
20091109014 12:10:00 49566 0 1
20091109015 12:20:00 55488 1 1
20091109016 12:30:00 77439 1 0
20091109017 12:40:00 97124 0 0
20091109018 12:50:00 38977 0 1
20091109019 13:00:00 75073 0 0
20091109020 13:10:00 59634 0 0
20091109021 13:20:00 79270 0 0
20091109022 13:30:00 03621 0 0
20091109023 13:40:00 32125 0 0
20091109024 13:50:00 62640 1 0
20091109025 14:00:00 32725 0 0
20091109026 14:10:00 36849 0 0
20091109027 14:20:00 08800 1 1
20091109028 14:30:00 04356 0 0
20091109029 14:40:00 82303 0 1
20091109030 14:50:00 33330 1 1
20091109031 15:00:00 31572 0 0
20091109032 15:10:00 21431 0 0
20091109033 15:20:00 16189 1 0
20091109034 15:30:00 79213 0 0
20091109035 15:40:00 05888 0 1
20091109036 15:50:00 24468 1 0
20091109037 16:00:00 82069 0 0
20091109038 16:10:00 18781 0 0
20091109039 16:20:00 47078 0 0
20091109040 16:30:00 62386 0 0
20091109041 16:40:00 03666 0 1
20091109042 16:50:00 34901 0 0
20091109043 17:00:00 76562 0 0
20091109044 17:10:00 18795 0 0
20091109045 17:20:00 39637 0 0
20091109046 17:30:00 40409 1 0
20091109047 17:40:00 65757 0 1
20091109048 17:50:00 38425 0 0
20091109049 18:00:00 35854 0 0
20091109050 18:10:00 99280 1 0
20091109051 18:20:00 48635 0 0
20091109052 18:30:00 98882 1 1
20091109053 18:40:00 87210 0 0
20091109054 18:50:00 35971 0 0
20091109055 19:00:00 60782 0 0
20091109056 19:10:00 74454 1 1
20091109057 19:20:00 89903 1 0
20091109058 19:30:00 10567 0 0
20091109059 19:40:00 03223 0 1
20091109060 19:50:00 27149 0 0
20091109061 20:00:00 50461 0 0
20091109062 20:10:00 18391 0 0
20091109063 20:20:00 23253 1 0
20091109064 20:30:00 74346 0 0
20091109065 20:40:00 13222 0 1
20091109066 20:50:00 19105 1 0
20091109067 21:00:00 58305 0 0
20091109068 21:10:00 87923 0 0
20091109069 21:20:00 60073 1 0
20091109070 21:30:00 70790 1 0
20091109071 21:40:00 50764 0 0
20091109072 21:50:00 04026 1 0
