20090528001 10:00:00 86516 0 0
20090528002 10:10:00 99476 1 0
20090528003 10:20:00 19991 1 1
20090528004 10:30:00 97112 0 1
20090528005 10:40:00 54522 1 1
20090528006 10:50:00 86586 0 0
20090528007 11:00:00 41449 1 1
20090528008 11:10:00 97397 0 0
20090528009 11:20:00 61520 0 0
20090528010 11:30:00 02384 0 0
20090528011 11:40:00 55041 1 0
20090528012 11:50:00 15548 1 0
20090528013 12:00:00 32167 0 0
20090528014 12:10:00 16089 0 0
20090528015 12:20:00 36426 0 0
20090528016 12:30:00 30028 1 0
20090528017 12:40:00 46844 0 1
20090528018 12:50:00 20611 0 1
20090528019 13:00:00 32240 1 0
20090528020 13:10:00 73958 0 0
20090528021 13:20:00 37516 0 0
20090528022 13:30:00 34624 0 0
20090528023 13:40:00 11027 1 0
20090528024 13:50:00 35326 1 0
20090528025 14:00:00 18564 0 0
20090528026 14:10:00 37209 0 0
20090528027 14:20:00 84106 0 0
20090528028 14:30:00 25277 1 1
20090528029 14:40:00 75496 0 0
20090528030 14:50:00 72751 1 0
20090528031 15:00:00 23930 0 0
20090528032 15:10:00 12875 0 0
20090528033 15:20:00 57103 0 0
20090528034 15:30:00 23790 0 0
20090528035 15:40:00 76889 0 1
20090528036 15:50:00 80378 0 0
20090528037 16:00:00 74593 0 0
20090528038 16:10:00 41820 0 0
20090528039 16:20:00 70626 0 1
20090528040 16:30:00 56193 0 0
20090528041 16:40:00 53356 1 0
20090528042 16:50:00 89189 0 0
20090528043 17:00:00 37927 0 0
20090528044 17:10:00 49363 0 1
20090528045 17:20:00 64737 0 1
20090528046 17:30:00 45941 0 0
20090528047 17:40:00 95962 1 0
20090528048 17:50:00 58176 0 0
20090528049 18:00:00 97563 0 0
20090528050 18:10:00 40063 1 0
20090528051 18:20:00 64239 0 0
20090528052 18:30:00 24606 0 1
20090528053 18:40:00 18031 0 0
20090528054 18:50:00 79685 0 0
20090528055 19:00:00 78919 0 1
20090528056 19:10:00 11785 1 0
20090528057 19:20:00 88363 1 1
20090528058 19:30:00 08527 0 0
20090528059 19:40:00 45237 0 0
20090528060 19:50:00 88039 1 0
20090528061 20:00:00 14582 0 0
20090528062 20:10:00 62804 0 0
20090528063 20:20:00 17460 0 0
20090528064 20:30:00 93794 0 0
20090528065 20:40:00 01908 0 0
20090528066 20:50:00 87648 0 0
20090528067 21:00:00 22831 1 0
20090528068 21:10:00 60777 0 1
20090528069 21:20:00 54421 1 0
20090528070 21:30:00 01047 1 0
20090528071 21:40:00 37494 0 1
20090528072 21:50:00 35507 1 0
