20090318001 10:00:00 20250 1 0
20090318002 10:10:00 52906 0 0
20090318003 10:20:00 23550 0 1
20090318004 10:30:00 59910 1 0
20090318005 10:40:00 77193 1 0
20090318006 10:50:00 08692 0 0
20090318007 11:00:00 66481 1 0
20090318008 11:10:00 28871 1 0
20090318009 11:20:00 98897 1 0
20090318010 11:30:00 40486 1 0
20090318011 11:40:00 62819 0 0
20090318012 11:50:00 90973 1 0
20090318013 12:00:00 69218 0 0
20090318014 12:10:00 63204 0 0
20090318015 12:20:00 00231 1 0
20090318016 12:30:00 35115 0 1
20090318017 12:40:00 77487 1 0
20090318018 12:50:00 93172 0 0
20090318019 13:00:00 64678 1 0
20090318020 13:10:00 70228 0 1
20090318021 13:20:00 40850 0 0
20090318022 13:30:00 27594 0 0
20090318023 13:40:00 18387 0 0
20090318024 13:50:00 64809 0 0
20090318025 14:00:00 45283 0 0
20090318026 14:10:00 71415 0 0
20090318027 14:20:00 20416 0 0
20090318028 14:30:00 62795 0 0
20090318029 14:40:00 99266 1 1
20090318030 14:50:00 24769 0 0
20090318031 15:00:00 55357 1 0
20090318032 15:10:00 07941 0 0
20090318033 15:20:00 09441 0 1
20090318034 15:30:00 78099 0 1
20090318035 15:40:00 17947 0 0
20090318036 15:50:00 15463 0 0
20090318037 16:00:00 97056 0 0
20090318038 16:10:00 29863 0 0
20090318039 16:20:00 72229 1 1
20090318040 16:30:00 19877 0 1
20090318041 16:40:00 72020 0 1
20090318042 16:50:00 69173 0 0
20090318043 17:00:00 20896 0 0
20090318044 17:10:00 57229 0 1
20090318045 17:20:00 21037 0 0
20090318046 17:30:00 14404 1 1
20090318047 17:40:00 89809 1 0
20090318048 17:50:00 29886 0 1
20090318049 18:00:00 13305 1 0
20090318050 18:10:00 43008 0 1
20090318051 18:20:00 65221 0 1
20090318052 18:30:00 31271 0 0
20090318053 18:40:00 42186 0 0
20090318054 18:50:00 96052 0 0
20090318055 19:00:00 24550 0 1
20090318056 19:10:00 81836 1 0
20090318057 19:20:00 45331 0 1
20090318058 19:30:00 36586 0 0
20090318059 19:40:00 38976 0 0
20090318060 19:50:00 68530 0 0
20090318061 20:00:00 33014 1 0
20090318062 20:10:00 96746 0 0
20090318063 20:20:00 29715 0 0
20090318064 20:30:00 61940 0 0
20090318065 20:40:00 59606 0 1
20090318066 20:50:00 41837 0 0
20090318067 21:00:00 79325 0 0
20090318068 21:10:00 09404 0 1
20090318069 21:20:00 17401 0 0
20090318070 21:30:00 13526 0 0
20090318071 21:40:00 00962 1 0
20090318072 21:50:00 04479 1 0
