20090408001 10:00:00 43753 0 0
20090408002 10:10:00 15527 1 0
20090408003 10:20:00 54004 0 1
20090408004 10:30:00 08447 0 1
20090408005 10:40:00 09354 0 0
20090408006 10:50:00 74290 0 0
20090408007 11:00:00 89881 1 1
20090408008 11:10:00 72603 0 0
20090408009 11:20:00 68154 0 0
20090408010 11:30:00 77051 1 0
20090408011 11:40:00 21304 0 0
20090408012 11:50:00 64687 1 0
20090408013 12:00:00 14105 1 0
20090408014 12:10:00 55117 1 1
20090408015 12:20:00 12856 0 0
20090408016 12:30:00 46095 0 0
20090408017 12:40:00 35097 0 0
20090408018 12:50:00 21506 0 0
20090408019 13:00:00 52778 0 1
20090408020 13:10:00 42837 0 0
20090408021 13:20:00 08276 0 0
20090408022 13:30:00 36867 0 0
20090408023 13:40:00 66481 1 0
20090408024 13:50:00 78465 0 0
20090408025 14:00:00 20634 0 0
20090408026 14:10:00 77902 1 0
20090408027 14:20:00 59525 1 1
20090408028 14:30:00 35378 1 0
20090408029 14:40:00 08603 0 0
20090408030 14:50:00 04506 0 0
20090408031 15:00:00 66087 1 0
20090408032 15:10:00 00722 1 1
20090408033 15:20:00 35620 0 0
20090408034 15:30:00 59172 0 0
20090408035 15:40:00 98202 0 1
20090408036 15:50:00 26874 0 0
20090408037 16:00:00 12585 0 1
20090408038 16:10:00 92743 0 0
20090408039 16:20:00 59041 0 0
20090408040 16:30:00 47747 1 1
20090408041 16:40:00 37589 0 0
20090408042 16:50:00 04607 0 0
20090408043 17:00:00 86043 0 0
20090408044 17:10:00 65177 0 1
20090408045 17:20:00 80023 1 0
20090408046 17:30:00 29800 0 1
20090408047 17:40:00 02833 0 1
20090408048 17:50:00 19091 0 0
20090408049 18:00:00 67283 0 0
20090408050 18:10:00 33761 1 0
20090408051 18:20:00 54433 1 1
20090408052 18:30:00 15554 1 1
20090408053 18:40:00 80006 1 1
20090408054 18:50:00 42940 0 0
20090408055 19:00:00 27790 1 0
20090408056 19:10:00 55555 1 1
20090408057 19:20:00 63043 0 0
20090408058 19:30:00 23131 0 1
20090408059 19:40:00 77591 1 0
20090408060 19:50:00 40074 1 0
20090408061 20:00:00 06887 0 1
20090408062 20:10:00 38336 1 1
20090408063 20:20:00 45805 0 0
20090408064 20:30:00 62058 0 0
20090408065 20:40:00 70983 0 0
20090408066 20:50:00 00792 1 0
20090408067 21:00:00 66641 1 0
20090408068 21:10:00 02939 0 1
20090408069 21:20:00 10206 0 0
20090408070 21:30:00 60641 1 0
20090408071 21:40:00 13259 0 0
20090408072 21:50:00 12284 1 0
