20090509001 10:00:00 46205 0 0
20090509002 10:10:00 73506 0 0
20090509003 10:20:00 66560 1 0
20090509004 10:30:00 45085 0 0
20090509005 10:40:00 86031 0 0
20090509006 10:50:00 95813 0 0
20090509007 11:00:00 36642 1 0
20090509008 11:10:00 77991 1 1
20090509009 11:20:00 12882 0 1
20090509010 11:30:00 68951 0 0
20090509011 11:40:00 68217 0 0
20090509012 11:50:00 63189 0 0
20090509013 12:00:00 48753 0 0
20090509014 12:10:00 80094 1 0
20090509015 12:20:00 88882 1 1
20090509016 12:30:00 93256 0 0
20090509017 12:40:00 73050 0 1
20090509018 12:50:00 03630 0 0
20090509019 13:00:00 89596 0 0
20090509020 13:10:00 27527 0 0
20090509021 13:20:00 12264 1 0
20090509022 13:30:00 15200 0 1
20090509023 13:40:00 45795 0 0
20090509024 13:50:00 04891 0 0
20090509025 14:00:00 20050 1 1
20090509026 14:10:00 48191 0 1
20090509027 14:20:00 18697 0 0
20090509028 14:30:00 43942 0 0
20090509029 14:40:00 59194 0 0
20090509030 14:50:00 08196 0 0
20090509031 15:00:00 90470 0 0
20090509032 15:10:00 54054 0 0
20090509033 15:20:00 51613 0 0
20090509034 15:30:00 53246 0 0
20090509035 15:40:00 20891 0 0
20090509036 15:50:00 78539 0 0
20090509037 16:00:00 71689 0 0
20090509038 16:10:00 80124 0 0
20090509039 16:20:00 74415 1 0
20090509040 16:30:00 58569 1 0
20090509041 16:40:00 44399 1 1
20090509042 16:50:00 45299 0 1
20090509043 17:00:00 38639 0 0
20090509044 17:10:00 99516 1 0
20090509045 17:20:00 06273 0 0
20090509046 17:30:00 52524 1 0
20090509047 17:40:00 32692 0 0
20090509048 17:50:00 77741 1 0
20090509049 18:00:00 81728 0 0
20090509050 18:10:00 44543 1 0
20090509051 18:20:00 12764 0 0
20090509052 18:30:00 64764 0 0
20090509053 18:40:00 13369 1 0
20090509054 18:50:00 00449 1 1
20090509055 19:00:00 35180 0 0
20090509056 19:10:00 51767 0 1
20090509057 19:20:00 70943 0 0
20090509058 19:30:00 69251 0 0
20090509059 19:40:00 88700 1 1
20090509060 19:50:00 44697 1 0
20090509061 20:00:00 52536 1 0
20090509062 20:10:00 77374 1 0
20090509063 20:20:00 42663 0 1
20090509064 20:30:00 86848 1 1
20090509065 20:40:00 54866 0 1
20090509066 20:50:00 03381 1 0
20090509067 21:00:00 84161 0 1
20090509068 21:10:00 92643 0 0
20090509069 21:20:00 98368 0 0
20090509070 21:30:00 03488 0 1
20090509071 21:40:00 78505 0 1
20090509072 21:50:00 53443 0 1
