20090926001 10:00:00 56084 0 0
20090926002 10:10:00 12216 1 0
20090926003 10:20:00 43431 1 0
20090926004 10:30:00 65394 0 0
20090926005 10:40:00 30076 1 0
20090926006 10:50:00 74907 0 0
20090926007 11:00:00 42365 0 0
20090926008 11:10:00 87412 0 0
20090926009 11:20:00 85756 0 0
20090926010 11:30:00 62742 0 0
20090926011 11:40:00 29306 0 0
20090926012 11:50:00 83486 0 0
20090926013 12:00:00 60428 0 0
20090926014 12:10:00 01541 0 0
20090926015 12:20:00 99786 1 0
20090926016 12:30:00 21114 1 1
20090926017 12:40:00 00508 1 0
20090926018 12:50:00 74519 0 0
20090926019 13:00:00 69045 0 0
20090926020 13:10:00 55870 1 0
20090926021 13:20:00 76076 0 0
20090926022 13:30:00 92357 0 0
20090926023 13:40:00 30783 0 0
20090926024 13:50:00 62292 1 1
20090926025 14:00:00 72879 0 0
20090926026 14:10:00 19151 1 1
20090926027 14:20:00 39247 0 0
20090926028 14:30:00 52700 0 1
20090926029 14:40:00 71682 0 0
20090926030 14:50:00 58820 1 0
20090926031 15:00:00 77390 1 0
20090926032 15:10:00 58071 0 0
20090926033 15:20:00 00777 1 1
20090926034 15:30:00 14027 0 0
20090926035 15:40:00 96626 1 1
20090926036 15:50:00 84125 0 0
20090926037 16:00:00 48946 0 0
20090926038 16:10:00 12321 0 0
20090926039 16:20:00 22222 1 1
20090926040 16:30:00 61874 0 0
20090926041 16:40:00 35310 1 0
20090926042 16:50:00 74831 0 0
20090926043 17:00:00 33344 1 1
20090926044 17:10:00 46561 0 0
20090926045 17:20:00 07934 0 0
20090926046 17:30:00 20664 0 1
20090926047 17:40:00 18904 0 0
20090926048 17:50:00 02814 0 0
20090926049 18:00:00 39925 1 0
20090926050 18:10:00 81173 1 0
20090926051 18:20:00 25921 0 0
20090926052 18:30:00 40593 0 0
20090926053 18:40:00 88064 1 0
20090926054 18:50:00 82027 0 0
20090926055 19:00:00 22168 1 0
20090926056 19:10:00 34993 0 1
20090926057 19:20:00 87387 0 0
20090926058 19:30:00 20512 0 0
20090926059 19:40:00 81751 0 0
20090926060 19:50:00 59908 1 0
20090926061 20:00:00 07417 0 0
20090926062 20:10:00 36362 1 0
20090926063 20:20:00 07674 0 0
20090926064 20:30:00 13707 0 1
20090926065 20:40:00 27276 1 0
20090926066 20:50:00 65914 0 0
20090926067 21:00:00 64408 1 0
20090926068 21:10:00 96985 1 0
20090926069 21:20:00 70284 0 0
20090926070 21:30:00 70604 0 0
20090926071 21:40:00 80233 0 1
20090926072 21:50:00 78490 0 0
