20090511001 10:00:00 24747 0 1
20090511002 10:10:00 90657 0 0
20090511003 10:20:00 12546 0 0
20090511004 10:30:00 51841 0 0
20090511005 10:40:00 81512 0 0
20090511006 10:50:00 94618 0 0
20090511007 11:00:00 32139 0 0
20090511008 11:10:00 01624 0 0
20090511009 11:20:00 25303 0 1
20090511010 11:30:00 82499 0 1
20090511011 11:40:00 54837 0 0
20090511012 11:50:00 02141 0 1
20090511013 12:00:00 11394 1 0
20090511014 12:10:00 15113 1 1
20090511015 12:20:00 54479 1 0
20090511016 12:30:00 02605 0 0
20090511017 12:40:00 21845 0 0
20090511018 12:50:00 03319 1 0
20090511019 13:00:00 36968 0 0
20090511020 13:10:00 26214 1 0
20090511021 13:20:00 37081 0 0
20090511022 13:30:00 01914 0 0
20090511023 13:40:00 39642 0 0
20090511024 13:50:00 31265 0 0
20090511025 14:00:00 04969 0 1
20090511026 14:10:00 51668 0 1
20090511027 14:20:00 31024 0 0
20090511028 14:30:00 61329 0 0
20090511029 14:40:00 10359 0 0
20090511030 14:50:00 81142 1 0
20090511031 15:00:00 34956 0 0
20090511032 15:10:00 10337 0 1
20090511033 15:20:00 77195 1 0
20090511034 15:30:00 37331 1 1
20090511035 15:40:00 62047 0 0
20090511036 15:50:00 27448 0 1
20090511037 16:00:00 64809 0 0
20090511038 16:10:00 04368 0 0
20090511039 16:20:00 72912 0 0
20090511040 16:30:00 31085 0 0
20090511041 16:40:00 68153 0 0
20090511042 16:50:00 70232 0 1
20090511043 17:00:00 41781 0 0
20090511044 17:10:00 24806 0 0
20090511045 17:20:00 05328 0 0
20090511046 17:30:00 45697 0 0
20090511047 17:40:00 11286 1 0
20090511048 17:50:00 56865 0 0
20090511049 18:00:00 73494 0 1
20090511050 18:10:00 83794 0 0
20090511051 18:20:00 69620 1 0
20090511052 18:30:00 94912 1 0
20090511053 18:40:00 85487 0 0
20090511054 18:50:00 91967 1 0
20090511055 19:00:00 25007 0 1
20090511056 19:10:00 90159 0 0
20090511057 19:20:00 53825 0 0
20090511058 19:30:00 04001 1 1
20090511059 19:40:00 81516 0 0
20090511060 19:50:00 77723 1 0
20090511061 20:00:00 29908 1 0
20090511062 20:10:00 65970 0 0
20090511063 20:20:00 40801 0 0
20090511064 20:30:00 90699 0 1
20090511065 20:40:00 57900 0 1
20090511066 20:50:00 61932 0 0
20090511067 21:00:00 59065 0 0
20090511068 21:10:00 21795 0 0
20090511069 21:20:00 08333 0 1
20090511070 21:30:00 73330 1 1
20090511071 21:40:00 38601 0 0
20090511072 21:50:00 12935 0 0
