20091208001 10:00:00 01962 0 0
20091208002 10:10:00 20944 0 1
20091208003 10:20:00 10248 0 0
20091208004 10:30:00 75201 0 0
20091208005 10:40:00 20454 0 1
20091208006 10:50:00 74950 0 0
20091208007 11:00:00 88732 1 0
20091208008 11:10:00 67667 1 1
20091208009 11:20:00 12051 0 0
20091208010 11:30:00 09332 0 1
20091208011 11:40:00 20610 0 0
20091208012 11:50:00 24136 0 0
20091208013 12:00:00 86614 1 0
20091208014 12:10:00 33239 1 0
20091208015 12:20:00 50445 0 1
20091208016 12:30:00 79545 0 1
20091208017 12:40:00 63903 0 0
20091208018 12:50:00 66005 1 1
20091208019 13:00:00 74021 0 0
20091208020 13:10:00 80744 0 1
20091208021 13:20:00 08867 1 0
20091208022 13:30:00 30170 0 0
20091208023 13:40:00 89339 0 1
20091208024 13:50:00 85368 0 0
20091208025 14:00:00 47288 0 1
20091208026 14:10:00 92241 1 0
20091208027 14:20:00 03374 1 0
20091208028 14:30:00 96240 0 0
20091208029 14:40:00 84930 0 0
20091208030 14:50:00 98666 0 1
20091208031 15:00:00 94883 0 1
20091208032 15:10:00 98279 0 0
20091208033 15:20:00 89527 0 0
20091208034 15:30:00 92809 0 0
20091208035 15:40:00 14251 0 0
20091208036 15:50:00 50444 0 1
20091208037 16:00:00 09116 0 1
20091208038 16:10:00 11707 1 1
20091208039 16:20:00 36418 0 0
20091208040 16:30:00 93838 0 1
20091208041 16:40:00 41823 0 0
20091208042 16:50:00 87375 0 0
20091208043 17:00:00 60558 0 1
20091208044 17:10:00 38493 0 0
20091208045 17:20:00 61456 0 0
20091208046 17:30:00 76658 1 0
20091208047 17:40:00 96113 0 1
20091208048 17:50:00 65656 1 1
20091208049 18:00:00 58108 0 0
20091208050 18:10:00 00766 1 1
20091208051 18:20:00 94265 0 0
20091208052 18:30:00 60382 0 0
20091208053 18:40:00 58052 0 0
20091208054 18:50:00 73467 0 0
20091208055 19:00:00 87406 0 0
20091208056 19:10:00 41353 0 1
20091208057 19:20:00 48457 1 0
20091208058 19:30:00 12535 0 1
20091208059 19:40:00 06853 0 0
20091208060 19:50:00 31970 0 0
20091208061 20:00:00 73065 0 0
20091208062 20:10:00 22159 1 0
20091208063 20:20:00 96336 0 1
20091208064 20:30:00 83434 0 1
20091208065 20:40:00 05480 0 0
20091208066 20:50:00 27456 0 0
20091208067 21:00:00 27517 0 0
20091208068 21:10:00 89164 0 0
20091208069 21:20:00 27223 1 1
20091208070 21:30:00 01594 0 0
20091208071 21:40:00 34188 0 1
20091208072 21:50:00 86033 0 1
