20090227001 10:00:00 21394 0 0
20090227002 10:10:00 43622 0 1
20090227003 10:20:00 56629 1 0
20090227004 10:30:00 58339 0 1
20090227005 10:40:00 79726 1 0
20090227006 10:50:00 36198 0 0
20090227007 11:00:00 26958 0 0
20090227008 11:10:00 05305 0 0
20090227009 11:20:00 60716 0 0
20090227010 11:30:00 89002 0 1
20090227011 11:40:00 45670 0 0
20090227012 11:50:00 33779 1 1
20090227013 12:00:00 23612 0 0
20090227014 12:10:00 12424 0 1
20090227015 12:20:00 40943 0 0
20090227016 12:30:00 62508 0 0
20090227017 12:40:00 04195 0 0
20090227018 12:50:00 32846 0 0
20090227019 13:00:00 16005 0 1
20090227020 13:10:00 66783 1 0
20090227021 13:20:00 22427 1 0
20090227022 13:30:00 48834 1 0
20090227023 13:40:00 32112 0 1
20090227024 13:50:00 07463 0 0
20090227025 14:00:00 22233 1 1
20090227026 14:10:00 46767 0 1
20090227027 14:20:00 57427 0 0
20090227028 14:30:00 04142 0 0
20090227029 14:40:00 20766 0 1
20090227030 14:50:00 98907 1 0
20090227031 15:00:00 73517 0 0
20090227032 15:10:00 94885 0 1
20090227033 15:20:00 46611 1 1
20090227034 15:30:00 84970 0 0
20090227035 15:40:00 08424 0 1
20090227036 15:50:00 56769 0 0
20090227037 16:00:00 84927 0 0
20090227038 16:10:00 24319 0 0
20090227039 16:20:00 50732 0 0
20090227040 16:30:00 79643 0 0
20090227041 16:40:00 38353 1 1
20090227042 16:50:00 58581 1 0
20090227043 17:00:00 71756 1 0
20090227044 17:10:00 19772 0 1
20090227045 17:20:00 24018 0 0
20090227046 17:30:00 11109 1 0
20090227047 17:40:00 40120 0 0
20090227048 17:50:00 36467 0 0
20090227049 18:00:00 51039 0 0
20090227050 18:10:00 55492 1 0
20090227051 18:20:00 76698 1 0
20090227052 18:30:00 52122 0 1
20090227053 18:40:00 06650 1 0
20090227054 18:50:00 76995 0 1
20090227055 19:00:00 98879 1 0
20090227056 19:10:00 03154 0 0
20090227057 19:20:00 00377 1 1
20090227058 19:30:00 27509 0 0
20090227059 19:40:00 12484 0 1
20090227060 19:50:00 88448 1 1
20090227061 20:00:00 40673 0 0
20090227062 20:10:00 68141 0 1
20090227063 20:20:00 67573 0 0
20090227064 20:30:00 21994 0 1
20090227065 20:40:00 20582 0 0
20090227066 20:50:00 97011 0 1
20090227067 21:00:00 36281 0 0
20090227068 21:10:00 75392 0 0
20090227069 21:20:00 35235 0 0
20090227070 21:30:00 04212 0 1
20090227071 21:40:00 41586 0 0
20090227072 21:50:00 92322 0 1
