20091230001 00:05:00 16881 0 1
20091230002 00:10:00 05218 0 0
20091230003 00:15:00 53996 0 1
20091230004 00:20:00 94878 0 1
20091230005 00:25:00 40046 1 0
20091230006 00:30:00 64487 1 0
20091230007 00:35:00 49645 0 0
20091230008 00:40:00 84140 0 0
20091230009 00:45:00 05873 0 0
20091230010 00:50:00 40950 0 0
20091230011 00:55:00 27772 1 1
20091230012 01:00:00 83639 0 0
20091230013 01:05:00 79988 1 1
20091230014 01:10:00 40995 0 1
20091230015 01:15:00 04273 0 0
20091230016 01:20:00 98364 0 0
20091230017 01:25:00 85623 0 0
20091230018 01:30:00 87634 0 0
20091230019 01:35:00 77747 1 1
20091230020 01:40:00 25737 0 1
20091230021 01:45:00 10725 0 0
20091230022 01:50:00 78019 0 0
20091230023 01:55:00 70502 0 0
20091230024 10:00:00 48945 0 0
20091230025 10:10:00 81264 0 0
20091230026 10:20:00 74019 0 0
20091230027 10:30:00 98933 1 1
20091230028 10:40:00 61856 0 0
20091230029 10:50:00 94058 0 0
20091230030 11:00:00 35201 0 0
20091230031 11:10:00 84605 0 0
20091230032 11:20:00 96144 0 1
20091230033 11:30:00 96214 0 0
20091230034 11:40:00 28515 0 1
20091230035 11:50:00 47055 0 1
20091230036 12:00:00 93808 0 1
20091230037 12:10:00 74100 0 1
20091230038 12:20:00 67784 1 0
20091230039 12:30:00 35914 0 0
20091230040 12:40:00 84977 0 1
20091230041 12:50:00 24483 1 0
20091230042 13:00:00 36225 0 1
20091230043 13:10:00 70664 0 1
20091230044 13:20:00 37709 1 0
20091230045 13:30:00 01217 0 0
20091230046 13:40:00 04664 0 1
20091230047 13:50:00 13360 1 0
20091230048 14:00:00 80463 0 0
20091230049 14:10:00 24479 1 0
20091230050 14:20:00 17323 0 1
20091230051 14:30:00 76507 0 0
20091230052 14:40:00 30734 0 0
20091230053 14:50:00 76866 0 1
20091230054 15:00:00 75082 0 0
20091230055 15:10:00 68443 0 1
20091230056 15:20:00 10940 0 0
20091230057 15:30:00 38855 1 1
20091230058 15:40:00 91980 1 0
20091230059 15:50:00 33033 1 1
20091230060 16:00:00 61253 0 0
20091230061 16:10:00 75382 0 0
20091230062 16:20:00 57205 0 0
20091230063 16:30:00 41566 0 1
20091230064 16:40:00 22173 1 0
20091230065 16:50:00 21377 0 1
20091230066 17:00:00 88837 1 0
20091230067 17:10:00 92538 0 0
20091230068 17:20:00 65306 0 0
20091230069 17:30:00 38890 1 0
20091230070 17:40:00 49010 0 1
20091230071 17:50:00 82943 0 0
20091230072 18:00:00 10440 0 1
20091230073 18:10:00 58273 0 0
20091230074 18:20:00 21751 0 0
20091230075 18:30:00 41109 1 0
20091230076 18:40:00 13757 0 1
20091230077 18:50:00 94259 0 0
20091230078 19:00:00 70675 0 0
20091230079 19:10:00 82572 0 0
20091230080 19:20:00 72938 0 0
20091230081 19:30:00 90577 0 1
20091230082 19:40:00 14234 0 0
20091230083 19:50:00 95017 0 0
20091230084 20:00:00 52081 0 0
20091230085 20:10:00 33037 1 0
20091230086 20:20:00 82708 0 0
20091230087 20:30:00 18864 1 0
20091230088 20:40:00 28526 0 0
20091230089 20:50:00 91910 1 0
20091230090 21:00:00 80580 0 0
20091230091 21:10:00 83942 0 0
20091230092 21:20:00 11148 1 0
20091230093 21:30:00 43030 0 1
20091230094 21:40:00 31524 0 0
20091230095 21:50:00 32352 1 0
20091230096 22:00:00 45593 1 0
20091230097 22:05:00 48814 1 0
20091230098 22:10:00 18502 0 0
20091230099 22:15:00 65765 0 0
20091230100 22:20:00 33974 1 0
20091230101 22:25:00 96224 0 1
20091230102 22:30:00 26822 0 1
20091230103 22:35:00 70386 0 0
20091230104 22:40:00 31381 1 0
20091230105 22:45:00 39302 1 0
20091230106 22:50:00 86091 0 0
20091230107 22:55:00 23304 1 0
20091230108 23:00:00 90905 1 0
20091230109 23:05:00 64051 0 0
20091230110 23:10:00 66229 1 1
20091230111 23:15:00 28606 0 1
20091230112 23:20:00 33885 1 1
20091230113 23:25:00 20895 0 0
20091230114 23:30:00 58147 0 0
20091230115 23:35:00 15366 0 1
20091230116 23:40:00 22835 1 0
20091230117 23:45:00 34585 0 1
20091230118 23:50:00 67636 1 1
20091230119 23:55:00 19740 0 0
20091230120 00:00:00 96204 0 0
