20091117001 10:00:00 19412 0 0
20091117002 10:10:00 12667 0 1
20091117003 10:20:00 31172 1 0
20091117004 10:30:00 20109 0 0
20091117005 10:40:00 72294 1 0
20091117006 10:50:00 98839 1 0
20091117007 11:00:00 42263 1 0
20091117008 11:10:00 47949 0 1
20091117009 11:20:00 48344 0 1
20091117010 11:30:00 04972 0 0
20091117011 11:40:00 28401 0 0
20091117012 11:50:00 23566 0 1
20091117013 12:00:00 30990 0 1
20091117014 12:10:00 04468 1 0
20091117015 12:20:00 70383 0 1
20091117016 12:30:00 13451 0 0
20091117017 12:40:00 83946 0 0
20091117018 12:50:00 89702 0 0
20091117019 13:00:00 08487 0 0
20091117020 13:10:00 94736 0 0
20091117021 13:20:00 94069 0 0
20091117022 13:30:00 21606 0 1
20091117023 13:40:00 33269 1 0
20091117024 13:50:00 48723 0 0
20091117025 14:00:00 69784 0 0
20091117026 14:10:00 24375 0 0
20091117027 14:20:00 14438 1 0
20091117028 14:30:00 14259 0 0
20091117029 14:40:00 27252 1 1
20091117030 14:50:00 48910 0 0
20091117031 15:00:00 05322 0 1
20091117032 15:10:00 08767 0 1
20091117033 15:20:00 42703 0 0
20091117034 15:30:00 22728 1 0
20091117035 15:40:00 28213 1 0
20091117036 15:50:00 55179 1 0
20091117037 16:00:00 44687 1 0
20091117038 16:10:00 32532 0 0
20091117039 16:20:00 30136 0 0
20091117040 16:30:00 18546 0 0
20091117041 16:40:00 72202 1 1
20091117042 16:50:00 94448 1 1
20091117043 17:00:00 46626 1 1
20091117044 17:10:00 76009 0 1
20091117045 17:20:00 92621 0 0
20091117046 17:30:00 30864 0 0
20091117047 17:40:00 39739 0 0
20091117048 17:50:00 92956 1 0
20091117049 18:00:00 77456 1 0
20091117050 18:10:00 50777 0 1
20091117051 18:20:00 78856 1 0
20091117052 18:30:00 29942 1 0
20091117053 18:40:00 78720 1 0
20091117054 18:50:00 48362 0 0
20091117055 19:00:00 94544 0 1
20091117056 19:10:00 83751 0 0
20091117057 19:20:00 28238 1 0
20091117058 19:30:00 98514 0 0
20091117059 19:40:00 51043 0 0
20091117060 19:50:00 79666 0 1
20091117061 20:00:00 83651 0 0
20091117062 20:10:00 99047 1 0
20091117063 20:20:00 46483 1 0
20091117064 20:30:00 86795 0 0
20091117065 20:40:00 66530 1 0
20091117066 20:50:00 27559 0 1
20091117067 21:00:00 82918 0 0
20091117068 21:10:00 58805 1 0
20091117069 21:20:00 08265 0 0
20091117070 21:30:00 51759 0 0
20091117071 21:40:00 05355 0 1
20091117072 21:50:00 65438 0 0
