20090802001 10:00:00 38638 0 0
20090802002 10:10:00 58174 0 0
20090802003 10:20:00 05872 0 0
20090802004 10:30:00 29195 0 0
20090802005 10:40:00 09207 0 0
20090802006 10:50:00 27926 0 0
20090802007 11:00:00 56400 0 1
20090802008 11:10:00 50091 1 0
20090802009 11:20:00 35724 0 0
20090802010 11:30:00 07443 0 1
20090802011 11:40:00 95477 0 1
20090802012 11:50:00 53300 1 1
20090802013 12:00:00 72347 0 0
20090802014 12:10:00 16562 0 0
20090802015 12:20:00 58400 0 1
20090802016 12:30:00 94998 1 1
20090802017 12:40:00 68100 0 1
20090802018 12:50:00 95961 1 0
20090802019 13:00:00 38158 0 0
20090802020 13:10:00 65483 0 0
20090802021 13:20:00 47736 1 0
20090802022 13:30:00 54029 0 0
20090802023 13:40:00 85192 0 0
20090802024 13:50:00 13164 1 0
20090802025 14:00:00 46959 0 1
20090802026 14:10:00 91435 0 0
20090802027 14:20:00 05432 0 0
20090802028 14:30:00 14228 0 1
20090802029 14:40:00 92625 0 0
20090802030 14:50:00 63819 0 0
20090802031 15:00:00 71783 1 0
20090802032 15:10:00 26068 0 0
20090802033 15:20:00 27558 0 1
20090802034 15:30:00 18016 0 0
20090802035 15:40:00 47673 0 0
20090802036 15:50:00 24758 0 0
20090802037 16:00:00 33786 1 0
20090802038 16:10:00 67516 0 0
20090802039 16:20:00 03015 1 0
20090802040 16:30:00 15088 0 1
20090802041 16:40:00 72992 0 1
20090802042 16:50:00 00540 1 0
20090802043 17:00:00 54483 1 0
20090802044 17:10:00 43924 0 0
20090802045 17:20:00 27736 1 0
20090802046 17:30:00 47648 0 0
20090802047 17:40:00 21364 0 0
20090802048 17:50:00 75781 1 0
20090802049 18:00:00 52051 0 0
20090802050 18:10:00 75147 0 0
20090802051 18:20:00 07168 0 0
20090802052 18:30:00 98628 0 0
20090802053 18:40:00 81219 0 0
20090802054 18:50:00 48797 0 1
20090802055 19:00:00 72359 0 0
20090802056 19:10:00 43936 0 0
20090802057 19:20:00 99687 1 0
20090802058 19:30:00 29361 0 0
20090802059 19:40:00 49362 0 0
20090802060 19:50:00 70165 0 0
20090802061 20:00:00 12048 0 0
20090802062 20:10:00 47266 0 1
20090802063 20:20:00 20631 0 0
20090802064 20:30:00 32645 0 0
20090802065 20:40:00 08181 0 1
20090802066 20:50:00 07641 0 0
20090802067 21:00:00 14678 0 0
20090802068 21:10:00 10032 1 0
20090802069 21:20:00 72691 0 0
20090802070 21:30:00 78474 0 1
20090802071 21:40:00 64775 0 1
20090802072 21:50:00 93922 1 1
