20091127001 10:00:00 26380 0 0
20091127002 10:10:00 69279 0 0
20091127003 10:20:00 47246 0 0
20091127004 10:30:00 20005 1 1
20091127005 10:40:00 94488 1 1
20091127006 10:50:00 78468 0 0
20091127007 11:00:00 28925 0 0
20091127008 11:10:00 19522 0 1
20091127009 11:20:00 60642 1 0
20091127010 11:30:00 44059 1 0
20091127011 11:40:00 96952 1 0
20091127012 11:50:00 33626 1 1
20091127013 12:00:00 17316 0 0
20091127014 12:10:00 39777 0 1
20091127015 12:20:00 52299 1 1
20091127016 12:30:00 29117 0 1
20091127017 12:40:00 06985 0 0
20091127018 12:50:00 46368 0 0
20091127019 13:00:00 86638 1 0
20091127020 13:10:00 58431 0 0
20091127021 13:20:00 72468 0 0
20091127022 13:30:00 46358 0 0
20091127023 13:40:00 88726 1 0
20091127024 13:50:00 15708 0 0
20091127025 14:00:00 93182 0 0
20091127026 14:10:00 64766 0 1
20091127027 14:20:00 62943 0 0
20091127028 14:30:00 82077 0 1
20091127029 14:40:00 44393 1 1
20091127030 14:50:00 85214 0 0
20091127031 15:00:00 74069 0 0
20091127032 15:10:00 03718 0 0
20091127033 15:20:00 41281 0 0
20091127034 15:30:00 40331 0 1
20091127035 15:40:00 65470 0 0
20091127036 15:50:00 71561 0 0
20091127037 16:00:00 48506 0 0
20091127038 16:10:00 68932 0 0
20091127039 16:20:00 61348 0 0
20091127040 16:30:00 69636 1 1
20091127041 16:40:00 62838 0 1
20091127042 16:50:00 69480 0 0
20091127043 17:00:00 83737 0 1
20091127044 17:10:00 69740 0 0
20091127045 17:20:00 08112 0 1
20091127046 17:30:00 84608 0 0
20091127047 17:40:00 58914 0 0
20091127048 17:50:00 56607 1 0
20091127049 18:00:00 76579 0 0
20091127050 18:10:00 24652 0 0
20091127051 18:20:00 02271 1 0
20091127052 18:30:00 91453 0 0
20091127053 18:40:00 30750 0 0
20091127054 18:50:00 37111 0 1
20091127055 19:00:00 74330 0 1
20091127056 19:10:00 45228 0 1
20091127057 19:20:00 91126 1 0
20091127058 19:30:00 57167 0 0
20091127059 19:40:00 36804 0 0
20091127060 19:50:00 60037 1 0
20091127061 20:00:00 99437 1 0
20091127062 20:10:00 97842 0 0
20091127063 20:20:00 07046 1 0
20091127064 20:30:00 83123 0 0
20091127065 20:40:00 74124 0 0
20091127066 20:50:00 78472 0 0
20091127067 21:00:00 46933 0 1
20091127068 21:10:00 73417 0 0
20091127069 21:20:00 58366 0 1
20091127070 21:30:00 92744 0 1
20091127071 21:40:00 27806 0 0
20091127072 21:50:00 37730 1 0
