20090512001 10:00:00 33580 1 0
20090512002 10:10:00 45969 0 1
20090512003 10:20:00 67102 0 0
20090512004 10:30:00 80140 0 0
20090512005 10:40:00 61882 0 1
20090512006 10:50:00 69912 1 0
20090512007 11:00:00 42897 0 0
20090512008 11:10:00 50636 0 1
20090512009 11:20:00 94072 0 0
20090512010 11:30:00 53764 0 0
20090512011 11:40:00 60192 0 0
20090512012 11:50:00 18941 0 0
20090512013 12:00:00 38434 0 1
20090512014 12:10:00 73248 0 0
20090512015 12:20:00 00290 1 0
20090512016 12:30:00 97429 0 0
20090512017 12:40:00 58961 0 0
20090512018 12:50:00 44817 1 0
20090512019 13:00:00 36785 0 0
20090512020 13:10:00 94495 1 0
20090512021 13:20:00 62696 1 1
20090512022 13:30:00 41535 0 1
20090512023 13:40:00 54594 1 0
20090512024 13:50:00 02591 0 0
20090512025 14:00:00 75397 0 0
20090512026 14:10:00 14549 0 0
20090512027 14:20:00 29293 1 0
20090512028 14:30:00 31306 1 0
20090512029 14:40:00 78675 0 0
20090512030 14:50:00 40587 0 0
20090512031 15:00:00 70666 0 1
20090512032 15:10:00 79260 0 0
20090512033 15:20:00 21867 0 0
20090512034 15:30:00 07892 0 0
20090512035 15:40:00 47344 0 1
20090512036 15:50:00 47642 0 0
20090512037 16:00:00 15911 0 1
20090512038 16:10:00 03859 0 0
20090512039 16:20:00 55270 1 0
20090512040 16:30:00 75183 0 0
20090512041 16:40:00 61027 0 0
20090512042 16:50:00 26453 0 0
20090512043 17:00:00 78903 0 0
20090512044 17:10:00 21617 0 0
20090512045 17:20:00 83601 0 0
20090512046 17:30:00 71007 0 1
20090512047 17:40:00 17009 0 1
20090512048 17:50:00 89429 0 0
20090512049 18:00:00 58187 0 0
20090512050 18:10:00 94801 0 0
20090512051 18:20:00 10496 0 0
20090512052 18:30:00 47316 0 0
20090512053 18:40:00 97736 1 0
20090512054 18:50:00 14014 0 0
20090512055 19:00:00 78384 0 0
20090512056 19:10:00 32549 0 0
20090512057 19:20:00 78774 1 1
20090512058 19:30:00 55267 1 0
20090512059 19:40:00 19884 0 1
20090512060 19:50:00 23804 0 0
20090512061 20:00:00 58834 1 0
20090512062 20:10:00 85257 0 0
20090512063 20:20:00 23360 1 0
20090512064 20:30:00 23921 0 0
20090512065 20:40:00 92301 0 0
20090512066 20:50:00 66640 1 0
20090512067 21:00:00 15852 0 0
20090512068 21:10:00 55412 1 0
20090512069 21:20:00 64057 0 0
20090512070 21:30:00 25835 0 0
20090512071 21:40:00 73086 0 0
20090512072 21:50:00 97142 0 0
