20090312001 10:00:00 60065 1 0
20090312002 10:10:00 38199 0 1
20090312003 10:20:00 34596 0 0
20090312004 10:30:00 82210 1 0
20090312005 10:40:00 31376 1 0
20090312006 10:50:00 34362 1 0
20090312007 11:00:00 36938 0 0
20090312008 11:10:00 10270 0 0
20090312009 11:20:00 42804 0 0
20090312010 11:30:00 15090 0 1
20090312011 11:40:00 36574 0 0
20090312012 11:50:00 40857 0 0
20090312013 12:00:00 53702 0 0
20090312014 12:10:00 55952 1 0
20090312015 12:20:00 53164 0 0
20090312016 12:30:00 92421 0 0
20090312017 12:40:00 94723 0 0
20090312018 12:50:00 99456 1 0
20090312019 13:00:00 07143 0 0
20090312020 13:10:00 30434 0 1
20090312021 13:20:00 94757 0 1
20090312022 13:30:00 57849 0 0
20090312023 13:40:00 54329 0 0
20090312024 13:50:00 29014 0 0
20090312025 14:00:00 25471 0 0
20090312026 14:10:00 06081 1 0
20090312027 14:20:00 66222 1 1
20090312028 14:30:00 07151 0 1
20090312029 14:40:00 29766 0 1
20090312030 14:50:00 13156 1 0
20090312031 15:00:00 88848 1 1
20090312032 15:10:00 19594 0 0
20090312033 15:20:00 89674 0 0
20090312034 15:30:00 62115 0 1
20090312035 15:40:00 39126 0 0
20090312036 15:50:00 94553 0 1
20090312037 16:00:00 14322 0 1
20090312038 16:10:00 95238 0 0
20090312039 16:20:00 35568 1 0
20090312040 16:30:00 38992 0 1
20090312041 16:40:00 65602 1 0
20090312042 16:50:00 16380 0 0
20090312043 17:00:00 53795 0 0
20090312044 17:10:00 17110 1 1
20090312045 17:20:00 24501 0 0
20090312046 17:30:00 87771 1 1
20090312047 17:40:00 23154 0 0
20090312048 17:50:00 09475 0 0
20090312049 18:00:00 68410 0 0
20090312050 18:10:00 96515 0 1
20090312051 18:20:00 25555 1 1
20090312052 18:30:00 71460 0 0
20090312053 18:40:00 05781 0 0
20090312054 18:50:00 92768 0 0
20090312055 19:00:00 87842 1 0
20090312056 19:10:00 59922 1 1
20090312057 19:20:00 27626 0 1
20090312058 19:30:00 42651 0 0
20090312059 19:40:00 62010 0 1
20090312060 19:50:00 85059 0 0
20090312061 20:00:00 24500 0 1
20090312062 20:10:00 14719 0 0
20090312063 20:20:00 80972 0 0
20090312064 20:30:00 03341 1 0
20090312065 20:40:00 85425 0 0
20090312066 20:50:00 72827 0 0
20090312067 21:00:00 11822 1 1
20090312068 21:10:00 43556 0 1
20090312069 21:20:00 75338 0 1
20090312070 21:30:00 35356 1 0
20090312071 21:40:00 87345 0 0
20090312072 21:50:00 38214 0 0
