20091029001 10:00:00 48367 0 0
20091029002 10:10:00 05394 0 0
20091029003 10:20:00 70664 0 1
20091029004 10:30:00 73331 1 1
20091029005 10:40:00 54734 0 0
20091029006 10:50:00 05601 0 0
20091029007 11:00:00 30848 0 1
20091029008 11:10:00 61309 0 0
20091029009 11:20:00 63702 0 0
20091029010 11:30:00 48367 0 0
20091029011 11:40:00 10823 0 0
20091029012 11:50:00 00915 1 0
20091029013 12:00:00 71464 0 1
20091029014 12:10:00 20025 1 0
20091029015 12:20:00 66407 1 0
20091029016 12:30:00 52288 1 1
20091029017 12:40:00 90160 0 0
20091029018 12:50:00 77714 1 0
20091029019 13:00:00 80525 0 1
20091029020 13:10:00 36764 0 0
20091029021 13:20:00 94554 0 1
20091029022 13:30:00 56834 0 0
20091029023 13:40:00 04918 0 0
20091029024 13:50:00 00045 1 0
20091029025 14:00:00 54816 0 0
20091029026 14:10:00 49252 0 1
20091029027 14:20:00 10465 0 0
20091029028 14:30:00 61744 0 1
20091029029 14:40:00 51775 0 1
20091029030 14:50:00 14901 0 0
20091029031 15:00:00 81065 0 0
20091029032 15:10:00 04735 0 0
20091029033 15:20:00 91149 1 0
20091029034 15:30:00 38308 1 0
20091029035 15:40:00 30518 0 0
20091029036 15:50:00 19565 0 1
20091029037 16:00:00 57375 0 0
20091029038 16:10:00 88809 1 0
20091029039 16:20:00 32059 0 0
20091029040 16:30:00 56257 0 0
20091029041 16:40:00 45425 1 0
20091029042 16:50:00 29364 0 0
20091029043 17:00:00 17702 1 0
20091029044 17:10:00 71800 0 1
20091029045 17:20:00 42802 0 0
20091029046 17:30:00 12320 0 0
20091029047 17:40:00 13642 0 0
20091029048 17:50:00 21235 1 0
20091029049 18:00:00 13659 0 0
20091029050 18:10:00 01235 0 0
20091029051 18:20:00 66895 1 0
20091029052 18:30:00 42983 0 0
20091029053 18:40:00 53119 0 1
20091029054 18:50:00 31596 0 0
20091029055 19:00:00 25047 0 0
20091029056 19:10:00 04625 0 0
20091029057 19:20:00 70181 0 1
20091029058 19:30:00 15959 0 1
20091029059 19:40:00 02352 0 0
20091029060 19:50:00 63464 0 1
20091029061 20:00:00 42948 0 0
20091029062 20:10:00 73855 0 1
20091029063 20:20:00 39757 0 1
20091029064 20:30:00 66766 1 1
20091029065 20:40:00 35988 0 1
20091029066 20:50:00 49640 0 0
20091029067 21:00:00 56641 1 0
20091029068 21:10:00 22580 1 0
20091029069 21:20:00 04185 0 0
20091029070 21:30:00 15618 0 0
20091029071 21:40:00 54638 0 0
20091029072 21:50:00 39552 0 1
