20100728001 00:05:00 02457 0 0
20100728002 00:10:00 83298 0 0
20100728003 00:15:00 36653 1 0
20100728004 00:20:00 01591 0 0
20100728005 00:25:00 60107 0 0
20100728006 00:30:00 86043 0 0
20100728007 00:35:00 91539 0 0
20100728008 00:40:00 57016 0 0
20100728009 00:45:00 20458 0 0
20100728010 00:50:00 29739 0 0
20100728011 00:55:00 09213 0 0
20100728012 01:00:00 62477 0 1
20100728013 01:05:00 99220 1 1
20100728014 01:10:00 59745 0 0
20100728015 01:15:00 30231 0 0
20100728016 01:20:00 29303 0 1
20100728017 01:25:00 61519 0 0
20100728018 01:30:00 91878 0 1
20100728019 01:35:00 90357 0 0
20100728020 01:40:00 03528 0 0
20100728021 01:45:00 83999 0 1
20100728022 01:50:00 51580 1 0
20100728023 01:55:00 63653 1 0
20100728024 10:00:00 75461 0 0
20100728025 10:10:00 87439 0 0
20100728026 10:20:00 00794 1 0
20100728027 10:30:00 87491 0 0
20100728028 10:40:00 53200 0 1
20100728029 10:50:00 54181 0 1
20100728030 11:00:00 23088 0 1
20100728031 11:10:00 18351 0 0
20100728032 11:20:00 99956 1 0
20100728033 11:30:00 73808 0 1
20100728034 11:40:00 99497 1 0
20100728035 11:50:00 51109 1 0
20100728036 12:00:00 57528 1 0
20100728037 12:10:00 50110 0 1
20100728038 12:20:00 88065 1 0
20100728039 12:30:00 83728 0 0
20100728040 12:40:00 60709 0 0
20100728041 12:50:00 62567 0 0
20100728042 13:00:00 56852 0 0
20100728043 13:10:00 42043 0 0
20100728044 13:20:00 96316 0 0
20100728045 13:30:00 15151 1 1
20100728046 13:40:00 84694 0 0
20100728047 13:50:00 44748 1 0
20100728048 14:00:00 05298 0 0
20100728049 14:10:00 57058 0 0
20100728050 14:20:00 71185 1 0
20100728051 14:30:00 59034 0 0
20100728052 14:40:00 10433 0 1
20100728053 14:50:00 72591 0 0
20100728054 15:00:00 03611 0 1
20100728055 15:10:00 70972 0 0
20100728056 15:20:00 43167 0 0
20100728057 15:30:00 73056 0 0
20100728058 15:40:00 20179 0 0
20100728059 15:50:00 16119 1 1
20100728060 16:00:00 72907 0 0
20100728061 16:10:00 05112 0 1
20100728062 16:20:00 18692 0 0
20100728063 16:30:00 63235 0 0
20100728064 16:40:00 13909 0 1
20100728065 16:50:00 03847 0 0
20100728066 17:00:00 78072 0 0
20100728067 17:10:00 12812 0 0
20100728068 17:20:00 56960 0 0
20100728069 17:30:00 71198 1 0
20100728070 17:40:00 87250 0 0
20100728071 17:50:00 37305 1 0
20100728072 18:00:00 10122 1 1
20100728073 18:10:00 74583 0 0
20100728074 18:20:00 12506 0 0
20100728075 18:30:00 01178 1 0
20100728076 18:40:00 11822 1 1
20100728077 18:50:00 01554 0 1
20100728078 19:00:00 19106 1 0
20100728079 19:10:00 32205 1 0
20100728080 19:20:00 48856 1 0
20100728081 19:30:00 39933 1 1
20100728082 19:40:00 18524 0 0
20100728083 19:50:00 22756 1 0
20100728084 20:00:00 57431 0 0
20100728085 20:10:00 04036 1 0
20100728086 20:20:00 94425 1 0
20100728087 20:30:00 03045 1 0
20100728088 20:40:00 19886 0 1
20100728089 20:50:00 57482 0 0
20100728090 21:00:00 64500 0 1
20100728091 21:10:00 91094 0 0
20100728092 21:20:00 08193 0 0
20100728093 21:30:00 98803 1 0
20100728094 21:40:00 47438 1 0
20100728095 21:50:00 76836 0 0
20100728096 22:00:00 33894 1 0
20100728097 22:05:00 68101 0 1
20100728098 22:10:00 74002 0 1
20100728099 22:15:00 28765 0 0
20100728100 22:20:00 70672 0 0
20100728101 22:25:00 48207 0 0
20100728102 22:30:00 72018 0 0
20100728103 22:35:00 29468 0 0
20100728104 22:40:00 15329 0 0
20100728105 22:45:00 27286 1 0
20100728106 22:50:00 40839 0 0
20100728107 22:55:00 14475 1 0
20100728108 23:00:00 74601 0 0
20100728109 23:05:00 18161 1 1
20100728110 23:10:00 40057 1 0
20100728111 23:15:00 24587 0 0
20100728112 23:20:00 18987 0 0
20100728113 23:25:00 11705 1 0
20100728114 23:30:00 32609 0 0
20100728115 23:35:00 19689 0 0
20100728116 23:40:00 82809 1 0
20100728117 23:45:00 27791 1 0
20100728118 23:50:00 01716 0 0
20100728119 23:55:00 71319 0 0
20100728120 00:00:00 92096 0 0
