20100929001 00:05:00 46604 1 0
20100929002 00:10:00 23718 0 0
20100929003 00:15:00 35589 1 0
20100929004 00:20:00 34269 0 0
20100929005 00:25:00 33762 1 0
20100929006 00:30:00 70077 1 1
20100929007 00:35:00 33222 1 1
20100929008 00:40:00 37930 0 0
20100929009 00:45:00 55745 1 0
20100929010 00:50:00 81086 0 0
20100929011 00:55:00 83989 0 1
20100929012 01:00:00 55187 1 0
20100929013 01:05:00 12599 0 1
20100929014 01:10:00 91130 1 0
20100929015 01:15:00 74594 0 0
20100929016 01:20:00 92234 1 0
20100929017 01:25:00 39775 0 1
20100929018 01:30:00 85217 0 0
20100929019 01:35:00 08994 0 1
20100929020 01:40:00 25732 0 0
20100929021 01:45:00 85512 1 0
20100929022 01:50:00 33521 1 0
20100929023 01:55:00 99080 1 1
20100929024 10:00:00 95248 0 0
20100929025 10:10:00 89904 1 0
20100929026 10:20:00 01233 0 1
20100929027 10:30:00 50056 1 0
20100929028 10:40:00 63248 0 0
20100929029 10:50:00 06307 0 0
20100929030 11:00:00 72157 0 0
20100929031 11:10:00 18317 0 0
20100929032 11:20:00 55364 1 0
20100929033 11:30:00 48970 0 0
20100929034 11:40:00 68670 1 0
20100929035 11:50:00 99728 1 0
20100929036 12:00:00 04039 1 0
20100929037 12:10:00 69492 0 0
20100929038 12:20:00 25148 0 0
20100929039 12:30:00 66015 1 0
20100929040 12:40:00 45332 0 1
20100929041 12:50:00 75409 0 0
20100929042 13:00:00 60749 0 0
20100929043 13:10:00 93453 0 0
20100929044 13:20:00 83687 0 0
20100929045 13:30:00 74773 1 1
20100929046 13:40:00 68391 0 0
20100929047 13:50:00 22094 1 0
20100929048 14:00:00 66538 1 0
20100929049 14:10:00 64418 1 0
20100929050 14:20:00 95439 0 0
20100929051 14:30:00 58826 1 0
20100929052 14:40:00 40852 0 0
20100929053 14:50:00 79705 1 0
20100929054 15:00:00 54940 0 0
20100929055 15:10:00 71278 0 0
20100929056 15:20:00 09808 0 1
20100929057 15:30:00 88967 1 0
20100929058 15:40:00 65377 0 1
20100929059 15:50:00 48229 0 1
20100929060 16:00:00 47969 0 1
20100929061 16:10:00 13195 1 0
20100929062 16:20:00 14047 0 0
20100929063 16:30:00 50365 0 0
20100929064 16:40:00 15144 1 1
20100929065 16:50:00 44762 1 0
20100929066 17:00:00 98502 0 0
20100929067 17:10:00 65890 0 0
20100929068 17:20:00 02303 0 1
20100929069 17:30:00 37403 0 0
20100929070 17:40:00 76047 0 0
20100929071 17:50:00 22673 1 0
20100929072 18:00:00 52615 0 0
20100929073 18:10:00 39016 0 0
20100929074 18:20:00 28286 1 0
20100929075 18:30:00 44653 1 0
20100929076 18:40:00 82431 0 0
20100929077 18:50:00 75040 0 1
20100929078 19:00:00 93313 1 1
20100929079 19:10:00 40810 0 0
20100929080 19:20:00 95324 0 0
20100929081 19:30:00 71603 0 0
20100929082 19:40:00 95668 0 1
20100929083 19:50:00 23154 0 0
20100929084 20:00:00 84962 0 0
20100929085 20:10:00 76757 1 1
20100929086 20:20:00 46799 0 1
20100929087 20:30:00 42476 1 0
20100929088 20:40:00 03721 0 0
20100929089 20:50:00 80822 1 1
20100929090 21:00:00 18379 0 0
20100929091 21:10:00 77402 1 0
20100929092 21:20:00 23439 0 0
20100929093 21:30:00 84054 0 0
20100929094 21:40:00 51625 0 0
20100929095 21:50:00 57187 0 0
20100929096 22:00:00 45042 0 0
20100929097 22:05:00 24585 0 1
20100929098 22:10:00 04303 0 1
20100929099 22:15:00 43210 0 0
20100929100 22:20:00 78152 0 0
20100929101 22:25:00 48771 0 1
20100929102 22:30:00 05795 0 0
20100929103 22:35:00 04258 0 0
20100929104 22:40:00 82276 1 0
20100929105 22:45:00 86717 0 1
20100929106 22:50:00 79890 0 0
20100929107 22:55:00 70001 1 1
20100929108 23:00:00 48331 0 1
20100929109 23:05:00 23943 0 0
20100929110 23:10:00 97799 1 1
20100929111 23:15:00 76760 1 0
20100929112 23:20:00 99117 1 1
20100929113 23:25:00 73205 0 0
20100929114 23:30:00 63667 1 1
20100929115 23:35:00 58308 0 0
20100929116 23:40:00 67283 0 0
20100929117 23:45:00 78584 0 0
20100929118 23:50:00 99542 1 0
20100929119 23:55:00 93065 0 0
20100929120 00:00:00 88405 1 0
