20100511001 00:05:00 78801 1 0
20100511002 00:10:00 38267 0 0
20100511003 00:15:00 64922 0 1
20100511004 00:20:00 85170 0 0
20100511005 00:25:00 52003 0 1
20100511006 00:30:00 34953 0 0
20100511007 00:35:00 29212 1 1
20100511008 00:40:00 73641 0 0
20100511009 00:45:00 22467 1 0
20100511010 00:50:00 80191 0 1
20100511011 00:55:00 27387 0 0
20100511012 01:00:00 79583 0 0
20100511013 01:05:00 93938 1 0
20100511014 01:10:00 60928 0 0
20100511015 01:15:00 64862 0 0
20100511016 01:20:00 85963 0 0
20100511017 01:25:00 29311 0 1
20100511018 01:30:00 60689 1 0
20100511019 01:35:00 14074 0 0
20100511020 01:40:00 74995 0 1
20100511021 01:45:00 05832 0 0
20100511022 01:50:00 67742 1 0
20100511023 01:55:00 90617 0 0
20100511024 10:00:00 82530 0 0
20100511025 10:10:00 93135 0 0
20100511026 10:20:00 16499 0 1
20100511027 10:30:00 90906 1 0
20100511028 10:40:00 31477 0 1
20100511029 10:50:00 14110 1 1
20100511030 11:00:00 23137 0 0
20100511031 11:10:00 22693 1 0
20100511032 11:20:00 85643 0 0
20100511033 11:30:00 42277 1 1
20100511034 11:40:00 73235 0 0
20100511035 11:50:00 92623 0 0
20100511036 12:00:00 12520 0 0
20100511037 12:10:00 71647 0 0
20100511038 12:20:00 67735 1 0
20100511039 12:30:00 32691 0 0
20100511040 12:40:00 82926 0 0
20100511041 12:50:00 60445 0 1
20100511042 13:00:00 48637 0 0
20100511043 13:10:00 11902 1 0
20100511044 13:20:00 40029 1 0
20100511045 13:30:00 79684 0 0
20100511046 13:40:00 71885 0 1
20100511047 13:50:00 40437 1 0
20100511048 14:00:00 28161 0 1
20100511049 14:10:00 02422 0 1
20100511050 14:20:00 03471 0 0
20100511051 14:30:00 35047 0 0
20100511052 14:40:00 85452 0 0
20100511053 14:50:00 07291 0 0
20100511054 15:00:00 31742 0 0
20100511055 15:10:00 11723 1 0
20100511056 15:20:00 88482 1 0
20100511057 15:30:00 98535 0 1
20100511058 15:40:00 43664 0 1
20100511059 15:50:00 62282 1 1
20100511060 16:00:00 94906 1 0
20100511061 16:10:00 67739 1 0
20100511062 16:20:00 47944 0 1
20100511063 16:30:00 55533 1 1
20100511064 16:40:00 00890 1 0
20100511065 16:50:00 08859 1 0
20100511066 17:00:00 22046 1 0
20100511067 17:10:00 93702 0 0
20100511068 17:20:00 09905 1 0
20100511069 17:30:00 96939 1 1
20100511070 17:40:00 25848 0 1
20100511071 17:50:00 85402 0 0
20100511072 18:00:00 60517 0 0
20100511073 18:10:00 28779 0 1
20100511074 18:20:00 34584 0 0
20100511075 18:30:00 77224 1 1
20100511076 18:40:00 45281 0 0
20100511077 18:50:00 00595 1 1
20100511078 19:00:00 23416 0 0
20100511079 19:10:00 74100 0 1
20100511080 19:20:00 96109 0 0
20100511081 19:30:00 10931 0 0
20100511082 19:40:00 64904 0 0
20100511083 19:50:00 66311 1 1
20100511084 20:00:00 25204 1 0
20100511085 20:10:00 58387 0 0
20100511086 20:20:00 07798 1 0
20100511087 20:30:00 64189 0 0
20100511088 20:40:00 77809 1 0
20100511089 20:50:00 34029 0 0
20100511090 21:00:00 83330 1 1
20100511091 21:10:00 83192 0 0
20100511092 21:20:00 77088 1 1
20100511093 21:30:00 40710 0 0
20100511094 21:40:00 85474 0 1
20100511095 21:50:00 33010 1 1
20100511096 22:00:00 18235 0 0
20100511097 22:05:00 93920 1 0
20100511098 22:10:00 42070 0 1
20100511099 22:15:00 21812 0 0
20100511100 22:20:00 20287 1 0
20100511101 22:25:00 32900 0 1
20100511102 22:30:00 29919 1 1
20100511103 22:35:00 43828 0 1
20100511104 22:40:00 64690 1 0
20100511105 22:45:00 50549 1 0
20100511106 22:50:00 77560 1 0
20100511107 22:55:00 59590 1 0
20100511108 23:00:00 39354 1 0
20100511109 23:05:00 63437 0 0
20100511110 23:10:00 75811 0 1
20100511111 23:15:00 00172 1 0
20100511112 23:20:00 59839 0 0
20100511113 23:25:00 03408 0 0
20100511114 23:30:00 08311 0 1
20100511115 23:35:00 51746 0 0
20100511116 23:40:00 44733 1 1
20100511117 23:45:00 86372 0 0
20100511118 23:50:00 62814 0 0
20100511119 23:55:00 09662 0 1
20100511120 00:00:00 85297 0 0
