20101219001 00:05:00 73762 1 0
20101219002 00:10:00 51161 1 1
20101219003 00:15:00 81429 0 0
20101219004 00:20:00 95684 0 0
20101219005 00:25:00 49124 0 0
20101219006 00:30:00 05524 1 0
20101219007 00:35:00 22412 1 0
20101219008 00:40:00 75021 0 0
20101219009 00:45:00 03331 1 1
20101219010 00:50:00 43061 0 0
20101219011 00:55:00 24142 0 0
20101219012 01:00:00 96080 0 1
20101219013 01:05:00 75183 0 0
20101219014 01:10:00 51984 0 0
20101219015 01:15:00 41346 0 0
20101219016 01:20:00 25651 0 0
20101219017 01:25:00 22761 1 0
20101219018 01:30:00 17955 0 1
20101219019 01:35:00 55502 1 0
20101219020 01:40:00 73468 0 0
20101219021 01:45:00 60992 0 1
20101219022 01:50:00 11146 1 0
20101219023 01:55:00 25149 0 0
20101219024 10:00:00 64125 0 0
20101219025 10:10:00 49399 0 1
20101219026 10:20:00 02255 1 1
20101219027 10:30:00 36946 0 0
20101219028 10:40:00 67573 0 0
20101219029 10:50:00 91465 0 0
20101219030 11:00:00 07919 0 1
20101219031 11:10:00 56384 0 0
20101219032 11:20:00 68278 0 0
20101219033 11:30:00 76438 0 0
20101219034 11:40:00 38951 0 0
20101219035 11:50:00 00278 1 0
20101219036 12:00:00 28379 0 0
20101219037 12:10:00 48644 0 1
20101219038 12:20:00 33022 1 1
20101219039 12:30:00 07545 0 1
20101219040 12:40:00 14510 0 0
20101219041 12:50:00 25487 0 0
20101219042 13:00:00 65317 0 0
20101219043 13:10:00 99092 1 0
20101219044 13:20:00 34681 0 0
20101219045 13:30:00 19006 0 1
20101219046 13:40:00 25408 0 0
20101219047 13:50:00 07279 0 0
20101219048 14:00:00 35096 0 0
20101219049 14:10:00 28910 0 0
20101219050 14:20:00 94220 0 1
20101219051 14:30:00 29506 0 0
20101219052 14:40:00 53625 0 0
20101219053 14:50:00 48618 0 0
20101219054 15:00:00 86411 0 1
20101219055 15:10:00 76964 0 0
20101219056 15:20:00 74258 0 0
20101219057 15:30:00 05302 0 0
20101219058 15:40:00 31309 1 0
20101219059 15:50:00 67185 0 0
20101219060 16:00:00 07122 0 1
20101219061 16:10:00 87553 0 1
20101219062 16:20:00 09710 0 0
20101219063 16:30:00 73516 0 0
20101219064 16:40:00 89931 1 0
20101219065 16:50:00 53901 0 0
20101219066 17:00:00 08141 0 1
20101219067 17:10:00 65203 0 0
20101219068 17:20:00 11903 1 0
20101219069 17:30:00 66667 1 1
20101219070 17:40:00 33803 1 0
20101219071 17:50:00 88917 1 0
20101219072 18:00:00 37973 0 0
20101219073 18:10:00 88965 1 0
20101219074 18:20:00 71358 0 0
20101219075 18:30:00 25902 0 0
20101219076 18:40:00 49875 0 0
20101219077 18:50:00 64245 0 0
20101219078 19:00:00 11998 1 1
20101219079 19:10:00 50039 1 0
20101219080 19:20:00 65219 0 0
20101219081 19:30:00 26564 0 0
20101219082 19:40:00 63112 0 1
20101219083 19:50:00 75678 0 0
20101219084 20:00:00 69195 0 0
20101219085 20:10:00 03256 0 0
20101219086 20:20:00 26415 0 0
20101219087 20:30:00 64340 0 0
20101219088 20:40:00 71173 1 0
20101219089 20:50:00 52782 0 0
20101219090 21:00:00 69520 0 0
20101219091 21:10:00 38398 1 0
20101219092 21:20:00 92625 0 0
20101219093 21:30:00 43338 1 1
20101219094 21:40:00 32018 0 0
20101219095 21:50:00 35162 0 0
20101219096 22:00:00 57853 0 0
20101219097 22:05:00 95716 0 0
20101219098 22:10:00 11952 1 0
20101219099 22:15:00 38841 1 0
20101219100 22:20:00 25920 0 0
20101219101 22:25:00 09008 1 1
20101219102 22:30:00 39096 0 0
20101219103 22:35:00 43842 0 0
20101219104 22:40:00 40106 0 0
20101219105 22:45:00 08407 0 0
20101219106 22:50:00 73822 0 1
20101219107 22:55:00 86218 0 0
20101219108 23:00:00 64101 0 1
20101219109 23:05:00 42936 0 0
20101219110 23:10:00 61834 0 0
20101219111 23:15:00 18307 0 0
20101219112 23:20:00 42158 0 0
20101219113 23:25:00 66737 1 1
20101219114 23:30:00 29494 0 1
20101219115 23:35:00 82771 0 1
20101219116 23:40:00 08044 1 1
20101219117 23:45:00 01225 0 1
20101219118 23:50:00 81003 0 1
20101219119 23:55:00 45676 0 1
20101219120 00:00:00 91689 0 0
