20100810001 00:05:00 02686 0 1
20100810002 00:10:00 82365 0 0
20100810003 00:15:00 54031 0 0
20100810004 00:20:00 67360 0 0
20100810005 00:25:00 78482 0 0
20100810006 00:30:00 35405 0 0
20100810007 00:35:00 56901 0 0
20100810008 00:40:00 64599 0 1
20100810009 00:45:00 70526 0 0
20100810010 00:50:00 99150 1 0
20100810011 00:55:00 71600 0 1
20100810012 01:00:00 08140 0 0
20100810013 01:05:00 35159 0 0
20100810014 01:10:00 09149 0 0
20100810015 01:15:00 34985 0 0
20100810016 01:20:00 60890 0 0
20100810017 01:25:00 38529 0 0
20100810018 01:30:00 65525 1 1
20100810019 01:35:00 32589 0 0
20100810020 01:40:00 73586 0 0
20100810021 01:45:00 06499 0 1
20100810022 01:50:00 97339 0 1
20100810023 01:55:00 49546 0 0
20100810024 10:00:00 03459 0 0
20100810025 10:10:00 69620 1 0
20100810026 10:20:00 78086 0 0
20100810027 10:30:00 30352 1 0
20100810028 10:40:00 95991 1 1
20100810029 10:50:00 93479 0 0
20100810030 11:00:00 38327 1 0
20100810031 11:10:00 17842 0 0
20100810032 11:20:00 24237 1 0
20100810033 11:30:00 81264 0 0
20100810034 11:40:00 50049 1 0
20100810035 11:50:00 63386 1 0
20100810036 12:00:00 96152 0 0
20100810037 12:10:00 10836 0 0
20100810038 12:20:00 77242 1 1
20100810039 12:30:00 07510 0 0
20100810040 12:40:00 44081 1 0
20100810041 12:50:00 24001 0 1
20100810042 13:00:00 76871 0 0
20100810043 13:10:00 34969 0 1
20100810044 13:20:00 25955 0 1
20100810045 13:30:00 13627 0 0
20100810046 13:40:00 26875 0 0
20100810047 13:50:00 69041 0 0
20100810048 14:00:00 96980 1 0
20100810049 14:10:00 92499 0 1
20100810050 14:20:00 09338 0 1
20100810051 14:30:00 43653 0 0
20100810052 14:40:00 14224 0 1
20100810053 14:50:00 66659 1 0
20100810054 15:00:00 16046 0 0
20100810055 15:10:00 05445 0 1
20100810056 15:20:00 66443 1 1
20100810057 15:30:00 04450 1 0
20100810058 15:40:00 20320 0 0
20100810059 15:50:00 13370 1 0
20100810060 16:00:00 37155 0 1
20100810061 16:10:00 84178 0 0
20100810062 16:20:00 96509 0 0
20100810063 16:30:00 74641 0 0
20100810064 16:40:00 91809 0 0
20100810065 16:50:00 24084 0 0
20100810066 17:00:00 02950 0 0
20100810067 17:10:00 54763 0 0
20100810068 17:20:00 43505 0 1
20100810069 17:30:00 45586 1 0
20100810070 17:40:00 26253 1 0
20100810071 17:50:00 08873 1 0
20100810072 18:00:00 56439 0 0
20100810073 18:10:00 99543 1 0
20100810074 18:20:00 09139 0 0
20100810075 18:30:00 07492 0 0
20100810076 18:40:00 64954 0 0
20100810077 18:50:00 87942 0 0
20100810078 19:00:00 10864 0 0
20100810079 19:10:00 68762 0 0
20100810080 19:20:00 36928 0 0
20100810081 19:30:00 65815 0 0
20100810082 19:40:00 90198 0 0
20100810083 19:50:00 58854 1 0
20100810084 20:00:00 94360 0 0
20100810085 20:10:00 36733 0 1
20100810086 20:20:00 97644 0 1
20100810087 20:30:00 55606 1 1
20100810088 20:40:00 35677 0 1
20100810089 20:50:00 79795 1 0
20100810090 21:00:00 36234 0 0
20100810091 21:10:00 82530 0 0
20100810092 21:20:00 78921 0 0
20100810093 21:30:00 78536 0 0
20100810094 21:40:00 71766 1 1
20100810095 21:50:00 44198 1 0
20100810096 22:00:00 56605 1 0
20100810097 22:05:00 94390 0 0
20100810098 22:10:00 25963 0 0
20100810099 22:15:00 01638 0 0
20100810100 22:20:00 44449 1 1
20100810101 22:25:00 66135 1 0
20100810102 22:30:00 12948 0 0
20100810103 22:35:00 37452 0 0
20100810104 22:40:00 93546 0 0
20100810105 22:45:00 87835 1 0
20100810106 22:50:00 98752 0 0
20100810107 22:55:00 88968 1 0
20100810108 23:00:00 59710 0 0
20100810109 23:05:00 35381 1 0
20100810110 23:10:00 28697 0 0
20100810111 23:15:00 96999 1 1
20100810112 23:20:00 91405 0 0
20100810113 23:25:00 22687 1 0
20100810114 23:30:00 77426 1 0
20100810115 23:35:00 01353 0 1
20100810116 23:40:00 69435 0 0
20100810117 23:45:00 25476 0 0
20100810118 23:50:00 68570 0 0
20100810119 23:55:00 16301 0 0
20100810120 00:00:00 12154 1 0
