20100202001 00:05:00 79144 0 1
20100202002 00:10:00 21191 1 1
20100202003 00:15:00 99262 1 1
20100202004 00:20:00 58273 0 0
20100202005 00:25:00 89076 0 0
20100202006 00:30:00 94514 0 0
20100202007 00:35:00 90937 1 0
20100202008 00:40:00 00514 1 0
20100202009 00:45:00 36220 0 1
20100202010 00:50:00 52293 1 0
20100202011 00:55:00 01790 0 0
20100202012 01:00:00 57648 0 0
20100202013 01:05:00 86077 0 1
20100202014 01:10:00 37372 1 0
20100202015 01:15:00 41516 0 0
20100202016 01:20:00 31516 0 0
20100202017 01:25:00 89249 0 0
20100202018 01:30:00 49130 0 0
20100202019 01:35:00 52536 1 0
20100202020 01:40:00 23041 0 0
20100202021 01:45:00 31440 0 1
20100202022 01:50:00 92208 1 0
20100202023 01:55:00 87947 0 0
20100202024 10:00:00 29278 1 0
20100202025 10:10:00 18190 1 0
20100202026 10:20:00 98240 0 0
20100202027 10:30:00 12479 0 0
20100202028 10:40:00 91544 0 1
20100202029 10:50:00 39751 0 0
20100202030 11:00:00 00927 1 0
20100202031 11:10:00 78001 0 1
20100202032 11:20:00 25057 0 0
20100202033 11:30:00 99929 1 1
20100202034 11:40:00 42764 0 0
20100202035 11:50:00 35072 0 0
20100202036 12:00:00 98484 0 1
20100202037 12:10:00 12293 1 0
20100202038 12:20:00 99791 1 0
20100202039 12:30:00 36975 0 0
20100202040 12:40:00 16080 0 1
20100202041 12:50:00 38103 0 0
20100202042 13:00:00 38272 0 1
20100202043 13:10:00 20319 0 0
20100202044 13:20:00 71580 0 0
20100202045 13:30:00 77787 1 1
20100202046 13:40:00 20990 0 1
20100202047 13:50:00 69934 1 0
20100202048 14:00:00 31910 0 0
20100202049 14:10:00 10520 0 0
20100202050 14:20:00 80592 0 0
20100202051 14:30:00 22085 1 0
20100202052 14:40:00 62509 0 0
20100202053 14:50:00 85986 0 0
20100202054 15:00:00 22664 1 1
20100202055 15:10:00 07777 1 1
20100202056 15:20:00 02584 0 0
20100202057 15:30:00 52400 0 1
20100202058 15:40:00 95356 0 0
20100202059 15:50:00 40360 0 0
20100202060 16:00:00 94955 1 1
20100202061 16:10:00 29454 0 1
20100202062 16:20:00 00234 1 0
20100202063 16:30:00 27361 0 0
20100202064 16:40:00 63657 1 0
20100202065 16:50:00 66521 1 0
20100202066 17:00:00 25550 1 1
20100202067 17:10:00 81056 0 0
20100202068 17:20:00 88438 1 0
20100202069 17:30:00 42625 0 0
20100202070 17:40:00 03473 0 0
20100202071 17:50:00 32338 1 1
20100202072 18:00:00 44980 1 0
20100202073 18:10:00 54113 0 1
20100202074 18:20:00 18445 0 1
20100202075 18:30:00 33600 1 1
20100202076 18:40:00 03369 1 0
20100202077 18:50:00 19832 0 0
20100202078 19:00:00 65303 0 1
20100202079 19:10:00 29329 0 0
20100202080 19:20:00 81641 0 0
20100202081 19:30:00 27549 0 0
20100202082 19:40:00 91918 1 0
20100202083 19:50:00 00731 1 0
20100202084 20:00:00 13190 1 0
20100202085 20:10:00 14149 1 0
20100202086 20:20:00 80875 1 0
20100202087 20:30:00 91120 1 0
20100202088 20:40:00 36536 0 0
20100202089 20:50:00 74712 1 0
20100202090 21:00:00 05431 0 0
20100202091 21:10:00 10602 0 0
20100202092 21:20:00 97787 1 1
20100202093 21:30:00 77283 1 0
20100202094 21:40:00 70967 0 0
20100202095 21:50:00 19817 0 0
20100202096 22:00:00 22321 1 0
20100202097 22:05:00 31425 0 0
20100202098 22:10:00 74335 0 1
20100202099 22:15:00 11675 1 0
20100202100 22:20:00 08265 0 0
20100202101 22:25:00 15245 0 0
20100202102 22:30:00 36366 1 1
20100202103 22:35:00 82086 0 0
20100202104 22:40:00 55292 1 1
20100202105 22:45:00 92217 1 0
20100202106 22:50:00 75206 0 0
20100202107 22:55:00 87037 0 0
20100202108 23:00:00 37977 0 1
20100202109 23:05:00 14880 0 1
20100202110 23:10:00 30508 0 0
20100202111 23:15:00 25580 1 0
20100202112 23:20:00 10069 1 0
20100202113 23:25:00 05004 1 1
20100202114 23:30:00 47512 0 0
20100202115 23:35:00 77648 1 0
20100202116 23:40:00 29892 0 0
20100202117 23:45:00 66348 1 0
20100202118 23:50:00 59071 0 0
20100202119 23:55:00 47538 0 0
20100202120 00:00:00 02918 0 0
