20100422001 00:05:00 24292 1 1
20100422002 00:10:00 09290 0 0
20100422003 00:15:00 90104 0 0
20100422004 00:20:00 95413 0 0
20100422005 00:25:00 82168 0 0
20100422006 00:30:00 06127 0 0
20100422007 00:35:00 91739 0 0
20100422008 00:40:00 95139 0 0
20100422009 00:45:00 49563 0 0
20100422010 00:50:00 08256 0 0
20100422011 00:55:00 40099 1 1
20100422012 01:00:00 14234 0 0
20100422013 01:05:00 05724 0 0
20100422014 01:10:00 38086 0 0
20100422015 01:15:00 69732 0 0
20100422016 01:20:00 27095 0 0
20100422017 01:25:00 81771 0 1
20100422018 01:30:00 27425 0 0
20100422019 01:35:00 73275 0 0
20100422020 01:40:00 36551 0 1
20100422021 01:45:00 10172 1 0
20100422022 01:50:00 98893 1 0
20100422023 01:55:00 15128 1 0
20100422024 10:00:00 56712 0 0
20100422025 10:10:00 50292 0 1
20100422026 10:20:00 78247 0 0
20100422027 10:30:00 31367 1 0
20100422028 10:40:00 22317 1 0
20100422029 10:50:00 70229 0 1
20100422030 11:00:00 38443 0 1
20100422031 11:10:00 04342 0 0
20100422032 11:20:00 26550 0 1
20100422033 11:30:00 46601 1 0
20100422034 11:40:00 23001 0 1
20100422035 11:50:00 47731 1 0
20100422036 12:00:00 57643 0 0
20100422037 12:10:00 07858 0 1
20100422038 12:20:00 49205 0 0
20100422039 12:30:00 18311 0 1
20100422040 12:40:00 41804 0 0
20100422041 12:50:00 93050 0 1
20100422042 13:00:00 20482 0 0
20100422043 13:10:00 48938 0 0
20100422044 13:20:00 63013 0 0
20100422045 13:30:00 63511 0 1
20100422046 13:40:00 46102 0 0
20100422047 13:50:00 68603 1 0
20100422048 14:00:00 06291 0 0
20100422049 14:10:00 08941 0 0
20100422050 14:20:00 82621 0 0
20100422051 14:30:00 71194 1 0
20100422052 14:40:00 37533 0 1
20100422053 14:50:00 61589 0 0
20100422054 15:00:00 44172 1 0
20100422055 15:10:00 93750 0 0
20100422056 15:20:00 08593 0 0
20100422057 15:30:00 30936 0 0
20100422058 15:40:00 93857 0 0
20100422059 15:50:00 64144 0 1
20100422060 16:00:00 39771 0 1
20100422061 16:10:00 65962 0 0
20100422062 16:20:00 67447 0 1
20100422063 16:30:00 50707 0 1
20100422064 16:40:00 53304 1 0
20100422065 16:50:00 67785 1 0
20100422066 17:00:00 55143 1 0
20100422067 17:10:00 27221 1 1
20100422068 17:20:00 85651 0 0
20100422069 17:30:00 20094 1 0
20100422070 17:40:00 11151 1 1
20100422071 17:50:00 48603 0 0
20100422072 18:00:00 56911 0 1
20100422073 18:10:00 41678 0 0
20100422074 18:20:00 70247 0 0
20100422075 18:30:00 83864 1 0
20100422076 18:40:00 82980 0 0
20100422077 18:50:00 15740 0 0
20100422078 19:00:00 65873 0 0
20100422079 19:10:00 57240 0 0
20100422080 19:20:00 11986 1 0
20100422081 19:30:00 13530 0 0
20100422082 19:40:00 52419 0 0
20100422083 19:50:00 58306 0 0
20100422084 20:00:00 55660 1 1
20100422085 20:10:00 33311 1 1
20100422086 20:20:00 85762 0 0
20100422087 20:30:00 58043 0 0
20100422088 20:40:00 66083 1 0
20100422089 20:50:00 21972 0 0
20100422090 21:00:00 32190 0 0
20100422091 21:10:00 86047 0 0
20100422092 21:20:00 85038 0 0
20100422093 21:30:00 86589 0 0
20100422094 21:40:00 75069 0 0
20100422095 21:50:00 19219 0 0
20100422096 22:00:00 87747 1 1
20100422097 22:05:00 32105 0 0
20100422098 22:10:00 36588 0 1
20100422099 22:15:00 70684 0 0
20100422100 22:20:00 53414 0 1
20100422101 22:25:00 11416 1 0
20100422102 22:30:00 92520 0 0
20100422103 22:35:00 71370 0 0
20100422104 22:40:00 52277 1 1
20100422105 22:45:00 52111 0 1
20100422106 22:50:00 00246 1 0
20100422107 22:55:00 29441 0 1
20100422108 23:00:00 93062 0 0
20100422109 23:05:00 79513 0 0
20100422110 23:10:00 44785 1 0
20100422111 23:15:00 27948 0 0
20100422112 23:20:00 25361 0 0
20100422113 23:25:00 71916 0 0
20100422114 23:30:00 02885 0 1
20100422115 23:35:00 68301 0 0
20100422116 23:40:00 53885 0 1
20100422117 23:45:00 34018 0 0
20100422118 23:50:00 15651 0 0
20100422119 23:55:00 97328 0 0
20100422120 00:00:00 15749 0 0
