20100223001 00:05:00 94881 0 1
20100223002 00:10:00 74716 1 0
20100223003 00:15:00 24732 0 0
20100223004 00:20:00 61112 1 1
20100223005 00:25:00 86427 0 0
20100223006 00:30:00 98703 0 0
20100223007 00:35:00 40242 0 1
20100223008 00:40:00 26124 0 0
20100223009 00:45:00 51621 0 0
20100223010 00:50:00 63448 0 1
20100223011 00:55:00 60524 0 0
20100223012 01:00:00 10078 1 0
20100223013 01:05:00 45905 0 0
20100223014 01:10:00 49762 0 0
20100223015 01:15:00 35255 0 1
20100223016 01:20:00 81552 0 1
20100223017 01:25:00 91883 0 1
20100223018 01:30:00 79819 0 0
20100223019 01:35:00 26283 1 0
20100223020 01:40:00 80332 0 1
20100223021 01:45:00 02441 0 1
20100223022 01:50:00 58164 0 0
20100223023 01:55:00 75536 1 0
20100223024 10:00:00 90115 0 1
20100223025 10:10:00 39659 0 0
20100223026 10:20:00 93782 0 0
20100223027 10:30:00 24175 0 0
20100223028 10:40:00 34154 0 0
20100223029 10:50:00 49413 1 0
20100223030 11:00:00 92112 0 1
20100223031 11:10:00 71455 0 1
20100223032 11:20:00 90509 0 0
20100223033 11:30:00 62094 0 0
20100223034 11:40:00 43784 0 0
20100223035 11:50:00 31538 0 0
20100223036 12:00:00 25756 0 0
20100223037 12:10:00 99394 1 0
20100223038 12:20:00 18751 0 0
20100223039 12:30:00 04997 0 1
20100223040 12:40:00 78472 0 0
20100223041 12:50:00 12249 1 0
20100223042 13:00:00 47028 0 0
20100223043 13:10:00 15881 0 1
20100223044 13:20:00 58073 0 0
20100223045 13:30:00 01357 0 0
20100223046 13:40:00 48169 0 0
20100223047 13:50:00 35402 0 0
20100223048 14:00:00 74677 0 1
20100223049 14:10:00 60209 0 0
20100223050 14:20:00 28338 0 1
20100223051 14:30:00 29484 0 1
20100223052 14:40:00 80565 0 1
20100223053 14:50:00 72118 0 1
20100223054 15:00:00 81431 0 0
20100223055 15:10:00 95350 0 0
20100223056 15:20:00 45396 0 0
20100223057 15:30:00 90206 0 0
20100223058 15:40:00 00371 1 0
20100223059 15:50:00 89801 1 0
20100223060 16:00:00 97407 0 0
20100223061 16:10:00 23927 0 0
20100223062 16:20:00 37876 0 0
20100223063 16:30:00 99903 1 0
20100223064 16:40:00 07942 0 0
20100223065 16:50:00 93999 1 1
20100223066 17:00:00 02449 0 1
20100223067 17:10:00 42133 0 1
20100223068 17:20:00 82132 0 0
20100223069 17:30:00 30135 0 0
20100223070 17:40:00 76333 0 1
20100223071 17:50:00 41132 1 0
20100223072 18:00:00 19760 0 0
20100223073 18:10:00 57999 0 1
20100223074 18:20:00 95514 1 0
20100223075 18:30:00 55529 1 0
20100223076 18:40:00 63572 0 0
20100223077 18:50:00 62575 0 1
20100223078 19:00:00 54363 0 1
20100223079 19:10:00 22205 1 0
20100223080 19:20:00 93300 1 1
20100223081 19:30:00 37756 1 0
20100223082 19:40:00 71852 0 0
20100223083 19:50:00 15999 0 1
20100223084 20:00:00 05045 1 0
20100223085 20:10:00 12140 1 0
20100223086 20:20:00 05798 0 0
20100223087 20:30:00 20767 0 1
20100223088 20:40:00 88696 1 1
20100223089 20:50:00 92361 0 0
20100223090 21:00:00 34899 0 1
20100223091 21:10:00 07173 0 0
20100223092 21:20:00 19203 0 0
20100223093 21:30:00 74828 0 1
20100223094 21:40:00 70952 0 0
20100223095 21:50:00 00134 1 0
20100223096 22:00:00 12445 0 1
20100223097 22:05:00 30854 0 0
20100223098 22:10:00 50552 1 1
20100223099 22:15:00 43469 1 0
20100223100 22:20:00 85504 1 0
20100223101 22:25:00 84829 1 0
20100223102 22:30:00 39974 1 0
20100223103 22:35:00 45125 0 0
20100223104 22:40:00 83694 0 0
20100223105 22:45:00 22942 1 0
20100223106 22:50:00 19740 0 0
20100223107 22:55:00 91419 0 0
20100223108 23:00:00 07430 0 0
20100223109 23:05:00 26510 0 0
20100223110 23:10:00 68655 1 1
20100223111 23:15:00 84817 1 0
20100223112 23:20:00 52461 0 0
20100223113 23:25:00 57267 0 0
20100223114 23:30:00 76437 0 0
20100223115 23:35:00 99710 1 0
20100223116 23:40:00 19452 0 0
20100223117 23:45:00 87799 1 1
20100223118 23:50:00 54888 0 1
20100223119 23:55:00 06290 0 0
20100223120 00:00:00 31714 0 0
