20101016001 00:05:00 72972 0 0
20101016002 00:10:00 72861 0 0
20101016003 00:15:00 49617 0 0
20101016004 00:20:00 36867 0 0
20101016005 00:25:00 36298 0 0
20101016006 00:30:00 95485 0 0
20101016007 00:35:00 23324 1 0
20101016008 00:40:00 90320 0 0
20101016009 00:45:00 35826 0 0
20101016010 00:50:00 50520 1 0
20101016011 00:55:00 31035 0 0
20101016012 01:00:00 54427 1 0
20101016013 01:05:00 53208 0 0
20101016014 01:10:00 48080 0 1
20101016015 01:15:00 69775 0 1
20101016016 01:20:00 74720 1 0
20101016017 01:25:00 44643 1 0
20101016018 01:30:00 44370 1 0
20101016019 01:35:00 97235 0 0
20101016020 01:40:00 33445 1 1
20101016021 01:45:00 67406 0 0
20101016022 01:50:00 88238 1 0
20101016023 01:55:00 76979 0 1
20101016024 10:00:00 94059 0 0
20101016025 10:10:00 06194 0 0
20101016026 10:20:00 57261 0 0
20101016027 10:30:00 55310 1 0
20101016028 10:40:00 72598 0 0
20101016029 10:50:00 63193 0 0
20101016030 11:00:00 57837 0 0
20101016031 11:10:00 17576 0 0
20101016032 11:20:00 59309 0 0
20101016033 11:30:00 04477 1 1
20101016034 11:40:00 59697 0 0
20101016035 11:50:00 11013 1 0
20101016036 12:00:00 48147 0 0
20101016037 12:10:00 89762 0 0
20101016038 12:20:00 50061 1 0
20101016039 12:30:00 15781 0 0
20101016040 12:40:00 46458 1 0
20101016041 12:50:00 02901 0 0
20101016042 13:00:00 90445 0 1
20101016043 13:10:00 40491 1 0
20101016044 13:20:00 55959 1 1
20101016045 13:30:00 20662 0 1
20101016046 13:40:00 93190 0 0
20101016047 13:50:00 21057 0 0
20101016048 14:00:00 01374 0 0
20101016049 14:10:00 94092 0 0
20101016050 14:20:00 28200 1 1
20101016051 14:30:00 94619 0 0
20101016052 14:40:00 03669 0 1
20101016053 14:50:00 71174 1 0
20101016054 15:00:00 97612 0 0
20101016055 15:10:00 05645 0 0
20101016056 15:20:00 70493 0 0
20101016057 15:30:00 70838 0 1
20101016058 15:40:00 30541 0 0
20101016059 15:50:00 65321 0 0
20101016060 16:00:00 81581 0 0
20101016061 16:10:00 28832 1 0
20101016062 16:20:00 81828 1 1
20101016063 16:30:00 20186 0 0
20101016064 16:40:00 46173 0 0
20101016065 16:50:00 17005 0 1
20101016066 17:00:00 59790 0 0
20101016067 17:10:00 53617 0 0
20101016068 17:20:00 97178 0 0
20101016069 17:30:00 98437 0 0
20101016070 17:40:00 89501 0 0
20101016071 17:50:00 76674 1 0
20101016072 18:00:00 31929 0 1
20101016073 18:10:00 29582 0 0
20101016074 18:20:00 77073 1 0
20101016075 18:30:00 27528 0 0
20101016076 18:40:00 73710 1 0
20101016077 18:50:00 94119 0 1
20101016078 19:00:00 63900 0 1
20101016079 19:10:00 77427 1 0
20101016080 19:20:00 92995 1 1
20101016081 19:30:00 06192 0 0
20101016082 19:40:00 89895 1 0
20101016083 19:50:00 03020 1 1
20101016084 20:00:00 51849 0 0
20101016085 20:10:00 07446 0 1
20101016086 20:20:00 44289 1 0
20101016087 20:30:00 21340 0 0
20101016088 20:40:00 21991 0 1
20101016089 20:50:00 67515 0 1
20101016090 21:00:00 01209 0 0
20101016091 21:10:00 90957 1 0
20101016092 21:20:00 40348 0 0
20101016093 21:30:00 01782 0 0
20101016094 21:40:00 08151 0 1
20101016095 21:50:00 23561 0 0
20101016096 22:00:00 93176 0 0
20101016097 22:05:00 60763 0 0
20101016098 22:10:00 05594 1 0
20101016099 22:15:00 43636 0 1
20101016100 22:20:00 94859 0 0
20101016101 22:25:00 15806 0 0
20101016102 22:30:00 85039 0 0
20101016103 22:35:00 30918 0 0
20101016104 22:40:00 63958 0 0
20101016105 22:45:00 30899 0 1
20101016106 22:50:00 98477 0 1
20101016107 22:55:00 43178 0 0
20101016108 23:00:00 06100 0 1
20101016109 23:05:00 59626 0 1
20101016110 23:10:00 14412 1 0
20101016111 23:15:00 83670 0 0
20101016112 23:20:00 28945 0 0
20101016113 23:25:00 33312 1 0
20101016114 23:30:00 46177 0 1
20101016115 23:35:00 31556 0 1
20101016116 23:40:00 16247 0 0
20101016117 23:45:00 49752 0 0
20101016118 23:50:00 73896 0 0
20101016119 23:55:00 71936 0 0
20101016120 00:00:00 07291 0 0
