20101130001 00:05:00 52690 0 0
20101130002 00:10:00 17518 0 0
20101130003 00:15:00 36395 1 0
20101130004 00:20:00 01179 1 0
20101130005 00:25:00 17064 0 0
20101130006 00:30:00 10925 0 0
20101130007 00:35:00 35693 0 0
20101130008 00:40:00 39270 0 0
20101130009 00:45:00 31009 0 1
20101130010 00:50:00 58392 0 0
20101130011 00:55:00 53432 0 0
20101130012 01:00:00 75993 0 1
20101130013 01:05:00 88924 1 0
20101130014 01:10:00 93101 0 1
20101130015 01:15:00 31972 0 0
20101130016 01:20:00 01354 0 0
20101130017 01:25:00 02094 1 0
20101130018 01:30:00 08824 1 0
20101130019 01:35:00 69983 1 0
20101130020 01:40:00 36284 0 0
20101130021 01:45:00 24882 0 1
20101130022 01:50:00 48085 0 0
20101130023 01:55:00 26904 0 0
20101130024 10:00:00 79547 0 0
20101130025 10:10:00 90973 1 0
20101130026 10:20:00 69113 0 1
20101130027 10:30:00 93681 0 0
20101130028 10:40:00 77287 1 0
20101130029 10:50:00 86291 0 0
20101130030 11:00:00 00689 1 0
20101130031 11:10:00 18619 0 0
20101130032 11:20:00 08881 1 1
20101130033 11:30:00 57806 0 0
20101130034 11:40:00 14446 1 1
20101130035 11:50:00 95408 0 0
20101130036 12:00:00 36441 0 1
20101130037 12:10:00 27035 0 0
20101130038 12:20:00 99733 1 1
20101130039 12:30:00 85440 0 1
20101130040 12:40:00 25548 1 0
20101130041 12:50:00 77077 1 1
20101130042 13:00:00 34227 0 1
20101130043 13:10:00 92242 1 1
20101130044 13:20:00 18141 1 1
20101130045 13:30:00 98741 0 0
20101130046 13:40:00 06195 0 0
20101130047 13:50:00 86329 0 0
20101130048 14:00:00 84896 1 0
20101130049 14:10:00 79018 0 0
20101130050 14:20:00 08555 0 1
20101130051 14:30:00 83171 0 1
20101130052 14:40:00 01104 1 0
20101130053 14:50:00 58345 0 0
20101130054 15:00:00 82367 0 0
20101130055 15:10:00 76091 0 0
20101130056 15:20:00 32722 0 1
20101130057 15:30:00 94277 0 1
20101130058 15:40:00 55990 1 1
20101130059 15:50:00 88956 1 0
20101130060 16:00:00 44894 1 0
20101130061 16:10:00 06266 0 1
20101130062 16:20:00 87451 0 0
20101130063 16:30:00 13814 0 0
20101130064 16:40:00 43204 0 0
20101130065 16:50:00 48452 1 0
20101130066 17:00:00 83042 0 0
20101130067 17:10:00 78917 0 0
20101130068 17:20:00 97802 0 0
20101130069 17:30:00 88361 1 0
20101130070 17:40:00 37404 0 1
20101130071 17:50:00 23527 0 0
20101130072 18:00:00 73755 1 1
20101130073 18:10:00 71480 0 0
20101130074 18:20:00 62007 0 1
20101130075 18:30:00 06023 1 0
20101130076 18:40:00 17155 1 1
20101130077 18:50:00 09200 0 1
20101130078 19:00:00 52640 0 0
20101130079 19:10:00 23299 1 1
20101130080 19:20:00 81865 1 0
20101130081 19:30:00 49451 1 0
20101130082 19:40:00 47954 0 0
20101130083 19:50:00 21943 0 0
20101130084 20:00:00 86015 0 0
20101130085 20:10:00 75161 0 1
20101130086 20:20:00 56682 1 0
20101130087 20:30:00 48009 0 1
20101130088 20:40:00 30870 0 0
20101130089 20:50:00 32469 0 0
20101130090 21:00:00 10873 0 0
20101130091 21:10:00 57491 0 0
20101130092 21:20:00 63817 0 0
20101130093 21:30:00 91188 1 1
20101130094 21:40:00 41891 0 0
20101130095 21:50:00 98313 0 1
20101130096 22:00:00 78801 1 0
20101130097 22:05:00 22343 1 1
20101130098 22:10:00 24654 0 0
20101130099 22:15:00 29613 0 0
20101130100 22:20:00 59886 0 1
20101130101 22:25:00 72155 0 1
20101130102 22:30:00 10503 0 0
20101130103 22:35:00 35272 0 1
20101130104 22:40:00 70167 0 0
20101130105 22:45:00 25335 0 1
20101130106 22:50:00 23147 0 0
20101130107 22:55:00 26243 1 0
20101130108 23:00:00 13537 0 0
20101130109 23:05:00 29910 1 0
20101130110 23:10:00 79801 0 0
20101130111 23:15:00 88113 1 1
20101130112 23:20:00 69812 0 0
20101130113 23:25:00 86818 1 1
20101130114 23:30:00 33805 1 0
20101130115 23:35:00 20871 0 0
20101130116 23:40:00 75066 0 1
20101130117 23:45:00 85917 0 0
20101130118 23:50:00 48093 0 0
20101130119 23:55:00 34865 0 0
20101130120 00:00:00 72424 0 1
