20100920001 00:05:00 41739 0 0
20100920002 00:10:00 33208 1 0
20100920003 00:15:00 01635 0 0
20100920004 00:20:00 50013 1 0
20100920005 00:25:00 47673 0 0
20100920006 00:30:00 57734 1 0
20100920007 00:35:00 37237 0 0
20100920008 00:40:00 51948 0 0
20100920009 00:45:00 28298 1 0
20100920010 00:50:00 80447 0 1
20100920011 00:55:00 22739 1 0
20100920012 01:00:00 60482 0 0
20100920013 01:05:00 31934 0 0
20100920014 01:10:00 97866 0 1
20100920015 01:15:00 64513 0 0
20100920016 01:20:00 23212 1 1
20100920017 01:25:00 55651 1 0
20100920018 01:30:00 98839 1 0
20100920019 01:35:00 02271 1 0
20100920020 01:40:00 74350 0 0
20100920021 01:45:00 74227 0 1
20100920022 01:50:00 78650 0 0
20100920023 01:55:00 76243 0 0
20100920024 10:00:00 74210 0 0
20100920025 10:10:00 63582 0 0
20100920026 10:20:00 91950 1 0
20100920027 10:30:00 75330 0 1
20100920028 10:40:00 97765 1 0
20100920029 10:50:00 01079 1 0
20100920030 11:00:00 45418 1 0
20100920031 11:10:00 19590 0 0
20100920032 11:20:00 79835 0 0
20100920033 11:30:00 90057 1 0
20100920034 11:40:00 20944 0 1
20100920035 11:50:00 35054 0 0
20100920036 12:00:00 94823 0 0
20100920037 12:10:00 25263 1 0
20100920038 12:20:00 49646 0 1
20100920039 12:30:00 02119 0 1
20100920040 12:40:00 00606 1 1
20100920041 12:50:00 86165 0 0
20100920042 13:00:00 09619 0 0
20100920043 13:10:00 12476 0 0
20100920044 13:20:00 29308 0 0
20100920045 13:30:00 99884 1 1
20100920046 13:40:00 55414 1 1
20100920047 13:50:00 44727 1 1
20100920048 14:00:00 16964 0 0
20100920049 14:10:00 39695 0 0
20100920050 14:20:00 42512 0 0
20100920051 14:30:00 77527 1 0
20100920052 14:40:00 75965 0 0
20100920053 14:50:00 96340 0 0
20100920054 15:00:00 56600 1 1
20100920055 15:10:00 47550 0 1
20100920056 15:20:00 45604 0 0
20100920057 15:30:00 35024 0 0
20100920058 15:40:00 99029 1 0
20100920059 15:50:00 60423 0 0
20100920060 16:00:00 37596 0 0
20100920061 16:10:00 08937 0 0
20100920062 16:20:00 82572 0 0
20100920063 16:30:00 90945 1 0
20100920064 16:40:00 55738 1 0
20100920065 16:50:00 03471 0 0
20100920066 17:00:00 84862 1 0
20100920067 17:10:00 11361 1 0
20100920068 17:20:00 99869 1 0
20100920069 17:30:00 16855 0 1
20100920070 17:40:00 42980 0 0
20100920071 17:50:00 26841 0 0
20100920072 18:00:00 24689 0 0
20100920073 18:10:00 23575 0 1
20100920074 18:20:00 26568 0 0
20100920075 18:30:00 47828 0 1
20100920076 18:40:00 81396 0 0
20100920077 18:50:00 13399 1 1
20100920078 19:00:00 09561 0 0
20100920079 19:10:00 98672 0 0
20100920080 19:20:00 95215 0 0
20100920081 19:30:00 48369 0 0
20100920082 19:40:00 15474 0 1
20100920083 19:50:00 14383 0 1
20100920084 20:00:00 06820 0 0
20100920085 20:10:00 38178 0 0
20100920086 20:20:00 03072 1 0
20100920087 20:30:00 48271 0 0
20100920088 20:40:00 09499 0 1
20100920089 20:50:00 58903 0 0
20100920090 21:00:00 08868 1 1
20100920091 21:10:00 47880 0 1
20100920092 21:20:00 12475 0 0
20100920093 21:30:00 27692 0 0
20100920094 21:40:00 79509 0 0
20100920095 21:50:00 97471 0 0
20100920096 22:00:00 64318 0 0
20100920097 22:05:00 45376 0 0
20100920098 22:10:00 75155 0 1
20100920099 22:15:00 05011 1 1
20100920100 22:20:00 05101 0 1
20100920101 22:25:00 32159 0 0
20100920102 22:30:00 66759 1 0
20100920103 22:35:00 92045 0 0
20100920104 22:40:00 05784 0 0
20100920105 22:45:00 77205 1 0
20100920106 22:50:00 26750 0 0
20100920107 22:55:00 73830 0 0
20100920108 23:00:00 73242 0 1
20100920109 23:05:00 32754 0 0
20100920110 23:10:00 25102 0 0
20100920111 23:15:00 75902 0 0
20100920112 23:20:00 40988 0 1
20100920113 23:25:00 00804 1 0
20100920114 23:30:00 98343 0 1
20100920115 23:35:00 51480 0 0
20100920116 23:40:00 57849 0 0
20100920117 23:45:00 73097 0 0
20100920118 23:50:00 38907 0 0
20100920119 23:55:00 50835 0 0
20100920120 00:00:00 92984 1 0
