20101103001 00:05:00 80708 0 0
20101103002 00:10:00 09485 0 0
20101103003 00:15:00 74084 0 0
20101103004 00:20:00 97178 0 0
20101103005 00:25:00 90476 0 0
20101103006 00:30:00 85125 0 0
20101103007 00:35:00 31137 1 0
20101103008 00:40:00 51190 1 0
20101103009 00:45:00 55072 1 0
20101103010 00:50:00 39460 0 0
20101103011 00:55:00 27089 0 0
20101103012 01:00:00 09773 0 1
20101103013 01:05:00 45587 1 0
20101103014 01:10:00 05391 0 0
20101103015 01:15:00 45899 0 1
20101103016 01:20:00 69317 0 0
20101103017 01:25:00 77805 1 0
20101103018 01:30:00 17639 0 0
20101103019 01:35:00 88296 1 0
20101103020 01:40:00 06199 0 1
20101103021 01:45:00 06185 0 0
20101103022 01:50:00 71422 0 1
20101103023 01:55:00 11862 1 0
20101103024 10:00:00 95978 1 0
20101103025 10:10:00 35106 0 0
20101103026 10:20:00 67633 1 1
20101103027 10:30:00 13108 1 0
20101103028 10:40:00 91506 0 0
20101103029 10:50:00 46629 1 0
20101103030 11:00:00 18710 0 0
20101103031 11:10:00 52961 0 0
20101103032 11:20:00 34909 0 1
20101103033 11:30:00 65784 0 0
20101103034 11:40:00 62847 0 0
20101103035 11:50:00 20232 1 1
20101103036 12:00:00 19190 1 0
20101103037 12:10:00 46161 0 1
20101103038 12:20:00 33483 1 0
20101103039 12:30:00 39738 0 0
20101103040 12:40:00 52978 0 0
20101103041 12:50:00 37342 1 0
20101103042 13:00:00 35815 0 0
20101103043 13:10:00 54710 0 0
20101103044 13:20:00 94807 0 0
20101103045 13:30:00 58232 0 1
20101103046 13:40:00 82542 0 0
20101103047 13:50:00 56427 0 0
20101103048 14:00:00 68106 0 0
20101103049 14:10:00 79641 0 0
20101103050 14:20:00 53921 0 0
20101103051 14:30:00 95015 0 0
20101103052 14:40:00 08085 1 0
20101103053 14:50:00 81005 0 1
20101103054 15:00:00 80816 1 0
20101103055 15:10:00 67307 0 0
20101103056 15:20:00 83029 0 0
20101103057 15:30:00 93930 1 0
20101103058 15:40:00 54076 0 0
20101103059 15:50:00 09458 0 0
20101103060 16:00:00 60929 0 1
20101103061 16:10:00 69047 0 0
20101103062 16:20:00 71002 0 1
20101103063 16:30:00 17807 0 0
20101103064 16:40:00 61765 0 0
20101103065 16:50:00 30562 0 0
20101103066 17:00:00 77531 1 0
20101103067 17:10:00 26529 0 0
20101103068 17:20:00 95155 0 1
20101103069 17:30:00 92230 1 0
20101103070 17:40:00 41452 1 0
20101103071 17:50:00 37087 0 0
20101103072 18:00:00 17483 0 0
20101103073 18:10:00 25807 0 0
20101103074 18:20:00 92965 1 0
20101103075 18:30:00 11657 1 0
20101103076 18:40:00 83395 1 0
20101103077 18:50:00 16507 0 0
20101103078 19:00:00 52616 0 1
20101103079 19:10:00 66845 1 0
20101103080 19:20:00 17132 1 0
20101103081 19:30:00 00843 1 0
20101103082 19:40:00 97266 0 1
20101103083 19:50:00 26698 1 0
20101103084 20:00:00 14512 0 0
20101103085 20:10:00 08768 0 0
20101103086 20:20:00 03829 0 0
20101103087 20:30:00 39050 0 1
20101103088 20:40:00 13910 0 0
20101103089 20:50:00 77639 1 0
20101103090 21:00:00 12188 1 1
20101103091 21:10:00 65831 0 0
20101103092 21:20:00 79708 1 0
20101103093 21:30:00 24273 1 0
20101103094 21:40:00 04810 0 0
20101103095 21:50:00 23957 0 0
20101103096 22:00:00 86735 0 0
20101103097 22:05:00 61978 0 0
20101103098 22:10:00 87189 0 0
20101103099 22:15:00 58631 0 0
20101103100 22:20:00 97606 0 1
20101103101 22:25:00 99164 1 0
20101103102 22:30:00 54195 0 0
20101103103 22:35:00 92479 0 0
20101103104 22:40:00 56279 0 0
20101103105 22:45:00 69060 0 1
20101103106 22:50:00 58261 0 0
20101103107 22:55:00 93564 0 0
20101103108 23:00:00 95916 1 0
20101103109 23:05:00 57082 0 0
20101103110 23:10:00 71680 0 0
20101103111 23:15:00 99064 1 0
20101103112 23:20:00 39156 0 0
20101103113 23:25:00 38709 0 0
20101103114 23:30:00 19623 0 0
20101103115 23:35:00 25527 1 0
20101103116 23:40:00 60805 0 0
20101103117 23:45:00 85925 0 0
20101103118 23:50:00 06541 0 0
20101103119 23:55:00 82364 0 0
20101103120 00:00:00 08791 0 0
