20100519001 00:05:00 93874 0 0
20100519002 00:10:00 12300 0 1
20100519003 00:15:00 50921 0 0
20100519004 00:20:00 77456 1 0
20100519005 00:25:00 47619 0 0
20100519006 00:30:00 02511 0 1
20100519007 00:35:00 44781 1 0
20100519008 00:40:00 52919 0 1
20100519009 00:45:00 51928 0 0
20100519010 00:50:00 56216 0 0
20100519011 00:55:00 49215 0 0
20100519012 01:00:00 89166 0 1
20100519013 01:05:00 12922 0 1
20100519014 01:10:00 44199 1 1
20100519015 01:15:00 99472 1 0
20100519016 01:20:00 29192 0 0
20100519017 01:25:00 29391 0 0
20100519018 01:30:00 20226 1 1
20100519019 01:35:00 76763 1 0
20100519020 01:40:00 72061 0 0
20100519021 01:45:00 34812 0 0
20100519022 01:50:00 90467 0 0
20100519023 01:55:00 47354 0 0
20100519024 10:00:00 54297 0 0
20100519025 10:10:00 68676 1 1
20100519026 10:20:00 70409 0 0
20100519027 10:30:00 24514 0 0
20100519028 10:40:00 17792 1 0
20100519029 10:50:00 48696 0 1
20100519030 11:00:00 89063 0 0
20100519031 11:10:00 39112 0 1
20100519032 11:20:00 92505 0 1
20100519033 11:30:00 77836 1 0
20100519034 11:40:00 19560 0 0
20100519035 11:50:00 32762 0 0
20100519036 12:00:00 80252 0 1
20100519037 12:10:00 40065 1 0
20100519038 12:20:00 76829 0 0
20100519039 12:30:00 88823 1 0
20100519040 12:40:00 38681 0 0
20100519041 12:50:00 69515 0 1
20100519042 13:00:00 76021 0 0
20100519043 13:10:00 06780 0 0
20100519044 13:20:00 58441 0 1
20100519045 13:30:00 42880 0 1
20100519046 13:40:00 98693 0 0
20100519047 13:50:00 66674 1 0
20100519048 14:00:00 10225 0 1
20100519049 14:10:00 97315 0 0
20100519050 14:20:00 55056 1 0
20100519051 14:30:00 50777 0 1
20100519052 14:40:00 36340 1 0
20100519053 14:50:00 02392 0 0
20100519054 15:00:00 05908 0 0
20100519055 15:10:00 28965 0 0
20100519056 15:20:00 60586 0 0
20100519057 15:30:00 48221 0 1
20100519058 15:40:00 25008 0 1
20100519059 15:50:00 32652 0 0
20100519060 16:00:00 62312 0 0
20100519061 16:10:00 55701 1 0
20100519062 16:20:00 25066 0 1
20100519063 16:30:00 49374 0 0
20100519064 16:40:00 37933 0 1
20100519065 16:50:00 44054 1 0
20100519066 17:00:00 41567 0 0
20100519067 17:10:00 74073 0 0
20100519068 17:20:00 29623 0 0
20100519069 17:30:00 31625 0 0
20100519070 17:40:00 22516 1 0
20100519071 17:50:00 77421 1 0
20100519072 18:00:00 31654 0 0
20100519073 18:10:00 72444 0 1
20100519074 18:20:00 58390 0 0
20100519075 18:30:00 73145 0 0
20100519076 18:40:00 03904 0 0
20100519077 18:50:00 23002 0 1
20100519078 19:00:00 18999 0 1
20100519079 19:10:00 41126 1 0
20100519080 19:20:00 96644 1 1
20100519081 19:30:00 33168 1 0
20100519082 19:40:00 22925 1 0
20100519083 19:50:00 55828 1 1
20100519084 20:00:00 92089 0 0
20100519085 20:10:00 82182 0 0
20100519086 20:20:00 70037 1 0
20100519087 20:30:00 12709 0 0
20100519088 20:40:00 92189 0 0
20100519089 20:50:00 41206 0 0
20100519090 21:00:00 78190 0 0
20100519091 21:10:00 07718 1 0
20100519092 21:20:00 71473 0 0
20100519093 21:30:00 11794 1 0
20100519094 21:40:00 60157 0 0
20100519095 21:50:00 16229 0 1
20100519096 22:00:00 33314 1 0
20100519097 22:05:00 48640 0 0
20100519098 22:10:00 69593 0 0
20100519099 22:15:00 65390 0 0
20100519100 22:20:00 40214 0 0
20100519101 22:25:00 70659 0 0
20100519102 22:30:00 61848 0 1
20100519103 22:35:00 33847 1 0
20100519104 22:40:00 86377 0 1
20100519105 22:45:00 27975 0 0
20100519106 22:50:00 05821 0 0
20100519107 22:55:00 48656 0 1
20100519108 23:00:00 13538 0 0
20100519109 23:05:00 78013 0 0
20100519110 23:10:00 62429 0 0
20100519111 23:15:00 33765 1 0
20100519112 23:20:00 80263 0 0
20100519113 23:25:00 87368 0 0
20100519114 23:30:00 42746 0 0
20100519115 23:35:00 92933 1 1
20100519116 23:40:00 25236 1 0
20100519117 23:45:00 18915 0 0
20100519118 23:50:00 83197 0 0
20100519119 23:55:00 62549 0 0
20100519120 00:00:00 53360 1 0
