20100921001 00:05:00 16401 0 0
20100921002 00:10:00 78092 0 0
20100921003 00:15:00 78499 0 1
20100921004 00:20:00 01104 1 0
20100921005 00:25:00 38374 1 0
20100921006 00:30:00 15277 0 1
20100921007 00:35:00 18963 0 0
20100921008 00:40:00 68604 1 0
20100921009 00:45:00 06981 0 0
20100921010 00:50:00 01382 0 0
20100921011 00:55:00 77753 1 0
20100921012 01:00:00 71141 1 1
20100921013 01:05:00 75625 0 0
20100921014 01:10:00 84245 0 0
20100921015 01:15:00 76135 0 0
20100921016 01:20:00 00869 1 0
20100921017 01:25:00 90118 0 1
20100921018 01:30:00 87477 0 1
20100921019 01:35:00 94647 0 0
20100921020 01:40:00 41576 0 0
20100921021 01:45:00 15831 0 0
20100921022 01:50:00 13704 0 0
20100921023 01:55:00 54284 0 0
20100921024 10:00:00 92394 0 0
20100921025 10:10:00 87357 0 0
20100921026 10:20:00 71620 0 0
20100921027 10:30:00 40731 0 0
20100921028 10:40:00 45224 0 1
20100921029 10:50:00 70328 0 0
20100921030 11:00:00 25100 0 1
20100921031 11:10:00 61720 0 0
20100921032 11:20:00 82817 1 0
20100921033 11:30:00 59571 1 0
20100921034 11:40:00 63869 0 0
20100921035 11:50:00 53148 0 0
20100921036 12:00:00 09442 0 1
20100921037 12:10:00 10190 1 0
20100921038 12:20:00 93844 0 1
20100921039 12:30:00 99051 1 0
20100921040 12:40:00 18153 1 0
20100921041 12:50:00 97811 0 1
20100921042 13:00:00 29413 0 0
20100921043 13:10:00 27467 0 0
20100921044 13:20:00 23787 0 1
20100921045 13:30:00 85481 0 0
20100921046 13:40:00 58222 0 1
20100921047 13:50:00 51561 1 0
20100921048 14:00:00 53480 0 0
20100921049 14:10:00 21879 0 0
20100921050 14:20:00 55799 1 1
20100921051 14:30:00 66223 1 1
20100921052 14:40:00 98048 0 0
20100921053 14:50:00 05036 1 0
20100921054 15:00:00 74632 0 0
20100921055 15:10:00 89424 0 1
20100921056 15:20:00 13314 1 0
20100921057 15:30:00 55286 1 0
20100921058 15:40:00 77989 1 1
20100921059 15:50:00 05117 0 1
20100921060 16:00:00 26237 1 0
20100921061 16:10:00 36171 0 1
20100921062 16:20:00 43782 0 0
20100921063 16:30:00 36692 1 0
20100921064 16:40:00 55109 1 0
20100921065 16:50:00 05462 0 0
20100921066 17:00:00 89923 1 0
20100921067 17:10:00 45477 1 1
20100921068 17:20:00 82869 1 0
20100921069 17:30:00 39696 0 1
20100921070 17:40:00 75895 0 0
20100921071 17:50:00 42492 1 0
20100921072 18:00:00 97732 1 0
20100921073 18:10:00 03650 0 0
20100921074 18:20:00 55251 1 0
20100921075 18:30:00 93530 0 0
20100921076 18:40:00 70572 0 0
20100921077 18:50:00 45748 0 0
20100921078 19:00:00 01165 1 0
20100921079 19:10:00 54338 0 1
20100921080 19:20:00 09730 0 0
20100921081 19:30:00 99290 1 0
20100921082 19:40:00 06317 0 0
20100921083 19:50:00 58000 0 1
20100921084 20:00:00 88806 1 0
20100921085 20:10:00 40467 1 0
20100921086 20:20:00 03741 0 0
20100921087 20:30:00 44396 1 0
20100921088 20:40:00 33555 1 1
20100921089 20:50:00 36269 0 0
20100921090 21:00:00 01218 0 0
20100921091 21:10:00 92892 0 0
20100921092 21:20:00 60858 0 1
20100921093 21:30:00 67416 0 0
20100921094 21:40:00 23669 0 1
20100921095 21:50:00 76058 0 0
20100921096 22:00:00 66404 1 1
20100921097 22:05:00 92393 0 1
20100921098 22:10:00 76627 1 0
20100921099 22:15:00 83193 0 0
20100921100 22:20:00 60172 0 0
20100921101 22:25:00 74261 0 0
20100921102 22:30:00 61085 0 0
20100921103 22:35:00 06445 0 1
20100921104 22:40:00 96713 0 0
20100921105 22:45:00 05648 0 0
20100921106 22:50:00 29716 0 0
20100921107 22:55:00 39469 0 0
20100921108 23:00:00 54247 0 0
20100921109 23:05:00 56869 0 0
20100921110 23:10:00 11581 1 0
20100921111 23:15:00 00551 1 1
20100921112 23:20:00 17994 0 1
20100921113 23:25:00 91031 0 0
20100921114 23:30:00 71032 0 0
20100921115 23:35:00 70254 0 0
20100921116 23:40:00 18765 0 0
20100921117 23:45:00 10721 0 0
20100921118 23:50:00 22012 1 0
20100921119 23:55:00 71314 0 0
20100921120 00:00:00 99156 1 0
