20101003001 00:05:00 38685 0 0
20101003002 00:10:00 59079 0 0
20101003003 00:15:00 78339 0 1
20101003004 00:20:00 79222 0 1
20101003005 00:25:00 61566 0 1
20101003006 00:30:00 13038 0 0
20101003007 00:35:00 74216 0 0
20101003008 00:40:00 12329 0 0
20101003009 00:45:00 12364 0 0
20101003010 00:50:00 64759 0 0
20101003011 00:55:00 15479 0 0
20101003012 01:00:00 04722 0 1
20101003013 01:05:00 09064 1 0
20101003014 01:10:00 86505 0 1
20101003015 01:15:00 83746 0 0
20101003016 01:20:00 49462 1 0
20101003017 01:25:00 06977 0 1
20101003018 01:30:00 15887 0 1
20101003019 01:35:00 63434 0 1
20101003020 01:40:00 39535 0 1
20101003021 01:45:00 00849 1 0
20101003022 01:50:00 31572 0 0
20101003023 01:55:00 55091 1 0
20101003024 10:00:00 17085 0 0
20101003025 10:10:00 27873 0 0
20101003026 10:20:00 21880 0 1
20101003027 10:30:00 63259 0 0
20101003028 10:40:00 73316 1 0
20101003029 10:50:00 36116 0 1
20101003030 11:00:00 95790 0 0
20101003031 11:10:00 31762 0 0
20101003032 11:20:00 38281 0 0
20101003033 11:30:00 13894 0 0
20101003034 11:40:00 85420 0 0
20101003035 11:50:00 83045 0 0
20101003036 12:00:00 08529 0 0
20101003037 12:10:00 95940 1 0
20101003038 12:20:00 43006 0 1
20101003039 12:30:00 04680 0 0
20101003040 12:40:00 38278 0 0
20101003041 12:50:00 17314 0 0
20101003042 13:00:00 49757 0 1
20101003043 13:10:00 85964 0 0
20101003044 13:20:00 30583 0 0
20101003045 13:30:00 53949 0 1
20101003046 13:40:00 35641 0 0
20101003047 13:50:00 99026 1 0
20101003048 14:00:00 20669 0 1
20101003049 14:10:00 55765 1 0
20101003050 14:20:00 89568 0 0
20101003051 14:30:00 46727 0 1
20101003052 14:40:00 73094 0 0
20101003053 14:50:00 26850 0 0
20101003054 15:00:00 41988 0 1
20101003055 15:10:00 88494 1 1
20101003056 15:20:00 80442 0 1
20101003057 15:30:00 97218 0 0
20101003058 15:40:00 34093 0 0
20101003059 15:50:00 13252 0 1
20101003060 16:00:00 73436 0 0
20101003061 16:10:00 82159 0 0
20101003062 16:20:00 43182 0 0
20101003063 16:30:00 34564 0 0
20101003064 16:40:00 20274 1 0
20101003065 16:50:00 00286 1 0
20101003066 17:00:00 79551 0 1
20101003067 17:10:00 72661 0 1
20101003068 17:20:00 11543 1 0
20101003069 17:30:00 97404 0 1
20101003070 17:40:00 77069 1 0
20101003071 17:50:00 31057 0 0
20101003072 18:00:00 56163 0 0
20101003073 18:10:00 92261 1 0
20101003074 18:20:00 94994 1 1
20101003075 18:30:00 67695 1 0
20101003076 18:40:00 49459 1 0
20101003077 18:50:00 42110 0 1
20101003078 19:00:00 84370 0 0
20101003079 19:10:00 09343 0 1
20101003080 19:20:00 57242 0 1
20101003081 19:30:00 62086 0 0
20101003082 19:40:00 89451 0 0
20101003083 19:50:00 97327 0 0
20101003084 20:00:00 55123 1 0
20101003085 20:10:00 32001 0 1
20101003086 20:20:00 08412 0 0
20101003087 20:30:00 63240 0 0
20101003088 20:40:00 31082 0 0
20101003089 20:50:00 37091 0 0
20101003090 21:00:00 58823 1 0
20101003091 21:10:00 33812 1 0
20101003092 21:20:00 81296 0 0
20101003093 21:30:00 99630 1 0
20101003094 21:40:00 32841 0 0
20101003095 21:50:00 88760 1 0
20101003096 22:00:00 82795 0 0
20101003097 22:05:00 33731 1 0
20101003098 22:10:00 86896 1 0
20101003099 22:15:00 09130 0 0
20101003100 22:20:00 03058 1 0
20101003101 22:25:00 01582 0 0
20101003102 22:30:00 40232 0 1
20101003103 22:35:00 73303 1 1
20101003104 22:40:00 18681 0 0
20101003105 22:45:00 63247 0 0
20101003106 22:50:00 30597 0 0
20101003107 22:55:00 86735 0 0
20101003108 23:00:00 39593 0 0
20101003109 23:05:00 86528 0 0
20101003110 23:10:00 43692 0 0
20101003111 23:15:00 22271 1 0
20101003112 23:20:00 72455 0 1
20101003113 23:25:00 67801 0 0
20101003114 23:30:00 23132 0 0
20101003115 23:35:00 20997 0 1
20101003116 23:40:00 93564 0 0
20101003117 23:45:00 51170 1 0
20101003118 23:50:00 76539 0 0
20101003119 23:55:00 44859 1 0
20101003120 00:00:00 18711 0 1
