20100906001 00:05:00 54729 0 0
20100906002 00:10:00 15865 0 0
20100906003 00:15:00 27886 0 1
20100906004 00:20:00 34162 0 0
20100906005 00:25:00 19752 0 0
20100906006 00:30:00 03545 0 1
20100906007 00:35:00 82406 0 0
20100906008 00:40:00 58518 1 0
20100906009 00:45:00 77492 1 0
20100906010 00:50:00 56196 0 0
20100906011 00:55:00 55797 1 1
20100906012 01:00:00 82273 1 0
20100906013 01:05:00 04524 0 0
20100906014 01:10:00 87139 0 0
20100906015 01:15:00 70549 0 0
20100906016 01:20:00 32146 0 0
20100906017 01:25:00 38419 0 0
20100906018 01:30:00 13463 0 0
20100906019 01:35:00 28464 0 1
20100906020 01:40:00 97072 0 0
20100906021 01:45:00 35013 0 0
20100906022 01:50:00 86950 0 0
20100906023 01:55:00 19322 0 1
20100906024 10:00:00 08923 0 0
20100906025 10:10:00 86722 0 1
20100906026 10:20:00 56427 0 0
20100906027 10:30:00 80211 0 1
20100906028 10:40:00 85067 0 0
20100906029 10:50:00 04225 0 1
20100906030 11:00:00 00839 1 0
20100906031 11:10:00 01268 0 0
20100906032 11:20:00 42974 0 0
20100906033 11:30:00 13933 0 1
20100906034 11:40:00 97420 0 0
20100906035 11:50:00 33738 1 0
20100906036 12:00:00 50934 0 0
20100906037 12:10:00 84662 0 1
20100906038 12:20:00 40340 0 0
20100906039 12:30:00 44921 1 0
20100906040 12:40:00 47274 0 0
20100906041 12:50:00 20615 0 0
20100906042 13:00:00 93158 0 0
20100906043 13:10:00 54429 1 0
20100906044 13:20:00 24677 0 1
20100906045 13:30:00 35084 0 0
20100906046 13:40:00 27882 0 1
20100906047 13:50:00 74275 0 0
20100906048 14:00:00 14250 0 0
20100906049 14:10:00 95812 0 0
20100906050 14:20:00 87786 1 0
20100906051 14:30:00 80805 1 0
20100906052 14:40:00 72387 0 0
20100906053 14:50:00 62327 0 0
20100906054 15:00:00 62512 0 0
20100906055 15:10:00 63400 0 1
20100906056 15:20:00 17758 1 0
20100906057 15:30:00 10562 0 0
20100906058 15:40:00 09458 0 0
20100906059 15:50:00 71046 0 0
20100906060 16:00:00 11325 1 0
20100906061 16:10:00 78223 0 1
20100906062 16:20:00 60150 0 0
20100906063 16:30:00 53373 1 1
20100906064 16:40:00 95325 0 0
20100906065 16:50:00 48832 1 0
20100906066 17:00:00 17940 0 0
20100906067 17:10:00 44298 1 0
20100906068 17:20:00 62577 0 1
20100906069 17:30:00 72533 0 1
20100906070 17:40:00 09529 0 0
20100906071 17:50:00 76262 0 1
20100906072 18:00:00 01507 0 0
20100906073 18:10:00 93928 1 0
20100906074 18:20:00 74063 0 0
20100906075 18:30:00 35448 0 1
20100906076 18:40:00 08219 0 0
20100906077 18:50:00 32238 1 0
20100906078 19:00:00 99691 1 0
20100906079 19:10:00 47139 0 0
20100906080 19:20:00 20388 0 1
20100906081 19:30:00 88780 1 0
20100906082 19:40:00 43662 0 1
20100906083 19:50:00 47361 0 0
20100906084 20:00:00 66111 1 1
20100906085 20:10:00 82460 0 0
20100906086 20:20:00 50166 0 1
20100906087 20:30:00 81623 0 0
20100906088 20:40:00 86641 1 0
20100906089 20:50:00 48843 1 0
20100906090 21:00:00 30576 0 0
20100906091 21:10:00 38389 1 0
20100906092 21:20:00 88736 1 0
20100906093 21:30:00 99673 1 0
20100906094 21:40:00 00628 1 0
20100906095 21:50:00 51672 0 0
20100906096 22:00:00 69658 1 0
20100906097 22:05:00 66916 1 0
20100906098 22:10:00 84404 1 1
20100906099 22:15:00 15653 0 0
20100906100 22:20:00 09422 0 1
20100906101 22:25:00 48870 1 0
20100906102 22:30:00 25891 0 0
20100906103 22:35:00 62611 1 1
20100906104 22:40:00 12566 0 1
20100906105 22:45:00 72556 0 1
20100906106 22:50:00 17225 0 1
20100906107 22:55:00 94396 0 0
20100906108 23:00:00 81821 1 0
20100906109 23:05:00 08127 0 0
20100906110 23:10:00 66830 1 0
20100906111 23:15:00 74485 1 0
20100906112 23:20:00 13992 0 1
20100906113 23:25:00 35353 1 1
20100906114 23:30:00 82987 0 0
20100906115 23:35:00 54912 0 0
20100906116 23:40:00 43799 0 1
20100906117 23:45:00 38778 0 1
20100906118 23:50:00 55639 1 0
20100906119 23:55:00 45542 1 0
20100906120 00:00:00 58404 0 1
