20101009001 00:05:00 39858 0 1
20101009002 00:10:00 11450 1 0
20101009003 00:15:00 88430 1 0
20101009004 00:20:00 24088 0 1
20101009005 00:25:00 48190 0 0
20101009006 00:30:00 33623 1 0
20101009007 00:35:00 67272 0 1
20101009008 00:40:00 74091 0 0
20101009009 00:45:00 27789 1 0
20101009010 00:50:00 96489 0 0
20101009011 00:55:00 66788 1 1
20101009012 01:00:00 54408 1 0
20101009013 01:05:00 70732 1 0
20101009014 01:10:00 70719 1 0
20101009015 01:15:00 30216 0 0
20101009016 01:20:00 80436 0 0
20101009017 01:25:00 56216 0 0
20101009018 01:30:00 91322 0 1
20101009019 01:35:00 01992 0 1
20101009020 01:40:00 36934 0 0
20101009021 01:45:00 32940 0 0
20101009022 01:50:00 32988 0 1
20101009023 01:55:00 90704 0 0
20101009024 10:00:00 58903 0 0
20101009025 10:10:00 61694 1 0
20101009026 10:20:00 71186 1 0
20101009027 10:30:00 92090 0 1
20101009028 10:40:00 90851 0 0
20101009029 10:50:00 91135 1 0
20101009030 11:00:00 16522 0 1
20101009031 11:10:00 20315 0 0
20101009032 11:20:00 01952 0 0
20101009033 11:30:00 25445 0 1
20101009034 11:40:00 57569 1 0
20101009035 11:50:00 26172 0 0
20101009036 12:00:00 96869 0 0
20101009037 12:10:00 77768 1 0
20101009038 12:20:00 06103 0 0
20101009039 12:30:00 63620 1 0
20101009040 12:40:00 67847 0 0
20101009041 12:50:00 31494 0 1
20101009042 13:00:00 12905 0 0
20101009043 13:10:00 07701 1 0
20101009044 13:20:00 24090 0 1
20101009045 13:30:00 59420 0 0
20101009046 13:40:00 68225 0 1
20101009047 13:50:00 93085 0 0
20101009048 14:00:00 62675 1 0
20101009049 14:10:00 46995 0 1
20101009050 14:20:00 41507 0 0
20101009051 14:30:00 96008 0 1
20101009052 14:40:00 29708 0 0
20101009053 14:50:00 58637 0 0
20101009054 15:00:00 85555 1 1
20101009055 15:10:00 14741 0 0
20101009056 15:20:00 48841 1 0
20101009057 15:30:00 01807 0 0
20101009058 15:40:00 92566 0 1
20101009059 15:50:00 23652 0 0
20101009060 16:00:00 73278 0 0
20101009061 16:10:00 25407 0 0
20101009062 16:20:00 59751 0 0
20101009063 16:30:00 39850 0 0
20101009064 16:40:00 02439 0 0
20101009065 16:50:00 80852 1 0
20101009066 17:00:00 41767 0 1
20101009067 17:10:00 55605 1 0
20101009068 17:20:00 76109 0 0
20101009069 17:30:00 94254 0 0
20101009070 17:40:00 91706 0 0
20101009071 17:50:00 28393 0 1
20101009072 18:00:00 27173 0 0
20101009073 18:10:00 75722 1 1
20101009074 18:20:00 81094 0 0
20101009075 18:30:00 68654 1 0
20101009076 18:40:00 12771 0 1
20101009077 18:50:00 59699 0 1
20101009078 19:00:00 66879 1 0
20101009079 19:10:00 84557 0 1
20101009080 19:20:00 32642 0 0
20101009081 19:30:00 00321 1 0
20101009082 19:40:00 74933 0 1
20101009083 19:50:00 81197 1 0
20101009084 20:00:00 23962 0 0
20101009085 20:10:00 28747 0 1
20101009086 20:20:00 81494 0 1
20101009087 20:30:00 92782 0 0
20101009088 20:40:00 69652 1 0
20101009089 20:50:00 47552 0 1
20101009090 21:00:00 64680 1 0
20101009091 21:10:00 48147 0 0
20101009092 21:20:00 54768 0 0
20101009093 21:30:00 59507 1 0
20101009094 21:40:00 02802 0 0
20101009095 21:50:00 35429 0 0
20101009096 22:00:00 61859 0 0
20101009097 22:05:00 63528 0 0
20101009098 22:10:00 96291 0 0
20101009099 22:15:00 93234 0 0
20101009100 22:20:00 99778 1 1
20101009101 22:25:00 93314 1 0
20101009102 22:30:00 16167 1 0
20101009103 22:35:00 57388 0 1
20101009104 22:40:00 82692 0 0
20101009105 22:45:00 11694 1 0
20101009106 22:50:00 94954 1 0
20101009107 22:55:00 02492 0 0
20101009108 23:00:00 62930 0 0
20101009109 23:05:00 07290 0 0
20101009110 23:10:00 72669 0 1
20101009111 23:15:00 57057 0 0
20101009112 23:20:00 22998 1 1
20101009113 23:25:00 60252 0 1
20101009114 23:30:00 92283 1 0
20101009115 23:35:00 76377 0 1
20101009116 23:40:00 07284 0 0
20101009117 23:45:00 59317 0 0
20101009118 23:50:00 89968 1 0
20101009119 23:55:00 03420 0 0
20101009120 00:00:00 45787 0 1
