20100706001 00:05:00 72118 0 1
20100706002 00:10:00 32678 0 0
20100706003 00:15:00 72114 0 1
20100706004 00:20:00 92826 0 0
20100706005 00:25:00 43589 0 0
20100706006 00:30:00 36875 0 0
20100706007 00:35:00 00937 1 0
20100706008 00:40:00 41382 0 0
20100706009 00:45:00 94782 0 0
20100706010 00:50:00 15841 0 0
20100706011 00:55:00 14307 0 0
20100706012 01:00:00 05579 1 0
20100706013 01:05:00 07495 0 0
20100706014 01:10:00 21518 0 0
20100706015 01:15:00 78121 0 1
20100706016 01:20:00 87827 1 0
20100706017 01:25:00 37842 0 0
20100706018 01:30:00 39237 0 0
20100706019 01:35:00 98829 1 0
20100706020 01:40:00 39593 0 0
20100706021 01:45:00 77203 1 0
20100706022 01:50:00 89438 0 0
20100706023 01:55:00 09002 1 1
20100706024 10:00:00 54027 0 0
20100706025 10:10:00 15336 0 1
20100706026 10:20:00 02515 0 1
20100706027 10:30:00 63528 0 0
20100706028 10:40:00 72775 1 1
20100706029 10:50:00 50823 0 0
20100706030 11:00:00 60709 0 0
20100706031 11:10:00 78219 0 0
20100706032 11:20:00 50670 0 0
20100706033 11:30:00 25976 0 0
20100706034 11:40:00 01753 0 0
20100706035 11:50:00 65619 1 0
20100706036 12:00:00 68441 0 1
20100706037 12:10:00 63397 1 0
20100706038 12:20:00 38107 0 0
20100706039 12:30:00 79257 0 0
20100706040 12:40:00 50632 0 0
20100706041 12:50:00 39356 1 0
20100706042 13:00:00 06462 0 0
20100706043 13:10:00 88788 1 1
20100706044 13:20:00 08116 0 1
20100706045 13:30:00 55245 1 0
20100706046 13:40:00 98474 0 1
20100706047 13:50:00 62132 0 0
20100706048 14:00:00 59302 0 0
20100706049 14:10:00 51985 0 0
20100706050 14:20:00 37600 0 1
20100706051 14:30:00 04869 0 0
20100706052 14:40:00 48259 0 0
20100706053 14:50:00 60333 0 1
20100706054 15:00:00 89337 0 1
20100706055 15:10:00 84511 0 1
20100706056 15:20:00 66932 1 0
20100706057 15:30:00 58677 0 1
20100706058 15:40:00 75100 0 1
20100706059 15:50:00 93271 0 0
20100706060 16:00:00 38195 0 0
20100706061 16:10:00 46405 1 0
20100706062 16:20:00 00951 1 0
20100706063 16:30:00 69581 0 0
20100706064 16:40:00 53927 0 0
20100706065 16:50:00 31452 0 0
20100706066 17:00:00 24149 0 0
20100706067 17:10:00 93342 1 0
20100706068 17:20:00 75668 0 1
20100706069 17:30:00 33385 1 0
20100706070 17:40:00 02421 0 0
20100706071 17:50:00 39361 1 0
20100706072 18:00:00 78029 0 0
20100706073 18:10:00 20201 1 0
20100706074 18:20:00 38501 0 0
20100706075 18:30:00 50859 0 0
20100706076 18:40:00 36229 0 1
20100706077 18:50:00 82989 0 1
20100706078 19:00:00 85791 0 0
20100706079 19:10:00 77540 1 0
20100706080 19:20:00 35738 0 0
20100706081 19:30:00 48764 0 0
20100706082 19:40:00 46511 0 1
20100706083 19:50:00 60914 0 0
20100706084 20:00:00 63832 0 0
20100706085 20:10:00 49199 0 1
20100706086 20:20:00 07532 0 0
20100706087 20:30:00 59171 0 1
20100706088 20:40:00 42741 0 0
20100706089 20:50:00 55301 1 0
20100706090 21:00:00 10421 0 0
20100706091 21:10:00 29492 0 0
20100706092 21:20:00 72918 0 0
20100706093 21:30:00 83802 1 0
20100706094 21:40:00 04148 0 0
20100706095 21:50:00 60243 0 0
20100706096 22:00:00 03742 0 0
20100706097 22:05:00 69710 0 0
20100706098 22:10:00 12542 0 0
20100706099 22:15:00 14833 0 1
20100706100 22:20:00 52036 0 0
20100706101 22:25:00 71895 0 0
20100706102 22:30:00 81298 0 0
20100706103 22:35:00 84811 1 1
20100706104 22:40:00 13746 0 0
20100706105 22:45:00 51530 1 0
20100706106 22:50:00 36918 0 0
20100706107 22:55:00 70568 0 0
20100706108 23:00:00 49024 0 0
20100706109 23:05:00 32231 1 0
20100706110 23:10:00 76526 0 0
20100706111 23:15:00 67194 0 0
20100706112 23:20:00 31107 1 0
20100706113 23:25:00 65657 1 0
20100706114 23:30:00 85849 1 0
20100706115 23:35:00 87729 1 0
20100706116 23:40:00 40997 0 1
20100706117 23:45:00 61536 0 0
20100706118 23:50:00 43300 1 1
20100706119 23:55:00 04176 0 0
20100706120 00:00:00 12957 0 0
