20100322001 00:05:00 03465 0 0
20100322002 00:10:00 44851 1 0
20100322003 00:15:00 90875 0 0
20100322004 00:20:00 89395 0 0
20100322005 00:25:00 42610 0 0
20100322006 00:30:00 36220 0 1
20100322007 00:35:00 82053 0 0
20100322008 00:40:00 59586 1 0
20100322009 00:45:00 70489 0 0
20100322010 00:50:00 42312 0 0
20100322011 00:55:00 80626 0 1
20100322012 01:00:00 48941 0 0
20100322013 01:05:00 65045 0 0
20100322014 01:10:00 93198 0 0
20100322015 01:15:00 17454 0 1
20100322016 01:20:00 49865 0 0
20100322017 01:25:00 57707 1 1
20100322018 01:30:00 00009 1 1
20100322019 01:35:00 04139 0 0
20100322020 01:40:00 92612 0 0
20100322021 01:45:00 47607 0 0
20100322022 01:50:00 63744 0 1
20100322023 01:55:00 39142 0 0
20100322024 10:00:00 53890 0 0
20100322025 10:10:00 04915 0 0
20100322026 10:20:00 51247 0 0
20100322027 10:30:00 43911 0 1
20100322028 10:40:00 08405 0 0
20100322029 10:50:00 83631 0 0
20100322030 11:00:00 64301 0 0
20100322031 11:10:00 48398 0 0
20100322032 11:20:00 59760 0 0
20100322033 11:30:00 76522 0 1
20100322034 11:40:00 24795 0 0
20100322035 11:50:00 64816 0 0
20100322036 12:00:00 18288 0 1
20100322037 12:10:00 79396 0 0
20100322038 12:20:00 56702 0 0
20100322039 12:30:00 34013 0 0
20100322040 12:40:00 35636 0 1
20100322041 12:50:00 05850 0 0
20100322042 13:00:00 61791 0 0
20100322043 13:10:00 93315 1 0
20100322044 13:20:00 09073 1 0
20100322045 13:30:00 90998 1 1
20100322046 13:40:00 98608 0 0
20100322047 13:50:00 10775 0 1
20100322048 14:00:00 81373 0 1
20100322049 14:10:00 92540 0 0
20100322050 14:20:00 24331 0 1
20100322051 14:30:00 23219 1 0
20100322052 14:40:00 69147 0 0
20100322053 14:50:00 54004 0 1
20100322054 15:00:00 33558 1 1
20100322055 15:10:00 11610 1 0
20100322056 15:20:00 56916 0 0
20100322057 15:30:00 06807 0 0
20100322058 15:40:00 59959 1 1
20100322059 15:50:00 25037 0 0
20100322060 16:00:00 31193 1 0
20100322061 16:10:00 56429 0 0
20100322062 16:20:00 23367 1 0
20100322063 16:30:00 55128 1 0
20100322064 16:40:00 81373 0 1
20100322065 16:50:00 70643 0 0
20100322066 17:00:00 32971 0 0
20100322067 17:10:00 77969 1 1
20100322068 17:20:00 26944 0 1
20100322069 17:30:00 11668 1 1
20100322070 17:40:00 92804 0 0
20100322071 17:50:00 39070 0 1
20100322072 18:00:00 52490 0 0
20100322073 18:10:00 11087 1 0
20100322074 18:20:00 15129 1 0
20100322075 18:30:00 32413 0 0
20100322076 18:40:00 99986 1 0
20100322077 18:50:00 96785 0 0
20100322078 19:00:00 28485 0 0
20100322079 19:10:00 44975 1 0
20100322080 19:20:00 39994 1 1
20100322081 19:30:00 35390 1 0
20100322082 19:40:00 30291 0 0
20100322083 19:50:00 63347 1 0
20100322084 20:00:00 32303 1 1
20100322085 20:10:00 20581 0 0
20100322086 20:20:00 19772 0 1
20100322087 20:30:00 79112 0 1
20100322088 20:40:00 64623 1 0
20100322089 20:50:00 50041 1 0
20100322090 21:00:00 06278 0 0
20100322091 21:10:00 23599 0 1
20100322092 21:20:00 79449 0 1
20100322093 21:30:00 11185 1 0
20100322094 21:40:00 67606 1 1
20100322095 21:50:00 70248 0 0
20100322096 22:00:00 37423 0 0
20100322097 22:05:00 49415 1 0
20100322098 22:10:00 96646 1 1
20100322099 22:15:00 99062 1 0
20100322100 22:20:00 64653 1 0
20100322101 22:25:00 65921 0 0
20100322102 22:30:00 71497 0 0
20100322103 22:35:00 30742 0 0
20100322104 22:40:00 69412 0 0
20100322105 22:45:00 91673 0 0
20100322106 22:50:00 67408 0 0
20100322107 22:55:00 89263 0 0
20100322108 23:00:00 27024 0 0
20100322109 23:05:00 38034 0 0
20100322110 23:10:00 73713 1 0
20100322111 23:15:00 39262 0 1
20100322112 23:20:00 24691 0 0
20100322113 23:25:00 70575 0 1
20100322114 23:30:00 49812 0 0
20100322115 23:35:00 79896 0 0
20100322116 23:40:00 47903 0 0
20100322117 23:45:00 11343 1 1
20100322118 23:50:00 87058 0 0
20100322119 23:55:00 04788 0 1
20100322120 00:00:00 53902 0 0
