20101204001 00:05:00 73591 0 0
20101204002 00:10:00 85381 0 0
20101204003 00:15:00 47806 0 0
20101204004 00:20:00 83108 0 0
20101204005 00:25:00 31157 1 0
20101204006 00:30:00 95180 0 0
20101204007 00:35:00 66566 1 1
20101204008 00:40:00 25486 0 0
20101204009 00:45:00 26257 1 0
20101204010 00:50:00 82112 0 1
20101204011 00:55:00 81527 0 0
20101204012 01:00:00 72797 1 1
20101204013 01:05:00 50372 0 0
20101204014 01:10:00 30274 0 0
20101204015 01:15:00 15217 0 0
20101204016 01:20:00 97672 0 0
20101204017 01:25:00 06269 0 0
20101204018 01:30:00 29722 0 1
20101204019 01:35:00 80131 0 1
20101204020 01:40:00 08453 0 0
20101204021 01:45:00 17124 1 0
20101204022 01:50:00 89530 0 0
20101204023 01:55:00 92297 1 0
20101204024 10:00:00 93519 0 0
20101204025 10:10:00 95163 0 0
20101204026 10:20:00 40309 0 0
20101204027 10:30:00 50029 1 0
20101204028 10:40:00 73371 1 0
20101204029 10:50:00 60781 0 0
20101204030 11:00:00 85568 1 0
20101204031 11:10:00 82094 0 0
20101204032 11:20:00 42448 1 1
20101204033 11:30:00 88176 1 0
20101204034 11:40:00 43786 0 0
20101204035 11:50:00 29594 0 0
20101204036 12:00:00 06582 0 0
20101204037 12:10:00 95045 0 0
20101204038 12:20:00 36235 0 0
20101204039 12:30:00 40757 0 1
20101204040 12:40:00 33841 1 0
20101204041 12:50:00 07115 0 1
20101204042 13:00:00 02426 0 0
20101204043 13:10:00 76070 0 1
20101204044 13:20:00 56523 1 0
20101204045 13:30:00 36649 1 0
20101204046 13:40:00 69032 0 0
20101204047 13:50:00 41451 1 0
20101204048 14:00:00 14198 1 0
20101204049 14:10:00 51696 0 1
20101204050 14:20:00 14663 0 1
20101204051 14:30:00 70008 1 1
20101204052 14:40:00 10167 1 0
20101204053 14:50:00 95695 0 0
20101204054 15:00:00 70116 0 1
20101204055 15:10:00 28118 0 1
20101204056 15:20:00 52363 0 1
20101204057 15:30:00 28475 0 0
20101204058 15:40:00 26402 0 0
20101204059 15:50:00 48169 0 0
20101204060 16:00:00 26145 0 0
20101204061 16:10:00 97817 0 0
20101204062 16:20:00 00055 1 1
20101204063 16:30:00 72069 0 0
20101204064 16:40:00 15322 0 1
20101204065 16:50:00 89811 1 1
20101204066 17:00:00 25009 0 1
20101204067 17:10:00 66500 1 1
20101204068 17:20:00 25967 0 0
20101204069 17:30:00 80466 0 1
20101204070 17:40:00 52495 0 0
20101204071 17:50:00 39584 0 0
20101204072 18:00:00 14332 0 1
20101204073 18:10:00 98485 0 0
20101204074 18:20:00 22926 1 0
20101204075 18:30:00 18839 1 0
20101204076 18:40:00 20970 0 0
20101204077 18:50:00 96673 1 0
20101204078 19:00:00 97120 0 0
20101204079 19:10:00 18029 0 0
20101204080 19:20:00 90639 0 0
20101204081 19:30:00 03890 0 0
20101204082 19:40:00 12183 1 0
20101204083 19:50:00 36280 0 0
20101204084 20:00:00 58982 0 0
20101204085 20:10:00 70326 0 0
20101204086 20:20:00 65514 1 0
20101204087 20:30:00 33679 1 0
20101204088 20:40:00 20092 1 0
20101204089 20:50:00 00720 1 0
20101204090 21:00:00 51364 0 0
20101204091 21:10:00 94214 0 0
20101204092 21:20:00 97517 0 0
20101204093 21:30:00 84284 0 0
20101204094 21:40:00 61182 1 0
20101204095 21:50:00 16436 0 0
20101204096 22:00:00 33986 1 0
20101204097 22:05:00 86014 0 0
20101204098 22:10:00 05637 0 0
20101204099 22:15:00 56039 0 0
20101204100 22:20:00 10401 0 0
20101204101 22:25:00 92960 1 0
20101204102 22:30:00 52710 0 0
20101204103 22:35:00 87613 0 0
20101204104 22:40:00 58131 0 1
20101204105 22:45:00 23188 0 1
20101204106 22:50:00 40574 0 0
20101204107 22:55:00 15710 0 0
20101204108 23:00:00 31653 0 0
20101204109 23:05:00 91578 0 0
20101204110 23:10:00 55492 1 0
20101204111 23:15:00 07409 0 0
20101204112 23:20:00 35314 1 0
20101204113 23:25:00 65127 0 0
20101204114 23:30:00 71973 0 0
20101204115 23:35:00 68690 1 0
20101204116 23:40:00 06823 0 0
20101204117 23:45:00 42884 0 1
20101204118 23:50:00 95371 0 0
20101204119 23:55:00 01718 0 0
20101204120 00:00:00 34024 0 0
