20100517001 00:05:00 34149 0 0
20100517002 00:10:00 01223 0 1
20100517003 00:15:00 62850 0 0
20100517004 00:20:00 21152 1 0
20100517005 00:25:00 95961 1 0
20100517006 00:30:00 62740 0 0
20100517007 00:35:00 00628 1 0
20100517008 00:40:00 99383 1 1
20100517009 00:45:00 92172 0 0
20100517010 00:50:00 64291 0 0
20100517011 00:55:00 66698 1 0
20100517012 01:00:00 60457 0 0
20100517013 01:05:00 73911 0 1
20100517014 01:10:00 29797 0 1
20100517015 01:15:00 02245 1 0
20100517016 01:20:00 66378 1 0
20100517017 01:25:00 57872 0 0
20100517018 01:30:00 62469 0 0
20100517019 01:35:00 70070 1 1
20100517020 01:40:00 25623 0 0
20100517021 01:45:00 72855 0 1
20100517022 01:50:00 74364 0 0
20100517023 01:55:00 61359 0 0
20100517024 10:00:00 65630 1 0
20100517025 10:10:00 88204 1 0
20100517026 10:20:00 41470 1 0
20100517027 10:30:00 62189 0 0
20100517028 10:40:00 07488 0 1
20100517029 10:50:00 93218 0 0
20100517030 11:00:00 14272 0 1
20100517031 11:10:00 71978 0 0
20100517032 11:20:00 61873 0 0
20100517033 11:30:00 86865 1 0
20100517034 11:40:00 88366 1 1
20100517035 11:50:00 75381 0 0
20100517036 12:00:00 84962 0 0
20100517037 12:10:00 90922 1 1
20100517038 12:20:00 30807 0 0
20100517039 12:30:00 27386 0 0
20100517040 12:40:00 19307 0 0
20100517041 12:50:00 44816 1 0
20100517042 13:00:00 35684 0 0
20100517043 13:10:00 54948 0 0
20100517044 13:20:00 04221 0 1
20100517045 13:30:00 19191 1 1
20100517046 13:40:00 91209 0 0
20100517047 13:50:00 06593 0 0
20100517048 14:00:00 89874 1 0
20100517049 14:10:00 54236 0 0
20100517050 14:20:00 55173 1 0
20100517051 14:30:00 61427 0 0
20100517052 14:40:00 13563 0 0
20100517053 14:50:00 91602 0 0
20100517054 15:00:00 61331 0 1
20100517055 15:10:00 18921 0 0
20100517056 15:20:00 03366 1 1
20100517057 15:30:00 05249 0 0
20100517058 15:40:00 57875 0 0
20100517059 15:50:00 35041 0 0
20100517060 16:00:00 23220 1 1
20100517061 16:10:00 92239 1 0
20100517062 16:20:00 20014 1 0
20100517063 16:30:00 25424 0 1
20100517064 16:40:00 30139 0 0
20100517065 16:50:00 21890 0 0
20100517066 17:00:00 52576 1 0
20100517067 17:10:00 65866 0 1
20100517068 17:20:00 15042 0 0
20100517069 17:30:00 74660 0 1
20100517070 17:40:00 14929 0 1
20100517071 17:50:00 50305 0 0
20100517072 18:00:00 99025 1 0
20100517073 18:10:00 65875 0 0
20100517074 18:20:00 00723 1 0
20100517075 18:30:00 43162 0 0
20100517076 18:40:00 01768 0 0
20100517077 18:50:00 73675 0 0
20100517078 19:00:00 31358 1 0
20100517079 19:10:00 18466 0 1
20100517080 19:20:00 36897 0 0
20100517081 19:30:00 56946 0 0
20100517082 19:40:00 54442 1 1
20100517083 19:50:00 17496 0 0
20100517084 20:00:00 48592 0 0
20100517085 20:10:00 75076 0 0
20100517086 20:20:00 03117 0 1
20100517087 20:30:00 68124 0 0
20100517088 20:40:00 50256 0 0
20100517089 20:50:00 96153 0 0
20100517090 21:00:00 28750 0 0
20100517091 21:10:00 11953 1 0
20100517092 21:20:00 88225 1 1
20100517093 21:30:00 28868 1 1
20100517094 21:40:00 12938 0 0
20100517095 21:50:00 52425 0 0
20100517096 22:00:00 74192 0 0
20100517097 22:05:00 20512 0 0
20100517098 22:10:00 61257 0 0
20100517099 22:15:00 82690 0 0
20100517100 22:20:00 05583 1 0
20100517101 22:25:00 03645 0 0
20100517102 22:30:00 44393 1 1
20100517103 22:35:00 84816 1 0
20100517104 22:40:00 73580 0 0
20100517105 22:45:00 54332 0 1
20100517106 22:50:00 65340 0 0
20100517107 22:55:00 01821 0 0
20100517108 23:00:00 33454 1 1
20100517109 23:05:00 36250 0 0
20100517110 23:10:00 98620 0 0
20100517111 23:15:00 95573 1 0
20100517112 23:20:00 34697 0 0
20100517113 23:25:00 68298 0 0
20100517114 23:30:00 56115 0 1
20100517115 23:35:00 48438 1 0
20100517116 23:40:00 34768 0 0
20100517117 23:45:00 84538 0 0
20100517118 23:50:00 42159 0 0
20100517119 23:55:00 88402 1 0
20100517120 00:00:00 22916 1 0
