20100714001 00:05:00 17857 0 0
20100714002 00:10:00 88457 1 0
20100714003 00:15:00 41269 0 0
20100714004 00:20:00 10671 0 0
20100714005 00:25:00 91335 0 1
20100714006 00:30:00 50583 1 0
20100714007 00:35:00 70511 0 1
20100714008 00:40:00 15018 0 0
20100714009 00:45:00 01613 0 0
20100714010 00:50:00 24341 0 0
20100714011 00:55:00 15812 0 0
20100714012 01:00:00 91415 0 0
20100714013 01:05:00 63835 0 0
20100714014 01:10:00 65382 0 0
20100714015 01:15:00 93880 0 1
20100714016 01:20:00 05779 0 1
20100714017 01:25:00 21795 0 0
20100714018 01:30:00 32184 0 0
20100714019 01:35:00 66296 1 0
20100714020 01:40:00 86704 0 0
20100714021 01:45:00 17462 0 0
20100714022 01:50:00 52697 0 0
20100714023 01:55:00 34524 0 0
20100714024 10:00:00 52480 0 0
20100714025 10:10:00 81137 1 0
20100714026 10:20:00 01177 1 1
20100714027 10:30:00 46512 0 0
20100714028 10:40:00 80392 0 0
20100714029 10:50:00 62670 1 0
20100714030 11:00:00 71128 1 0
20100714031 11:10:00 68694 1 0
20100714032 11:20:00 63139 0 0
20100714033 11:30:00 19523 0 0
20100714034 11:40:00 75129 0 0
20100714035 11:50:00 57993 0 1
20100714036 12:00:00 95370 0 0
20100714037 12:10:00 25091 0 0
20100714038 12:20:00 12204 1 0
20100714039 12:30:00 44103 1 0
20100714040 12:40:00 30376 1 0
20100714041 12:50:00 87621 0 0
20100714042 13:00:00 26024 0 0
20100714043 13:10:00 46625 1 0
20100714044 13:20:00 70901 0 0
20100714045 13:30:00 58208 0 0
20100714046 13:40:00 58452 0 0
20100714047 13:50:00 77175 1 0
20100714048 14:00:00 62650 1 0
20100714049 14:10:00 51908 0 0
20100714050 14:20:00 34677 0 1
20100714051 14:30:00 64063 0 0
20100714052 14:40:00 60681 1 0
20100714053 14:50:00 49086 0 0
20100714054 15:00:00 79253 0 0
20100714055 15:10:00 61725 0 0
20100714056 15:20:00 58380 0 0
20100714057 15:30:00 29911 1 1
20100714058 15:40:00 18223 0 1
20100714059 15:50:00 39611 0 1
20100714060 16:00:00 65643 1 0
20100714061 16:10:00 79619 0 0
20100714062 16:20:00 03770 0 1
20100714063 16:30:00 42935 0 0
20100714064 16:40:00 97486 0 0
20100714065 16:50:00 04781 0 0
20100714066 17:00:00 62972 0 0
20100714067 17:10:00 88081 1 0
20100714068 17:20:00 92695 0 0
20100714069 17:30:00 15654 0 0
20100714070 17:40:00 23862 0 0
20100714071 17:50:00 45684 0 0
20100714072 18:00:00 16900 0 1
20100714073 18:10:00 07550 0 1
20100714074 18:20:00 92564 0 0
20100714075 18:30:00 35855 0 1
20100714076 18:40:00 71495 0 0
20100714077 18:50:00 25784 0 0
20100714078 19:00:00 22388 1 1
20100714079 19:10:00 80481 0 0
20100714080 19:20:00 70647 0 0
20100714081 19:30:00 34617 0 0
20100714082 19:40:00 32570 0 0
20100714083 19:50:00 76469 0 0
20100714084 20:00:00 82131 0 1
20100714085 20:10:00 23952 0 0
20100714086 20:20:00 00058 1 0
20100714087 20:30:00 30978 0 0
20100714088 20:40:00 49179 0 0
20100714089 20:50:00 92724 0 0
20100714090 21:00:00 33874 1 0
20100714091 21:10:00 12895 0 0
20100714092 21:20:00 57067 0 0
20100714093 21:30:00 64529 0 0
20100714094 21:40:00 20429 0 0
20100714095 21:50:00 47391 0 0
20100714096 22:00:00 58233 0 1
20100714097 22:05:00 98285 0 0
20100714098 22:10:00 23759 0 0
20100714099 22:15:00 89939 1 1
20100714100 22:20:00 67233 0 1
20100714101 22:25:00 23630 0 0
20100714102 22:30:00 77620 1 0
20100714103 22:35:00 28765 0 0
20100714104 22:40:00 68190 0 0
20100714105 22:45:00 64386 0 0
20100714106 22:50:00 16360 0 0
20100714107 22:55:00 69016 0 0
20100714108 23:00:00 35509 1 0
20100714109 23:05:00 98725 0 0
20100714110 23:10:00 13807 0 0
20100714111 23:15:00 26660 1 1
20100714112 23:20:00 06517 0 0
20100714113 23:25:00 17363 0 1
20100714114 23:30:00 34174 0 0
20100714115 23:35:00 56617 1 0
20100714116 23:40:00 77375 1 0
20100714117 23:45:00 65980 0 0
20100714118 23:50:00 21897 0 0
20100714119 23:55:00 65224 0 1
20100714120 00:00:00 47257 0 0
