20101220001 00:05:00 88473 1 0
20101220002 00:10:00 75177 0 1
20101220003 00:15:00 26791 0 0
20101220004 00:20:00 32089 0 0
20101220005 00:25:00 62336 0 1
20101220006 00:30:00 75858 0 1
20101220007 00:35:00 49688 0 1
20101220008 00:40:00 38073 0 0
20101220009 00:45:00 14051 0 0
20101220010 00:50:00 59562 1 0
20101220011 00:55:00 41148 1 0
20101220012 01:00:00 85390 0 0
20101220013 01:05:00 93357 1 0
20101220014 01:10:00 04173 0 0
20101220015 01:15:00 62839 0 0
20101220016 01:20:00 25990 0 1
20101220017 01:25:00 28885 1 1
20101220018 01:30:00 98011 0 1
20101220019 01:35:00 00124 1 0
20101220020 01:40:00 18507 0 0
20101220021 01:45:00 34876 0 0
20101220022 01:50:00 95668 0 1
20101220023 01:55:00 58063 0 0
20101220024 10:00:00 74444 1 1
20101220025 10:10:00 42277 1 1
20101220026 10:20:00 54383 0 1
20101220027 10:30:00 22779 1 1
20101220028 10:40:00 17909 0 1
20101220029 10:50:00 84618 0 0
20101220030 11:00:00 89304 0 0
20101220031 11:10:00 93793 0 0
20101220032 11:20:00 84216 0 0
20101220033 11:30:00 89621 0 0
20101220034 11:40:00 40342 0 0
20101220035 11:50:00 99001 1 1
20101220036 12:00:00 61323 0 1
20101220037 12:10:00 11037 1 0
20101220038 12:20:00 74265 0 0
20101220039 12:30:00 06300 0 1
20101220040 12:40:00 28634 0 0
20101220041 12:50:00 04039 1 0
20101220042 13:00:00 57179 0 0
20101220043 13:10:00 40800 0 1
20101220044 13:20:00 07691 0 0
20101220045 13:30:00 88854 1 0
20101220046 13:40:00 44838 1 1
20101220047 13:50:00 16456 0 0
20101220048 14:00:00 46221 0 1
20101220049 14:10:00 49198 0 0
20101220050 14:20:00 84144 0 1
20101220051 14:30:00 44982 1 0
20101220052 14:40:00 94422 1 1
20101220053 14:50:00 26916 0 0
20101220054 15:00:00 95853 0 0
20101220055 15:10:00 25126 0 0
20101220056 15:20:00 45121 0 1
20101220057 15:30:00 61882 0 1
20101220058 15:40:00 45126 0 0
20101220059 15:50:00 21544 0 1
20101220060 16:00:00 93618 0 0
20101220061 16:10:00 01368 0 0
20101220062 16:20:00 51992 0 1
20101220063 16:30:00 97032 0 0
20101220064 16:40:00 09393 0 1
20101220065 16:50:00 53216 0 0
20101220066 17:00:00 26329 0 0
20101220067 17:10:00 57601 0 0
20101220068 17:20:00 34451 1 0
20101220069 17:30:00 84832 1 0
20101220070 17:40:00 59169 0 0
20101220071 17:50:00 99282 1 1
20101220072 18:00:00 00805 1 0
20101220073 18:10:00 78504 0 0
20101220074 18:20:00 14253 0 0
20101220075 18:30:00 04795 0 0
20101220076 18:40:00 13902 0 0
20101220077 18:50:00 88993 1 1
20101220078 19:00:00 26247 1 0
20101220079 19:10:00 56599 1 1
20101220080 19:20:00 31177 1 1
20101220081 19:30:00 11547 1 0
20101220082 19:40:00 54849 0 0
20101220083 19:50:00 08865 1 0
20101220084 20:00:00 13283 0 0
20101220085 20:10:00 86596 0 0
20101220086 20:20:00 54403 1 0
20101220087 20:30:00 22359 1 0
20101220088 20:40:00 91943 1 0
20101220089 20:50:00 81327 0 0
20101220090 21:00:00 69398 0 0
20101220091 21:10:00 68922 0 1
20101220092 21:20:00 25818 0 1
20101220093 21:30:00 66777 1 1
20101220094 21:40:00 53276 0 0
20101220095 21:50:00 14129 1 0
20101220096 22:00:00 55684 1 0
20101220097 22:05:00 86889 1 1
20101220098 22:10:00 28779 0 1
20101220099 22:15:00 85727 0 1
20101220100 22:20:00 61410 0 0
20101220101 22:25:00 13549 0 0
20101220102 22:30:00 37132 0 0
20101220103 22:35:00 52055 0 1
20101220104 22:40:00 28180 0 0
20101220105 22:45:00 94906 1 0
20101220106 22:50:00 73926 0 0
20101220107 22:55:00 18776 0 1
20101220108 23:00:00 73744 1 1
20101220109 23:05:00 13850 0 0
20101220110 23:10:00 08610 0 0
20101220111 23:15:00 51544 1 1
20101220112 23:20:00 70820 0 0
20101220113 23:25:00 46067 0 0
20101220114 23:30:00 10819 0 0
20101220115 23:35:00 60844 0 1
20101220116 23:40:00 15643 0 0
20101220117 23:45:00 02757 0 1
20101220118 23:50:00 88087 1 0
20101220119 23:55:00 36093 0 0
20101220120 00:00:00 50504 1 0
