20100331001 00:05:00 59451 0 0
20100331002 00:10:00 66864 1 0
20100331003 00:15:00 65542 1 0
20100331004 00:20:00 36611 1 1
20100331005 00:25:00 48590 0 0
20100331006 00:30:00 93974 1 0
20100331007 00:35:00 73957 0 0
20100331008 00:40:00 31832 0 0
20100331009 00:45:00 01314 0 0
20100331010 00:50:00 10542 0 0
20100331011 00:55:00 24145 0 0
20100331012 01:00:00 39566 0 1
20100331013 01:05:00 22906 1 0
20100331014 01:10:00 19367 0 0
20100331015 01:15:00 64547 0 0
20100331016 01:20:00 56387 0 0
20100331017 01:25:00 50406 0 0
20100331018 01:30:00 55304 1 0
20100331019 01:35:00 50516 1 0
20100331020 01:40:00 71934 0 0
20100331021 01:45:00 12193 1 0
20100331022 01:50:00 56146 0 0
20100331023 01:55:00 80505 0 1
20100331024 10:00:00 11431 1 0
20100331025 10:10:00 67630 1 0
20100331026 10:20:00 12492 0 0
20100331027 10:30:00 01554 0 1
20100331028 10:40:00 24306 0 0
20100331029 10:50:00 82661 0 1
20100331030 11:00:00 36523 0 0
20100331031 11:10:00 46459 1 0
20100331032 11:20:00 86717 0 1
20100331033 11:30:00 94473 1 0
20100331034 11:40:00 02761 0 0
20100331035 11:50:00 15528 1 0
20100331036 12:00:00 31883 0 1
20100331037 12:10:00 27482 0 0
20100331038 12:20:00 46116 0 1
20100331039 12:30:00 50239 0 0
20100331040 12:40:00 79208 0 0
20100331041 12:50:00 15058 0 0
20100331042 13:00:00 17181 1 1
20100331043 13:10:00 68164 0 0
20100331044 13:20:00 38800 1 1
20100331045 13:30:00 05138 0 0
20100331046 13:40:00 48806 1 0
20100331047 13:50:00 53419 0 0
20100331048 14:00:00 11795 1 0
20100331049 14:10:00 25133 0 1
20100331050 14:20:00 65276 0 0
20100331051 14:30:00 18331 0 1
20100331052 14:40:00 67494 0 1
20100331053 14:50:00 64299 0 1
20100331054 15:00:00 98371 0 0
20100331055 15:10:00 30466 0 1
20100331056 15:20:00 48185 0 0
20100331057 15:30:00 02323 0 1
20100331058 15:40:00 15378 0 0
20100331059 15:50:00 62037 0 0
20100331060 16:00:00 50623 0 0
20100331061 16:10:00 36922 0 1
20100331062 16:20:00 91091 0 0
20100331063 16:30:00 42691 0 0
20100331064 16:40:00 45323 0 1
20100331065 16:50:00 45771 0 1
20100331066 17:00:00 47404 1 1
20100331067 17:10:00 81396 0 0
20100331068 17:20:00 82847 1 0
20100331069 17:30:00 41639 0 0
20100331070 17:40:00 12246 1 0
20100331071 17:50:00 20810 0 0
20100331072 18:00:00 63819 0 0
20100331073 18:10:00 95127 0 0
20100331074 18:20:00 67217 0 0
20100331075 18:30:00 21023 0 0
20100331076 18:40:00 96682 1 0
20100331077 18:50:00 45654 0 0
20100331078 19:00:00 05443 0 1
20100331079 19:10:00 24273 1 0
20100331080 19:20:00 00168 1 0
20100331081 19:30:00 37842 0 0
20100331082 19:40:00 73042 0 0
20100331083 19:50:00 73136 0 0
20100331084 20:00:00 29074 0 0
20100331085 20:10:00 17002 0 1
20100331086 20:20:00 70450 0 0
20100331087 20:30:00 66848 1 1
20100331088 20:40:00 79240 0 0
20100331089 20:50:00 20921 0 0
20100331090 21:00:00 69794 0 0
20100331091 21:10:00 50826 0 0
20100331092 21:20:00 18833 1 1
20100331093 21:30:00 00610 1 0
20100331094 21:40:00 31092 0 0
20100331095 21:50:00 55191 1 1
20100331096 22:00:00 06207 0 0
20100331097 22:05:00 75799 1 1
20100331098 22:10:00 81205 0 0
20100331099 22:15:00 95710 0 0
20100331100 22:20:00 14063 0 0
20100331101 22:25:00 69365 0 0
20100331102 22:30:00 98823 1 0
20100331103 22:35:00 15626 0 1
20100331104 22:40:00 37298 0 0
20100331105 22:45:00 73265 0 0
20100331106 22:50:00 62318 0 0
20100331107 22:55:00 02173 0 0
20100331108 23:00:00 68700 0 1
20100331109 23:05:00 51215 0 0
20100331110 23:10:00 00244 1 1
20100331111 23:15:00 63776 0 1
20100331112 23:20:00 12937 0 0
20100331113 23:25:00 36037 0 0
20100331114 23:30:00 70441 0 1
20100331115 23:35:00 37710 1 0
20100331116 23:40:00 56968 0 0
20100331117 23:45:00 24007 0 1
20100331118 23:50:00 31824 0 0
20100331119 23:55:00 92452 0 0
20100331120 00:00:00 89955 1 1
