20100105001 00:05:00 99955 1 1
20100105002 00:10:00 78424 0 1
20100105003 00:15:00 02131 0 1
20100105004 00:20:00 76791 1 0
20100105005 00:25:00 73070 0 1
20100105006 00:30:00 82147 0 0
20100105007 00:35:00 07088 1 1
20100105008 00:40:00 86298 0 0
20100105009 00:45:00 06373 0 1
20100105010 00:50:00 85108 0 0
20100105011 00:55:00 62092 0 0
20100105012 01:00:00 72880 0 1
20100105013 01:05:00 39547 0 0
20100105014 01:10:00 22460 1 0
20100105015 01:15:00 12289 1 0
20100105016 01:20:00 42686 0 1
20100105017 01:25:00 42734 0 0
20100105018 01:30:00 93865 0 0
20100105019 01:35:00 42720 0 0
20100105020 01:40:00 44267 1 0
20100105021 01:45:00 68343 0 1
20100105022 01:50:00 21985 0 0
20100105023 01:55:00 56551 1 1
20100105024 10:00:00 93634 0 0
20100105025 10:10:00 26385 0 0
20100105026 10:20:00 93485 0 0
20100105027 10:30:00 71755 1 1
20100105028 10:40:00 05175 0 0
20100105029 10:50:00 16247 0 0
20100105030 11:00:00 97271 0 0
20100105031 11:10:00 37489 0 0
20100105032 11:20:00 88615 1 0
20100105033 11:30:00 85924 0 0
20100105034 11:40:00 27423 0 0
20100105035 11:50:00 65526 1 0
20100105036 12:00:00 36966 0 1
20100105037 12:10:00 75123 0 0
20100105038 12:20:00 97408 0 0
20100105039 12:30:00 55747 1 1
20100105040 12:40:00 35684 0 0
20100105041 12:50:00 86616 1 1
20100105042 13:00:00 46822 0 1
20100105043 13:10:00 99347 1 0
20100105044 13:20:00 45704 0 0
20100105045 13:30:00 99442 1 1
20100105046 13:40:00 26209 1 0
20100105047 13:50:00 04400 1 1
20100105048 14:00:00 64421 1 0
20100105049 14:10:00 23140 0 0
20100105050 14:20:00 58419 0 0
20100105051 14:30:00 07560 0 0
20100105052 14:40:00 32266 1 1
20100105053 14:50:00 14969 0 1
20100105054 15:00:00 23136 0 0
20100105055 15:10:00 45781 0 0
20100105056 15:20:00 41578 0 0
20100105057 15:30:00 65537 1 0
20100105058 15:40:00 40054 1 0
20100105059 15:50:00 69053 0 0
20100105060 16:00:00 89725 0 0
20100105061 16:10:00 25362 0 0
20100105062 16:20:00 50009 1 1
20100105063 16:30:00 36138 0 0
20100105064 16:40:00 90704 0 0
20100105065 16:50:00 27466 0 1
20100105066 17:00:00 36281 0 0
20100105067 17:10:00 16313 0 1
20100105068 17:20:00 60633 1 1
20100105069 17:30:00 61530 0 0
20100105070 17:40:00 98637 0 0
20100105071 17:50:00 81546 0 0
20100105072 18:00:00 95378 0 0
20100105073 18:10:00 28186 0 0
20100105074 18:20:00 56907 0 0
20100105075 18:30:00 63928 0 0
20100105076 18:40:00 89753 0 0
20100105077 18:50:00 87890 1 0
20100105078 19:00:00 14641 0 0
20100105079 19:10:00 78201 0 0
20100105080 19:20:00 51317 0 0
20100105081 19:30:00 37026 0 0
20100105082 19:40:00 98165 0 0
20100105083 19:50:00 64731 0 0
20100105084 20:00:00 51787 0 1
20100105085 20:10:00 94822 0 1
20100105086 20:20:00 55015 1 0
20100105087 20:30:00 55852 1 0
20100105088 20:40:00 67996 0 1
20100105089 20:50:00 70247 0 0
20100105090 21:00:00 82381 0 0
20100105091 21:10:00 67585 0 1
20100105092 21:20:00 73564 0 0
20100105093 21:30:00 83606 0 1
20100105094 21:40:00 14034 0 0
20100105095 21:50:00 85025 0 0
20100105096 22:00:00 38954 0 0
20100105097 22:05:00 70741 1 0
20100105098 22:10:00 62038 0 0
20100105099 22:15:00 27314 0 0
20100105100 22:20:00 15391 0 0
20100105101 22:25:00 90908 1 0
20100105102 22:30:00 83363 1 1
20100105103 22:35:00 23795 0 0
20100105104 22:40:00 86748 0 0
20100105105 22:45:00 99178 1 0
20100105106 22:50:00 46570 0 0
20100105107 22:55:00 09393 0 1
20100105108 23:00:00 83723 0 0
20100105109 23:05:00 94050 0 1
20100105110 23:10:00 46239 0 0
20100105111 23:15:00 79326 0 0
20100105112 23:20:00 89432 0 0
20100105113 23:25:00 97200 0 1
20100105114 23:30:00 89034 0 0
20100105115 23:35:00 45788 0 1
20100105116 23:40:00 26764 0 0
20100105117 23:45:00 50110 0 1
20100105118 23:50:00 22826 1 0
20100105119 23:55:00 58612 0 0
20100105120 00:00:00 81242 0 1
