20100919001 00:05:00 39490 0 0
20100919002 00:10:00 86509 0 0
20100919003 00:15:00 68947 0 0
20100919004 00:20:00 30960 0 0
20100919005 00:25:00 76088 0 1
20100919006 00:30:00 65397 0 0
20100919007 00:35:00 44246 1 0
20100919008 00:40:00 49600 0 1
20100919009 00:45:00 40055 1 1
20100919010 00:50:00 57298 0 0
20100919011 00:55:00 39856 0 0
20100919012 01:00:00 44491 1 0
20100919013 01:05:00 16484 0 1
20100919014 01:10:00 06217 0 0
20100919015 01:15:00 92479 0 0
20100919016 01:20:00 61611 1 1
20100919017 01:25:00 74052 0 0
20100919018 01:30:00 89854 1 0
20100919019 01:35:00 00750 1 0
20100919020 01:40:00 40836 0 0
20100919021 01:45:00 46634 1 0
20100919022 01:50:00 62189 0 0
20100919023 01:55:00 43454 1 1
20100919024 10:00:00 80260 0 0
20100919025 10:10:00 30319 1 0
20100919026 10:20:00 92607 0 0
20100919027 10:30:00 51230 0 0
20100919028 10:40:00 97854 0 0
20100919029 10:50:00 88423 1 0
20100919030 11:00:00 42040 0 1
20100919031 11:10:00 13177 1 1
20100919032 11:20:00 19894 0 0
20100919033 11:30:00 94925 1 0
20100919034 11:40:00 87108 0 0
20100919035 11:50:00 95170 0 0
20100919036 12:00:00 88196 1 0
20100919037 12:10:00 22102 1 0
20100919038 12:20:00 77157 1 0
20100919039 12:30:00 53966 0 1
20100919040 12:40:00 17634 0 0
20100919041 12:50:00 69562 0 0
20100919042 13:00:00 62723 0 0
20100919043 13:10:00 60156 0 0
20100919044 13:20:00 22886 1 1
20100919045 13:30:00 06511 0 1
20100919046 13:40:00 08681 0 0
20100919047 13:50:00 93645 0 0
20100919048 14:00:00 77105 1 0
20100919049 14:10:00 89691 0 0
20100919050 14:20:00 46861 0 0
20100919051 14:30:00 22910 1 0
20100919052 14:40:00 98025 0 0
20100919053 14:50:00 00521 1 0
20100919054 15:00:00 61690 1 0
20100919055 15:10:00 95594 1 0
20100919056 15:20:00 02129 0 0
20100919057 15:30:00 86978 0 0
20100919058 15:40:00 71208 0 0
20100919059 15:50:00 31640 0 0
20100919060 16:00:00 12824 0 0
20100919061 16:10:00 71940 0 0
20100919062 16:20:00 71864 0 0
20100919063 16:30:00 80245 0 0
20100919064 16:40:00 34307 1 0
20100919065 16:50:00 00921 1 0
20100919066 17:00:00 10412 0 0
20100919067 17:10:00 37454 0 1
20100919068 17:20:00 26061 0 0
20100919069 17:30:00 08836 1 0
20100919070 17:40:00 98087 0 0
20100919071 17:50:00 38195 0 0
20100919072 18:00:00 09091 1 0
20100919073 18:10:00 05277 0 1
20100919074 18:20:00 06165 0 0
20100919075 18:30:00 89080 0 1
20100919076 18:40:00 79614 0 0
20100919077 18:50:00 20660 0 1
20100919078 19:00:00 57751 1 0
20100919079 19:10:00 13066 0 1
20100919080 19:20:00 40092 1 0
20100919081 19:30:00 14301 0 0
20100919082 19:40:00 48948 0 0
20100919083 19:50:00 22366 1 1
20100919084 20:00:00 01687 0 0
20100919085 20:10:00 39139 0 0
20100919086 20:20:00 10807 0 0
20100919087 20:30:00 26697 1 0
20100919088 20:40:00 36417 0 0
20100919089 20:50:00 23339 1 1
20100919090 21:00:00 52684 0 0
20100919091 21:10:00 87969 0 1
20100919092 21:20:00 88726 1 0
20100919093 21:30:00 75856 0 0
20100919094 21:40:00 74333 0 1
20100919095 21:50:00 75321 0 0
20100919096 22:00:00 60223 0 1
20100919097 22:05:00 52847 0 0
20100919098 22:10:00 80019 1 0
20100919099 22:15:00 48048 0 0
20100919100 22:20:00 19450 0 0
20100919101 22:25:00 84342 0 0
20100919102 22:30:00 69296 0 0
20100919103 22:35:00 62976 0 0
20100919104 22:40:00 48641 0 0
20100919105 22:45:00 01546 0 0
20100919106 22:50:00 36651 1 0
20100919107 22:55:00 81339 0 1
20100919108 23:00:00 00724 1 0
20100919109 23:05:00 70519 0 0
20100919110 23:10:00 57219 0 0
20100919111 23:15:00 04691 0 0
20100919112 23:20:00 65024 0 0
20100919113 23:25:00 51212 0 1
20100919114 23:30:00 77507 1 0
20100919115 23:35:00 86301 0 0
20100919116 23:40:00 06107 0 0
20100919117 23:45:00 25770 0 1
20100919118 23:50:00 22157 1 0
20100919119 23:55:00 73731 1 0
20100919120 00:00:00 44984 1 0
