20100321001 00:05:00 99195 1 0
20100321002 00:10:00 76558 0 1
20100321003 00:15:00 35044 0 1
20100321004 00:20:00 68818 1 1
20100321005 00:25:00 01692 0 0
20100321006 00:30:00 36203 0 0
20100321007 00:35:00 14049 0 0
20100321008 00:40:00 14226 0 1
20100321009 00:45:00 29690 0 0
20100321010 00:50:00 68841 1 0
20100321011 00:55:00 49193 0 0
20100321012 01:00:00 09775 0 1
20100321013 01:05:00 16207 0 0
20100321014 01:10:00 83345 1 0
20100321015 01:15:00 52506 1 0
20100321016 01:20:00 86250 0 0
20100321017 01:25:00 39278 0 0
20100321018 01:30:00 58620 0 0
20100321019 01:35:00 07116 0 1
20100321020 01:40:00 52846 0 0
20100321021 01:45:00 78534 0 0
20100321022 01:50:00 42285 1 0
20100321023 01:55:00 90669 0 1
20100321024 10:00:00 17506 0 0
20100321025 10:10:00 89217 0 0
20100321026 10:20:00 05975 0 0
20100321027 10:30:00 11055 1 1
20100321028 10:40:00 04486 1 0
20100321029 10:50:00 27513 0 0
20100321030 11:00:00 74245 0 0
20100321031 11:10:00 20204 1 0
20100321032 11:20:00 63844 0 1
20100321033 11:30:00 12376 0 0
20100321034 11:40:00 98943 1 0
20100321035 11:50:00 58365 0 0
20100321036 12:00:00 02851 0 0
20100321037 12:10:00 69318 0 0
20100321038 12:20:00 36227 0 1
20100321039 12:30:00 64070 0 1
20100321040 12:40:00 75216 0 0
20100321041 12:50:00 59722 0 1
20100321042 13:00:00 59773 0 1
20100321043 13:10:00 57023 0 0
20100321044 13:20:00 65819 0 0
20100321045 13:30:00 28565 0 1
20100321046 13:40:00 59439 0 0
20100321047 13:50:00 68109 0 0
20100321048 14:00:00 54595 1 1
20100321049 14:10:00 07022 1 1
20100321050 14:20:00 44161 1 1
20100321051 14:30:00 47251 0 0
20100321052 14:40:00 26387 0 0
20100321053 14:50:00 63675 1 0
20100321054 15:00:00 14246 0 0
20100321055 15:10:00 51528 1 0
20100321056 15:20:00 37393 1 1
20100321057 15:30:00 27338 0 1
20100321058 15:40:00 45645 0 0
20100321059 15:50:00 36609 1 0
20100321060 16:00:00 99808 1 1
20100321061 16:10:00 45783 0 0
20100321062 16:20:00 14965 0 0
20100321063 16:30:00 24535 0 1
20100321064 16:40:00 93834 0 0
20100321065 16:50:00 97845 0 0
20100321066 17:00:00 00152 1 0
20100321067 17:10:00 98125 0 0
20100321068 17:20:00 76351 0 0
20100321069 17:30:00 25247 1 0
20100321070 17:40:00 59040 0 1
20100321071 17:50:00 48660 0 1
20100321072 18:00:00 35170 0 0
20100321073 18:10:00 43246 0 0
20100321074 18:20:00 10090 1 1
20100321075 18:30:00 24830 0 0
20100321076 18:40:00 34047 0 0
20100321077 18:50:00 37045 0 0
20100321078 19:00:00 93817 0 0
20100321079 19:10:00 43102 0 0
20100321080 19:20:00 10924 0 0
20100321081 19:30:00 19246 0 0
20100321082 19:40:00 66260 1 0
20100321083 19:50:00 36295 0 0
20100321084 20:00:00 89003 0 1
20100321085 20:10:00 22799 1 1
20100321086 20:20:00 41655 0 1
20100321087 20:30:00 25189 0 0
20100321088 20:40:00 85357 0 0
20100321089 20:50:00 05444 0 1
20100321090 21:00:00 45942 0 0
20100321091 21:10:00 59946 1 0
20100321092 21:20:00 05414 0 1
20100321093 21:30:00 12394 0 0
20100321094 21:40:00 39616 0 1
20100321095 21:50:00 55435 1 0
20100321096 22:00:00 19622 0 1
20100321097 22:05:00 00123 1 0
20100321098 22:10:00 31181 1 1
20100321099 22:15:00 19061 0 0
20100321100 22:20:00 09849 0 0
20100321101 22:25:00 27313 0 1
20100321102 22:30:00 00912 1 0
20100321103 22:35:00 01227 0 1
20100321104 22:40:00 29539 0 0
20100321105 22:45:00 52164 0 0
20100321106 22:50:00 15151 1 1
20100321107 22:55:00 62154 0 0
20100321108 23:00:00 43210 0 0
20100321109 23:05:00 97919 1 1
20100321110 23:10:00 91930 1 0
20100321111 23:15:00 26006 0 1
20100321112 23:20:00 84276 0 0
20100321113 23:25:00 08954 0 0
20100321114 23:30:00 49356 0 0
20100321115 23:35:00 65449 0 1
20100321116 23:40:00 21191 1 1
20100321117 23:45:00 32776 0 1
20100321118 23:50:00 05950 0 0
20100321119 23:55:00 48447 1 1
20100321120 00:00:00 22432 1 0
