20100117001 00:05:00 70614 0 0
20100117002 00:10:00 10643 0 0
20100117003 00:15:00 96725 0 0
20100117004 00:20:00 39194 0 0
20100117005 00:25:00 80992 0 1
20100117006 00:30:00 58434 0 1
20100117007 00:35:00 36008 0 1
20100117008 00:40:00 15455 0 1
20100117009 00:45:00 01207 0 0
20100117010 00:50:00 59706 0 0
20100117011 00:55:00 67352 0 0
20100117012 01:00:00 76480 0 0
20100117013 01:05:00 11611 1 1
20100117014 01:10:00 91042 0 0
20100117015 01:15:00 84663 0 1
20100117016 01:20:00 32488 0 1
20100117017 01:25:00 10746 0 0
20100117018 01:30:00 33912 1 0
20100117019 01:35:00 47203 0 0
20100117020 01:40:00 48575 0 1
20100117021 01:45:00 80342 0 0
20100117022 01:50:00 98293 0 0
20100117023 01:55:00 89868 1 1
20100117024 10:00:00 27807 0 0
20100117025 10:10:00 71955 0 1
20100117026 10:20:00 95717 0 1
20100117027 10:30:00 98729 0 0
20100117028 10:40:00 86463 0 0
20100117029 10:50:00 41460 1 0
20100117030 11:00:00 17069 0 0
20100117031 11:10:00 33712 1 0
20100117032 11:20:00 25778 0 1
20100117033 11:30:00 46664 1 1
20100117034 11:40:00 30577 0 1
20100117035 11:50:00 78580 0 0
20100117036 12:00:00 83519 0 0
20100117037 12:10:00 08693 0 0
20100117038 12:20:00 94447 1 1
20100117039 12:30:00 45273 0 0
20100117040 12:40:00 73397 1 0
20100117041 12:50:00 36848 0 1
20100117042 13:00:00 77649 1 0
20100117043 13:10:00 00632 1 0
20100117044 13:20:00 88420 1 0
20100117045 13:30:00 95791 0 0
20100117046 13:40:00 00507 1 0
20100117047 13:50:00 45111 0 1
20100117048 14:00:00 26464 0 1
20100117049 14:10:00 05648 0 0
20100117050 14:20:00 37162 0 0
20100117051 14:30:00 02034 1 0
20100117052 14:40:00 43928 0 0
20100117053 14:50:00 53819 0 0
20100117054 15:00:00 69627 1 0
20100117055 15:10:00 52901 0 0
20100117056 15:20:00 92160 0 0
20100117057 15:30:00 00391 1 0
20100117058 15:40:00 35248 0 0
20100117059 15:50:00 16444 0 1
20100117060 16:00:00 02457 0 0
20100117061 16:10:00 56394 0 0
20100117062 16:20:00 19854 0 0
20100117063 16:30:00 45464 1 1
20100117064 16:40:00 09614 0 0
20100117065 16:50:00 46977 0 1
20100117066 17:00:00 62975 0 0
20100117067 17:10:00 45881 0 1
20100117068 17:20:00 36631 1 0
20100117069 17:30:00 54647 0 0
20100117070 17:40:00 95414 0 1
20100117071 17:50:00 87292 0 1
20100117072 18:00:00 57235 0 0
20100117073 18:10:00 12769 0 0
20100117074 18:20:00 24418 1 0
20100117075 18:30:00 58467 0 0
20100117076 18:40:00 41825 0 0
20100117077 18:50:00 77489 1 0
20100117078 19:00:00 84793 0 0
20100117079 19:10:00 43411 1 1
20100117080 19:20:00 08457 0 0
20100117081 19:30:00 30228 0 1
20100117082 19:40:00 82675 0 0
20100117083 19:50:00 88454 1 1
20100117084 20:00:00 15917 0 0
20100117085 20:10:00 98810 1 0
20100117086 20:20:00 50939 0 1
20100117087 20:30:00 90739 0 0
20100117088 20:40:00 33028 1 0
20100117089 20:50:00 86412 0 0
20100117090 21:00:00 84545 0 1
20100117091 21:10:00 57156 0 0
20100117092 21:20:00 24536 0 0
20100117093 21:30:00 57333 0 1
20100117094 21:40:00 53562 1 0
20100117095 21:50:00 65294 0 0
20100117096 22:00:00 24191 0 1
20100117097 22:05:00 64109 0 0
20100117098 22:10:00 02874 0 0
20100117099 22:15:00 56633 1 1
20100117100 22:20:00 67622 1 1
20100117101 22:25:00 47461 1 0
20100117102 22:30:00 43562 0 0
20100117103 22:35:00 30735 0 0
20100117104 22:40:00 39371 1 0
20100117105 22:45:00 86414 0 1
20100117106 22:50:00 35990 0 1
20100117107 22:55:00 42940 0 0
20100117108 23:00:00 84672 0 0
20100117109 23:05:00 62671 1 0
20100117110 23:10:00 16865 0 0
20100117111 23:15:00 89830 1 0
20100117112 23:20:00 55942 1 0
20100117113 23:25:00 46752 0 0
20100117114 23:30:00 75925 0 0
20100117115 23:35:00 44904 1 0
20100117116 23:40:00 29933 1 1
20100117117 23:45:00 36220 0 1
20100117118 23:50:00 19256 0 0
20100117119 23:55:00 59221 0 1
20100117120 00:00:00 67497 0 0
