20101210001 00:05:00 79783 1 0
20101210002 00:10:00 82274 1 0
20101210003 00:15:00 42039 0 0
20101210004 00:20:00 92892 0 0
20101210005 00:25:00 97297 0 0
20101210006 00:30:00 68193 0 0
20101210007 00:35:00 10532 0 0
20101210008 00:40:00 88499 1 1
20101210009 00:45:00 94988 1 1
20101210010 00:50:00 97811 0 1
20101210011 00:55:00 04361 0 0
20101210012 01:00:00 42571 0 0
20101210013 01:05:00 19918 1 0
20101210014 01:10:00 24198 0 0
20101210015 01:15:00 18406 0 0
20101210016 01:20:00 39864 0 0
20101210017 01:25:00 82838 1 1
20101210018 01:30:00 74656 0 1
20101210019 01:35:00 00222 1 1
20101210020 01:40:00 92518 0 0
20101210021 01:45:00 54684 0 0
20101210022 01:50:00 26640 1 0
20101210023 01:55:00 91685 0 0
20101210024 10:00:00 36847 0 0
20101210025 10:10:00 96553 0 1
20101210026 10:20:00 08945 0 0
20101210027 10:30:00 43905 0 0
20101210028 10:40:00 88148 1 0
20101210029 10:50:00 92308 0 0
20101210030 11:00:00 94828 0 1
20101210031 11:10:00 45292 0 1
20101210032 11:20:00 58884 1 1
20101210033 11:30:00 77635 1 0
20101210034 11:40:00 87554 0 1
20101210035 11:50:00 08037 1 0
20101210036 12:00:00 62726 0 0
20101210037 12:10:00 83382 1 0
20101210038 12:20:00 48157 0 0
20101210039 12:30:00 26295 1 0
20101210040 12:40:00 78239 0 0
20101210041 12:50:00 18454 0 1
20101210042 13:00:00 91775 0 1
20101210043 13:10:00 49463 1 0
20101210044 13:20:00 42098 0 0
20101210045 13:30:00 46347 0 0
20101210046 13:40:00 16074 0 0
20101210047 13:50:00 66260 1 0
20101210048 14:00:00 08815 1 0
20101210049 14:10:00 45967 0 0
20101210050 14:20:00 23219 1 0
20101210051 14:30:00 62408 0 0
20101210052 14:40:00 77281 1 0
20101210053 14:50:00 08431 0 0
20101210054 15:00:00 55500 1 1
20101210055 15:10:00 32608 0 0
20101210056 15:20:00 26458 0 0
20101210057 15:30:00 63438 0 0
20101210058 15:40:00 47736 1 0
20101210059 15:50:00 60613 1 0
20101210060 16:00:00 93494 0 1
20101210061 16:10:00 44129 1 0
20101210062 16:20:00 63198 0 0
20101210063 16:30:00 54673 0 0
20101210064 16:40:00 24628 0 0
20101210065 16:50:00 15085 0 0
20101210066 17:00:00 72839 0 0
20101210067 17:10:00 01478 0 0
20101210068 17:20:00 58659 0 0
20101210069 17:30:00 46174 0 0
20101210070 17:40:00 43453 1 0
20101210071 17:50:00 91712 0 0
20101210072 18:00:00 30251 0 0
20101210073 18:10:00 43518 0 0
20101210074 18:20:00 83843 1 0
20101210075 18:30:00 76708 1 0
20101210076 18:40:00 54240 0 0
20101210077 18:50:00 75784 1 0
20101210078 19:00:00 42321 0 0
20101210079 19:10:00 67555 0 1
20101210080 19:20:00 14175 1 0
20101210081 19:30:00 50741 0 0
20101210082 19:40:00 04731 0 0
20101210083 19:50:00 91375 0 0
20101210084 20:00:00 72770 1 1
20101210085 20:10:00 37885 0 1
20101210086 20:20:00 77738 1 0
20101210087 20:30:00 74896 0 0
20101210088 20:40:00 44470 1 0
20101210089 20:50:00 08623 0 0
20101210090 21:00:00 59898 0 1
20101210091 21:10:00 84364 0 0
20101210092 21:20:00 98453 0 0
20101210093 21:30:00 23826 0 0
20101210094 21:40:00 78835 1 0
20101210095 21:50:00 72032 0 0
20101210096 22:00:00 32268 1 0
20101210097 22:05:00 79668 0 1
20101210098 22:10:00 58697 0 0
20101210099 22:15:00 36221 0 1
20101210100 22:20:00 50196 0 0
20101210101 22:25:00 41872 0 0
20101210102 22:30:00 37025 0 0
20101210103 22:35:00 60399 0 1
20101210104 22:40:00 76249 0 0
20101210105 22:45:00 24149 0 0
20101210106 22:50:00 59352 0 0
20101210107 22:55:00 79938 1 0
20101210108 23:00:00 48165 0 0
20101210109 23:05:00 24941 0 0
20101210110 23:10:00 94623 0 0
20101210111 23:15:00 81895 1 0
20101210112 23:20:00 40200 0 1
20101210113 23:25:00 99690 1 0
20101210114 23:30:00 12601 0 0
20101210115 23:35:00 56386 0 0
20101210116 23:40:00 75282 0 1
20101210117 23:45:00 54311 0 1
20101210118 23:50:00 34999 0 1
20101210119 23:55:00 75926 0 0
20101210120 00:00:00 17156 1 0
