20110515001 00:05:00 15201 0 0
20110515002 00:10:00 68461 0 0
20110515003 00:15:00 76838 0 1
20110515004 00:20:00 61958 0 0
20110515005 00:25:00 66376 1 0
20110515006 00:30:00 04582 0 0
20110515007 00:35:00 20483 0 0
20110515008 00:40:00 81148 1 0
20110515009 00:45:00 82854 1 0
20110515010 00:50:00 78910 0 0
20110515011 00:55:00 38106 0 0
20110515012 01:00:00 44600 1 1
20110515013 01:05:00 44699 1 1
20110515014 01:10:00 89849 1 0
20110515015 01:15:00 25939 0 1
20110515016 01:20:00 29626 0 1
20110515017 01:25:00 31021 0 0
20110515018 01:30:00 03289 0 0
20110515019 01:35:00 02394 0 0
20110515020 01:40:00 99665 1 1
20110515021 01:45:00 05518 1 0
20110515022 01:50:00 42227 1 1
20110515023 01:55:00 70694 0 0
20110515024 10:00:00 57276 0 0
20110515025 10:10:00 73038 0 0
20110515026 10:20:00 24423 1 0
20110515027 10:30:00 81501 0 0
20110515028 10:40:00 16896 0 0
20110515029 10:50:00 21922 0 1
20110515030 11:00:00 99503 1 0
20110515031 11:10:00 61309 0 0
20110515032 11:20:00 84926 0 0
20110515033 11:30:00 04909 0 1
20110515034 11:40:00 80630 0 0
20110515035 11:50:00 50783 0 0
20110515036 12:00:00 79088 0 1
20110515037 12:10:00 22685 1 0
20110515038 12:20:00 47433 1 1
20110515039 12:30:00 99119 1 1
20110515040 12:40:00 34155 0 1
20110515041 12:50:00 35482 0 0
20110515042 13:00:00 64274 0 0
20110515043 13:10:00 19091 0 0
20110515044 13:20:00 21411 0 1
20110515045 13:30:00 48274 0 0
20110515046 13:40:00 90901 1 0
20110515047 13:50:00 51950 0 0
20110515048 14:00:00 11045 1 0
20110515049 14:10:00 23423 0 0
20110515050 14:20:00 34314 1 0
20110515051 14:30:00 00412 1 0
20110515052 14:40:00 26186 0 0
20110515053 14:50:00 89894 1 0
20110515054 15:00:00 27145 0 0
20110515055 15:10:00 91713 0 0
20110515056 15:20:00 59790 0 0
20110515057 15:30:00 86581 0 0
20110515058 15:40:00 20433 0 1
20110515059 15:50:00 32762 0 0
20110515060 16:00:00 31769 0 0
20110515061 16:10:00 33046 1 0
20110515062 16:20:00 45245 0 0
20110515063 16:30:00 35017 0 0
20110515064 16:40:00 61366 0 1
20110515065 16:50:00 91247 0 0
20110515066 17:00:00 69682 1 0
20110515067 17:10:00 53231 0 0
20110515068 17:20:00 24553 0 1
20110515069 17:30:00 03497 0 0
20110515070 17:40:00 05612 0 0
20110515071 17:50:00 98932 1 0
20110515072 18:00:00 47071 0 0
20110515073 18:10:00 42656 0 1
20110515074 18:20:00 50430 0 0
20110515075 18:30:00 87103 0 0
20110515076 18:40:00 74030 0 1
20110515077 18:50:00 50051 1 0
20110515078 19:00:00 18206 0 0
20110515079 19:10:00 94483 1 0
20110515080 19:20:00 54407 1 0
20110515081 19:30:00 93273 0 0
20110515082 19:40:00 50976 0 0
20110515083 19:50:00 30637 0 0
20110515084 20:00:00 16462 0 0
20110515085 20:10:00 03304 1 0
20110515086 20:20:00 66530 1 0
20110515087 20:30:00 76720 1 0
20110515088 20:40:00 55835 1 0
20110515089 20:50:00 83580 0 0
20110515090 21:00:00 38350 1 0
20110515091 21:10:00 95086 0 0
20110515092 21:20:00 48194 0 0
20110515093 21:30:00 41673 0 0
20110515094 21:40:00 64250 0 0
20110515095 21:50:00 01985 0 0
20110515096 22:00:00 28141 0 1
20110515097 22:05:00 09687 0 0
20110515098 22:10:00 82418 0 0
20110515099 22:15:00 14093 0 0
20110515100 22:20:00 16506 0 0
20110515101 22:25:00 41301 0 0
20110515102 22:30:00 46533 0 1
20110515103 22:35:00 07367 0 0
20110515104 22:40:00 85018 0 0
20110515105 22:45:00 28816 1 0
20110515106 22:50:00 36757 0 1
20110515107 22:55:00 12073 0 0
20110515108 23:00:00 55059 1 0
20110515109 23:05:00 12485 0 0
20110515110 23:10:00 56864 0 0
20110515111 23:15:00 02157 0 0
20110515112 23:20:00 00371 1 0
20110515113 23:25:00 33065 1 0
20110515114 23:30:00 74136 0 0
20110515115 23:35:00 32229 1 1
20110515116 23:40:00 65434 0 1
20110515117 23:45:00 95476 0 0
20110515118 23:50:00 80454 0 1
20110515119 23:55:00 55236 1 0
20110515120 00:00:00 48115 0 1
