20111026001 00:05:00 62387 0 0
20111026002 00:10:00 49275 0 0
20111026003 00:15:00 77035 1 0
20111026004 00:20:00 53492 0 0
20111026005 00:25:00 30885 0 1
20111026006 00:30:00 48686 0 1
20111026007 00:35:00 89550 0 1
20111026008 00:40:00 70258 0 0
20111026009 00:45:00 56106 0 0
20111026010 00:50:00 26217 1 0
20111026011 00:55:00 89779 0 1
20111026012 01:00:00 42083 0 0
20111026013 01:05:00 41793 0 0
20111026014 01:10:00 09104 0 0
20111026015 01:15:00 95073 0 0
20111026016 01:20:00 38551 0 1
20111026017 01:25:00 69804 0 0
20111026018 01:30:00 01361 0 0
20111026019 01:35:00 64780 0 0
20111026020 01:40:00 76546 0 0
20111026021 01:45:00 94541 0 0
20111026022 01:50:00 31117 1 1
20111026023 01:55:00 72343 0 1
20111026024 10:00:00 48998 0 1
20111026025 10:10:00 96037 0 0
20111026026 10:20:00 22390 1 0
20111026027 10:30:00 93536 0 0
20111026028 10:40:00 98603 0 0
20111026029 10:50:00 64906 0 0
20111026030 11:00:00 75822 0 1
20111026031 11:10:00 23377 1 1
20111026032 11:20:00 19492 0 0
20111026033 11:30:00 40254 0 0
20111026034 11:40:00 46629 1 0
20111026035 11:50:00 20458 0 0
20111026036 12:00:00 57610 0 0
20111026037 12:10:00 19267 0 0
20111026038 12:20:00 72928 0 0
20111026039 12:30:00 75889 0 1
20111026040 12:40:00 22670 1 0
20111026041 12:50:00 07548 0 0
20111026042 13:00:00 65671 1 0
20111026043 13:10:00 32949 0 1
20111026044 13:20:00 15974 0 0
20111026045 13:30:00 25169 0 0
20111026046 13:40:00 88581 1 0
20111026047 13:50:00 31986 0 0
20111026048 14:00:00 96358 0 0
20111026049 14:10:00 10515 0 1
20111026050 14:20:00 41535 0 1
20111026051 14:30:00 34834 0 0
20111026052 14:40:00 49384 0 0
20111026053 14:50:00 77628 1 0
20111026054 15:00:00 71367 0 0
20111026055 15:10:00 24417 1 0
20111026056 15:20:00 21812 0 0
20111026057 15:30:00 57374 0 0
20111026058 15:40:00 57809 0 0
20111026059 15:50:00 64077 0 1
20111026060 16:00:00 35469 0 0
20111026061 16:10:00 97949 1 1
20111026062 16:20:00 50171 0 1
20111026063 16:30:00 88802 1 0
20111026064 16:40:00 62802 0 0
20111026065 16:50:00 60014 1 0
20111026066 17:00:00 53307 1 0
20111026067 17:10:00 20212 1 1
20111026068 17:20:00 98833 1 1
20111026069 17:30:00 02432 0 0
20111026070 17:40:00 78598 0 0
20111026071 17:50:00 23782 0 0
20111026072 18:00:00 46216 0 0
20111026073 18:10:00 24065 0 0
20111026074 18:20:00 74046 0 0
20111026075 18:30:00 91573 0 0
20111026076 18:40:00 24885 0 1
20111026077 18:50:00 64452 1 0
20111026078 19:00:00 25759 0 0
20111026079 19:10:00 38781 0 0
20111026080 19:20:00 66013 1 0
20111026081 19:30:00 43456 1 0
20111026082 19:40:00 62557 0 1
20111026083 19:50:00 02069 1 0
20111026084 20:00:00 25535 1 1
20111026085 20:10:00 57010 0 1
20111026086 20:20:00 28811 1 1
20111026087 20:30:00 79094 0 0
20111026088 20:40:00 60156 0 0
20111026089 20:50:00 13092 0 0
20111026090 21:00:00 04385 0 0
20111026091 21:10:00 83814 1 0
20111026092 21:20:00 39956 1 0
20111026093 21:30:00 60253 0 0
20111026094 21:40:00 13286 0 0
20111026095 21:50:00 36784 0 0
20111026096 22:00:00 02056 1 0
20111026097 22:05:00 66853 1 0
20111026098 22:10:00 26504 0 0
20111026099 22:15:00 46503 0 0
20111026100 22:20:00 07258 0 0
20111026101 22:25:00 39780 0 0
20111026102 22:30:00 18540 0 0
20111026103 22:35:00 32808 0 1
20111026104 22:40:00 40986 0 0
20111026105 22:45:00 37835 0 0
20111026106 22:50:00 64665 1 1
20111026107 22:55:00 75699 0 1
20111026108 23:00:00 88708 1 0
20111026109 23:05:00 83348 1 0
20111026110 23:10:00 09360 0 0
20111026111 23:15:00 60323 0 1
20111026112 23:20:00 91207 0 0
20111026113 23:25:00 04769 0 0
20111026114 23:30:00 42030 0 1
20111026115 23:35:00 01962 0 0
20111026116 23:40:00 48820 1 0
20111026117 23:45:00 45569 1 0
20111026118 23:50:00 24331 0 1
20111026119 23:55:00 70808 0 1
20111026120 00:00:00 13992 0 1
