20111120001 00:05:00 86552 0 1
20111120002 00:10:00 13874 0 0
20111120003 00:15:00 31770 0 1
20111120004 00:20:00 35644 0 1
20111120005 00:25:00 13341 1 0
20111120006 00:30:00 35387 1 0
20111120007 00:35:00 22145 1 0
20111120008 00:40:00 08893 1 0
20111120009 00:45:00 51465 0 0
20111120010 00:50:00 07515 0 1
20111120011 00:55:00 44494 1 1
20111120012 01:00:00 99016 1 0
20111120013 01:05:00 63629 1 0
20111120014 01:10:00 44572 1 0
20111120015 01:15:00 64887 0 1
20111120016 01:20:00 44974 1 0
20111120017 01:25:00 24102 0 0
20111120018 01:30:00 05875 0 0
20111120019 01:35:00 53924 0 0
20111120020 01:40:00 41200 0 1
20111120021 01:45:00 47907 0 0
20111120022 01:50:00 77247 1 0
20111120023 01:55:00 43232 0 1
20111120024 10:00:00 27121 0 1
20111120025 10:10:00 66177 1 1
20111120026 10:20:00 98266 0 1
20111120027 10:30:00 56274 0 0
20111120028 10:40:00 41224 0 1
20111120029 10:50:00 92737 0 1
20111120030 11:00:00 54325 0 0
20111120031 11:10:00 57052 0 0
20111120032 11:20:00 89906 1 0
20111120033 11:30:00 34528 0 0
20111120034 11:40:00 87457 0 0
20111120035 11:50:00 32942 0 0
20111120036 12:00:00 61326 0 0
20111120037 12:10:00 68907 0 0
20111120038 12:20:00 51507 1 0
20111120039 12:30:00 55557 1 1
20111120040 12:40:00 56432 0 0
20111120041 12:50:00 26625 1 0
20111120042 13:00:00 11913 1 0
20111120043 13:10:00 11046 1 0
20111120044 13:20:00 14772 0 1
20111120045 13:30:00 84749 0 0
20111120046 13:40:00 16913 0 0
20111120047 13:50:00 90881 0 1
20111120048 14:00:00 94575 0 1
20111120049 14:10:00 68758 0 0
20111120050 14:20:00 64795 0 0
20111120051 14:30:00 55713 1 0
20111120052 14:40:00 72762 1 0
20111120053 14:50:00 68350 0 0
20111120054 15:00:00 49182 0 0
20111120055 15:10:00 79991 1 1
20111120056 15:20:00 50197 0 0
20111120057 15:30:00 10090 1 1
20111120058 15:40:00 91672 0 0
20111120059 15:50:00 16094 0 0
20111120060 16:00:00 86312 0 0
20111120061 16:10:00 90521 0 0
20111120062 16:20:00 51211 0 1
20111120063 16:30:00 96931 1 0
20111120064 16:40:00 74668 0 1
20111120065 16:50:00 97930 1 0
20111120066 17:00:00 95350 0 0
20111120067 17:10:00 17367 0 0
20111120068 17:20:00 87357 0 0
20111120069 17:30:00 75139 0 0
20111120070 17:40:00 69468 0 0
20111120071 17:50:00 98954 1 0
20111120072 18:00:00 49352 0 0
20111120073 18:10:00 23715 0 0
20111120074 18:20:00 01749 0 0
20111120075 18:30:00 39467 0 0
20111120076 18:40:00 93196 0 0
20111120077 18:50:00 85541 1 0
20111120078 19:00:00 90925 1 0
20111120079 19:10:00 22211 1 1
20111120080 19:20:00 44263 1 0
20111120081 19:30:00 38323 1 1
20111120082 19:40:00 76617 1 0
20111120083 19:50:00 10753 0 0
20111120084 20:00:00 70451 0 0
20111120085 20:10:00 76682 1 0
20111120086 20:20:00 43794 0 0
20111120087 20:30:00 53126 0 0
20111120088 20:40:00 02932 0 0
20111120089 20:50:00 60095 1 0
20111120090 21:00:00 50497 0 0
20111120091 21:10:00 52517 1 0
20111120092 21:20:00 18412 0 0
20111120093 21:30:00 69659 1 0
20111120094 21:40:00 04447 1 1
20111120095 21:50:00 72085 0 0
20111120096 22:00:00 22423 1 0
20111120097 22:05:00 62513 0 0
20111120098 22:10:00 21501 0 0
20111120099 22:15:00 66630 1 0
20111120100 22:20:00 60960 0 0
20111120101 22:25:00 32475 0 0
20111120102 22:30:00 00233 1 1
20111120103 22:35:00 30959 0 1
20111120104 22:40:00 75676 0 1
20111120105 22:45:00 41987 0 0
20111120106 22:50:00 39640 0 0
20111120107 22:55:00 80298 0 0
20111120108 23:00:00 89255 0 1
20111120109 23:05:00 47401 1 0
20111120110 23:10:00 81189 1 0
20111120111 23:15:00 27260 1 0
20111120112 23:20:00 46239 0 0
20111120113 23:25:00 27974 0 0
20111120114 23:30:00 00731 1 0
20111120115 23:35:00 34989 0 1
20111120116 23:40:00 97275 0 0
20111120117 23:45:00 51868 0 1
20111120118 23:50:00 60450 0 0
20111120119 23:55:00 73216 0 0
20111120120 00:00:00 66898 1 1
