20110903001 00:05:00 85713 0 0
20110903002 00:10:00 75474 0 1
20110903003 00:15:00 38337 1 1
20110903004 00:20:00 90022 1 1
20110903005 00:25:00 26770 0 1
20110903006 00:30:00 71416 0 0
20110903007 00:35:00 45094 0 0
20110903008 00:40:00 28355 0 1
20110903009 00:45:00 17273 0 0
20110903010 00:50:00 43311 1 1
20110903011 00:55:00 17565 0 1
20110903012 01:00:00 42951 0 0
20110903013 01:05:00 12457 0 0
20110903014 01:10:00 31002 0 1
20110903015 01:15:00 99500 1 1
20110903016 01:20:00 58497 0 0
20110903017 01:25:00 36910 0 0
20110903018 01:30:00 20415 0 0
20110903019 01:35:00 78080 0 1
20110903020 01:40:00 79842 0 0
20110903021 01:45:00 87370 0 0
20110903022 01:50:00 48646 0 1
20110903023 01:55:00 94229 0 1
20110903024 10:00:00 21938 0 0
20110903025 10:10:00 51898 0 1
20110903026 10:20:00 56961 0 0
20110903027 10:30:00 44159 1 0
20110903028 10:40:00 06980 0 0
20110903029 10:50:00 19822 0 1
20110903030 11:00:00 63081 0 0
20110903031 11:10:00 05202 0 1
20110903032 11:20:00 85128 0 0
20110903033 11:30:00 03369 1 0
20110903034 11:40:00 56623 1 0
20110903035 11:50:00 14581 0 0
20110903036 12:00:00 92868 0 1
20110903037 12:10:00 19347 0 0
20110903038 12:20:00 01949 0 1
20110903039 12:30:00 55250 1 0
20110903040 12:40:00 74367 0 0
20110903041 12:50:00 38665 0 1
20110903042 13:00:00 28900 0 1
20110903043 13:10:00 29672 0 0
20110903044 13:20:00 78986 0 0
20110903045 13:30:00 55503 1 0
20110903046 13:40:00 23633 0 1
20110903047 13:50:00 52049 0 0
20110903048 14:00:00 13650 0 0
20110903049 14:10:00 94245 0 0
20110903050 14:20:00 98584 0 0
20110903051 14:30:00 84002 0 1
20110903052 14:40:00 80410 0 0
20110903053 14:50:00 70334 0 1
20110903054 15:00:00 58950 0 0
20110903055 15:10:00 30700 0 1
20110903056 15:20:00 45982 0 0
20110903057 15:30:00 43725 0 0
20110903058 15:40:00 66850 1 0
20110903059 15:50:00 89962 1 0
20110903060 16:00:00 13635 0 0
20110903061 16:10:00 04553 0 1
20110903062 16:20:00 55868 1 1
20110903063 16:30:00 30584 0 0
20110903064 16:40:00 07594 0 0
20110903065 16:50:00 26976 0 0
20110903066 17:00:00 47762 1 0
20110903067 17:10:00 73774 1 1
20110903068 17:20:00 77482 1 0
20110903069 17:30:00 32156 0 0
20110903070 17:40:00 84659 0 0
20110903071 17:50:00 47394 0 0
20110903072 18:00:00 16672 1 0
20110903073 18:10:00 02537 0 0
20110903074 18:20:00 78956 0 0
20110903075 18:30:00 05111 0 1
20110903076 18:40:00 33019 1 0
20110903077 18:50:00 08997 0 1
20110903078 19:00:00 66870 1 0
20110903079 19:10:00 10708 0 0
20110903080 19:20:00 82963 0 0
20110903081 19:30:00 55407 1 0
20110903082 19:40:00 62363 0 1
20110903083 19:50:00 24028 0 0
20110903084 20:00:00 66059 1 0
20110903085 20:10:00 44739 1 0
20110903086 20:20:00 09544 0 1
20110903087 20:30:00 34086 0 0
20110903088 20:40:00 82783 0 0
20110903089 20:50:00 52041 0 0
20110903090 21:00:00 80015 1 0
20110903091 21:10:00 50904 0 0
20110903092 21:20:00 62042 0 0
20110903093 21:30:00 81225 0 1
20110903094 21:40:00 71734 1 0
20110903095 21:50:00 91600 0 1
20110903096 22:00:00 52810 0 0
20110903097 22:05:00 53549 1 0
20110903098 22:10:00 87854 1 0
20110903099 22:15:00 35935 0 0
20110903100 22:20:00 09970 1 0
20110903101 22:25:00 16712 0 0
20110903102 22:30:00 28673 0 0
20110903103 22:35:00 15728 0 0
20110903104 22:40:00 58454 0 1
20110903105 22:45:00 79581 0 0
20110903106 22:50:00 49634 0 0
20110903107 22:55:00 24784 0 0
20110903108 23:00:00 77511 1 1
20110903109 23:05:00 82513 0 0
20110903110 23:10:00 65164 0 0
20110903111 23:15:00 55008 1 1
20110903112 23:20:00 29312 0 0
20110903113 23:25:00 42576 0 0
20110903114 23:30:00 71592 0 0
20110903115 23:35:00 69526 0 0
20110903116 23:40:00 52916 0 0
20110903117 23:45:00 54069 0 0
20110903118 23:50:00 88139 1 0
20110903119 23:55:00 15593 1 0
20110903120 00:00:00 78502 0 0
