20110824001 00:05:00 64878 0 1
20110824002 00:10:00 14536 0 0
20110824003 00:15:00 20000 1 1
20110824004 00:20:00 22516 1 0
20110824005 00:25:00 35160 0 0
20110824006 00:30:00 82392 0 0
20110824007 00:35:00 87370 0 0
20110824008 00:40:00 67343 0 1
20110824009 00:45:00 00092 1 0
20110824010 00:50:00 55780 1 0
20110824011 00:55:00 39998 1 1
20110824012 01:00:00 09018 1 0
20110824013 01:05:00 08563 0 0
20110824014 01:10:00 40014 1 0
20110824015 01:15:00 32085 0 0
20110824016 01:20:00 01962 0 0
20110824017 01:25:00 52223 1 1
20110824018 01:30:00 43713 0 0
20110824019 01:35:00 45544 1 1
20110824020 01:40:00 76308 0 0
20110824021 01:45:00 11970 1 0
20110824022 01:50:00 25227 1 1
20110824023 01:55:00 82592 0 0
20110824024 10:00:00 96201 0 0
20110824025 10:10:00 13759 0 0
20110824026 10:20:00 27998 0 1
20110824027 10:30:00 11374 1 0
20110824028 10:40:00 73375 1 0
20110824029 10:50:00 90246 0 0
20110824030 11:00:00 27793 1 0
20110824031 11:10:00 00744 1 1
20110824032 11:20:00 69662 1 1
20110824033 11:30:00 20415 0 0
20110824034 11:40:00 50434 0 1
20110824035 11:50:00 92238 1 0
20110824036 12:00:00 50362 0 0
20110824037 12:10:00 33940 1 0
20110824038 12:20:00 99122 1 1
20110824039 12:30:00 70591 0 0
20110824040 12:40:00 01333 0 1
20110824041 12:50:00 28939 0 1
20110824042 13:00:00 72266 1 1
20110824043 13:10:00 43935 0 0
20110824044 13:20:00 64299 0 1
20110824045 13:30:00 85904 0 0
20110824046 13:40:00 18865 1 0
20110824047 13:50:00 57838 0 1
20110824048 14:00:00 63624 1 0
20110824049 14:10:00 48819 1 0
20110824050 14:20:00 81687 0 0
20110824051 14:30:00 46767 0 1
20110824052 14:40:00 35915 0 0
20110824053 14:50:00 82346 0 0
20110824054 15:00:00 86198 0 0
20110824055 15:10:00 90109 0 0
20110824056 15:20:00 12455 0 1
20110824057 15:30:00 14517 0 0
20110824058 15:40:00 04237 0 0
20110824059 15:50:00 87400 0 1
20110824060 16:00:00 74595 0 1
20110824061 16:10:00 29307 0 0
20110824062 16:20:00 28527 0 0
20110824063 16:30:00 94439 1 0
20110824064 16:40:00 92756 0 0
20110824065 16:50:00 47915 0 0
20110824066 17:00:00 02754 0 0
20110824067 17:10:00 42175 0 0
20110824068 17:20:00 64684 1 0
20110824069 17:30:00 36335 1 1
20110824070 17:40:00 84715 0 0
20110824071 17:50:00 29199 0 1
20110824072 18:00:00 35935 0 0
20110824073 18:10:00 72258 1 0
20110824074 18:20:00 32260 1 0
20110824075 18:30:00 36249 0 0
20110824076 18:40:00 31554 0 1
20110824077 18:50:00 93969 1 1
20110824078 19:00:00 45417 1 0
20110824079 19:10:00 98941 1 0
20110824080 19:20:00 47533 0 1
20110824081 19:30:00 40217 0 0
20110824082 19:40:00 58593 1 0
20110824083 19:50:00 67528 0 0
20110824084 20:00:00 07177 0 1
20110824085 20:10:00 30427 0 0
20110824086 20:20:00 60592 0 0
20110824087 20:30:00 32908 0 0
20110824088 20:40:00 86074 0 0
20110824089 20:50:00 90644 0 1
20110824090 21:00:00 68461 0 0
20110824091 21:10:00 63998 0 1
20110824092 21:20:00 43019 0 0
20110824093 21:30:00 89253 0 0
20110824094 21:40:00 02179 0 0
20110824095 21:50:00 63916 0 0
20110824096 22:00:00 11174 1 0
20110824097 22:05:00 16959 0 1
20110824098 22:10:00 92349 0 0
20110824099 22:15:00 46853 0 0
20110824100 22:20:00 94969 1 1
20110824101 22:25:00 81270 0 0
20110824102 22:30:00 39836 0 0
20110824103 22:35:00 53429 0 0
20110824104 22:40:00 44338 1 1
20110824105 22:45:00 31957 0 0
20110824106 22:50:00 97803 0 0
20110824107 22:55:00 26724 0 0
20110824108 23:00:00 01921 0 0
20110824109 23:05:00 07140 0 0
20110824110 23:10:00 88916 1 0
20110824111 23:15:00 22137 1 0
20110824112 23:20:00 51844 0 1
20110824113 23:25:00 08091 1 0
20110824114 23:30:00 31927 0 0
20110824115 23:35:00 25424 0 1
20110824116 23:40:00 71288 0 1
20110824117 23:45:00 96342 0 0
20110824118 23:50:00 34443 1 1
20110824119 23:55:00 01085 1 0
20110824120 00:00:00 89554 0 1
