20111002001 00:05:00 86462 0 0
20111002002 00:10:00 99948 1 0
20111002003 00:15:00 08646 0 1
20111002004 00:20:00 51119 1 1
20111002005 00:25:00 03582 0 0
20111002006 00:30:00 20309 0 0
20111002007 00:35:00 77052 1 0
20111002008 00:40:00 28849 1 0
20111002009 00:45:00 30274 0 0
20111002010 00:50:00 65412 0 0
20111002011 00:55:00 75207 0 0
20111002012 01:00:00 95103 0 0
20111002013 01:05:00 49613 0 0
20111002014 01:10:00 42553 0 1
20111002015 01:15:00 39046 0 0
20111002016 01:20:00 29288 1 1
20111002017 01:25:00 38601 0 0
20111002018 01:30:00 25033 0 1
20111002019 01:35:00 96877 0 1
20111002020 01:40:00 48734 0 0
20111002021 01:45:00 61294 0 0
20111002022 01:50:00 70098 1 0
20111002023 01:55:00 70139 0 0
20111002024 10:00:00 66969 1 1
20111002025 10:10:00 79032 0 0
20111002026 10:20:00 95824 0 0
20111002027 10:30:00 98989 1 1
20111002028 10:40:00 02585 0 1
20111002029 10:50:00 88407 1 0
20111002030 11:00:00 84281 0 0
20111002031 11:10:00 05620 0 0
20111002032 11:20:00 82126 0 0
20111002033 11:30:00 92131 0 1
20111002034 11:40:00 21508 0 0
20111002035 11:50:00 49248 0 0
20111002036 12:00:00 94475 1 0
20111002037 12:10:00 95956 1 0
20111002038 12:20:00 98118 0 1
20111002039 12:30:00 98998 1 1
20111002040 12:40:00 53701 0 0
20111002041 12:50:00 03919 0 1
20111002042 13:00:00 79212 0 1
20111002043 13:10:00 32478 0 0
20111002044 13:20:00 44056 1 0
20111002045 13:30:00 22670 1 0
20111002046 13:40:00 76248 0 0
20111002047 13:50:00 18062 0 0
20111002048 14:00:00 33916 1 0
20111002049 14:10:00 87728 1 0
20111002050 14:20:00 95067 0 0
20111002051 14:30:00 57276 0 0
20111002052 14:40:00 32662 0 1
20111002053 14:50:00 24495 1 0
20111002054 15:00:00 47552 0 1
20111002055 15:10:00 52911 0 1
20111002056 15:20:00 75118 0 1
20111002057 15:30:00 95194 0 0
20111002058 15:40:00 90362 0 0
20111002059 15:50:00 80992 0 1
20111002060 16:00:00 85105 0 0
20111002061 16:10:00 71097 0 0
20111002062 16:20:00 86954 0 0
20111002063 16:30:00 73529 0 0
20111002064 16:40:00 64740 0 0
20111002065 16:50:00 93711 0 1
20111002066 17:00:00 06898 0 1
20111002067 17:10:00 89605 0 0
20111002068 17:20:00 56350 0 0
20111002069 17:30:00 10138 1 0
20111002070 17:40:00 79311 0 1
20111002071 17:50:00 96784 0 0
20111002072 18:00:00 56702 0 0
20111002073 18:10:00 94091 0 0
20111002074 18:20:00 28758 0 0
20111002075 18:30:00 30846 0 0
20111002076 18:40:00 63550 0 1
20111002077 18:50:00 72417 0 0
20111002078 19:00:00 92631 0 0
20111002079 19:10:00 01264 0 0
20111002080 19:20:00 69053 0 0
20111002081 19:30:00 23996 0 1
20111002082 19:40:00 87560 0 0
20111002083 19:50:00 12291 1 0
20111002084 20:00:00 08894 1 0
20111002085 20:10:00 60241 0 0
20111002086 20:20:00 10245 0 0
20111002087 20:30:00 59289 0 0
20111002088 20:40:00 56145 0 0
20111002089 20:50:00 23576 0 0
20111002090 21:00:00 12921 0 0
20111002091 21:10:00 40518 0 0
20111002092 21:20:00 73580 0 0
20111002093 21:30:00 38262 0 1
20111002094 21:40:00 33251 1 0
20111002095 21:50:00 80421 0 0
20111002096 22:00:00 82414 0 1
20111002097 22:05:00 74747 1 1
20111002098 22:10:00 38074 0 0
20111002099 22:15:00 43448 1 1
20111002100 22:20:00 88534 1 0
20111002101 22:25:00 34893 0 0
20111002102 22:30:00 44117 1 1
20111002103 22:35:00 60653 1 0
20111002104 22:40:00 84007 0 1
20111002105 22:45:00 94887 0 1
20111002106 22:50:00 23199 0 1
20111002107 22:55:00 53792 0 0
20111002108 23:00:00 36528 0 0
20111002109 23:05:00 46618 1 0
20111002110 23:10:00 07390 0 0
20111002111 23:15:00 38422 0 1
20111002112 23:20:00 60642 1 0
20111002113 23:25:00 35270 0 0
20111002114 23:30:00 26469 0 0
20111002115 23:35:00 80941 0 0
20111002116 23:40:00 80266 0 1
20111002117 23:45:00 72887 0 1
20111002118 23:50:00 65900 0 1
20111002119 23:55:00 01853 0 0
20111002120 00:00:00 86376 0 0
