20110104001 00:05:00 36576 0 0
20110104002 00:10:00 55056 1 0
20110104003 00:15:00 96295 0 0
20110104004 00:20:00 40152 0 0
20110104005 00:25:00 92487 0 0
20110104006 00:30:00 00531 1 0
20110104007 00:35:00 72015 0 0
20110104008 00:40:00 64038 0 0
20110104009 00:45:00 71588 0 1
20110104010 00:50:00 34242 0 1
20110104011 00:55:00 66776 1 1
20110104012 01:00:00 51484 0 1
20110104013 01:05:00 58345 0 0
20110104014 01:10:00 68213 0 0
20110104015 01:15:00 43779 0 1
20110104016 01:20:00 27351 0 0
20110104017 01:25:00 73198 0 0
20110104018 01:30:00 04509 0 0
20110104019 01:35:00 24978 0 0
20110104020 01:40:00 11296 1 0
20110104021 01:45:00 65968 0 0
20110104022 01:50:00 44533 1 1
20110104023 01:55:00 55491 1 0
20110104024 10:00:00 09005 1 1
20110104025 10:10:00 81679 0 0
20110104026 10:20:00 32261 1 0
20110104027 10:30:00 39617 0 0
20110104028 10:40:00 11860 1 0
20110104029 10:50:00 75380 0 0
20110104030 11:00:00 45303 0 1
20110104031 11:10:00 98682 0 0
20110104032 11:20:00 26208 1 0
20110104033 11:30:00 31663 0 1
20110104034 11:40:00 26106 0 0
20110104035 11:50:00 19519 0 0
20110104036 12:00:00 86869 1 0
20110104037 12:10:00 55669 1 1
20110104038 12:20:00 99912 1 0
20110104039 12:30:00 56287 0 0
20110104040 12:40:00 05373 0 1
20110104041 12:50:00 39775 0 1
20110104042 13:00:00 30325 1 0
20110104043 13:10:00 10394 0 0
20110104044 13:20:00 51753 0 0
20110104045 13:30:00 42144 0 1
20110104046 13:40:00 80005 1 1
20110104047 13:50:00 36107 0 0
20110104048 14:00:00 85621 0 0
20110104049 14:10:00 14415 1 0
20110104050 14:20:00 44940 1 0
20110104051 14:30:00 35236 0 0
20110104052 14:40:00 14598 0 0
20110104053 14:50:00 85351 0 0
20110104054 15:00:00 96503 0 0
20110104055 15:10:00 55969 1 1
20110104056 15:20:00 12023 0 0
20110104057 15:30:00 66948 1 0
20110104058 15:40:00 02675 0 0
20110104059 15:50:00 59320 0 0
20110104060 16:00:00 75289 0 0
20110104061 16:10:00 47672 0 0
20110104062 16:20:00 82502 0 0
20110104063 16:30:00 97748 1 0
20110104064 16:40:00 22695 1 0
20110104065 16:50:00 78821 1 0
20110104066 17:00:00 58282 0 1
20110104067 17:10:00 59964 1 0
20110104068 17:20:00 54659 0 0
20110104069 17:30:00 93495 0 0
20110104070 17:40:00 39938 1 0
20110104071 17:50:00 49607 0 0
20110104072 18:00:00 98426 0 0
20110104073 18:10:00 08607 0 0
20110104074 18:20:00 93202 0 1
20110104075 18:30:00 99845 1 0
20110104076 18:40:00 15248 0 0
20110104077 18:50:00 41386 0 0
20110104078 19:00:00 07697 0 0
20110104079 19:10:00 77799 1 1
20110104080 19:20:00 00795 1 0
20110104081 19:30:00 46194 0 0
20110104082 19:40:00 84216 0 0
20110104083 19:50:00 16625 1 0
20110104084 20:00:00 35453 0 0
20110104085 20:10:00 72542 0 0
20110104086 20:20:00 84712 0 0
20110104087 20:30:00 90622 0 1
20110104088 20:40:00 37444 0 1
20110104089 20:50:00 32338 1 1
20110104090 21:00:00 31063 0 0
20110104091 21:10:00 07638 0 0
20110104092 21:20:00 21929 0 1
20110104093 21:30:00 52251 1 0
20110104094 21:40:00 68893 1 0
20110104095 21:50:00 21897 0 0
20110104096 22:00:00 01303 0 1
20110104097 22:05:00 40940 0 0
20110104098 22:10:00 53808 0 1
20110104099 22:15:00 16538 0 0
20110104100 22:20:00 12436 0 0
20110104101 22:25:00 59410 0 0
20110104102 22:30:00 92008 0 1
20110104103 22:35:00 55862 1 0
20110104104 22:40:00 59983 1 0
20110104105 22:45:00 00278 1 0
20110104106 22:50:00 90179 0 0
20110104107 22:55:00 59175 0 0
20110104108 23:00:00 33912 1 0
20110104109 23:05:00 51056 0 0
20110104110 23:10:00 56791 0 0
20110104111 23:15:00 26196 0 0
20110104112 23:20:00 98815 1 0
20110104113 23:25:00 16611 1 1
20110104114 23:30:00 91512 0 0
20110104115 23:35:00 61096 0 0
20110104116 23:40:00 43532 0 0
20110104117 23:45:00 93679 0 0
20110104118 23:50:00 58943 0 0
20110104119 23:55:00 01187 1 0
20110104120 00:00:00 64269 0 0
