20110413001 00:05:00 15971 0 0
20110413002 00:10:00 90920 1 0
20110413003 00:15:00 50150 0 0
20110413004 00:20:00 56828 0 1
20110413005 00:25:00 94143 0 0
20110413006 00:30:00 31121 1 1
20110413007 00:35:00 80517 0 0
20110413008 00:40:00 03400 0 1
20110413009 00:45:00 44541 1 0
20110413010 00:50:00 75568 1 0
20110413011 00:55:00 28918 0 0
20110413012 01:00:00 39148 0 0
20110413013 01:05:00 48118 0 1
20110413014 01:10:00 97112 0 1
20110413015 01:15:00 00986 1 0
20110413016 01:20:00 48331 0 1
20110413017 01:25:00 96200 0 1
20110413018 01:30:00 81497 0 0
20110413019 01:35:00 26508 0 0
20110413020 01:40:00 62563 0 0
20110413021 01:45:00 03185 0 0
20110413022 01:50:00 91635 0 0
20110413023 01:55:00 01359 0 0
20110413024 10:00:00 35565 1 1
20110413025 10:10:00 89292 0 1
20110413026 10:20:00 56565 1 1
20110413027 10:30:00 75311 0 1
20110413028 10:40:00 99765 1 0
20110413029 10:50:00 40999 0 1
20110413030 11:00:00 50049 1 0
20110413031 11:10:00 60444 0 1
20110413032 11:20:00 46662 1 1
20110413033 11:30:00 57973 0 0
20110413034 11:40:00 07791 1 0
20110413035 11:50:00 14095 0 0
20110413036 12:00:00 27419 0 0
20110413037 12:10:00 88280 1 0
20110413038 12:20:00 35646 0 1
20110413039 12:30:00 49951 1 0
20110413040 12:40:00 17289 0 0
20110413041 12:50:00 18533 0 1
20110413042 13:00:00 99846 1 0
20110413043 13:10:00 76749 1 0
20110413044 13:20:00 93632 0 0
20110413045 13:30:00 53331 1 1
20110413046 13:40:00 84416 1 0
20110413047 13:50:00 98132 0 0
20110413048 14:00:00 67238 0 0
20110413049 14:10:00 56875 0 0
20110413050 14:20:00 33066 1 1
20110413051 14:30:00 68896 1 0
20110413052 14:40:00 04694 0 0
20110413053 14:50:00 52428 0 0
20110413054 15:00:00 45371 0 0
20110413055 15:10:00 53838 0 1
20110413056 15:20:00 58302 0 0
20110413057 15:30:00 74713 1 0
20110413058 15:40:00 81094 0 0
20110413059 15:50:00 49711 0 1
20110413060 16:00:00 72823 0 0
20110413061 16:10:00 02712 0 0
20110413062 16:20:00 29980 1 0
20110413063 16:30:00 00394 1 0
20110413064 16:40:00 08521 0 0
20110413065 16:50:00 89297 0 0
20110413066 17:00:00 36376 1 0
20110413067 17:10:00 77291 1 0
20110413068 17:20:00 18372 0 0
20110413069 17:30:00 55676 1 1
20110413070 17:40:00 73956 0 0
20110413071 17:50:00 25362 0 0
20110413072 18:00:00 86593 0 0
20110413073 18:10:00 01317 0 0
20110413074 18:20:00 60616 1 1
20110413075 18:30:00 00743 1 0
20110413076 18:40:00 76902 0 0
20110413077 18:50:00 33187 1 0
20110413078 19:00:00 50102 0 0
20110413079 19:10:00 86881 1 1
20110413080 19:20:00 15053 0 0
20110413081 19:30:00 56634 1 0
20110413082 19:40:00 53675 0 0
20110413083 19:50:00 49372 0 0
20110413084 20:00:00 09562 0 0
20110413085 20:10:00 98877 1 1
20110413086 20:20:00 94634 0 0
20110413087 20:30:00 82011 0 1
20110413088 20:40:00 51282 0 1
20110413089 20:50:00 57501 1 0
20110413090 21:00:00 15338 0 1
20110413091 21:10:00 21639 0 0
20110413092 21:20:00 23629 0 0
20110413093 21:30:00 82493 0 0
20110413094 21:40:00 90697 0 0
20110413095 21:50:00 76286 0 0
20110413096 22:00:00 20312 0 0
20110413097 22:05:00 74495 1 0
20110413098 22:10:00 16283 0 0
20110413099 22:15:00 35820 0 0
20110413100 22:20:00 79191 0 1
20110413101 22:25:00 74086 0 0
20110413102 22:30:00 63103 0 0
20110413103 22:35:00 20190 0 0
20110413104 22:40:00 38152 0 0
20110413105 22:45:00 68052 0 0
20110413106 22:50:00 77220 1 1
20110413107 22:55:00 87317 0 0
20110413108 23:00:00 37248 0 0
20110413109 23:05:00 21654 0 0
20110413110 23:10:00 90953 1 0
20110413111 23:15:00 88535 1 1
20110413112 23:20:00 64866 0 1
20110413113 23:25:00 24553 0 1
20110413114 23:30:00 56151 0 1
20110413115 23:35:00 00861 1 0
20110413116 23:40:00 32019 0 0
20110413117 23:45:00 29551 0 1
20110413118 23:50:00 18916 0 0
20110413119 23:55:00 98535 0 1
20110413120 00:00:00 02364 0 0
