20110421001 00:05:00 97869 0 0
20110421002 00:10:00 03189 0 0
20110421003 00:15:00 84487 1 0
20110421004 00:20:00 30978 0 0
20110421005 00:25:00 35941 0 0
20110421006 00:30:00 52425 0 0
20110421007 00:35:00 53752 0 0
20110421008 00:40:00 32864 0 0
20110421009 00:45:00 38410 0 0
20110421010 00:50:00 95467 0 0
20110421011 00:55:00 95949 1 1
20110421012 01:00:00 56438 0 0
20110421013 01:05:00 71762 1 0
20110421014 01:10:00 97810 0 0
20110421015 01:15:00 97794 1 0
20110421016 01:20:00 04361 0 0
20110421017 01:25:00 07051 1 0
20110421018 01:30:00 17572 0 0
20110421019 01:35:00 55512 1 0
20110421020 01:40:00 38616 0 1
20110421021 01:45:00 62802 0 0
20110421022 01:50:00 67186 0 0
20110421023 01:55:00 21605 0 0
20110421024 10:00:00 49047 0 0
20110421025 10:10:00 37415 0 0
20110421026 10:20:00 35353 1 1
20110421027 10:30:00 55623 1 0
20110421028 10:40:00 27977 0 1
20110421029 10:50:00 77389 1 0
20110421030 11:00:00 56463 0 0
20110421031 11:10:00 04391 0 0
20110421032 11:20:00 16468 0 0
20110421033 11:30:00 04210 0 0
20110421034 11:40:00 25807 0 0
20110421035 11:50:00 63293 0 0
20110421036 12:00:00 01950 0 0
20110421037 12:10:00 03364 1 0
20110421038 12:20:00 21819 0 0
20110421039 12:30:00 32678 0 0
20110421040 12:40:00 81419 0 0
20110421041 12:50:00 55803 1 0
20110421042 13:00:00 82256 1 0
20110421043 13:10:00 57723 1 0
20110421044 13:20:00 30371 1 0
20110421045 13:30:00 40339 0 1
20110421046 13:40:00 22925 1 0
20110421047 13:50:00 05868 0 1
20110421048 14:00:00 15405 0 0
20110421049 14:10:00 75743 1 0
20110421050 14:20:00 76759 1 0
20110421051 14:30:00 98658 0 0
20110421052 14:40:00 57013 0 0
20110421053 14:50:00 11265 1 0
20110421054 15:00:00 44665 1 1
20110421055 15:10:00 73850 0 0
20110421056 15:20:00 09286 0 0
20110421057 15:30:00 28449 0 1
20110421058 15:40:00 58292 0 1
20110421059 15:50:00 15766 0 1
20110421060 16:00:00 14872 0 0
20110421061 16:10:00 09885 0 1
20110421062 16:20:00 68932 0 0
20110421063 16:30:00 20280 1 0
20110421064 16:40:00 98500 0 1
20110421065 16:50:00 02406 0 0
20110421066 17:00:00 04104 0 0
20110421067 17:10:00 59416 0 0
20110421068 17:20:00 10153 1 0
20110421069 17:30:00 99016 1 0
20110421070 17:40:00 32054 0 0
20110421071 17:50:00 46187 0 0
20110421072 18:00:00 74969 0 1
20110421073 18:10:00 20082 1 0
20110421074 18:20:00 56278 0 0
20110421075 18:30:00 81357 0 0
20110421076 18:40:00 23001 0 1
20110421077 18:50:00 51296 0 0
20110421078 19:00:00 14777 0 1
20110421079 19:10:00 70618 0 0
20110421080 19:20:00 79853 0 0
20110421081 19:30:00 05098 1 0
20110421082 19:40:00 60601 1 0
20110421083 19:50:00 59553 1 1
20110421084 20:00:00 49844 0 1
20110421085 20:10:00 53595 1 1
20110421086 20:20:00 01117 1 1
20110421087 20:30:00 92099 0 1
20110421088 20:40:00 85853 1 0
20110421089 20:50:00 44153 1 0
20110421090 21:00:00 09625 0 0
20110421091 21:10:00 89773 0 1
20110421092 21:20:00 64783 0 0
20110421093 21:30:00 51022 0 1
20110421094 21:40:00 76948 0 0
20110421095 21:50:00 84946 0 0
20110421096 22:00:00 42815 0 0
20110421097 22:05:00 49906 1 0
20110421098 22:10:00 90380 0 0
20110421099 22:15:00 00052 1 0
20110421100 22:20:00 78749 1 0
20110421101 22:25:00 21470 0 0
20110421102 22:30:00 82659 0 0
20110421103 22:35:00 88601 1 0
20110421104 22:40:00 92580 0 0
20110421105 22:45:00 08917 0 0
20110421106 22:50:00 47106 0 0
20110421107 22:55:00 63180 0 0
20110421108 23:00:00 24758 0 0
20110421109 23:05:00 29609 0 0
20110421110 23:10:00 23528 0 0
20110421111 23:15:00 28373 0 1
20110421112 23:20:00 53681 0 0
20110421113 23:25:00 95125 0 0
20110421114 23:30:00 64585 0 1
20110421115 23:35:00 50303 0 1
20110421116 23:40:00 11413 1 0
20110421117 23:45:00 69841 0 0
20110421118 23:50:00 44975 1 0
20110421119 23:55:00 14315 0 0
20110421120 00:00:00 36231 0 0
