20110308001 00:05:00 40618 0 0
20110308002 00:10:00 65092 0 0
20110308003 00:15:00 69109 0 0
20110308004 00:20:00 88602 1 0
20110308005 00:25:00 90805 0 0
20110308006 00:30:00 61693 1 0
20110308007 00:35:00 18832 1 0
20110308008 00:40:00 31528 0 0
20110308009 00:45:00 76452 0 0
20110308010 00:50:00 30196 0 0
20110308011 00:55:00 27560 0 0
20110308012 01:00:00 92963 1 0
20110308013 01:05:00 34959 0 1
20110308014 01:10:00 95784 0 0
20110308015 01:15:00 10721 0 0
20110308016 01:20:00 58243 0 0
20110308017 01:25:00 95307 0 0
20110308018 01:30:00 12436 0 0
20110308019 01:35:00 65001 0 1
20110308020 01:40:00 23084 0 0
20110308021 01:45:00 85218 0 0
20110308022 01:50:00 36274 0 0
20110308023 01:55:00 27964 0 0
20110308024 10:00:00 67587 0 0
20110308025 10:10:00 15532 1 0
20110308026 10:20:00 58587 1 0
20110308027 10:30:00 64605 1 0
20110308028 10:40:00 43595 0 1
20110308029 10:50:00 79142 0 0
20110308030 11:00:00 41651 0 0
20110308031 11:10:00 29793 0 0
20110308032 11:20:00 63514 0 0
20110308033 11:30:00 52376 0 0
20110308034 11:40:00 98308 0 0
20110308035 11:50:00 17631 0 0
20110308036 12:00:00 83388 1 1
20110308037 12:10:00 18912 0 0
20110308038 12:20:00 44156 1 0
20110308039 12:30:00 78111 0 1
20110308040 12:40:00 56525 1 1
20110308041 12:50:00 78772 1 1
20110308042 13:00:00 06392 0 0
20110308043 13:10:00 20523 0 0
20110308044 13:20:00 51678 0 0
20110308045 13:30:00 77095 1 0
20110308046 13:40:00 05424 0 1
20110308047 13:50:00 53936 0 0
20110308048 14:00:00 45154 0 0
20110308049 14:10:00 43469 1 0
20110308050 14:20:00 28385 0 0
20110308051 14:30:00 22177 1 1
20110308052 14:40:00 08823 1 0
20110308053 14:50:00 47958 0 0
20110308054 15:00:00 13909 0 1
20110308055 15:10:00 84428 1 0
20110308056 15:20:00 19746 0 0
20110308057 15:30:00 37110 0 1
20110308058 15:40:00 83338 1 1
20110308059 15:50:00 95548 1 0
20110308060 16:00:00 46830 0 0
20110308061 16:10:00 83668 0 1
20110308062 16:20:00 87257 0 0
20110308063 16:30:00 15437 0 0
20110308064 16:40:00 86102 0 0
20110308065 16:50:00 67631 1 0
20110308066 17:00:00 97882 0 1
20110308067 17:10:00 79915 1 0
20110308068 17:20:00 89977 1 1
20110308069 17:30:00 21521 0 0
20110308070 17:40:00 31764 0 0
20110308071 17:50:00 05242 0 1
20110308072 18:00:00 20022 1 1
20110308073 18:10:00 56326 0 0
20110308074 18:20:00 82422 0 1
20110308075 18:30:00 95868 0 1
20110308076 18:40:00 31420 0 0
20110308077 18:50:00 13935 0 0
20110308078 19:00:00 99384 1 0
20110308079 19:10:00 43220 0 1
20110308080 19:20:00 61185 1 0
20110308081 19:30:00 94598 0 0
20110308082 19:40:00 34556 0 1
20110308083 19:50:00 42785 0 0
20110308084 20:00:00 82976 0 0
20110308085 20:10:00 46731 0 0
20110308086 20:20:00 69723 0 0
20110308087 20:30:00 89981 1 0
20110308088 20:40:00 53938 0 0
20110308089 20:50:00 95271 0 0
20110308090 21:00:00 46242 0 1
20110308091 21:10:00 66270 1 0
20110308092 21:20:00 30435 0 0
20110308093 21:30:00 92122 0 1
20110308094 21:40:00 09953 1 0
20110308095 21:50:00 41812 0 0
20110308096 22:00:00 90564 0 0
20110308097 22:05:00 52741 0 0
20110308098 22:10:00 21345 0 0
20110308099 22:15:00 86658 1 0
20110308100 22:20:00 97523 0 0
20110308101 22:25:00 17479 0 0
20110308102 22:30:00 28232 1 1
20110308103 22:35:00 76721 1 0
20110308104 22:40:00 00287 1 0
20110308105 22:45:00 00516 1 0
20110308106 22:50:00 34906 0 0
20110308107 22:55:00 59268 0 0
20110308108 23:00:00 09680 0 0
20110308109 23:05:00 03060 1 1
20110308110 23:10:00 13430 0 0
20110308111 23:15:00 87877 1 1
20110308112 23:20:00 29232 1 1
20110308113 23:25:00 88883 1 1
20110308114 23:30:00 99473 1 0
20110308115 23:35:00 31461 0 0
20110308116 23:40:00 41930 0 0
20110308117 23:45:00 40818 0 1
20110308118 23:50:00 04885 0 1
20110308119 23:55:00 04879 0 0
20110308120 00:00:00 29639 0 0
