20110624001 00:05:00 61492 0 0
20110624002 00:10:00 76530 0 0
20110624003 00:15:00 42690 0 0
20110624004 00:20:00 01394 0 0
20110624005 00:25:00 86049 0 0
20110624006 00:30:00 75454 0 1
20110624007 00:35:00 82765 0 0
20110624008 00:40:00 74484 1 1
20110624009 00:45:00 51858 0 1
20110624010 00:50:00 42556 0 1
20110624011 00:55:00 61100 1 1
20110624012 01:00:00 50828 0 1
20110624013 01:05:00 11175 1 0
20110624014 01:10:00 43942 0 0
20110624015 01:15:00 97096 0 0
20110624016 01:20:00 53191 0 1
20110624017 01:25:00 54789 0 0
20110624018 01:30:00 02171 0 1
20110624019 01:35:00 90461 0 0
20110624020 01:40:00 06406 0 0
20110624021 01:45:00 79333 0 1
20110624022 01:50:00 00908 1 0
20110624023 01:55:00 60310 0 0
20110624024 10:00:00 25313 0 1
20110624025 10:10:00 72756 1 0
20110624026 10:20:00 83652 0 0
20110624027 10:30:00 79361 0 0
20110624028 10:40:00 01280 0 0
20110624029 10:50:00 25283 1 0
20110624030 11:00:00 83745 0 0
20110624031 11:10:00 46980 0 0
20110624032 11:20:00 38009 0 1
20110624033 11:30:00 45804 0 0
20110624034 11:40:00 51545 1 1
20110624035 11:50:00 56597 1 0
20110624036 12:00:00 99776 1 1
20110624037 12:10:00 54563 1 0
20110624038 12:20:00 57042 0 0
20110624039 12:30:00 51296 0 0
20110624040 12:40:00 53692 0 0
20110624041 12:50:00 01781 0 0
20110624042 13:00:00 70016 1 0
20110624043 13:10:00 53861 0 0
20110624044 13:20:00 67992 0 1
20110624045 13:30:00 48360 0 0
20110624046 13:40:00 90435 0 0
20110624047 13:50:00 89905 1 0
20110624048 14:00:00 42934 0 0
20110624049 14:10:00 07482 0 0
20110624050 14:20:00 26707 0 1
20110624051 14:30:00 32983 0 0
20110624052 14:40:00 55208 1 0
20110624053 14:50:00 73710 1 0
20110624054 15:00:00 92068 0 0
20110624055 15:10:00 45449 1 1
20110624056 15:20:00 51010 0 1
20110624057 15:30:00 16606 1 1
20110624058 15:40:00 18964 0 0
20110624059 15:50:00 65047 0 0
20110624060 16:00:00 36293 0 0
20110624061 16:10:00 75767 1 1
20110624062 16:20:00 41981 0 0
20110624063 16:30:00 05391 0 0
20110624064 16:40:00 76372 0 0
20110624065 16:50:00 62852 0 0
20110624066 17:00:00 05971 0 0
20110624067 17:10:00 26319 0 0
20110624068 17:20:00 74556 0 1
20110624069 17:30:00 55524 1 0
20110624070 17:40:00 75648 0 0
20110624071 17:50:00 81613 0 0
20110624072 18:00:00 15621 0 0
20110624073 18:10:00 62598 0 0
20110624074 18:20:00 61657 1 0
20110624075 18:30:00 77945 1 0
20110624076 18:40:00 68467 0 0
20110624077 18:50:00 57784 1 0
20110624078 19:00:00 40011 1 1
20110624079 19:10:00 71987 0 0
20110624080 19:20:00 60282 0 1
20110624081 19:30:00 17744 1 1
20110624082 19:40:00 07161 0 1
20110624083 19:50:00 38837 1 0
20110624084 20:00:00 15036 0 0
20110624085 20:10:00 04800 0 1
20110624086 20:20:00 44058 1 0
20110624087 20:30:00 46196 0 0
20110624088 20:40:00 16504 0 0
20110624089 20:50:00 57141 0 1
20110624090 21:00:00 34605 0 0
20110624091 21:10:00 78765 1 0
20110624092 21:20:00 62204 1 0
20110624093 21:30:00 19769 0 0
20110624094 21:40:00 69030 0 1
20110624095 21:50:00 90954 1 0
20110624096 22:00:00 16838 0 1
20110624097 22:05:00 98973 1 0
20110624098 22:10:00 07320 0 0
20110624099 22:15:00 33215 1 0
20110624100 22:20:00 75206 0 0
20110624101 22:25:00 11998 1 1
20110624102 22:30:00 17840 0 0
20110624103 22:35:00 08247 0 0
20110624104 22:40:00 39442 0 1
20110624105 22:45:00 34658 0 0
20110624106 22:50:00 29825 0 0
20110624107 22:55:00 97891 0 0
20110624108 23:00:00 71446 0 1
20110624109 23:05:00 53644 0 1
20110624110 23:10:00 12427 0 0
20110624111 23:15:00 37963 0 0
20110624112 23:20:00 92919 1 1
20110624113 23:25:00 38465 0 0
20110624114 23:30:00 92396 0 0
20110624115 23:35:00 80755 0 1
20110624116 23:40:00 23312 1 0
20110624117 23:45:00 84351 0 0
20110624118 23:50:00 83698 0 0
20110624119 23:55:00 79482 0 0
20110624120 00:00:00 84925 0 0
