20110317001 00:05:00 75064 0 0
20110317002 00:10:00 78735 1 0
20110317003 00:15:00 01998 0 1
20110317004 00:20:00 41720 0 0
20110317005 00:25:00 58402 0 0
20110317006 00:30:00 21195 1 0
20110317007 00:35:00 55652 1 0
20110317008 00:40:00 12405 0 0
20110317009 00:45:00 03052 1 0
20110317010 00:50:00 70413 0 0
20110317011 00:55:00 21772 0 1
20110317012 01:00:00 42339 0 1
20110317013 01:05:00 40259 0 0
20110317014 01:10:00 83307 1 0
20110317015 01:15:00 89779 0 1
20110317016 01:20:00 83999 0 1
20110317017 01:25:00 72571 0 0
20110317018 01:30:00 29990 1 1
20110317019 01:35:00 80053 1 0
20110317020 01:40:00 76385 0 0
20110317021 01:45:00 20580 0 0
20110317022 01:50:00 90949 1 1
20110317023 01:55:00 45032 0 0
20110317024 10:00:00 47839 0 0
20110317025 10:10:00 02341 0 0
20110317026 10:20:00 64450 1 0
20110317027 10:30:00 53818 0 1
20110317028 10:40:00 82235 1 0
20110317029 10:50:00 38021 0 0
20110317030 11:00:00 43422 1 1
20110317031 11:10:00 37505 0 1
20110317032 11:20:00 51435 0 0
20110317033 11:30:00 92424 0 1
20110317034 11:40:00 00236 1 0
20110317035 11:50:00 18909 0 1
20110317036 12:00:00 09246 0 0
20110317037 12:10:00 57774 1 1
20110317038 12:20:00 43680 0 0
20110317039 12:30:00 79993 1 1
20110317040 12:40:00 89952 1 0
20110317041 12:50:00 95742 0 0
20110317042 13:00:00 87011 0 1
20110317043 13:10:00 12634 0 0
20110317044 13:20:00 11490 1 0
20110317045 13:30:00 07392 0 0
20110317046 13:40:00 75491 0 0
20110317047 13:50:00 17255 0 1
20110317048 14:00:00 13315 1 0
20110317049 14:10:00 12196 1 0
20110317050 14:20:00 78459 0 0
20110317051 14:30:00 88164 1 0
20110317052 14:40:00 31199 1 1
20110317053 14:50:00 48080 0 1
20110317054 15:00:00 47393 0 1
20110317055 15:10:00 29124 0 0
20110317056 15:20:00 82256 1 0
20110317057 15:30:00 42495 1 0
20110317058 15:40:00 52693 0 0
20110317059 15:50:00 30670 0 0
20110317060 16:00:00 60823 0 0
20110317061 16:10:00 75715 1 0
20110317062 16:20:00 92368 0 0
20110317063 16:30:00 67966 0 1
20110317064 16:40:00 24760 0 0
20110317065 16:50:00 47401 1 0
20110317066 17:00:00 29664 0 1
20110317067 17:10:00 84720 0 0
20110317068 17:20:00 33693 1 0
20110317069 17:30:00 18392 0 0
20110317070 17:40:00 86444 0 1
20110317071 17:50:00 06444 0 1
20110317072 18:00:00 49779 0 1
20110317073 18:10:00 59736 0 0
20110317074 18:20:00 31183 1 0
20110317075 18:30:00 30937 0 0
20110317076 18:40:00 11503 1 0
20110317077 18:50:00 45861 0 0
20110317078 19:00:00 41556 0 1
20110317079 19:10:00 22343 1 1
20110317080 19:20:00 15975 0 0
20110317081 19:30:00 57312 0 0
20110317082 19:40:00 06635 1 0
20110317083 19:50:00 67052 0 0
20110317084 20:00:00 96610 1 0
20110317085 20:10:00 48536 0 0
20110317086 20:20:00 44743 1 0
20110317087 20:30:00 35148 0 0
20110317088 20:40:00 38252 0 1
20110317089 20:50:00 47912 0 0
20110317090 21:00:00 86639 1 0
20110317091 21:10:00 66986 1 0
20110317092 21:20:00 91305 0 0
20110317093 21:30:00 15931 0 0
20110317094 21:40:00 84456 1 0
20110317095 21:50:00 27012 0 0
20110317096 22:00:00 08449 0 1
20110317097 22:05:00 62039 0 0
20110317098 22:10:00 89682 0 0
20110317099 22:15:00 67438 0 0
20110317100 22:20:00 01789 0 0
20110317101 22:25:00 58406 0 0
20110317102 22:30:00 22724 1 0
20110317103 22:35:00 23964 0 0
20110317104 22:40:00 51324 0 0
20110317105 22:45:00 94847 0 0
20110317106 22:50:00 18815 1 0
20110317107 22:55:00 55088 1 1
20110317108 23:00:00 65454 0 1
20110317109 23:05:00 74749 1 0
20110317110 23:10:00 25276 1 0
20110317111 23:15:00 60433 0 1
20110317112 23:20:00 32235 1 0
20110317113 23:25:00 90948 1 0
20110317114 23:30:00 11749 1 0
20110317115 23:35:00 64387 0 0
20110317116 23:40:00 17914 0 0
20110317117 23:45:00 85023 0 0
20110317118 23:50:00 42928 0 0
20110317119 23:55:00 07433 0 1
20110317120 00:00:00 47587 0 0
