20110915001 00:05:00 19372 0 0
20110915002 00:10:00 30276 0 0
20110915003 00:15:00 63280 0 0
20110915004 00:20:00 67813 0 0
20110915005 00:25:00 85553 1 1
20110915006 00:30:00 99337 1 1
20110915007 00:35:00 04433 1 1
20110915008 00:40:00 15486 0 0
20110915009 00:45:00 86792 0 0
20110915010 00:50:00 38616 0 1
20110915011 00:55:00 69782 0 0
20110915012 01:00:00 61458 0 0
20110915013 01:05:00 82618 0 0
20110915014 01:10:00 31325 1 0
20110915015 01:15:00 58896 1 0
20110915016 01:20:00 72711 1 1
20110915017 01:25:00 79396 0 0
20110915018 01:30:00 48380 0 0
20110915019 01:35:00 65268 0 0
20110915020 01:40:00 64547 0 0
20110915021 01:45:00 66311 1 1
20110915022 01:50:00 02240 1 0
20110915023 01:55:00 30377 1 1
20110915024 10:00:00 40008 1 1
20110915025 10:10:00 95192 0 0
20110915026 10:20:00 00480 1 0
20110915027 10:30:00 78573 0 0
20110915028 10:40:00 65323 0 1
20110915029 10:50:00 28546 0 0
20110915030 11:00:00 67245 0 0
20110915031 11:10:00 20110 0 1
20110915032 11:20:00 34683 0 0
20110915033 11:30:00 41465 1 0
20110915034 11:40:00 14524 0 0
20110915035 11:50:00 07479 0 0
20110915036 12:00:00 09630 0 0
20110915037 12:10:00 19571 0 0
20110915038 12:20:00 67727 1 1
20110915039 12:30:00 02902 0 0
20110915040 12:40:00 51614 0 0
20110915041 12:50:00 78179 0 0
20110915042 13:00:00 58490 0 0
20110915043 13:10:00 29193 0 0
20110915044 13:20:00 77859 1 0
20110915045 13:30:00 95253 0 0
20110915046 13:40:00 48391 0 0
20110915047 13:50:00 26822 0 1
20110915048 14:00:00 89043 0 0
20110915049 14:10:00 66780 1 0
20110915050 14:20:00 16988 0 1
20110915051 14:30:00 86071 0 0
20110915052 14:40:00 21535 0 1
20110915053 14:50:00 90809 0 0
20110915054 15:00:00 56836 0 0
20110915055 15:10:00 51388 0 1
20110915056 15:20:00 31498 0 0
20110915057 15:30:00 77021 1 0
20110915058 15:40:00 43956 0 0
20110915059 15:50:00 52066 0 1
20110915060 16:00:00 76871 0 0
20110915061 16:10:00 07954 0 0
20110915062 16:20:00 78675 0 0
20110915063 16:30:00 68734 0 0
20110915064 16:40:00 20933 0 1
20110915065 16:50:00 27272 1 1
20110915066 17:00:00 07643 0 0
20110915067 17:10:00 46170 0 0
20110915068 17:20:00 33480 1 0
20110915069 17:30:00 73167 0 0
20110915070 17:40:00 48408 1 0
20110915071 17:50:00 65027 0 0
20110915072 18:00:00 58323 0 1
20110915073 18:10:00 75346 0 0
20110915074 18:20:00 82738 0 0
20110915075 18:30:00 28563 0 0
20110915076 18:40:00 00628 1 0
20110915077 18:50:00 90517 0 0
20110915078 19:00:00 99309 1 0
20110915079 19:10:00 74031 0 0
20110915080 19:20:00 44869 1 0
20110915081 19:30:00 83178 0 0
20110915082 19:40:00 19623 0 0
20110915083 19:50:00 80349 0 0
20110915084 20:00:00 97328 0 0
20110915085 20:10:00 77896 1 0
20110915086 20:20:00 00812 1 0
20110915087 20:30:00 13692 0 0
20110915088 20:40:00 08919 0 1
20110915089 20:50:00 04127 0 0
20110915090 21:00:00 73493 0 0
20110915091 21:10:00 94831 0 0
20110915092 21:20:00 45692 0 0
20110915093 21:30:00 26890 0 0
20110915094 21:40:00 06388 0 1
20110915095 21:50:00 51517 1 0
20110915096 22:00:00 48509 0 0
20110915097 22:05:00 74763 1 0
20110915098 22:10:00 48507 0 0
20110915099 22:15:00 13307 1 0
20110915100 22:20:00 95456 0 0
20110915101 22:25:00 86662 1 1
20110915102 22:30:00 26053 0 0
20110915103 22:35:00 16895 0 0
20110915104 22:40:00 00759 1 0
20110915105 22:45:00 67929 0 1
20110915106 22:50:00 24533 0 1
20110915107 22:55:00 96856 0 0
20110915108 23:00:00 10601 0 0
20110915109 23:05:00 88654 1 0
20110915110 23:10:00 10182 1 0
20110915111 23:15:00 60554 0 1
20110915112 23:20:00 55954 1 0
20110915113 23:25:00 53386 1 0
20110915114 23:30:00 24952 0 0
20110915115 23:35:00 00639 1 0
20110915116 23:40:00 90315 0 0
20110915117 23:45:00 88586 1 0
20110915118 23:50:00 55480 1 0
20110915119 23:55:00 97685 0 0
20110915120 00:00:00 53490 0 0
