20110310001 00:05:00 80137 0 0
20110310002 00:10:00 70128 0 0
20110310003 00:15:00 97247 0 0
20110310004 00:20:00 58672 0 0
20110310005 00:25:00 18105 1 0
20110310006 00:30:00 15348 0 0
20110310007 00:35:00 86306 0 0
20110310008 00:40:00 21102 1 0
20110310009 00:45:00 44708 1 0
20110310010 00:50:00 78571 0 0
20110310011 00:55:00 41409 1 0
20110310012 01:00:00 53609 0 0
20110310013 01:05:00 64771 0 1
20110310014 01:10:00 59416 0 0
20110310015 01:15:00 69934 1 0
20110310016 01:20:00 02675 0 0
20110310017 01:25:00 68513 0 0
20110310018 01:30:00 25620 0 0
20110310019 01:35:00 81431 0 0
20110310020 01:40:00 59494 0 1
20110310021 01:45:00 51042 0 0
20110310022 01:50:00 95338 0 1
20110310023 01:55:00 32944 0 1
20110310024 10:00:00 31809 0 0
20110310025 10:10:00 41970 0 0
20110310026 10:20:00 10947 0 0
20110310027 10:30:00 97794 1 0
20110310028 10:40:00 01950 0 0
20110310029 10:50:00 50688 0 1
20110310030 11:00:00 31450 0 0
20110310031 11:10:00 28089 0 0
20110310032 11:20:00 91480 0 0
20110310033 11:30:00 84648 0 0
20110310034 11:40:00 99140 1 0
20110310035 11:50:00 74189 0 0
20110310036 12:00:00 73033 0 1
20110310037 12:10:00 66258 1 0
20110310038 12:20:00 40177 0 1
20110310039 12:30:00 84737 0 1
20110310040 12:40:00 33753 1 0
20110310041 12:50:00 19202 0 1
20110310042 13:00:00 22829 1 0
20110310043 13:10:00 78637 0 0
20110310044 13:20:00 35510 1 0
20110310045 13:30:00 84477 1 1
20110310046 13:40:00 98391 0 0
20110310047 13:50:00 01238 0 0
20110310048 14:00:00 46504 0 0
20110310049 14:10:00 23335 1 1
20110310050 14:20:00 30080 1 1
20110310051 14:30:00 27079 0 0
20110310052 14:40:00 21852 0 0
20110310053 14:50:00 60561 0 0
20110310054 15:00:00 53043 0 0
20110310055 15:10:00 27052 0 0
20110310056 15:20:00 74109 0 0
20110310057 15:30:00 44944 1 1
20110310058 15:40:00 89487 0 0
20110310059 15:50:00 47719 1 0
20110310060 16:00:00 78346 0 0
20110310061 16:10:00 84132 0 0
20110310062 16:20:00 38751 0 0
20110310063 16:30:00 84577 0 1
20110310064 16:40:00 05500 1 1
20110310065 16:50:00 94092 0 0
20110310066 17:00:00 63100 0 1
20110310067 17:10:00 17353 0 1
20110310068 17:20:00 09294 0 0
20110310069 17:30:00 82442 0 1
20110310070 17:40:00 41771 0 1
20110310071 17:50:00 88736 1 0
20110310072 18:00:00 19987 1 0
20110310073 18:10:00 66113 1 1
20110310074 18:20:00 75533 1 1
20110310075 18:30:00 65838 0 1
20110310076 18:40:00 61861 0 0
20110310077 18:50:00 74379 0 0
20110310078 19:00:00 55852 1 0
20110310079 19:10:00 94350 0 0
20110310080 19:20:00 65732 0 0
20110310081 19:30:00 38343 1 1
20110310082 19:40:00 03465 0 0
20110310083 19:50:00 09752 0 0
20110310084 20:00:00 20641 0 0
20110310085 20:10:00 86061 0 0
20110310086 20:20:00 66116 1 1
20110310087 20:30:00 23362 1 0
20110310088 20:40:00 09550 0 1
20110310089 20:50:00 71146 1 0
20110310090 21:00:00 08078 1 0
20110310091 21:10:00 15858 0 1
20110310092 21:20:00 98049 0 0
20110310093 21:30:00 33032 1 0
20110310094 21:40:00 24287 1 0
20110310095 21:50:00 69929 1 1
20110310096 22:00:00 29999 1 1
20110310097 22:05:00 12042 0 0
20110310098 22:10:00 01503 0 0
20110310099 22:15:00 20063 1 0
20110310100 22:20:00 23942 0 0
20110310101 22:25:00 46048 0 0
20110310102 22:30:00 71789 1 0
20110310103 22:35:00 56100 0 1
20110310104 22:40:00 65820 0 0
20110310105 22:45:00 17731 1 0
20110310106 22:50:00 50325 0 0
20110310107 22:55:00 81258 0 0
20110310108 23:00:00 19883 0 1
20110310109 23:05:00 70668 0 1
20110310110 23:10:00 20564 0 0
20110310111 23:15:00 93579 0 0
20110310112 23:20:00 62040 0 1
20110310113 23:25:00 38868 1 1
20110310114 23:30:00 43568 0 0
20110310115 23:35:00 40385 0 0
20110310116 23:40:00 24213 1 0
20110310117 23:45:00 13639 0 0
20110310118 23:50:00 29197 0 0
20110310119 23:55:00 90090 1 1
20110310120 00:00:00 66082 1 0
