20111028001 00:05:00 83227 0 1
20111028002 00:10:00 85222 0 1
20111028003 00:15:00 85579 1 0
20111028004 00:20:00 10915 0 0
20111028005 00:25:00 95810 0 0
20111028006 00:30:00 38843 1 0
20111028007 00:35:00 55233 1 1
20111028008 00:40:00 93838 0 1
20111028009 00:45:00 03712 0 0
20111028010 00:50:00 33015 1 0
20111028011 00:55:00 69088 0 1
20111028012 01:00:00 24960 0 0
20111028013 01:05:00 97699 0 1
20111028014 01:10:00 33345 1 0
20111028015 01:15:00 90121 0 1
20111028016 01:20:00 79596 0 0
20111028017 01:25:00 18592 0 0
20111028018 01:30:00 17525 0 1
20111028019 01:35:00 28747 0 1
20111028020 01:40:00 17238 0 0
20111028021 01:45:00 01232 0 1
20111028022 01:50:00 78858 1 1
20111028023 01:55:00 40227 0 1
20111028024 10:00:00 33547 1 0
20111028025 10:10:00 30379 1 0
20111028026 10:20:00 73932 0 0
20111028027 10:30:00 93341 1 0
20111028028 10:40:00 42650 0 0
20111028029 10:50:00 88720 1 0
20111028030 11:00:00 41251 0 0
20111028031 11:10:00 13154 1 0
20111028032 11:20:00 62998 0 1
20111028033 11:30:00 61787 0 1
20111028034 11:40:00 22184 1 0
20111028035 11:50:00 97323 0 1
20111028036 12:00:00 75955 0 1
20111028037 12:10:00 68827 1 0
20111028038 12:20:00 23329 1 0
20111028039 12:30:00 14721 0 0
20111028040 12:40:00 31986 0 0
20111028041 12:50:00 56424 0 1
20111028042 13:00:00 65276 0 0
20111028043 13:10:00 98903 1 0
20111028044 13:20:00 87187 0 0
20111028045 13:30:00 82662 0 1
20111028046 13:40:00 10312 0 0
20111028047 13:50:00 88626 1 1
20111028048 14:00:00 65464 0 1
20111028049 14:10:00 89809 1 0
20111028050 14:20:00 27119 0 1
20111028051 14:30:00 52010 0 1
20111028052 14:40:00 03369 1 0
20111028053 14:50:00 47324 0 0
20111028054 15:00:00 83438 0 0
20111028055 15:10:00 03033 1 1
20111028056 15:20:00 20392 0 0
20111028057 15:30:00 26795 0 0
20111028058 15:40:00 09063 1 0
20111028059 15:50:00 23464 0 1
20111028060 16:00:00 03544 0 1
20111028061 16:10:00 08061 1 0
20111028062 16:20:00 72793 1 0
20111028063 16:30:00 31294 0 0
20111028064 16:40:00 46307 0 0
20111028065 16:50:00 12504 0 0
20111028066 17:00:00 26396 0 0
20111028067 17:10:00 37808 0 1
20111028068 17:20:00 98955 1 1
20111028069 17:30:00 09309 0 0
20111028070 17:40:00 62810 0 0
20111028071 17:50:00 23923 0 0
20111028072 18:00:00 43134 0 0
20111028073 18:10:00 99229 1 1
20111028074 18:20:00 53499 0 1
20111028075 18:30:00 12989 0 1
20111028076 18:40:00 08025 1 0
20111028077 18:50:00 98751 0 0
20111028078 19:00:00 92148 0 0
20111028079 19:10:00 82130 0 0
20111028080 19:20:00 82526 0 0
20111028081 19:30:00 94861 0 0
20111028082 19:40:00 94332 0 1
20111028083 19:50:00 02076 1 0
20111028084 20:00:00 60333 0 1
20111028085 20:10:00 08595 0 1
20111028086 20:20:00 85099 0 1
20111028087 20:30:00 93699 0 1
20111028088 20:40:00 15887 0 1
20111028089 20:50:00 89542 0 0
20111028090 21:00:00 69478 0 0
20111028091 21:10:00 06975 0 0
20111028092 21:20:00 48897 1 0
20111028093 21:30:00 17133 1 1
20111028094 21:40:00 95518 1 0
20111028095 21:50:00 57348 0 0
20111028096 22:00:00 47626 0 1
20111028097 22:05:00 38414 0 1
20111028098 22:10:00 56578 1 0
20111028099 22:15:00 16140 1 0
20111028100 22:20:00 30444 0 1
20111028101 22:25:00 66109 1 0
20111028102 22:30:00 62571 0 0
20111028103 22:35:00 02835 0 0
20111028104 22:40:00 78238 0 0
20111028105 22:45:00 36977 0 1
20111028106 22:50:00 14863 0 0
20111028107 22:55:00 66100 1 1
20111028108 23:00:00 93710 0 0
20111028109 23:05:00 88439 1 0
20111028110 23:10:00 27022 0 1
20111028111 23:15:00 31712 0 0
20111028112 23:20:00 36828 0 1
20111028113 23:25:00 01174 1 0
20111028114 23:30:00 33016 1 0
20111028115 23:35:00 54642 0 0
20111028116 23:40:00 09778 0 1
20111028117 23:45:00 57697 0 0
20111028118 23:50:00 92980 1 0
20111028119 23:55:00 26394 0 0
20111028120 00:00:00 19869 0 0
