20110602001 00:05:00 79188 0 1
20110602002 00:10:00 81413 0 0
20110602003 00:15:00 27925 0 0
20110602004 00:20:00 31091 0 0
20110602005 00:25:00 81204 0 0
20110602006 00:30:00 62555 0 1
20110602007 00:35:00 87925 0 0
20110602008 00:40:00 86742 0 0
20110602009 00:45:00 54622 0 1
20110602010 00:50:00 91139 1 0
20110602011 00:55:00 85930 0 0
20110602012 01:00:00 44028 1 0
20110602013 01:05:00 97412 0 0
20110602014 01:10:00 88146 1 0
20110602015 01:15:00 62924 0 0
20110602016 01:20:00 14831 0 0
20110602017 01:25:00 79389 0 0
20110602018 01:30:00 25168 0 0
20110602019 01:35:00 42285 1 0
20110602020 01:40:00 49171 0 1
20110602021 01:45:00 60409 0 0
20110602022 01:50:00 54383 0 1
20110602023 01:55:00 25603 0 0
20110602024 10:00:00 18368 0 0
20110602025 10:10:00 36405 0 0
20110602026 10:20:00 66457 1 0
20110602027 10:30:00 62777 0 1
20110602028 10:40:00 99676 1 1
20110602029 10:50:00 99626 1 1
20110602030 11:00:00 97538 0 0
20110602031 11:10:00 86662 1 1
20110602032 11:20:00 06928 0 0
20110602033 11:30:00 18016 0 0
20110602034 11:40:00 47781 1 0
20110602035 11:50:00 08560 0 0
20110602036 12:00:00 50915 0 0
20110602037 12:10:00 94419 1 0
20110602038 12:20:00 62792 0 0
20110602039 12:30:00 45769 0 0
20110602040 12:40:00 82434 0 1
20110602041 12:50:00 85393 0 1
20110602042 13:00:00 17378 0 0
20110602043 13:10:00 14710 0 0
20110602044 13:20:00 07255 0 1
20110602045 13:30:00 72746 1 0
20110602046 13:40:00 21299 1 1
20110602047 13:50:00 45650 0 0
20110602048 14:00:00 14519 0 0
20110602049 14:10:00 66967 1 0
20110602050 14:20:00 06885 0 1
20110602051 14:30:00 15434 0 1
20110602052 14:40:00 80658 0 0
20110602053 14:50:00 17061 0 0
20110602054 15:00:00 47556 0 1
20110602055 15:10:00 88146 1 0
20110602056 15:20:00 82427 0 0
20110602057 15:30:00 68898 1 1
20110602058 15:40:00 82246 1 0
20110602059 15:50:00 77872 1 0
20110602060 16:00:00 40842 0 0
20110602061 16:10:00 58089 0 0
20110602062 16:20:00 51996 0 1
20110602063 16:30:00 46394 0 0
20110602064 16:40:00 15299 0 1
20110602065 16:50:00 50593 1 0
20110602066 17:00:00 37271 0 0
20110602067 17:10:00 68653 1 0
20110602068 17:20:00 77687 1 0
20110602069 17:30:00 36440 0 1
20110602070 17:40:00 86177 0 1
20110602071 17:50:00 01497 0 0
20110602072 18:00:00 06133 0 1
20110602073 18:10:00 80075 1 0
20110602074 18:20:00 54854 0 0
20110602075 18:30:00 57473 0 0
20110602076 18:40:00 12871 0 0
20110602077 18:50:00 70348 0 0
20110602078 19:00:00 47840 0 0
20110602079 19:10:00 82998 0 1
20110602080 19:20:00 12311 0 1
20110602081 19:30:00 41231 0 0
20110602082 19:40:00 12846 0 0
20110602083 19:50:00 97302 0 0
20110602084 20:00:00 79531 0 0
20110602085 20:10:00 41365 0 0
20110602086 20:20:00 68581 0 0
20110602087 20:30:00 43500 0 1
20110602088 20:40:00 79386 0 0
20110602089 20:50:00 03323 1 1
20110602090 21:00:00 45491 1 0
20110602091 21:10:00 57883 0 1
20110602092 21:20:00 39080 0 1
20110602093 21:30:00 86059 0 0
20110602094 21:40:00 52512 1 0
20110602095 21:50:00 44222 1 1
20110602096 22:00:00 31813 0 0
20110602097 22:05:00 06509 0 0
20110602098 22:10:00 07111 0 1
20110602099 22:15:00 05665 0 1
20110602100 22:20:00 45996 0 1
20110602101 22:25:00 27693 0 0
20110602102 22:30:00 14916 0 0
20110602103 22:35:00 66302 1 0
20110602104 22:40:00 58329 0 0
20110602105 22:45:00 39176 0 0
20110602106 22:50:00 28307 0 0
20110602107 22:55:00 31455 0 1
20110602108 23:00:00 41066 0 1
20110602109 23:05:00 05945 0 0
20110602110 23:10:00 92298 1 0
20110602111 23:15:00 90129 0 0
20110602112 23:20:00 77595 1 1
20110602113 23:25:00 85565 1 1
20110602114 23:30:00 86741 0 0
20110602115 23:35:00 55963 1 0
20110602116 23:40:00 24143 0 0
20110602117 23:45:00 39537 0 0
20110602118 23:50:00 86048 0 0
20110602119 23:55:00 83976 0 0
20110602120 00:00:00 16378 0 0
