20110821001 00:05:00 38464 0 1
20110821002 00:10:00 48399 0 1
20110821003 00:15:00 07263 0 0
20110821004 00:20:00 69080 0 1
20110821005 00:25:00 91498 0 0
20110821006 00:30:00 58079 0 0
20110821007 00:35:00 85361 0 0
20110821008 00:40:00 71632 0 0
20110821009 00:45:00 76283 0 0
20110821010 00:50:00 82186 0 0
20110821011 00:55:00 59656 0 1
20110821012 01:00:00 71739 1 0
20110821013 01:05:00 04367 0 0
20110821014 01:10:00 62990 0 1
20110821015 01:15:00 70543 0 0
20110821016 01:20:00 96300 0 1
20110821017 01:25:00 14458 1 0
20110821018 01:30:00 21106 1 0
20110821019 01:35:00 13202 0 1
20110821020 01:40:00 14946 0 0
20110821021 01:45:00 10918 0 0
20110821022 01:50:00 47595 0 1
20110821023 01:55:00 74189 0 0
20110821024 10:00:00 46240 0 0
20110821025 10:10:00 52267 1 0
20110821026 10:20:00 59612 0 0
20110821027 10:30:00 83205 0 0
20110821028 10:40:00 31458 0 0
20110821029 10:50:00 19853 0 0
20110821030 11:00:00 63652 1 0
20110821031 11:10:00 35200 0 1
20110821032 11:20:00 39793 0 0
20110821033 11:30:00 17344 0 1
20110821034 11:40:00 24284 1 0
20110821035 11:50:00 44982 1 0
20110821036 12:00:00 06442 0 1
20110821037 12:10:00 80197 0 0
20110821038 12:20:00 68909 0 1
20110821039 12:30:00 63418 0 0
20110821040 12:40:00 03056 1 0
20110821041 12:50:00 62731 0 0
20110821042 13:00:00 41375 0 0
20110821043 13:10:00 97388 0 1
20110821044 13:20:00 72336 0 1
20110821045 13:30:00 51009 0 1
20110821046 13:40:00 94422 1 1
20110821047 13:50:00 58097 0 0
20110821048 14:00:00 62913 0 0
20110821049 14:10:00 27546 0 0
20110821050 14:20:00 81818 1 1
20110821051 14:30:00 62773 0 1
20110821052 14:40:00 45476 1 0
20110821053 14:50:00 74952 0 0
20110821054 15:00:00 57418 0 0
20110821055 15:10:00 37782 1 0
20110821056 15:20:00 08129 0 0
20110821057 15:30:00 16209 0 0
20110821058 15:40:00 12780 0 0
20110821059 15:50:00 08585 0 1
20110821060 16:00:00 40773 0 1
20110821061 16:10:00 30515 0 1
20110821062 16:20:00 79226 0 1
20110821063 16:30:00 86008 0 1
20110821064 16:40:00 21433 0 1
20110821065 16:50:00 52601 0 0
20110821066 17:00:00 56304 0 0
20110821067 17:10:00 34539 0 0
20110821068 17:20:00 72770 1 1
20110821069 17:30:00 50933 0 1
20110821070 17:40:00 01410 0 0
20110821071 17:50:00 26808 0 1
20110821072 18:00:00 75885 0 1
20110821073 18:10:00 01462 0 0
20110821074 18:20:00 80282 0 1
20110821075 18:30:00 74358 0 0
20110821076 18:40:00 23600 0 1
20110821077 18:50:00 15057 0 0
20110821078 19:00:00 08714 0 0
20110821079 19:10:00 33205 1 0
20110821080 19:20:00 49084 0 0
20110821081 19:30:00 32669 0 1
20110821082 19:40:00 75035 0 0
20110821083 19:50:00 35416 0 0
20110821084 20:00:00 68585 0 1
20110821085 20:10:00 96599 0 1
20110821086 20:20:00 27185 0 0
20110821087 20:30:00 82357 0 0
20110821088 20:40:00 72958 0 0
20110821089 20:50:00 92272 1 1
20110821090 21:00:00 63455 0 1
20110821091 21:10:00 98506 0 0
20110821092 21:20:00 37031 0 0
20110821093 21:30:00 04188 0 1
20110821094 21:40:00 76923 0 0
20110821095 21:50:00 79348 0 0
20110821096 22:00:00 91485 0 0
20110821097 22:05:00 69945 1 0
20110821098 22:10:00 51171 1 1
20110821099 22:15:00 12974 0 0
20110821100 22:20:00 75046 0 0
20110821101 22:25:00 65683 1 0
20110821102 22:30:00 82981 0 0
20110821103 22:35:00 10989 0 1
20110821104 22:40:00 73973 0 0
20110821105 22:45:00 73159 0 0
20110821106 22:50:00 20017 1 0
20110821107 22:55:00 91740 0 0
20110821108 23:00:00 77558 1 1
20110821109 23:05:00 65620 1 0
20110821110 23:10:00 55207 1 0
20110821111 23:15:00 34761 0 0
20110821112 23:20:00 42101 0 1
20110821113 23:25:00 87596 0 0
20110821114 23:30:00 36261 0 0
20110821115 23:35:00 48383 0 1
20110821116 23:40:00 45874 0 0
20110821117 23:45:00 11977 1 1
20110821118 23:50:00 13129 1 0
20110821119 23:55:00 57915 0 0
20110821120 00:00:00 55404 1 1
