20110928001 00:05:00 35430 0 0
20110928002 00:10:00 09595 0 1
20110928003 00:15:00 94085 0 0
20110928004 00:20:00 49394 0 0
20110928005 00:25:00 78882 1 1
20110928006 00:30:00 67903 0 0
20110928007 00:35:00 72196 0 0
20110928008 00:40:00 67103 0 0
20110928009 00:45:00 59981 1 0
20110928010 00:50:00 57824 0 0
20110928011 00:55:00 42731 0 0
20110928012 01:00:00 29226 1 1
20110928013 01:05:00 46560 0 0
20110928014 01:10:00 51576 1 0
20110928015 01:15:00 28440 0 1
20110928016 01:20:00 07930 0 0
20110928017 01:25:00 11617 1 0
20110928018 01:30:00 94284 0 0
20110928019 01:35:00 45903 0 0
20110928020 01:40:00 35365 1 0
20110928021 01:45:00 00004 1 1
20110928022 01:50:00 30515 0 1
20110928023 01:55:00 57652 0 0
20110928024 10:00:00 36340 1 0
20110928025 10:10:00 13426 0 0
20110928026 10:20:00 38417 0 0
20110928027 10:30:00 16284 0 0
20110928028 10:40:00 81929 0 1
20110928029 10:50:00 48359 0 0
20110928030 11:00:00 42278 1 0
20110928031 11:10:00 85836 1 0
20110928032 11:20:00 47348 0 0
20110928033 11:30:00 79209 0 0
20110928034 11:40:00 28938 0 0
20110928035 11:50:00 57247 0 0
20110928036 12:00:00 04969 0 1
20110928037 12:10:00 62425 0 0
20110928038 12:20:00 86779 0 1
20110928039 12:30:00 89700 0 1
20110928040 12:40:00 24859 0 0
20110928041 12:50:00 75370 0 0
20110928042 13:00:00 95485 0 0
20110928043 13:10:00 57465 0 0
20110928044 13:20:00 23849 0 0
20110928045 13:30:00 45823 0 0
20110928046 13:40:00 98152 0 0
20110928047 13:50:00 11687 1 0
20110928048 14:00:00 86622 1 1
20110928049 14:10:00 89368 0 0
20110928050 14:20:00 37060 0 1
20110928051 14:30:00 98733 0 1
20110928052 14:40:00 47037 0 0
20110928053 14:50:00 66929 1 1
20110928054 15:00:00 73376 1 0
20110928055 15:10:00 06270 0 0
20110928056 15:20:00 29153 0 0
20110928057 15:30:00 17507 0 0
20110928058 15:40:00 88090 1 1
20110928059 15:50:00 60255 0 1
20110928060 16:00:00 34338 1 1
20110928061 16:10:00 35257 0 0
20110928062 16:20:00 55944 1 1
20110928063 16:30:00 26573 0 0
20110928064 16:40:00 88011 1 1
20110928065 16:50:00 68574 0 0
20110928066 17:00:00 94880 0 1
20110928067 17:10:00 30834 0 0
20110928068 17:20:00 00783 1 0
20110928069 17:30:00 01901 0 0
20110928070 17:40:00 63709 0 0
20110928071 17:50:00 34675 0 0
20110928072 18:00:00 09121 0 1
20110928073 18:10:00 96591 0 0
20110928074 18:20:00 54170 0 0
20110928075 18:30:00 90098 1 0
20110928076 18:40:00 17825 0 0
20110928077 18:50:00 15197 1 0
20110928078 19:00:00 36982 0 0
20110928079 19:10:00 26621 1 0
20110928080 19:20:00 45285 0 0
20110928081 19:30:00 84987 0 0
20110928082 19:40:00 49987 1 0
20110928083 19:50:00 03082 1 0
20110928084 20:00:00 45783 0 0
20110928085 20:10:00 50212 0 1
20110928086 20:20:00 00199 1 1
20110928087 20:30:00 61936 0 0
20110928088 20:40:00 54274 0 0
20110928089 20:50:00 96133 0 1
20110928090 21:00:00 45784 0 0
20110928091 21:10:00 18666 0 1
20110928092 21:20:00 81612 0 0
20110928093 21:30:00 09626 0 1
20110928094 21:40:00 20759 0 0
20110928095 21:50:00 47848 0 1
20110928096 22:00:00 23476 0 0
20110928097 22:05:00 97878 0 1
20110928098 22:10:00 06340 0 0
20110928099 22:15:00 72424 0 1
20110928100 22:20:00 79959 1 1
20110928101 22:25:00 15896 0 0
20110928102 22:30:00 71950 0 0
20110928103 22:35:00 84320 0 0
20110928104 22:40:00 31134 1 0
20110928105 22:45:00 08511 0 1
20110928106 22:50:00 46046 0 0
20110928107 22:55:00 50506 1 0
20110928108 23:00:00 28542 0 0
20110928109 23:05:00 68629 1 0
20110928110 23:10:00 76977 0 1
20110928111 23:15:00 71080 0 1
20110928112 23:20:00 91638 0 0
20110928113 23:25:00 56334 0 1
20110928114 23:30:00 26861 0 0
20110928115 23:35:00 07462 0 0
20110928116 23:40:00 60398 0 0
20110928117 23:45:00 81145 1 0
20110928118 23:50:00 58219 0 0
20110928119 23:55:00 45565 1 1
20110928120 00:00:00 29773 0 1
