20110818001 00:05:00 51751 0 0
20110818002 00:10:00 50618 0 0
20110818003 00:15:00 42282 1 1
20110818004 00:20:00 07903 0 0
20110818005 00:25:00 33973 1 0
20110818006 00:30:00 48896 1 0
20110818007 00:35:00 29028 0 0
20110818008 00:40:00 65237 0 0
20110818009 00:45:00 05559 1 1
20110818010 00:50:00 59084 0 0
20110818011 00:55:00 02406 0 0
20110818012 01:00:00 06320 0 0
20110818013 01:05:00 87428 0 0
20110818014 01:10:00 09303 0 1
20110818015 01:15:00 64510 0 0
20110818016 01:20:00 06013 1 0
20110818017 01:25:00 54001 0 1
20110818018 01:30:00 74939 0 1
20110818019 01:35:00 68204 0 0
20110818020 01:40:00 97677 0 1
20110818021 01:45:00 83906 0 0
20110818022 01:50:00 55722 1 1
20110818023 01:55:00 37776 1 1
20110818024 10:00:00 04286 0 0
20110818025 10:10:00 33695 1 0
20110818026 10:20:00 31256 0 0
20110818027 10:30:00 80121 0 1
20110818028 10:40:00 39193 0 0
20110818029 10:50:00 30407 0 0
20110818030 11:00:00 29377 0 1
20110818031 11:10:00 78243 0 0
20110818032 11:20:00 07763 1 0
20110818033 11:30:00 94546 0 0
20110818034 11:40:00 55789 1 0
20110818035 11:50:00 92575 0 1
20110818036 12:00:00 79518 0 0
20110818037 12:10:00 61465 0 0
20110818038 12:20:00 85873 1 0
20110818039 12:30:00 85005 0 1
20110818040 12:40:00 55735 1 0
20110818041 12:50:00 15327 0 0
20110818042 13:00:00 37006 0 1
20110818043 13:10:00 73776 1 1
20110818044 13:20:00 22656 1 1
20110818045 13:30:00 05399 0 1
20110818046 13:40:00 94957 1 0
20110818047 13:50:00 55232 1 1
20110818048 14:00:00 64152 0 0
20110818049 14:10:00 42115 0 1
20110818050 14:20:00 97633 0 1
20110818051 14:30:00 29647 0 0
20110818052 14:40:00 25929 0 1
20110818053 14:50:00 20802 0 0
20110818054 15:00:00 67512 0 0
20110818055 15:10:00 92451 0 0
20110818056 15:20:00 44763 1 0
20110818057 15:30:00 46113 0 1
20110818058 15:40:00 95855 0 1
20110818059 15:50:00 61527 0 0
20110818060 16:00:00 19731 0 0
20110818061 16:10:00 70108 0 0
20110818062 16:20:00 40137 0 0
20110818063 16:30:00 76743 1 0
20110818064 16:40:00 79315 0 0
20110818065 16:50:00 14411 1 1
20110818066 17:00:00 26102 0 0
20110818067 17:10:00 16024 0 0
20110818068 17:20:00 26016 0 0
20110818069 17:30:00 10082 1 0
20110818070 17:40:00 78869 1 0
20110818071 17:50:00 37454 0 1
20110818072 18:00:00 49699 0 1
20110818073 18:10:00 61443 0 1
20110818074 18:20:00 22599 1 1
20110818075 18:30:00 48301 0 0
20110818076 18:40:00 53335 1 1
20110818077 18:50:00 44682 1 0
20110818078 19:00:00 48051 0 0
20110818079 19:10:00 87508 0 0
20110818080 19:20:00 01604 0 0
20110818081 19:30:00 52816 0 0
20110818082 19:40:00 32599 0 1
20110818083 19:50:00 37692 0 0
20110818084 20:00:00 95498 0 0
20110818085 20:10:00 78187 0 0
20110818086 20:20:00 88082 1 0
20110818087 20:30:00 41281 0 0
20110818088 20:40:00 00897 1 0
20110818089 20:50:00 89364 0 0
20110818090 21:00:00 22792 1 0
20110818091 21:10:00 83752 0 0
20110818092 21:20:00 64542 0 0
20110818093 21:30:00 43325 1 0
20110818094 21:40:00 05736 0 0
20110818095 21:50:00 01583 0 0
20110818096 22:00:00 47291 0 0
20110818097 22:05:00 44060 1 1
20110818098 22:10:00 37316 1 0
20110818099 22:15:00 13909 0 1
20110818100 22:20:00 43892 0 0
20110818101 22:25:00 75268 0 0
20110818102 22:30:00 24154 0 0
20110818103 22:35:00 36480 0 0
20110818104 22:40:00 10973 0 0
20110818105 22:45:00 34348 1 0
20110818106 22:50:00 28158 0 0
20110818107 22:55:00 28526 0 0
20110818108 23:00:00 23757 0 1
20110818109 23:05:00 85189 0 0
20110818110 23:10:00 48927 0 0
20110818111 23:15:00 14722 0 1
20110818112 23:20:00 93805 0 0
20110818113 23:25:00 40840 0 0
20110818114 23:30:00 25523 1 0
20110818115 23:35:00 75730 1 0
20110818116 23:40:00 26303 0 1
20110818117 23:45:00 62962 0 0
20110818118 23:50:00 55367 1 0
20110818119 23:55:00 48715 0 0
20110818120 00:00:00 64572 0 0
