20110517001 00:05:00 26860 0 0
20110517002 00:10:00 68663 1 1
20110517003 00:15:00 58628 0 0
20110517004 00:20:00 39041 0 0
20110517005 00:25:00 87840 1 0
20110517006 00:30:00 95355 0 1
20110517007 00:35:00 11139 1 0
20110517008 00:40:00 52805 0 0
20110517009 00:45:00 05943 0 0
20110517010 00:50:00 48578 0 0
20110517011 00:55:00 13402 0 0
20110517012 01:00:00 45660 0 1
20110517013 01:05:00 53579 1 0
20110517014 01:10:00 82484 0 1
20110517015 01:15:00 12560 0 0
20110517016 01:20:00 61306 0 0
20110517017 01:25:00 78266 0 1
20110517018 01:30:00 11459 1 0
20110517019 01:35:00 22780 1 0
20110517020 01:40:00 63848 0 1
20110517021 01:45:00 34571 0 0
20110517022 01:50:00 65249 0 0
20110517023 01:55:00 60259 0 0
20110517024 10:00:00 85932 0 0
20110517025 10:10:00 33368 1 0
20110517026 10:20:00 99872 1 0
20110517027 10:30:00 01691 0 0
20110517028 10:40:00 07458 0 0
20110517029 10:50:00 09394 0 0
20110517030 11:00:00 99749 1 0
20110517031 11:10:00 99473 1 0
20110517032 11:20:00 96167 0 0
20110517033 11:30:00 53770 0 1
20110517034 11:40:00 98088 0 1
20110517035 11:50:00 64816 0 0
20110517036 12:00:00 21757 0 1
20110517037 12:10:00 52669 0 1
20110517038 12:20:00 84414 1 1
20110517039 12:30:00 68000 0 1
20110517040 12:40:00 31279 0 0
20110517041 12:50:00 54597 1 0
20110517042 13:00:00 96012 0 0
20110517043 13:10:00 68194 0 0
20110517044 13:20:00 98522 0 1
20110517045 13:30:00 45858 0 1
20110517046 13:40:00 76891 0 0
20110517047 13:50:00 52195 0 0
20110517048 14:00:00 84852 1 0
20110517049 14:10:00 08620 0 0
20110517050 14:20:00 49540 0 0
20110517051 14:30:00 27430 0 0
20110517052 14:40:00 78075 0 0
20110517053 14:50:00 25601 0 0
20110517054 15:00:00 41732 0 0
20110517055 15:10:00 13374 1 0
20110517056 15:20:00 59459 0 0
20110517057 15:30:00 23631 0 0
20110517058 15:40:00 84105 0 0
20110517059 15:50:00 60323 0 1
20110517060 16:00:00 24623 0 0
20110517061 16:10:00 15209 0 0
20110517062 16:20:00 62286 1 0
20110517063 16:30:00 20942 0 0
20110517064 16:40:00 40897 0 0
20110517065 16:50:00 17560 0 0
20110517066 17:00:00 50044 1 1
20110517067 17:10:00 30609 0 0
20110517068 17:20:00 01901 0 0
20110517069 17:30:00 36151 0 1
20110517070 17:40:00 36923 0 0
20110517071 17:50:00 75290 0 0
20110517072 18:00:00 78324 0 0
20110517073 18:10:00 39167 0 0
20110517074 18:20:00 95312 0 0
20110517075 18:30:00 41511 0 1
20110517076 18:40:00 02236 1 0
20110517077 18:50:00 20109 0 0
20110517078 19:00:00 03115 0 1
20110517079 19:10:00 02909 0 1
20110517080 19:20:00 09593 0 0
20110517081 19:30:00 76214 0 0
20110517082 19:40:00 06980 0 0
20110517083 19:50:00 78942 0 0
20110517084 20:00:00 78287 0 0
20110517085 20:10:00 06215 0 0
20110517086 20:20:00 37342 1 0
20110517087 20:30:00 99549 1 0
20110517088 20:40:00 14700 0 1
20110517089 20:50:00 79184 0 0
20110517090 21:00:00 67168 0 0
20110517091 21:10:00 40597 0 0
20110517092 21:20:00 28893 1 0
20110517093 21:30:00 68665 1 1
20110517094 21:40:00 52709 0 0
20110517095 21:50:00 91429 0 0
20110517096 22:00:00 88316 1 0
20110517097 22:05:00 07383 0 1
20110517098 22:10:00 58518 1 0
20110517099 22:15:00 65308 0 0
20110517100 22:20:00 72412 0 0
20110517101 22:25:00 13429 0 0
20110517102 22:30:00 90371 0 0
20110517103 22:35:00 63201 0 0
20110517104 22:40:00 41508 0 0
20110517105 22:45:00 54297 0 0
20110517106 22:50:00 93853 0 0
20110517107 22:55:00 38198 0 0
20110517108 23:00:00 25335 0 1
20110517109 23:05:00 34162 0 0
20110517110 23:10:00 74622 0 1
20110517111 23:15:00 57633 0 1
20110517112 23:20:00 71558 0 1
20110517113 23:25:00 81604 0 0
20110517114 23:30:00 95318 0 0
20110517115 23:35:00 42505 0 1
20110517116 23:40:00 69242 0 1
20110517117 23:45:00 53267 0 0
20110517118 23:50:00 37762 1 0
20110517119 23:55:00 57964 0 0
20110517120 00:00:00 06151 0 1
