20110313001 00:05:00 26008 0 1
20110313002 00:10:00 39357 1 0
20110313003 00:15:00 73414 0 1
20110313004 00:20:00 40701 0 0
20110313005 00:25:00 26910 0 0
20110313006 00:30:00 42442 1 1
20110313007 00:35:00 90506 0 0
20110313008 00:40:00 87649 0 0
20110313009 00:45:00 17522 0 1
20110313010 00:50:00 74257 0 0
20110313011 00:55:00 79421 0 0
20110313012 01:00:00 46589 0 0
20110313013 01:05:00 50738 0 0
20110313014 01:10:00 46784 0 0
20110313015 01:15:00 25789 0 0
20110313016 01:20:00 09715 0 0
20110313017 01:25:00 22439 1 0
20110313018 01:30:00 29794 0 0
20110313019 01:35:00 45252 0 1
20110313020 01:40:00 59127 0 0
20110313021 01:45:00 93325 1 0
20110313022 01:50:00 76009 0 1
20110313023 01:55:00 31211 0 1
20110313024 10:00:00 63522 0 1
20110313025 10:10:00 96423 0 0
20110313026 10:20:00 94709 0 0
20110313027 10:30:00 94543 0 0
20110313028 10:40:00 07972 0 0
20110313029 10:50:00 76582 0 0
20110313030 11:00:00 35480 0 0
20110313031 11:10:00 45614 0 0
20110313032 11:20:00 90235 0 0
20110313033 11:30:00 80399 0 1
20110313034 11:40:00 85901 0 0
20110313035 11:50:00 97077 0 1
20110313036 12:00:00 40224 0 1
20110313037 12:10:00 13108 1 0
20110313038 12:20:00 97662 0 1
20110313039 12:30:00 52071 0 0
20110313040 12:40:00 44502 1 0
20110313041 12:50:00 18264 0 0
20110313042 13:00:00 86180 0 0
20110313043 13:10:00 55668 1 1
20110313044 13:20:00 75418 0 0
20110313045 13:30:00 18040 0 1
20110313046 13:40:00 41239 0 0
20110313047 13:50:00 68615 1 0
20110313048 14:00:00 66087 1 0
20110313049 14:10:00 03455 0 1
20110313050 14:20:00 35046 0 0
20110313051 14:30:00 79100 0 1
20110313052 14:40:00 86708 0 0
20110313053 14:50:00 10141 1 1
20110313054 15:00:00 26714 0 0
20110313055 15:10:00 91919 1 1
20110313056 15:20:00 59549 1 0
20110313057 15:30:00 88449 1 1
20110313058 15:40:00 91122 1 1
20110313059 15:50:00 75842 0 0
20110313060 16:00:00 34498 1 0
20110313061 16:10:00 50803 0 0
20110313062 16:20:00 57144 0 1
20110313063 16:30:00 82520 0 0
20110313064 16:40:00 77793 1 0
20110313065 16:50:00 15006 0 1
20110313066 17:00:00 36263 0 0
20110313067 17:10:00 41406 1 0
20110313068 17:20:00 59114 0 1
20110313069 17:30:00 53735 0 0
20110313070 17:40:00 24592 0 0
20110313071 17:50:00 90514 0 0
20110313072 18:00:00 20744 0 1
20110313073 18:10:00 14642 0 0
20110313074 18:20:00 36751 0 0
20110313075 18:30:00 67227 0 1
20110313076 18:40:00 49727 0 1
20110313077 18:50:00 06376 0 0
20110313078 19:00:00 18254 0 0
20110313079 19:10:00 25259 1 0
20110313080 19:20:00 61423 0 0
20110313081 19:30:00 26776 0 1
20110313082 19:40:00 06051 1 0
20110313083 19:50:00 06630 1 0
20110313084 20:00:00 31426 0 0
20110313085 20:10:00 10242 0 1
20110313086 20:20:00 31239 0 0
20110313087 20:30:00 73234 0 0
20110313088 20:40:00 41872 0 0
20110313089 20:50:00 84557 0 1
20110313090 21:00:00 34208 0 0
20110313091 21:10:00 39629 0 0
20110313092 21:20:00 22247 1 0
20110313093 21:30:00 29493 0 0
20110313094 21:40:00 45495 1 0
20110313095 21:50:00 68459 0 0
20110313096 22:00:00 15826 0 0
20110313097 22:05:00 30179 0 0
20110313098 22:10:00 57910 0 0
20110313099 22:15:00 79067 0 0
20110313100 22:20:00 69053 0 0
20110313101 22:25:00 46526 0 0
20110313102 22:30:00 52404 0 1
20110313103 22:35:00 83203 0 0
20110313104 22:40:00 94362 0 0
20110313105 22:45:00 87393 0 1
20110313106 22:50:00 72095 0 0
20110313107 22:55:00 34126 0 0
20110313108 23:00:00 35722 0 1
20110313109 23:05:00 78490 0 0
20110313110 23:10:00 85568 1 0
20110313111 23:15:00 79563 0 0
20110313112 23:20:00 01657 0 0
20110313113 23:25:00 03397 1 0
20110313114 23:30:00 67745 1 0
20110313115 23:35:00 59783 0 0
20110313116 23:40:00 40905 0 0
20110313117 23:45:00 49100 0 1
20110313118 23:50:00 34104 0 0
20110313119 23:55:00 48191 0 1
20110313120 00:00:00 93659 0 0
