20110424001 00:05:00 50822 0 1
20110424002 00:10:00 37180 0 0
20110424003 00:15:00 14019 0 0
20110424004 00:20:00 37940 0 0
20110424005 00:25:00 15070 0 1
20110424006 00:30:00 43862 0 0
20110424007 00:35:00 67076 0 0
20110424008 00:40:00 47650 0 0
20110424009 00:45:00 09575 0 1
20110424010 00:50:00 57943 0 0
20110424011 00:55:00 43782 0 0
20110424012 01:00:00 62294 1 0
20110424013 01:05:00 79109 0 0
20110424014 01:10:00 26693 1 0
20110424015 01:15:00 46454 1 1
20110424016 01:20:00 79937 1 0
20110424017 01:25:00 18541 0 0
20110424018 01:30:00 27052 0 0
20110424019 01:35:00 44815 1 0
20110424020 01:40:00 98963 1 0
20110424021 01:45:00 02886 0 1
20110424022 01:50:00 19183 1 0
20110424023 01:55:00 91874 0 0
20110424024 10:00:00 88363 1 1
20110424025 10:10:00 94799 0 1
20110424026 10:20:00 74251 0 0
20110424027 10:30:00 48609 0 0
20110424028 10:40:00 45343 0 1
20110424029 10:50:00 33763 1 0
20110424030 11:00:00 69831 0 0
20110424031 11:10:00 73517 0 0
20110424032 11:20:00 29892 0 0
20110424033 11:30:00 38007 0 1
20110424034 11:40:00 74773 1 1
20110424035 11:50:00 78314 0 0
20110424036 12:00:00 76463 0 0
20110424037 12:10:00 51703 0 0
20110424038 12:20:00 18562 0 0
20110424039 12:30:00 57270 0 0
20110424040 12:40:00 66529 1 0
20110424041 12:50:00 26154 0 0
20110424042 13:00:00 68255 0 1
20110424043 13:10:00 53823 0 0
20110424044 13:20:00 61219 0 0
20110424045 13:30:00 70289 0 0
20110424046 13:40:00 00512 1 0
20110424047 13:50:00 18465 0 0
20110424048 14:00:00 27602 0 0
20110424049 14:10:00 14190 1 0
20110424050 14:20:00 26933 0 1
20110424051 14:30:00 65439 0 0
20110424052 14:40:00 90609 0 0
20110424053 14:50:00 68391 0 0
20110424054 15:00:00 44429 1 0
20110424055 15:10:00 31384 1 0
20110424056 15:20:00 62918 0 0
20110424057 15:30:00 44244 1 1
20110424058 15:40:00 65579 1 0
20110424059 15:50:00 08429 0 0
20110424060 16:00:00 62063 0 0
20110424061 16:10:00 23713 0 0
20110424062 16:20:00 53359 1 0
20110424063 16:30:00 82104 0 0
20110424064 16:40:00 96380 0 0
20110424065 16:50:00 75733 1 1
20110424066 17:00:00 91457 0 0
20110424067 17:10:00 62374 0 0
20110424068 17:20:00 64148 0 0
20110424069 17:30:00 13692 0 0
20110424070 17:40:00 11164 1 0
20110424071 17:50:00 05403 0 0
20110424072 18:00:00 28054 0 0
20110424073 18:10:00 10593 0 0
20110424074 18:20:00 04660 0 1
20110424075 18:30:00 59495 0 0
20110424076 18:40:00 62446 0 1
20110424077 18:50:00 12761 0 0
20110424078 19:00:00 36717 0 1
20110424079 19:10:00 10609 0 0
20110424080 19:20:00 27239 1 0
20110424081 19:30:00 50634 0 0
20110424082 19:40:00 71925 0 0
20110424083 19:50:00 12312 0 0
20110424084 20:00:00 72822 0 1
20110424085 20:10:00 69814 0 0
20110424086 20:20:00 50267 0 0
20110424087 20:30:00 77796 1 0
20110424088 20:40:00 04719 0 0
20110424089 20:50:00 58972 0 0
20110424090 21:00:00 07234 0 0
20110424091 21:10:00 46303 0 1
20110424092 21:20:00 76950 0 0
20110424093 21:30:00 70453 0 0
20110424094 21:40:00 82363 0 1
20110424095 21:50:00 85410 0 0
20110424096 22:00:00 90564 0 0
20110424097 22:05:00 67923 0 0
20110424098 22:10:00 15435 0 0
20110424099 22:15:00 47920 0 0
20110424100 22:20:00 55930 1 0
20110424101 22:25:00 48599 0 1
20110424102 22:30:00 63080 0 1
20110424103 22:35:00 76085 0 0
20110424104 22:40:00 41590 0 0
20110424105 22:45:00 29172 0 0
20110424106 22:50:00 28814 1 0
20110424107 22:55:00 81693 0 0
20110424108 23:00:00 99243 1 0
20110424109 23:05:00 08332 0 1
20110424110 23:10:00 35120 0 0
20110424111 23:15:00 26486 0 0
20110424112 23:20:00 25399 0 1
20110424113 23:25:00 80603 0 0
20110424114 23:30:00 47500 0 1
20110424115 23:35:00 36587 0 0
20110424116 23:40:00 33077 1 1
20110424117 23:45:00 63473 0 0
20110424118 23:50:00 66728 1 0
20110424119 23:55:00 87411 0 1
20110424120 00:00:00 63111 0 1
