20110406001 00:05:00 73696 0 1
20110406002 00:10:00 16636 1 1
20110406003 00:15:00 34537 0 0
20110406004 00:20:00 78965 0 0
20110406005 00:25:00 84055 0 1
20110406006 00:30:00 42614 0 0
20110406007 00:35:00 32482 0 0
20110406008 00:40:00 06116 0 1
20110406009 00:45:00 27016 0 0
20110406010 00:50:00 14577 0 1
20110406011 00:55:00 40556 0 1
20110406012 01:00:00 17069 0 0
20110406013 01:05:00 30449 0 1
20110406014 01:10:00 92291 1 0
20110406015 01:15:00 42612 0 0
20110406016 01:20:00 67781 1 0
20110406017 01:25:00 70724 1 0
20110406018 01:30:00 61289 0 0
20110406019 01:35:00 09762 0 0
20110406020 01:40:00 57744 1 1
20110406021 01:45:00 65730 0 0
20110406022 01:50:00 42317 0 0
20110406023 01:55:00 21248 1 0
20110406024 10:00:00 67267 0 0
20110406025 10:10:00 05885 0 1
20110406026 10:20:00 00363 1 1
20110406027 10:30:00 05252 0 1
20110406028 10:40:00 69887 0 1
20110406029 10:50:00 60073 1 0
20110406030 11:00:00 70762 1 0
20110406031 11:10:00 84941 0 0
20110406032 11:20:00 71023 0 0
20110406033 11:30:00 63592 0 0
20110406034 11:40:00 97802 0 0
20110406035 11:50:00 88747 1 1
20110406036 12:00:00 74204 0 0
20110406037 12:10:00 10165 1 0
20110406038 12:20:00 86163 0 0
20110406039 12:30:00 39711 0 1
20110406040 12:40:00 13132 1 0
20110406041 12:50:00 28248 1 0
20110406042 13:00:00 67332 0 1
20110406043 13:10:00 58088 0 1
20110406044 13:20:00 51558 1 1
20110406045 13:30:00 27946 0 0
20110406046 13:40:00 69099 0 1
20110406047 13:50:00 64348 0 0
20110406048 14:00:00 14837 0 0
20110406049 14:10:00 04034 1 0
20110406050 14:20:00 42063 0 0
20110406051 14:30:00 79326 0 0
20110406052 14:40:00 77188 1 1
20110406053 14:50:00 28401 0 0
20110406054 15:00:00 70085 1 0
20110406055 15:10:00 10913 0 0
20110406056 15:20:00 35381 1 0
20110406057 15:30:00 73805 0 0
20110406058 15:40:00 22836 1 0
20110406059 15:50:00 45308 0 0
20110406060 16:00:00 16760 0 0
20110406061 16:10:00 00229 1 1
20110406062 16:20:00 43928 0 0
20110406063 16:30:00 91301 0 0
20110406064 16:40:00 24941 0 0
20110406065 16:50:00 45801 0 0
20110406066 17:00:00 37078 0 0
20110406067 17:10:00 08053 1 0
20110406068 17:20:00 03007 1 1
20110406069 17:30:00 43720 0 0
20110406070 17:40:00 97164 0 0
20110406071 17:50:00 28444 0 1
20110406072 18:00:00 20092 1 0
20110406073 18:10:00 83235 0 0
20110406074 18:20:00 12907 0 0
20110406075 18:30:00 67479 0 0
20110406076 18:40:00 63200 0 1
20110406077 18:50:00 34192 0 0
20110406078 19:00:00 24061 0 0
20110406079 19:10:00 72021 0 0
20110406080 19:20:00 65200 0 1
20110406081 19:30:00 21354 0 0
20110406082 19:40:00 80377 0 1
20110406083 19:50:00 84355 0 1
20110406084 20:00:00 53358 1 0
20110406085 20:10:00 79058 0 0
20110406086 20:20:00 99585 1 1
20110406087 20:30:00 54065 0 0
20110406088 20:40:00 70721 1 0
20110406089 20:50:00 70392 0 0
20110406090 21:00:00 12290 1 0
20110406091 21:10:00 09850 0 0
20110406092 21:20:00 72939 0 1
20110406093 21:30:00 82254 1 0
20110406094 21:40:00 97750 1 0
20110406095 21:50:00 15258 0 0
20110406096 22:00:00 00819 1 0
20110406097 22:05:00 10070 1 1
20110406098 22:10:00 20465 0 0
20110406099 22:15:00 13306 1 0
20110406100 22:20:00 31622 0 1
20110406101 22:25:00 82866 1 1
20110406102 22:30:00 34549 0 0
20110406103 22:35:00 16587 0 0
20110406104 22:40:00 45244 0 1
20110406105 22:45:00 02092 1 0
20110406106 22:50:00 92456 0 0
20110406107 22:55:00 65503 1 0
20110406108 23:00:00 53181 0 1
20110406109 23:05:00 60447 0 1
20110406110 23:10:00 74179 0 0
20110406111 23:15:00 47089 0 0
20110406112 23:20:00 31468 0 0
20110406113 23:25:00 71153 1 0
20110406114 23:30:00 06879 0 0
20110406115 23:35:00 29801 0 0
20110406116 23:40:00 94207 0 0
20110406117 23:45:00 93987 1 0
20110406118 23:50:00 81964 0 0
20110406119 23:55:00 76600 1 1
20110406120 00:00:00 72777 1 1
