20110710001 00:05:00 45041 0 0
20110710002 00:10:00 38378 1 0
20110710003 00:15:00 35639 0 0
20110710004 00:20:00 82381 0 0
20110710005 00:25:00 30722 0 1
20110710006 00:30:00 58738 0 0
20110710007 00:35:00 43824 0 0
20110710008 00:40:00 23279 1 0
20110710009 00:45:00 12849 0 0
20110710010 00:50:00 43063 0 0
20110710011 00:55:00 01925 0 0
20110710012 01:00:00 32655 0 1
20110710013 01:05:00 07430 0 0
20110710014 01:10:00 03758 0 0
20110710015 01:15:00 23053 0 0
20110710016 01:20:00 29729 0 0
20110710017 01:25:00 76595 0 1
20110710018 01:30:00 78899 1 1
20110710019 01:35:00 46964 0 0
20110710020 01:40:00 64082 0 0
20110710021 01:45:00 44350 1 0
20110710022 01:50:00 34613 0 0
20110710023 01:55:00 38982 0 0
20110710024 10:00:00 76149 0 0
20110710025 10:10:00 42854 0 0
20110710026 10:20:00 62684 1 0
20110710027 10:30:00 96518 0 0
20110710028 10:40:00 44921 1 0
20110710029 10:50:00 16491 0 0
20110710030 11:00:00 53619 0 0
20110710031 11:10:00 42587 0 0
20110710032 11:20:00 79737 1 1
20110710033 11:30:00 40317 0 0
20110710034 11:40:00 63007 0 1
20110710035 11:50:00 72319 0 0
20110710036 12:00:00 45509 1 0
20110710037 12:10:00 38178 0 0
20110710038 12:20:00 08448 0 1
20110710039 12:30:00 03579 0 0
20110710040 12:40:00 57666 0 1
20110710041 12:50:00 02814 0 0
20110710042 13:00:00 23560 0 0
20110710043 13:10:00 92169 0 0
20110710044 13:20:00 13908 0 0
20110710045 13:30:00 46819 0 0
20110710046 13:40:00 73566 0 1
20110710047 13:50:00 81050 0 1
20110710048 14:00:00 94973 1 0
20110710049 14:10:00 28388 0 1
20110710050 14:20:00 26965 0 0
20110710051 14:30:00 49904 1 0
20110710052 14:40:00 90701 0 0
20110710053 14:50:00 08170 0 0
20110710054 15:00:00 83887 1 1
20110710055 15:10:00 67808 0 1
20110710056 15:20:00 33405 1 0
20110710057 15:30:00 61381 0 0
20110710058 15:40:00 91255 0 1
20110710059 15:50:00 81101 1 1
20110710060 16:00:00 78793 1 0
20110710061 16:10:00 05540 1 0
20110710062 16:20:00 29433 0 1
20110710063 16:30:00 40041 1 0
20110710064 16:40:00 29582 0 0
20110710065 16:50:00 81263 0 0
20110710066 17:00:00 57777 1 1
20110710067 17:10:00 79895 0 0
20110710068 17:20:00 53028 0 0
20110710069 17:30:00 27899 0 1
20110710070 17:40:00 89690 0 0
20110710071 17:50:00 62998 0 1
20110710072 18:00:00 14732 0 0
20110710073 18:10:00 08366 0 1
20110710074 18:20:00 35823 0 0
20110710075 18:30:00 58153 0 0
20110710076 18:40:00 12930 0 0
20110710077 18:50:00 74374 0 0
20110710078 19:00:00 92643 0 0
20110710079 19:10:00 45317 0 0
20110710080 19:20:00 64846 0 0
20110710081 19:30:00 10336 0 1
20110710082 19:40:00 52739 0 0
20110710083 19:50:00 30818 0 1
20110710084 20:00:00 75538 1 0
20110710085 20:10:00 63672 1 0
20110710086 20:20:00 70054 1 0
20110710087 20:30:00 53517 1 0
20110710088 20:40:00 34535 0 1
20110710089 20:50:00 30820 0 0
20110710090 21:00:00 86701 0 0
20110710091 21:10:00 23251 1 0
20110710092 21:20:00 89132 0 0
20110710093 21:30:00 29038 0 0
20110710094 21:40:00 32472 0 0
20110710095 21:50:00 49745 0 0
20110710096 22:00:00 61810 0 0
20110710097 22:05:00 76322 0 1
20110710098 22:10:00 45681 0 0
20110710099 22:15:00 90897 0 0
20110710100 22:20:00 46948 0 0
20110710101 22:25:00 57425 0 0
20110710102 22:30:00 97241 0 0
20110710103 22:35:00 76136 0 0
20110710104 22:40:00 76674 1 0
20110710105 22:45:00 20214 1 0
20110710106 22:50:00 48386 0 0
20110710107 22:55:00 20151 0 1
20110710108 23:00:00 49757 0 1
20110710109 23:05:00 35228 0 1
20110710110 23:10:00 42486 1 0
20110710111 23:15:00 07557 0 1
20110710112 23:20:00 25182 0 0
20110710113 23:25:00 00725 1 0
20110710114 23:30:00 38577 0 1
20110710115 23:35:00 80279 0 0
20110710116 23:40:00 84708 0 0
20110710117 23:45:00 47649 0 0
20110710118 23:50:00 78773 1 1
20110710119 23:55:00 27380 0 0
20110710120 00:00:00 27047 0 0
