20110122001 00:05:00 42197 0 0
20110122002 00:10:00 68515 0 1
20110122003 00:15:00 89582 0 0
20110122004 00:20:00 90510 0 0
20110122005 00:25:00 71990 0 1
20110122006 00:30:00 43948 0 0
20110122007 00:35:00 26863 0 0
20110122008 00:40:00 98367 0 0
20110122009 00:45:00 88051 1 0
20110122010 00:50:00 13182 1 0
20110122011 00:55:00 35823 0 0
20110122012 01:00:00 91807 0 0
20110122013 01:05:00 05923 0 0
20110122014 01:10:00 38087 0 0
20110122015 01:15:00 89111 0 1
20110122016 01:20:00 98780 0 0
20110122017 01:25:00 21524 0 0
20110122018 01:30:00 42904 0 0
20110122019 01:35:00 72346 0 0
20110122020 01:40:00 89549 0 0
20110122021 01:45:00 20948 0 0
20110122022 01:50:00 96268 0 0
20110122023 01:55:00 78163 0 0
20110122024 10:00:00 19320 0 0
20110122025 10:10:00 67206 0 0
20110122026 10:20:00 61417 0 0
20110122027 10:30:00 65854 0 0
20110122028 10:40:00 14822 0 1
20110122029 10:50:00 70344 0 1
20110122030 11:00:00 69348 0 0
20110122031 11:10:00 32342 1 0
20110122032 11:20:00 27396 0 0
20110122033 11:30:00 78718 1 0
20110122034 11:40:00 18527 0 0
20110122035 11:50:00 33544 1 1
20110122036 12:00:00 15262 0 1
20110122037 12:10:00 77067 1 0
20110122038 12:20:00 36766 0 1
20110122039 12:30:00 46647 1 0
20110122040 12:40:00 87524 0 0
20110122041 12:50:00 27567 0 0
20110122042 13:00:00 04526 0 0
20110122043 13:10:00 58172 0 0
20110122044 13:20:00 61092 0 0
20110122045 13:30:00 81516 0 0
20110122046 13:40:00 17744 1 1
20110122047 13:50:00 88683 1 0
20110122048 14:00:00 05082 1 0
20110122049 14:10:00 91123 1 0
20110122050 14:20:00 81464 0 1
20110122051 14:30:00 00835 1 0
20110122052 14:40:00 60842 0 0
20110122053 14:50:00 78445 0 1
20110122054 15:00:00 51689 0 0
20110122055 15:10:00 07986 0 0
20110122056 15:20:00 08133 0 1
20110122057 15:30:00 51761 0 0
20110122058 15:40:00 34115 0 1
20110122059 15:50:00 21202 1 1
20110122060 16:00:00 85853 1 0
20110122061 16:10:00 76277 0 1
20110122062 16:20:00 02669 0 1
20110122063 16:30:00 00155 1 1
20110122064 16:40:00 87824 1 0
20110122065 16:50:00 44772 1 1
20110122066 17:00:00 10606 0 1
20110122067 17:10:00 76146 0 0
20110122068 17:20:00 86279 0 0
20110122069 17:30:00 06783 0 0
20110122070 17:40:00 80802 1 0
20110122071 17:50:00 40930 0 0
20110122072 18:00:00 08624 0 0
20110122073 18:10:00 74672 0 0
20110122074 18:20:00 28867 1 0
20110122075 18:30:00 78775 1 1
20110122076 18:40:00 04234 0 0
20110122077 18:50:00 61442 0 1
20110122078 19:00:00 69774 0 1
20110122079 19:10:00 53490 0 0
20110122080 19:20:00 81492 0 0
20110122081 19:30:00 76799 1 1
20110122082 19:40:00 11709 1 0
20110122083 19:50:00 52826 0 0
20110122084 20:00:00 04384 0 0
20110122085 20:10:00 67233 0 1
20110122086 20:20:00 24591 0 0
20110122087 20:30:00 68021 0 0
20110122088 20:40:00 87892 1 0
20110122089 20:50:00 75317 0 0
20110122090 21:00:00 26590 0 0
20110122091 21:10:00 09561 0 0
20110122092 21:20:00 77983 1 0
20110122093 21:30:00 13580 0 0
20110122094 21:40:00 59506 1 0
20110122095 21:50:00 26532 0 0
20110122096 22:00:00 46468 1 0
20110122097 22:05:00 98312 0 0
20110122098 22:10:00 77865 1 0
20110122099 22:15:00 61169 1 0
20110122100 22:20:00 10834 0 0
20110122101 22:25:00 84080 0 1
20110122102 22:30:00 29366 0 1
20110122103 22:35:00 18366 0 1
20110122104 22:40:00 26959 0 1
20110122105 22:45:00 65588 1 1
20110122106 22:50:00 79220 0 1
20110122107 22:55:00 58175 0 0
20110122108 23:00:00 51493 0 0
20110122109 23:05:00 47164 0 0
20110122110 23:10:00 32966 0 1
20110122111 23:15:00 93401 0 0
20110122112 23:20:00 74582 0 0
20110122113 23:25:00 95145 0 0
20110122114 23:30:00 40482 1 0
20110122115 23:35:00 65051 0 0
20110122116 23:40:00 51148 1 0
20110122117 23:45:00 37804 0 0
20110122118 23:50:00 24450 1 0
20110122119 23:55:00 22046 1 0
20110122120 00:00:00 57790 1 0
