20110220001 00:05:00 89192 0 0
20110220002 00:10:00 26253 1 0
20110220003 00:15:00 27376 0 0
20110220004 00:20:00 62444 0 1
20110220005 00:25:00 12150 1 0
20110220006 00:30:00 48694 0 0
20110220007 00:35:00 83391 1 0
20110220008 00:40:00 88507 1 0
20110220009 00:45:00 62270 1 0
20110220010 00:50:00 51928 0 0
20110220011 00:55:00 15199 1 1
20110220012 01:00:00 43029 0 0
20110220013 01:05:00 43318 1 0
20110220014 01:10:00 76740 1 0
20110220015 01:15:00 82384 0 0
20110220016 01:20:00 92103 0 0
20110220017 01:25:00 18642 0 0
20110220018 01:30:00 19764 0 0
20110220019 01:35:00 33943 1 0
20110220020 01:40:00 93799 0 1
20110220021 01:45:00 44390 1 0
20110220022 01:50:00 82619 0 0
20110220023 01:55:00 48898 1 1
20110220024 10:00:00 81712 0 0
20110220025 10:10:00 29219 1 0
20110220026 10:20:00 08808 1 1
20110220027 10:30:00 35745 0 0
20110220028 10:40:00 07047 1 0
20110220029 10:50:00 28712 0 0
20110220030 11:00:00 89833 1 1
20110220031 11:10:00 38157 0 0
20110220032 11:20:00 17117 1 1
20110220033 11:30:00 93105 0 0
20110220034 11:40:00 38370 1 0
20110220035 11:50:00 55441 1 1
20110220036 12:00:00 58229 0 1
20110220037 12:10:00 84360 0 0
20110220038 12:20:00 15033 0 1
20110220039 12:30:00 22002 1 1
20110220040 12:40:00 99666 1 1
20110220041 12:50:00 74839 0 0
20110220042 13:00:00 05898 0 1
20110220043 13:10:00 34417 1 0
20110220044 13:20:00 05600 0 1
20110220045 13:30:00 88293 1 0
20110220046 13:40:00 20254 1 0
20110220047 13:50:00 36902 0 0
20110220048 14:00:00 63021 0 0
20110220049 14:10:00 99131 1 1
20110220050 14:20:00 01071 1 0
20110220051 14:30:00 29377 0 1
20110220052 14:40:00 92266 1 1
20110220053 14:50:00 47937 0 0
20110220054 15:00:00 22995 1 1
20110220055 15:10:00 81014 0 0
20110220056 15:20:00 67574 0 0
20110220057 15:30:00 87902 0 0
20110220058 15:40:00 41584 0 0
20110220059 15:50:00 84907 0 0
20110220060 16:00:00 75201 0 0
20110220061 16:10:00 13403 0 0
20110220062 16:20:00 33911 1 1
20110220063 16:30:00 77824 1 0
20110220064 16:40:00 44631 1 0
20110220065 16:50:00 54987 0 0
20110220066 17:00:00 47921 0 0
20110220067 17:10:00 18155 1 1
20110220068 17:20:00 48549 0 0
20110220069 17:30:00 88520 1 0
20110220070 17:40:00 22605 1 0
20110220071 17:50:00 75324 0 0
20110220072 18:00:00 34605 0 0
20110220073 18:10:00 63416 0 0
20110220074 18:20:00 15259 0 0
20110220075 18:30:00 24352 0 0
20110220076 18:40:00 96265 0 0
20110220077 18:50:00 18454 0 1
20110220078 19:00:00 02392 0 0
20110220079 19:10:00 90441 0 1
20110220080 19:20:00 35002 0 1
20110220081 19:30:00 22964 1 0
20110220082 19:40:00 26331 0 1
20110220083 19:50:00 96265 0 0
20110220084 20:00:00 93936 1 0
20110220085 20:10:00 87120 0 0
20110220086 20:20:00 35871 0 0
20110220087 20:30:00 02131 0 1
20110220088 20:40:00 31288 0 1
20110220089 20:50:00 29317 0 0
20110220090 21:00:00 43834 0 0
20110220091 21:10:00 97071 0 0
20110220092 21:20:00 53433 0 1
20110220093 21:30:00 28889 1 1
20110220094 21:40:00 50048 1 0
20110220095 21:50:00 56905 0 0
20110220096 22:00:00 84656 0 1
20110220097 22:05:00 43605 0 0
20110220098 22:10:00 04059 1 0
20110220099 22:15:00 32010 0 1
20110220100 22:20:00 14874 0 0
20110220101 22:25:00 41006 0 1
20110220102 22:30:00 75777 1 1
20110220103 22:35:00 49600 0 1
20110220104 22:40:00 92815 0 0
20110220105 22:45:00 03189 0 0
20110220106 22:50:00 08898 1 1
20110220107 22:55:00 60039 1 0
20110220108 23:00:00 00573 1 0
20110220109 23:05:00 28080 0 1
20110220110 23:10:00 77819 1 0
20110220111 23:15:00 05746 0 0
20110220112 23:20:00 19367 0 0
20110220113 23:25:00 12162 1 0
20110220114 23:30:00 42942 0 0
20110220115 23:35:00 37794 1 0
20110220116 23:40:00 30566 0 1
20110220117 23:45:00 35540 1 0
20110220118 23:50:00 59766 0 1
20110220119 23:55:00 30301 1 0
20110220120 00:00:00 44934 1 0
