20110918001 00:05:00 75139 0 0
20110918002 00:10:00 20686 0 1
20110918003 00:15:00 53502 1 0
20110918004 00:20:00 59588 1 1
20110918005 00:25:00 74378 0 0
20110918006 00:30:00 26070 0 1
20110918007 00:35:00 70660 0 1
20110918008 00:40:00 77287 1 0
20110918009 00:45:00 76908 0 0
20110918010 00:50:00 78792 1 0
20110918011 00:55:00 73415 0 0
20110918012 01:00:00 73706 1 0
20110918013 01:05:00 54818 0 1
20110918014 01:10:00 20351 0 0
20110918015 01:15:00 13946 0 0
20110918016 01:20:00 12760 0 0
20110918017 01:25:00 42646 0 1
20110918018 01:30:00 62991 0 1
20110918019 01:35:00 57953 0 0
20110918020 01:40:00 40558 0 1
20110918021 01:45:00 37760 1 0
20110918022 01:50:00 69011 0 1
20110918023 01:55:00 05507 1 0
20110918024 10:00:00 08720 0 0
20110918025 10:10:00 91047 0 0
20110918026 10:20:00 99194 1 0
20110918027 10:30:00 23871 0 0
20110918028 10:40:00 24907 0 0
20110918029 10:50:00 64566 0 1
20110918030 11:00:00 36745 0 0
20110918031 11:10:00 96654 1 0
20110918032 11:20:00 49144 0 1
20110918033 11:30:00 90750 0 0
20110918034 11:40:00 71277 0 1
20110918035 11:50:00 21172 1 0
20110918036 12:00:00 34700 0 1
20110918037 12:10:00 58136 0 0
20110918038 12:20:00 43950 0 0
20110918039 12:30:00 03162 0 0
20110918040 12:40:00 19053 0 0
20110918041 12:50:00 58358 0 0
20110918042 13:00:00 75910 0 0
20110918043 13:10:00 32779 0 1
20110918044 13:20:00 77421 1 0
20110918045 13:30:00 10067 1 0
20110918046 13:40:00 67942 0 0
20110918047 13:50:00 27776 1 1
20110918048 14:00:00 95755 0 1
20110918049 14:10:00 32674 0 0
20110918050 14:20:00 34683 0 0
20110918051 14:30:00 78431 0 0
20110918052 14:40:00 16349 0 0
20110918053 14:50:00 63674 1 0
20110918054 15:00:00 24221 1 1
20110918055 15:10:00 35714 0 0
20110918056 15:20:00 34984 0 0
20110918057 15:30:00 23406 0 0
20110918058 15:40:00 17452 0 0
20110918059 15:50:00 25107 0 0
20110918060 16:00:00 63056 0 0
20110918061 16:10:00 38846 1 0
20110918062 16:20:00 68962 0 0
20110918063 16:30:00 85991 0 1
20110918064 16:40:00 41342 0 0
20110918065 16:50:00 48883 1 1
20110918066 17:00:00 04486 1 0
20110918067 17:10:00 08974 0 0
20110918068 17:20:00 84244 0 1
20110918069 17:30:00 64888 0 1
20110918070 17:40:00 93499 0 1
20110918071 17:50:00 03733 0 1
20110918072 18:00:00 22098 1 0
20110918073 18:10:00 87806 1 0
20110918074 18:20:00 74234 0 0
20110918075 18:30:00 03073 1 0
20110918076 18:40:00 09448 0 1
20110918077 18:50:00 51749 0 0
20110918078 19:00:00 99768 1 0
20110918079 19:10:00 69436 0 0
20110918080 19:20:00 62525 0 1
20110918081 19:30:00 95886 0 1
20110918082 19:40:00 18961 0 0
20110918083 19:50:00 41868 0 1
20110918084 20:00:00 44831 1 0
20110918085 20:10:00 65111 0 1
20110918086 20:20:00 38899 1 1
20110918087 20:30:00 20470 0 0
20110918088 20:40:00 84507 0 0
20110918089 20:50:00 07707 1 1
20110918090 21:00:00 92353 0 1
20110918091 21:10:00 91409 0 0
20110918092 21:20:00 09880 0 1
20110918093 21:30:00 61699 1 1
20110918094 21:40:00 98839 1 0
20110918095 21:50:00 93712 0 0
20110918096 22:00:00 60552 0 1
20110918097 22:05:00 26894 0 0
20110918098 22:10:00 19731 0 0
20110918099 22:15:00 90447 0 1
20110918100 22:20:00 90923 1 0
20110918101 22:25:00 99311 1 1
20110918102 22:30:00 98021 0 0
20110918103 22:35:00 39614 0 0
20110918104 22:40:00 10943 0 0
20110918105 22:45:00 76531 0 0
20110918106 22:50:00 27945 0 0
20110918107 22:55:00 90033 1 1
20110918108 23:00:00 02878 0 1
20110918109 23:05:00 61825 0 0
20110918110 23:10:00 06663 1 1
20110918111 23:15:00 18988 0 1
20110918112 23:20:00 08466 0 1
20110918113 23:25:00 32159 0 0
20110918114 23:30:00 33679 1 0
20110918115 23:35:00 17463 0 0
20110918116 23:40:00 93765 0 0
20110918117 23:45:00 26104 0 0
20110918118 23:50:00 12945 0 0
20110918119 23:55:00 00023 1 0
20110918120 00:00:00 35322 1 1
