20110731001 00:05:00 85723 0 0
20110731002 00:10:00 83820 1 0
20110731003 00:15:00 85579 1 0
20110731004 00:20:00 07085 1 0
20110731005 00:25:00 31091 0 0
20110731006 00:30:00 26320 0 0
20110731007 00:35:00 59799 0 1
20110731008 00:40:00 82461 0 0
20110731009 00:45:00 85969 0 1
20110731010 00:50:00 25124 0 0
20110731011 00:55:00 74928 0 0
20110731012 01:00:00 10573 0 0
20110731013 01:05:00 97368 0 0
20110731014 01:10:00 87331 0 1
20110731015 01:15:00 98811 1 1
20110731016 01:20:00 58402 0 0
20110731017 01:25:00 63530 0 0
20110731018 01:30:00 74294 0 0
20110731019 01:35:00 40707 0 1
20110731020 01:40:00 81658 0 0
20110731021 01:45:00 49287 0 0
20110731022 01:50:00 78031 0 0
20110731023 01:55:00 12117 1 1
20110731024 10:00:00 52106 0 0
20110731025 10:10:00 11199 1 1
20110731026 10:20:00 20930 0 0
20110731027 10:30:00 71019 0 0
20110731028 10:40:00 81271 0 0
20110731029 10:50:00 09919 1 1
20110731030 11:00:00 83320 1 0
20110731031 11:10:00 78312 0 0
20110731032 11:20:00 92215 1 0
20110731033 11:30:00 97270 0 0
20110731034 11:40:00 80635 0 0
20110731035 11:50:00 41673 0 0
20110731036 12:00:00 67269 0 0
20110731037 12:10:00 64753 0 0
20110731038 12:20:00 72178 0 0
20110731039 12:30:00 43661 0 1
20110731040 12:40:00 82397 0 0
20110731041 12:50:00 36438 0 0
20110731042 13:00:00 51280 0 0
20110731043 13:10:00 81690 0 0
20110731044 13:20:00 64896 0 0
20110731045 13:30:00 86559 0 1
20110731046 13:40:00 70505 0 1
20110731047 13:50:00 87089 0 0
20110731048 14:00:00 57544 1 1
20110731049 14:10:00 45119 0 1
20110731050 14:20:00 19389 0 0
20110731051 14:30:00 30088 1 1
20110731052 14:40:00 60634 1 0
20110731053 14:50:00 88737 1 1
20110731054 15:00:00 51699 0 1
20110731055 15:10:00 98497 0 0
20110731056 15:20:00 22814 1 0
20110731057 15:30:00 18943 0 0
20110731058 15:40:00 91091 0 0
20110731059 15:50:00 00164 1 0
20110731060 16:00:00 76044 0 1
20110731061 16:10:00 05080 1 1
20110731062 16:20:00 79294 0 0
20110731063 16:30:00 38196 0 0
20110731064 16:40:00 45895 0 0
20110731065 16:50:00 30823 0 0
20110731066 17:00:00 80134 0 0
20110731067 17:10:00 50898 0 1
20110731068 17:20:00 38882 1 1
20110731069 17:30:00 34747 0 1
20110731070 17:40:00 81635 0 0
20110731071 17:50:00 24029 0 0
20110731072 18:00:00 97415 0 0
20110731073 18:10:00 98148 0 0
20110731074 18:20:00 23689 0 0
20110731075 18:30:00 88237 1 0
20110731076 18:40:00 37909 0 1
20110731077 18:50:00 96432 0 0
20110731078 19:00:00 84159 0 0
20110731079 19:10:00 23405 0 0
20110731080 19:20:00 86094 0 0
20110731081 19:30:00 96632 1 0
20110731082 19:40:00 99262 1 1
20110731083 19:50:00 64485 1 0
20110731084 20:00:00 94847 0 0
20110731085 20:10:00 99212 1 1
20110731086 20:20:00 60681 1 0
20110731087 20:30:00 51606 0 1
20110731088 20:40:00 36966 0 1
20110731089 20:50:00 87906 0 0
20110731090 21:00:00 21436 0 0
20110731091 21:10:00 45395 0 0
20110731092 21:20:00 47243 0 0
20110731093 21:30:00 61441 0 1
20110731094 21:40:00 08998 0 1
20110731095 21:50:00 35616 0 1
20110731096 22:00:00 29499 0 1
20110731097 22:05:00 29740 0 0
20110731098 22:10:00 74247 0 0
20110731099 22:15:00 20481 0 0
20110731100 22:20:00 44140 1 0
20110731101 22:25:00 83138 0 0
20110731102 22:30:00 16826 0 0
20110731103 22:35:00 42438 1 0
20110731104 22:40:00 45223 0 1
20110731105 22:45:00 72520 0 0
20110731106 22:50:00 94119 0 1
20110731107 22:55:00 17572 0 0
20110731108 23:00:00 63245 0 0
20110731109 23:05:00 88774 1 1
20110731110 23:10:00 65859 0 0
20110731111 23:15:00 95019 0 0
20110731112 23:20:00 52185 0 0
20110731113 23:25:00 99255 1 1
20110731114 23:30:00 50145 0 0
20110731115 23:35:00 65161 0 1
20110731116 23:40:00 40260 0 0
20110731117 23:45:00 52302 0 0
20110731118 23:50:00 29842 0 0
20110731119 23:55:00 55969 1 1
20110731120 00:00:00 78092 0 0
