20110404001 00:05:00 71104 1 0
20110404002 00:10:00 90710 0 0
20110404003 00:15:00 72972 0 0
20110404004 00:20:00 94873 0 0
20110404005 00:25:00 14089 0 0
20110404006 00:30:00 26966 0 1
20110404007 00:35:00 35490 0 0
20110404008 00:40:00 78892 1 0
20110404009 00:45:00 58853 1 0
20110404010 00:50:00 81723 0 0
20110404011 00:55:00 59257 0 0
20110404012 01:00:00 65449 0 1
20110404013 01:05:00 36318 1 0
20110404014 01:10:00 43370 1 0
20110404015 01:15:00 87075 0 0
20110404016 01:20:00 89667 0 1
20110404017 01:25:00 61222 0 1
20110404018 01:30:00 85838 1 1
20110404019 01:35:00 77664 1 1
20110404020 01:40:00 71964 0 0
20110404021 01:45:00 73061 0 0
20110404022 01:50:00 92893 0 0
20110404023 01:55:00 37615 0 0
20110404024 10:00:00 89756 0 0
20110404025 10:10:00 82732 0 0
20110404026 10:20:00 37720 1 0
20110404027 10:30:00 54643 0 0
20110404028 10:40:00 41557 0 1
20110404029 10:50:00 51585 1 1
20110404030 11:00:00 12782 0 0
20110404031 11:10:00 05545 1 1
20110404032 11:20:00 16101 1 1
20110404033 11:30:00 82647 0 0
20110404034 11:40:00 22897 1 0
20110404035 11:50:00 03996 0 1
20110404036 12:00:00 97894 0 0
20110404037 12:10:00 99273 1 0
20110404038 12:20:00 08488 0 1
20110404039 12:30:00 59822 0 1
20110404040 12:40:00 47811 0 1
20110404041 12:50:00 59712 0 0
20110404042 13:00:00 49158 0 0
20110404043 13:10:00 05891 0 0
20110404044 13:20:00 18097 0 0
20110404045 13:30:00 50017 1 0
20110404046 13:40:00 47077 0 1
20110404047 13:50:00 89020 0 1
20110404048 14:00:00 01477 0 1
20110404049 14:10:00 98054 0 0
20110404050 14:20:00 20059 1 0
20110404051 14:30:00 15374 0 0
20110404052 14:40:00 42130 0 0
20110404053 14:50:00 99870 1 0
20110404054 15:00:00 75647 0 0
20110404055 15:10:00 36758 0 0
20110404056 15:20:00 48871 1 0
20110404057 15:30:00 77752 1 0
20110404058 15:40:00 77645 1 0
20110404059 15:50:00 29678 0 0
20110404060 16:00:00 37757 1 1
20110404061 16:10:00 14112 1 1
20110404062 16:20:00 28025 0 0
20110404063 16:30:00 76332 0 1
20110404064 16:40:00 65877 0 1
20110404065 16:50:00 85021 0 0
20110404066 17:00:00 37169 0 0
20110404067 17:10:00 50968 0 0
20110404068 17:20:00 17337 0 1
20110404069 17:30:00 49972 1 0
20110404070 17:40:00 17733 1 1
20110404071 17:50:00 41221 0 1
20110404072 18:00:00 85435 0 0
20110404073 18:10:00 31192 1 0
20110404074 18:20:00 41372 0 0
20110404075 18:30:00 00961 1 0
20110404076 18:40:00 68909 0 1
20110404077 18:50:00 97834 0 0
20110404078 19:00:00 75459 0 0
20110404079 19:10:00 83433 0 1
20110404080 19:20:00 07569 0 0
20110404081 19:30:00 34559 0 1
20110404082 19:40:00 33173 1 0
20110404083 19:50:00 38177 0 1
20110404084 20:00:00 80255 0 1
20110404085 20:10:00 51047 0 0
20110404086 20:20:00 76360 0 0
20110404087 20:30:00 00869 1 0
20110404088 20:40:00 97291 0 0
20110404089 20:50:00 01814 0 0
20110404090 21:00:00 60099 1 1
20110404091 21:10:00 52816 0 0
20110404092 21:20:00 04054 1 0
20110404093 21:30:00 99279 1 0
20110404094 21:40:00 24318 0 0
20110404095 21:50:00 34841 0 0
20110404096 22:00:00 38082 0 0
20110404097 22:05:00 69491 0 0
20110404098 22:10:00 22396 1 0
20110404099 22:15:00 58172 0 0
20110404100 22:20:00 85164 0 0
20110404101 22:25:00 52774 0 1
20110404102 22:30:00 46930 0 0
20110404103 22:35:00 72260 1 0
20110404104 22:40:00 66942 1 0
20110404105 22:45:00 59105 0 0
20110404106 22:50:00 90393 0 1
20110404107 22:55:00 66247 1 0
20110404108 23:00:00 10317 0 0
20110404109 23:05:00 11790 1 0
20110404110 23:10:00 14257 0 0
20110404111 23:15:00 71453 0 0
20110404112 23:20:00 34188 0 1
20110404113 23:25:00 16585 0 1
20110404114 23:30:00 46132 0 0
20110404115 23:35:00 01914 0 0
20110404116 23:40:00 45431 1 0
20110404117 23:45:00 79934 1 0
20110404118 23:50:00 43582 0 0
20110404119 23:55:00 27239 1 0
20110404120 00:00:00 38236 0 0
