20111216001 00:05:00 83133 0 1
20111216002 00:10:00 18689 0 0
20111216003 00:15:00 69866 0 1
20111216004 00:20:00 64946 0 0
20111216005 00:25:00 36948 0 0
20111216006 00:30:00 86046 0 0
20111216007 00:35:00 86231 0 0
20111216008 00:40:00 08148 0 0
20111216009 00:45:00 63484 0 1
20111216010 00:50:00 83064 0 0
20111216011 00:55:00 89406 0 0
20111216012 01:00:00 87546 0 0
20111216013 01:05:00 33065 1 0
20111216014 01:10:00 87584 0 0
20111216015 01:15:00 70022 1 1
20111216016 01:20:00 20455 0 1
20111216017 01:25:00 27574 0 0
20111216018 01:30:00 23189 0 0
20111216019 01:35:00 53298 0 0
20111216020 01:40:00 58094 0 0
20111216021 01:45:00 76044 0 1
20111216022 01:50:00 58287 0 0
20111216023 01:55:00 96009 0 1
20111216024 10:00:00 41086 0 0
20111216025 10:10:00 34261 0 0
20111216026 10:20:00 75952 0 0
20111216027 10:30:00 17849 0 0
20111216028 10:40:00 81626 0 1
20111216029 10:50:00 33950 1 0
20111216030 11:00:00 07507 0 0
20111216031 11:10:00 47924 0 0
20111216032 11:20:00 58608 0 0
20111216033 11:30:00 72060 0 1
20111216034 11:40:00 94685 0 0
20111216035 11:50:00 40352 0 0
20111216036 12:00:00 91990 1 1
20111216037 12:10:00 51469 0 0
20111216038 12:20:00 99091 1 0
20111216039 12:30:00 65769 0 0
20111216040 12:40:00 45738 0 0
20111216041 12:50:00 49776 0 1
20111216042 13:00:00 14416 1 0
20111216043 13:10:00 53725 0 0
20111216044 13:20:00 89031 0 0
20111216045 13:30:00 81773 0 1
20111216046 13:40:00 89097 0 0
20111216047 13:50:00 43462 1 0
20111216048 14:00:00 40717 0 1
20111216049 14:10:00 43167 0 0
20111216050 14:20:00 41126 1 0
20111216051 14:30:00 65717 0 1
20111216052 14:40:00 35463 0 0
20111216053 14:50:00 36195 0 0
20111216054 15:00:00 14445 1 1
20111216055 15:10:00 74759 1 0
20111216056 15:20:00 69178 0 0
20111216057 15:30:00 46684 1 0
20111216058 15:40:00 98110 0 1
20111216059 15:50:00 56257 0 0
20111216060 16:00:00 90522 0 1
20111216061 16:10:00 45957 0 0
20111216062 16:20:00 65290 0 0
20111216063 16:30:00 10076 1 0
20111216064 16:40:00 56751 0 0
20111216065 16:50:00 93620 0 0
20111216066 17:00:00 46334 0 1
20111216067 17:10:00 21573 0 0
20111216068 17:20:00 80699 0 1
20111216069 17:30:00 76834 0 0
20111216070 17:40:00 96881 0 1
20111216071 17:50:00 73330 1 1
20111216072 18:00:00 33008 1 1
20111216073 18:10:00 21363 0 1
20111216074 18:20:00 58276 0 0
20111216075 18:30:00 00350 1 0
20111216076 18:40:00 10288 0 1
20111216077 18:50:00 18688 0 1
20111216078 19:00:00 14088 0 1
20111216079 19:10:00 08235 0 0
20111216080 19:20:00 18752 0 0
20111216081 19:30:00 80092 1 0
20111216082 19:40:00 00077 1 1
20111216083 19:50:00 62667 1 1
20111216084 20:00:00 49332 0 1
20111216085 20:10:00 12313 0 1
20111216086 20:20:00 18494 0 1
20111216087 20:30:00 30587 0 0
20111216088 20:40:00 39445 0 1
20111216089 20:50:00 44669 1 1
20111216090 21:00:00 11296 1 0
20111216091 21:10:00 07807 0 0
20111216092 21:20:00 43786 0 0
20111216093 21:30:00 67413 0 0
20111216094 21:40:00 30447 0 1
20111216095 21:50:00 88389 1 0
20111216096 22:00:00 20949 0 1
20111216097 22:05:00 28894 1 0
20111216098 22:10:00 34389 1 0
20111216099 22:15:00 54649 0 0
20111216100 22:20:00 59603 0 0
20111216101 22:25:00 87776 1 1
20111216102 22:30:00 06580 0 0
20111216103 22:35:00 52155 0 1
20111216104 22:40:00 08294 0 0
20111216105 22:45:00 18172 1 0
20111216106 22:50:00 45980 0 0
20111216107 22:55:00 94027 0 0
20111216108 23:00:00 64917 0 0
20111216109 23:05:00 47625 0 0
20111216110 23:10:00 81271 0 0
20111216111 23:15:00 32661 0 1
20111216112 23:20:00 52963 0 0
20111216113 23:25:00 75641 0 0
20111216114 23:30:00 08599 0 1
20111216115 23:35:00 97161 0 1
20111216116 23:40:00 28970 0 0
20111216117 23:45:00 91550 0 1
20111216118 23:50:00 46728 0 0
20111216119 23:55:00 93342 1 0
20111216120 00:00:00 55101 1 1
