20110724001 00:05:00 63694 1 0
20110724002 00:10:00 39623 0 0
20110724003 00:15:00 23594 0 0
20110724004 00:20:00 06002 1 1
20110724005 00:25:00 45803 0 0
20110724006 00:30:00 42557 0 1
20110724007 00:35:00 00445 1 1
20110724008 00:40:00 51179 1 0
20110724009 00:45:00 48182 0 0
20110724010 00:50:00 12059 0 0
20110724011 00:55:00 32304 1 0
20110724012 01:00:00 82536 0 0
20110724013 01:05:00 50068 1 0
20110724014 01:10:00 81754 0 0
20110724015 01:15:00 53414 0 1
20110724016 01:20:00 67662 1 1
20110724017 01:25:00 98156 0 0
20110724018 01:30:00 22551 1 1
20110724019 01:35:00 42346 0 0
20110724020 01:40:00 67735 1 0
20110724021 01:45:00 90087 1 0
20110724022 01:50:00 97000 0 1
20110724023 01:55:00 10762 0 0
20110724024 10:00:00 49950 1 0
20110724025 10:10:00 76454 0 1
20110724026 10:20:00 42417 1 0
20110724027 10:30:00 71415 0 0
20110724028 10:40:00 05329 0 0
20110724029 10:50:00 71095 0 0
20110724030 11:00:00 99262 1 1
20110724031 11:10:00 10712 0 0
20110724032 11:20:00 35750 0 0
20110724033 11:30:00 00289 1 0
20110724034 11:40:00 40944 0 1
20110724035 11:50:00 28684 0 0
20110724036 12:00:00 58425 0 0
20110724037 12:10:00 22926 1 0
20110724038 12:20:00 75628 0 0
20110724039 12:30:00 80247 0 0
20110724040 12:40:00 97292 0 1
20110724041 12:50:00 16191 1 1
20110724042 13:00:00 35971 0 0
20110724043 13:10:00 69476 0 0
20110724044 13:20:00 20807 0 0
20110724045 13:30:00 60153 0 0
20110724046 13:40:00 50779 0 1
20110724047 13:50:00 21704 0 0
20110724048 14:00:00 21212 1 1
20110724049 14:10:00 13326 1 0
20110724050 14:20:00 47695 0 0
20110724051 14:30:00 18548 0 0
20110724052 14:40:00 31552 0 1
20110724053 14:50:00 71762 1 0
20110724054 15:00:00 04427 1 0
20110724055 15:10:00 06801 0 0
20110724056 15:20:00 78477 0 1
20110724057 15:30:00 10072 1 0
20110724058 15:40:00 00264 1 0
20110724059 15:50:00 76114 0 1
20110724060 16:00:00 28111 0 1
20110724061 16:10:00 44804 1 0
20110724062 16:20:00 58283 0 0
20110724063 16:30:00 86655 1 1
20110724064 16:40:00 77286 1 0
20110724065 16:50:00 61202 0 1
20110724066 17:00:00 18417 0 0
20110724067 17:10:00 19405 0 0
20110724068 17:20:00 05084 1 0
20110724069 17:30:00 39534 0 0
20110724070 17:40:00 35315 1 0
20110724071 17:50:00 65882 0 1
20110724072 18:00:00 61090 0 1
20110724073 18:10:00 28608 0 0
20110724074 18:20:00 13055 0 1
20110724075 18:30:00 28938 0 0
20110724076 18:40:00 14555 0 1
20110724077 18:50:00 14346 0 0
20110724078 19:00:00 93891 0 0
20110724079 19:10:00 27881 0 1
20110724080 19:20:00 61976 0 0
20110724081 19:30:00 59250 0 0
20110724082 19:40:00 35418 0 0
20110724083 19:50:00 77911 1 1
20110724084 20:00:00 51113 1 1
20110724085 20:10:00 66851 1 0
20110724086 20:20:00 29698 0 0
20110724087 20:30:00 30853 0 0
20110724088 20:40:00 19437 0 0
20110724089 20:50:00 75051 0 0
20110724090 21:00:00 93757 0 1
20110724091 21:10:00 93185 0 0
20110724092 21:20:00 99879 1 0
20110724093 21:30:00 80898 1 1
20110724094 21:40:00 41587 0 0
20110724095 21:50:00 45041 0 0
20110724096 22:00:00 15785 0 0
20110724097 22:05:00 74383 0 1
20110724098 22:10:00 19735 0 0
20110724099 22:15:00 32291 1 0
20110724100 22:20:00 60193 0 0
20110724101 22:25:00 96664 1 1
20110724102 22:30:00 54844 0 1
20110724103 22:35:00 77417 1 0
20110724104 22:40:00 79978 1 0
20110724105 22:45:00 18407 0 0
20110724106 22:50:00 72532 0 0
20110724107 22:55:00 84505 0 1
20110724108 23:00:00 87805 1 0
20110724109 23:05:00 19459 0 0
20110724110 23:10:00 88489 1 0
20110724111 23:15:00 97022 0 1
20110724112 23:20:00 86868 1 1
20110724113 23:25:00 77557 1 1
20110724114 23:30:00 46800 0 1
20110724115 23:35:00 69887 0 1
20110724116 23:40:00 15520 1 0
20110724117 23:45:00 55359 1 0
20110724118 23:50:00 37586 0 0
20110724119 23:55:00 27657 0 0
20110724120 00:00:00 21182 1 0
