20110921001 00:05:00 99865 1 0
20110921002 00:10:00 12237 1 0
20110921003 00:15:00 75290 0 0
20110921004 00:20:00 24337 0 1
20110921005 00:25:00 40374 0 0
20110921006 00:30:00 64220 0 1
20110921007 00:35:00 31711 0 1
20110921008 00:40:00 62139 0 0
20110921009 00:45:00 94785 0 0
20110921010 00:50:00 12493 0 0
20110921011 00:55:00 55676 1 1
20110921012 01:00:00 97108 0 0
20110921013 01:05:00 85953 0 0
20110921014 01:10:00 04912 0 0
20110921015 01:15:00 91345 0 0
20110921016 01:20:00 75023 0 0
20110921017 01:25:00 28042 0 0
20110921018 01:30:00 15868 0 1
20110921019 01:35:00 35008 0 1
20110921020 01:40:00 37745 1 0
20110921021 01:45:00 02209 1 0
20110921022 01:50:00 13318 1 0
20110921023 01:55:00 34169 0 0
20110921024 10:00:00 44051 1 0
20110921025 10:10:00 15700 0 1
20110921026 10:20:00 10312 0 0
20110921027 10:30:00 72240 1 0
20110921028 10:40:00 25389 0 0
20110921029 10:50:00 12704 0 0
20110921030 11:00:00 63166 0 1
20110921031 11:10:00 70420 0 0
20110921032 11:20:00 26213 1 0
20110921033 11:30:00 13680 0 0
20110921034 11:40:00 20630 0 0
20110921035 11:50:00 30999 0 1
20110921036 12:00:00 54308 0 0
20110921037 12:10:00 06717 0 1
20110921038 12:20:00 98450 0 0
20110921039 12:30:00 37142 0 0
20110921040 12:40:00 87437 0 0
20110921041 12:50:00 28606 0 1
20110921042 13:00:00 81600 0 1
20110921043 13:10:00 76732 1 0
20110921044 13:20:00 27405 0 0
20110921045 13:30:00 04772 0 1
20110921046 13:40:00 25603 0 0
20110921047 13:50:00 56109 0 0
20110921048 14:00:00 16237 0 0
20110921049 14:10:00 98332 0 1
20110921050 14:20:00 79842 0 0
20110921051 14:30:00 22721 1 0
20110921052 14:40:00 00405 1 0
20110921053 14:50:00 11738 1 0
20110921054 15:00:00 46492 1 0
20110921055 15:10:00 74848 0 1
20110921056 15:20:00 14976 0 0
20110921057 15:30:00 59501 1 0
20110921058 15:40:00 64439 1 0
20110921059 15:50:00 84345 0 0
20110921060 16:00:00 91952 1 0
20110921061 16:10:00 78491 0 0
20110921062 16:20:00 00229 1 1
20110921063 16:30:00 37067 0 0
20110921064 16:40:00 27971 0 0
20110921065 16:50:00 94563 0 0
20110921066 17:00:00 83924 0 0
20110921067 17:10:00 12323 0 1
20110921068 17:20:00 32872 0 0
20110921069 17:30:00 08369 0 0
20110921070 17:40:00 74102 0 0
20110921071 17:50:00 89438 0 0
20110921072 18:00:00 75642 0 0
20110921073 18:10:00 04860 0 0
20110921074 18:20:00 37572 0 0
20110921075 18:30:00 16834 0 0
20110921076 18:40:00 20376 0 0
20110921077 18:50:00 59058 0 0
20110921078 19:00:00 42168 0 0
20110921079 19:10:00 21074 0 0
20110921080 19:20:00 02043 1 0
20110921081 19:30:00 37136 0 0
20110921082 19:40:00 99660 1 1
20110921083 19:50:00 93798 0 0
20110921084 20:00:00 39750 0 0
20110921085 20:10:00 97205 0 0
20110921086 20:20:00 60381 0 0
20110921087 20:30:00 36068 0 0
20110921088 20:40:00 08282 0 1
20110921089 20:50:00 64746 0 0
20110921090 21:00:00 21891 0 0
20110921091 21:10:00 52252 1 1
20110921092 21:20:00 24170 0 0
20110921093 21:30:00 79913 1 0
20110921094 21:40:00 08058 1 0
20110921095 21:50:00 81458 0 0
20110921096 22:00:00 90586 0 0
20110921097 22:05:00 11816 1 0
20110921098 22:10:00 89262 0 1
20110921099 22:15:00 63386 1 0
20110921100 22:20:00 21986 0 0
20110921101 22:25:00 85625 0 0
20110921102 22:30:00 94817 0 0
20110921103 22:35:00 95717 0 1
20110921104 22:40:00 01128 1 0
20110921105 22:45:00 89430 0 0
20110921106 22:50:00 29114 0 1
20110921107 22:55:00 54418 1 0
20110921108 23:00:00 81479 0 0
20110921109 23:05:00 98363 0 1
20110921110 23:10:00 12302 0 0
20110921111 23:15:00 89697 0 0
20110921112 23:20:00 61749 0 0
20110921113 23:25:00 01573 0 0
20110921114 23:30:00 80550 0 1
20110921115 23:35:00 02135 0 0
20110921116 23:40:00 71774 1 1
20110921117 23:45:00 72674 0 0
20110921118 23:50:00 73979 0 1
20110921119 23:55:00 54337 0 1
20110921120 00:00:00 10339 0 1
