20111209001 00:05:00 64738 0 0
20111209002 00:10:00 35458 0 0
20111209003 00:15:00 63765 0 0
20111209004 00:20:00 90773 0 1
20111209005 00:25:00 86435 0 0
20111209006 00:30:00 26854 0 0
20111209007 00:35:00 62602 1 0
20111209008 00:40:00 06422 0 1
20111209009 00:45:00 87052 0 0
20111209010 00:50:00 47535 0 1
20111209011 00:55:00 79889 0 1
20111209012 01:00:00 99341 1 0
20111209013 01:05:00 46205 0 0
20111209014 01:10:00 86252 0 1
20111209015 01:15:00 58144 0 1
20111209016 01:20:00 07078 1 0
20111209017 01:25:00 54745 0 0
20111209018 01:30:00 66718 1 0
20111209019 01:35:00 87791 1 0
20111209020 01:40:00 88349 1 0
20111209021 01:45:00 75919 0 1
20111209022 01:50:00 81023 0 0
20111209023 01:55:00 66629 1 0
20111209024 10:00:00 85140 0 0
20111209025 10:10:00 68725 0 0
20111209026 10:20:00 06039 1 0
20111209027 10:30:00 75731 1 0
20111209028 10:40:00 15534 1 0
20111209029 10:50:00 43204 0 0
20111209030 11:00:00 81595 0 1
20111209031 11:10:00 07354 0 0
20111209032 11:20:00 73423 0 0
20111209033 11:30:00 86718 0 0
20111209034 11:40:00 19717 0 1
20111209035 11:50:00 27704 1 0
20111209036 12:00:00 02488 0 1
20111209037 12:10:00 13261 0 0
20111209038 12:20:00 86014 0 0
20111209039 12:30:00 03825 0 0
20111209040 12:40:00 63113 0 1
20111209041 12:50:00 58723 0 0
20111209042 13:00:00 21069 0 0
20111209043 13:10:00 72613 0 0
20111209044 13:20:00 91938 1 0
20111209045 13:30:00 58980 0 0
20111209046 13:40:00 45869 0 0
20111209047 13:50:00 85369 0 0
20111209048 14:00:00 27282 1 1
20111209049 14:10:00 27866 0 1
20111209050 14:20:00 44853 1 0
20111209051 14:30:00 01037 1 0
20111209052 14:40:00 02170 0 0
20111209053 14:50:00 95258 0 0
20111209054 15:00:00 13869 0 0
20111209055 15:10:00 34879 0 0
20111209056 15:20:00 89370 0 0
20111209057 15:30:00 83301 1 0
20111209058 15:40:00 89490 0 0
20111209059 15:50:00 03369 1 0
20111209060 16:00:00 00333 1 1
20111209061 16:10:00 48615 0 0
20111209062 16:20:00 19780 0 0
20111209063 16:30:00 39494 0 1
20111209064 16:40:00 23235 1 0
20111209065 16:50:00 28035 0 0
20111209066 17:00:00 08152 0 0
20111209067 17:10:00 30024 1 0
20111209068 17:20:00 20803 0 0
20111209069 17:30:00 69487 0 0
20111209070 17:40:00 77591 1 0
20111209071 17:50:00 91388 0 1
20111209072 18:00:00 44377 1 1
20111209073 18:10:00 68816 1 0
20111209074 18:20:00 56363 0 1
20111209075 18:30:00 01474 0 1
20111209076 18:40:00 12771 0 1
20111209077 18:50:00 89862 1 0
20111209078 19:00:00 90901 1 0
20111209079 19:10:00 13470 0 0
20111209080 19:20:00 61763 0 0
20111209081 19:30:00 89960 1 0
20111209082 19:40:00 34577 0 1
20111209083 19:50:00 32796 0 0
20111209084 20:00:00 66277 1 1
20111209085 20:10:00 28372 0 0
20111209086 20:20:00 34781 0 0
20111209087 20:30:00 64457 1 0
20111209088 20:40:00 09088 1 1
20111209089 20:50:00 18003 0 1
20111209090 21:00:00 62865 0 0
20111209091 21:10:00 24529 0 0
20111209092 21:20:00 79148 0 0
20111209093 21:30:00 18916 0 0
20111209094 21:40:00 03037 1 0
20111209095 21:50:00 24170 0 0
20111209096 22:00:00 06759 0 0
20111209097 22:05:00 08437 0 0
20111209098 22:10:00 79653 0 0
20111209099 22:15:00 76246 0 0
20111209100 22:20:00 92245 1 0
20111209101 22:25:00 61341 0 0
20111209102 22:30:00 83472 0 0
20111209103 22:35:00 00179 1 0
20111209104 22:40:00 65574 1 0
20111209105 22:45:00 18507 0 0
20111209106 22:50:00 41031 0 0
20111209107 22:55:00 06604 1 0
20111209108 23:00:00 25734 0 0
20111209109 23:05:00 00238 1 0
20111209110 23:10:00 55142 1 0
20111209111 23:15:00 10829 0 0
20111209112 23:20:00 06928 0 0
20111209113 23:25:00 16840 0 0
20111209114 23:30:00 02144 0 1
20111209115 23:35:00 79122 0 1
20111209116 23:40:00 39602 0 0
20111209117 23:45:00 85897 1 0
20111209118 23:50:00 87411 0 1
20111209119 23:55:00 37106 0 0
20111209120 00:00:00 88279 1 0
