20111123001 00:05:00 66978 1 0
20111123002 00:10:00 03754 0 0
20111123003 00:15:00 66100 1 1
20111123004 00:20:00 02260 1 0
20111123005 00:25:00 31751 0 0
20111123006 00:30:00 57344 0 1
20111123007 00:35:00 97761 1 0
20111123008 00:40:00 53454 0 1
20111123009 00:45:00 27954 0 0
20111123010 00:50:00 81296 0 0
20111123011 00:55:00 86831 1 0
20111123012 01:00:00 10391 0 0
20111123013 01:05:00 22203 1 0
20111123014 01:10:00 87999 0 1
20111123015 01:15:00 35485 0 0
20111123016 01:20:00 37440 0 1
20111123017 01:25:00 01892 0 0
20111123018 01:30:00 90564 0 0
20111123019 01:35:00 15487 0 0
20111123020 01:40:00 71335 0 1
20111123021 01:45:00 24855 0 1
20111123022 01:50:00 03898 0 1
20111123023 01:55:00 38755 0 1
20111123024 10:00:00 92735 0 0
20111123025 10:10:00 61986 0 0
20111123026 10:20:00 29262 1 1
20111123027 10:30:00 65265 0 0
20111123028 10:40:00 85546 1 0
20111123029 10:50:00 75761 1 0
20111123030 11:00:00 94921 1 0
20111123031 11:10:00 28858 1 1
20111123032 11:20:00 40885 0 1
20111123033 11:30:00 65891 0 0
20111123034 11:40:00 37772 1 1
20111123035 11:50:00 16681 1 0
20111123036 12:00:00 52200 1 1
20111123037 12:10:00 38484 0 1
20111123038 12:20:00 32624 0 0
20111123039 12:30:00 33091 1 0
20111123040 12:40:00 91770 0 1
20111123041 12:50:00 08819 1 0
20111123042 13:00:00 87977 0 1
20111123043 13:10:00 64347 0 0
20111123044 13:20:00 16944 0 1
20111123045 13:30:00 54126 0 0
20111123046 13:40:00 21521 0 0
20111123047 13:50:00 24517 0 0
20111123048 14:00:00 12386 0 0
20111123049 14:10:00 39627 0 0
20111123050 14:20:00 37173 0 0
20111123051 14:30:00 19282 0 1
20111123052 14:40:00 67414 0 1
20111123053 14:50:00 92055 0 1
20111123054 15:00:00 27426 0 0
20111123055 15:10:00 40254 0 0
20111123056 15:20:00 39177 0 1
20111123057 15:30:00 10836 0 0
20111123058 15:40:00 36017 0 0
20111123059 15:50:00 72126 0 0
20111123060 16:00:00 46383 0 1
20111123061 16:10:00 23210 1 0
20111123062 16:20:00 60760 0 0
20111123063 16:30:00 33198 1 0
20111123064 16:40:00 88676 1 1
20111123065 16:50:00 92112 0 1
20111123066 17:00:00 61005 0 1
20111123067 17:10:00 87357 0 0
20111123068 17:20:00 05717 0 1
20111123069 17:30:00 35661 0 1
20111123070 17:40:00 88762 1 0
20111123071 17:50:00 29767 0 1
20111123072 18:00:00 54822 0 1
20111123073 18:10:00 21124 1 0
20111123074 18:20:00 35743 0 0
20111123075 18:30:00 40372 0 0
20111123076 18:40:00 64847 0 0
20111123077 18:50:00 77327 1 0
20111123078 19:00:00 41017 0 0
20111123079 19:10:00 58417 0 0
20111123080 19:20:00 88356 1 0
20111123081 19:30:00 14694 0 0
20111123082 19:40:00 93189 0 0
20111123083 19:50:00 64954 0 0
20111123084 20:00:00 50883 0 1
20111123085 20:10:00 56374 0 0
20111123086 20:20:00 14928 0 0
20111123087 20:30:00 92122 0 1
20111123088 20:40:00 49672 0 0
20111123089 20:50:00 76280 0 0
20111123090 21:00:00 62198 0 0
20111123091 21:10:00 03074 1 0
20111123092 21:20:00 48478 1 0
20111123093 21:30:00 92728 0 0
20111123094 21:40:00 62103 0 0
20111123095 21:50:00 35032 0 0
20111123096 22:00:00 65830 0 0
20111123097 22:05:00 91687 0 0
20111123098 22:10:00 81865 1 0
20111123099 22:15:00 07258 0 0
20111123100 22:20:00 08192 0 0
20111123101 22:25:00 73228 0 1
20111123102 22:30:00 05615 0 0
20111123103 22:35:00 79765 1 0
20111123104 22:40:00 42046 0 0
20111123105 22:45:00 70741 1 0
20111123106 22:50:00 09280 0 0
20111123107 22:55:00 71545 0 1
20111123108 23:00:00 06719 0 0
20111123109 23:05:00 41859 0 0
20111123110 23:10:00 98454 0 1
20111123111 23:15:00 96153 0 0
20111123112 23:20:00 30826 0 0
20111123113 23:25:00 35925 0 0
20111123114 23:30:00 74861 0 0
20111123115 23:35:00 47131 0 1
20111123116 23:40:00 76504 0 0
20111123117 23:45:00 84860 1 0
20111123118 23:50:00 87670 0 0
20111123119 23:55:00 65695 1 0
20111123120 00:00:00 67220 0 1
