20111224001 00:05:00 52963 0 0
20111224002 00:10:00 02348 0 0
20111224003 00:15:00 04039 1 0
20111224004 00:20:00 70410 0 0
20111224005 00:25:00 79505 0 1
20111224006 00:30:00 97516 0 0
20111224007 00:35:00 77396 1 0
20111224008 00:40:00 68089 0 0
20111224009 00:45:00 49587 0 0
20111224010 00:50:00 53407 0 0
20111224011 00:55:00 41965 0 0
20111224012 01:00:00 96525 0 1
20111224013 01:05:00 23806 0 0
20111224014 01:10:00 88099 1 1
20111224015 01:15:00 91260 0 0
20111224016 01:20:00 19291 0 0
20111224017 01:25:00 43903 0 0
20111224018 01:30:00 27970 0 0
20111224019 01:35:00 92854 0 0
20111224020 01:40:00 57432 0 0
20111224021 01:45:00 35652 0 0
20111224022 01:50:00 83488 0 1
20111224023 01:55:00 63458 0 0
20111224024 10:00:00 22718 1 0
20111224025 10:10:00 61788 0 1
20111224026 10:20:00 93269 0 0
20111224027 10:30:00 67641 1 0
20111224028 10:40:00 41839 0 0
20111224029 10:50:00 22852 1 0
20111224030 11:00:00 92099 0 1
20111224031 11:10:00 51597 1 0
20111224032 11:20:00 13593 0 0
20111224033 11:30:00 93531 0 0
20111224034 11:40:00 69441 0 1
20111224035 11:50:00 58737 0 1
20111224036 12:00:00 23550 0 1
20111224037 12:10:00 42741 0 0
20111224038 12:20:00 60427 0 0
20111224039 12:30:00 96790 0 0
20111224040 12:40:00 39526 0 0
20111224041 12:50:00 19482 0 0
20111224042 13:00:00 58663 0 1
20111224043 13:10:00 36944 0 1
20111224044 13:20:00 98889 1 1
20111224045 13:30:00 75552 1 1
20111224046 13:40:00 42459 1 0
20111224047 13:50:00 34838 0 1
20111224048 14:00:00 67198 0 0
20111224049 14:10:00 55494 1 1
20111224050 14:20:00 03305 1 0
20111224051 14:30:00 33124 1 0
20111224052 14:40:00 24808 0 1
20111224053 14:50:00 79713 1 0
20111224054 15:00:00 50471 0 0
20111224055 15:10:00 78666 0 1
20111224056 15:20:00 62925 0 0
20111224057 15:30:00 74182 0 0
20111224058 15:40:00 45305 0 0
20111224059 15:50:00 96261 0 0
20111224060 16:00:00 76716 1 0
20111224061 16:10:00 09914 1 0
20111224062 16:20:00 62332 0 1
20111224063 16:30:00 91613 0 0
20111224064 16:40:00 24841 0 0
20111224065 16:50:00 94567 0 0
20111224066 17:00:00 10523 0 0
20111224067 17:10:00 60565 0 1
20111224068 17:20:00 75280 0 0
20111224069 17:30:00 17597 0 0
20111224070 17:40:00 38359 1 0
20111224071 17:50:00 56574 1 0
20111224072 18:00:00 97759 1 0
20111224073 18:10:00 57959 0 1
20111224074 18:20:00 43478 1 0
20111224075 18:30:00 32012 0 0
20111224076 18:40:00 36316 1 0
20111224077 18:50:00 73032 0 0
20111224078 19:00:00 84740 0 0
20111224079 19:10:00 64034 0 0
20111224080 19:20:00 72520 0 0
20111224081 19:30:00 42636 0 1
20111224082 19:40:00 38804 1 0
20111224083 19:50:00 75388 0 1
20111224084 20:00:00 26806 0 0
20111224085 20:10:00 94959 1 1
20111224086 20:20:00 27838 0 1
20111224087 20:30:00 81485 0 0
20111224088 20:40:00 27987 0 0
20111224089 20:50:00 14985 0 0
20111224090 21:00:00 92258 1 0
20111224091 21:10:00 90503 0 0
20111224092 21:20:00 13499 0 1
20111224093 21:30:00 85252 0 1
20111224094 21:40:00 24674 0 0
20111224095 21:50:00 54447 1 1
20111224096 22:00:00 92509 0 0
20111224097 22:05:00 14163 1 0
20111224098 22:10:00 78429 0 0
20111224099 22:15:00 46708 0 0
20111224100 22:20:00 37197 0 0
20111224101 22:25:00 39078 0 0
20111224102 22:30:00 01330 0 1
20111224103 22:35:00 14341 0 0
20111224104 22:40:00 77325 1 0
20111224105 22:45:00 57090 0 1
20111224106 22:50:00 12431 0 0
20111224107 22:55:00 17479 0 0
20111224108 23:00:00 05977 0 1
20111224109 23:05:00 68374 0 0
20111224110 23:10:00 57488 0 1
20111224111 23:15:00 40844 0 1
20111224112 23:20:00 53658 0 0
20111224113 23:25:00 44266 1 1
20111224114 23:30:00 96276 0 0
20111224115 23:35:00 01454 0 1
20111224116 23:40:00 41088 0 1
20111224117 23:45:00 00703 1 0
20111224118 23:50:00 52191 0 1
20111224119 23:55:00 76297 0 0
20111224120 00:00:00 20196 0 0
