20110425001 00:05:00 31892 0 0
20110425002 00:10:00 76924 0 0
20110425003 00:15:00 37345 1 0
20110425004 00:20:00 40843 0 0
20110425005 00:25:00 69728 0 0
20110425006 00:30:00 34206 0 0
20110425007 00:35:00 98744 0 1
20110425008 00:40:00 92386 0 0
20110425009 00:45:00 03943 0 0
20110425010 00:50:00 68562 0 0
20110425011 00:55:00 91468 0 0
20110425012 01:00:00 74489 1 0
20110425013 01:05:00 95598 1 0
20110425014 01:10:00 20827 0 0
20110425015 01:15:00 38300 1 1
20110425016 01:20:00 62997 0 1
20110425017 01:25:00 41606 0 1
20110425018 01:30:00 11478 1 0
20110425019 01:35:00 01553 0 1
20110425020 01:40:00 27872 0 0
20110425021 01:45:00 51817 0 0
20110425022 01:50:00 04150 0 0
20110425023 01:55:00 19176 1 0
20110425024 10:00:00 95063 0 0
20110425025 10:10:00 16699 1 1
20110425026 10:20:00 03408 0 0
20110425027 10:30:00 26315 0 0
20110425028 10:40:00 12456 0 0
20110425029 10:50:00 52980 0 0
20110425030 11:00:00 45767 0 1
20110425031 11:10:00 41531 0 0
20110425032 11:20:00 20245 1 0
20110425033 11:30:00 41900 0 1
20110425034 11:40:00 71755 1 1
20110425035 11:50:00 91129 1 0
20110425036 12:00:00 04843 0 0
20110425037 12:10:00 12086 0 0
20110425038 12:20:00 03555 0 1
20110425039 12:30:00 53409 0 0
20110425040 12:40:00 33624 1 0
20110425041 12:50:00 67980 0 0
20110425042 13:00:00 58383 0 1
20110425043 13:10:00 97465 0 0
20110425044 13:20:00 62463 0 0
20110425045 13:30:00 09752 0 0
20110425046 13:40:00 21846 0 0
20110425047 13:50:00 94085 0 0
20110425048 14:00:00 62377 0 1
20110425049 14:10:00 16222 0 1
20110425050 14:20:00 27386 0 0
20110425051 14:30:00 68143 0 0
20110425052 14:40:00 93424 0 1
20110425053 14:50:00 25154 0 0
20110425054 15:00:00 95941 1 0
20110425055 15:10:00 32769 0 0
20110425056 15:20:00 11625 1 0
20110425057 15:30:00 18336 0 1
20110425058 15:40:00 32457 0 0
20110425059 15:50:00 96103 0 0
20110425060 16:00:00 32710 0 0
20110425061 16:10:00 80133 0 1
20110425062 16:20:00 45400 1 1
20110425063 16:30:00 09416 0 0
20110425064 16:40:00 96212 0 1
20110425065 16:50:00 16414 0 1
20110425066 17:00:00 81209 0 0
20110425067 17:10:00 07433 0 1
20110425068 17:20:00 04435 1 0
20110425069 17:30:00 40375 0 0
20110425070 17:40:00 26273 1 0
20110425071 17:50:00 15255 0 1
20110425072 18:00:00 25256 1 0
20110425073 18:10:00 21798 0 0
20110425074 18:20:00 07943 0 0
20110425075 18:30:00 91997 1 1
20110425076 18:40:00 24843 0 0
20110425077 18:50:00 42252 1 1
20110425078 19:00:00 59796 0 0
20110425079 19:10:00 83740 0 0
20110425080 19:20:00 50890 0 0
20110425081 19:30:00 22301 1 0
20110425082 19:40:00 35836 0 0
20110425083 19:50:00 81303 0 1
20110425084 20:00:00 19804 0 0
20110425085 20:10:00 76209 0 0
20110425086 20:20:00 81974 0 0
20110425087 20:30:00 89668 0 1
20110425088 20:40:00 17826 0 0
20110425089 20:50:00 64608 1 0
20110425090 21:00:00 20721 0 0
20110425091 21:10:00 23096 0 0
20110425092 21:20:00 47037 0 0
20110425093 21:30:00 50305 0 0
20110425094 21:40:00 94130 0 0
20110425095 21:50:00 12716 0 0
20110425096 22:00:00 28830 1 0
20110425097 22:05:00 44536 1 0
20110425098 22:10:00 58288 0 1
20110425099 22:15:00 63992 0 1
20110425100 22:20:00 66800 1 1
20110425101 22:25:00 23879 0 0
20110425102 22:30:00 77884 1 1
20110425103 22:35:00 61550 0 1
20110425104 22:40:00 62702 0 0
20110425105 22:45:00 96539 0 0
20110425106 22:50:00 13077 0 1
20110425107 22:55:00 11974 1 0
20110425108 23:00:00 80847 1 0
20110425109 23:05:00 99876 1 0
20110425110 23:10:00 72865 0 0
20110425111 23:15:00 20192 0 0
20110425112 23:20:00 85420 0 0
20110425113 23:25:00 64369 0 0
20110425114 23:30:00 97120 0 0
20110425115 23:35:00 72927 0 0
20110425116 23:40:00 81600 0 1
20110425117 23:45:00 35136 0 0
20110425118 23:50:00 80703 0 0
20110425119 23:55:00 40922 0 1
20110425120 00:00:00 82891 1 0
