20111210001 00:05:00 05887 0 1
20111210002 00:10:00 42342 0 0
20111210003 00:15:00 18485 0 0
20111210004 00:20:00 59780 0 0
20111210005 00:25:00 54065 0 0
20111210006 00:30:00 93467 0 0
20111210007 00:35:00 04584 0 0
20111210008 00:40:00 60309 0 0
20111210009 00:45:00 26669 1 1
20111210010 00:50:00 11657 1 0
20111210011 00:55:00 14181 1 1
20111210012 01:00:00 85471 0 0
20111210013 01:05:00 05871 0 0
20111210014 01:10:00 84561 0 0
20111210015 01:15:00 79837 0 0
20111210016 01:20:00 05152 0 0
20111210017 01:25:00 27428 0 0
20111210018 01:30:00 17745 1 0
20111210019 01:35:00 22509 1 0
20111210020 01:40:00 33410 1 0
20111210021 01:45:00 46647 1 0
20111210022 01:50:00 12942 0 0
20111210023 01:55:00 19605 0 0
20111210024 10:00:00 53271 0 0
20111210025 10:10:00 44260 1 0
20111210026 10:20:00 31836 0 0
20111210027 10:30:00 39158 0 0
20111210028 10:40:00 13859 0 0
20111210029 10:50:00 10191 1 1
20111210030 11:00:00 80886 1 1
20111210031 11:10:00 55952 1 0
20111210032 11:20:00 78938 0 0
20111210033 11:30:00 01095 1 0
20111210034 11:40:00 73449 0 1
20111210035 11:50:00 52021 0 0
20111210036 12:00:00 72008 0 1
20111210037 12:10:00 42761 0 0
20111210038 12:20:00 55574 1 0
20111210039 12:30:00 37797 1 1
20111210040 12:40:00 82415 0 0
20111210041 12:50:00 02410 0 0
20111210042 13:00:00 49482 1 0
20111210043 13:10:00 76448 0 1
20111210044 13:20:00 22970 1 0
20111210045 13:30:00 98311 0 1
20111210046 13:40:00 62499 0 1
20111210047 13:50:00 73930 0 0
20111210048 14:00:00 31101 1 1
20111210049 14:10:00 85455 0 1
20111210050 14:20:00 23859 0 0
20111210051 14:30:00 76796 1 0
20111210052 14:40:00 37259 0 0
20111210053 14:50:00 23535 0 1
20111210054 15:00:00 38951 0 0
20111210055 15:10:00 00538 1 0
20111210056 15:20:00 18265 0 0
20111210057 15:30:00 74776 1 1
20111210058 15:40:00 11406 1 0
20111210059 15:50:00 82546 0 0
20111210060 16:00:00 24660 0 1
20111210061 16:10:00 48487 1 0
20111210062 16:20:00 87671 0 0
20111210063 16:30:00 40281 0 0
20111210064 16:40:00 72666 0 1
20111210065 16:50:00 59989 1 1
20111210066 17:00:00 88989 1 1
20111210067 17:10:00 37253 0 0
20111210068 17:20:00 69373 0 1
20111210069 17:30:00 33956 1 0
20111210070 17:40:00 88363 1 1
20111210071 17:50:00 23026 0 0
20111210072 18:00:00 95230 0 0
20111210073 18:10:00 24426 1 0
20111210074 18:20:00 55099 1 1
20111210075 18:30:00 69211 0 1
20111210076 18:40:00 34022 0 1
20111210077 18:50:00 54531 1 0
20111210078 19:00:00 63055 0 1
20111210079 19:10:00 33446 1 1
20111210080 19:20:00 42020 0 1
20111210081 19:30:00 87194 0 0
20111210082 19:40:00 29434 0 1
20111210083 19:50:00 12941 0 0
20111210084 20:00:00 75094 0 0
20111210085 20:10:00 88693 1 0
20111210086 20:20:00 82560 0 0
20111210087 20:30:00 48202 0 1
20111210088 20:40:00 33339 1 1
20111210089 20:50:00 34446 1 1
20111210090 21:00:00 29990 1 1
20111210091 21:10:00 16344 0 1
20111210092 21:20:00 54201 0 0
20111210093 21:30:00 39400 0 1
20111210094 21:40:00 06511 0 1
20111210095 21:50:00 65539 1 0
20111210096 22:00:00 62383 0 1
20111210097 22:05:00 52497 0 0
20111210098 22:10:00 93936 1 0
20111210099 22:15:00 66924 1 0
20111210100 22:20:00 20149 0 0
20111210101 22:25:00 80136 0 0
20111210102 22:30:00 15991 0 1
20111210103 22:35:00 45648 0 0
20111210104 22:40:00 68022 0 1
20111210105 22:45:00 35165 0 0
20111210106 22:50:00 92775 0 1
20111210107 22:55:00 62549 0 0
20111210108 23:00:00 00051 1 0
20111210109 23:05:00 87284 0 0
20111210110 23:10:00 98610 0 0
20111210111 23:15:00 41977 0 1
20111210112 23:20:00 36311 1 1
20111210113 23:25:00 66537 1 0
20111210114 23:30:00 57516 1 0
20111210115 23:35:00 69338 0 1
20111210116 23:40:00 28652 0 0
20111210117 23:45:00 59598 1 0
20111210118 23:50:00 64565 0 1
20111210119 23:55:00 05847 0 0
20111210120 00:00:00 96559 0 1
