20120830001 00:05:00 28333 0 1
20120830002 00:10:00 35161 0 1
20120830003 00:15:00 58300 0 1
20120830004 00:20:00 78492 0 0
20120830005 00:25:00 56360 0 0
20120830006 00:30:00 25553 1 1
20120830007 00:35:00 47968 0 0
20120830008 00:40:00 73460 0 0
20120830009 00:45:00 71473 0 0
20120830010 00:50:00 82488 0 1
20120830011 00:55:00 82674 0 0
20120830012 01:00:00 45418 1 0
20120830013 01:05:00 41424 1 1
20120830014 01:10:00 69517 0 0
20120830015 01:15:00 00086 1 0
20120830016 01:20:00 47945 0 0
20120830017 01:25:00 66373 1 1
20120830018 01:30:00 84868 1 1
20120830019 01:35:00 71127 1 0
20120830020 01:40:00 91800 0 1
20120830021 01:45:00 64439 1 0
20120830022 01:50:00 09401 0 0
20120830023 01:55:00 02107 0 0
20120830024 10:00:00 33025 1 0
20120830025 10:10:00 68178 0 0
20120830026 10:20:00 18330 0 1
20120830027 10:30:00 13126 1 0
20120830028 10:40:00 57949 0 1
20120830029 10:50:00 33002 1 1
20120830030 11:00:00 98702 0 0
20120830031 11:10:00 33582 1 0
20120830032 11:20:00 46479 1 0
20120830033 11:30:00 01688 0 1
20120830034 11:40:00 96882 0 1
20120830035 11:50:00 12485 0 0
20120830036 12:00:00 52290 1 0
20120830037 12:10:00 15868 0 1
20120830038 12:20:00 88187 1 0
20120830039 12:30:00 38491 0 0
20120830040 12:40:00 54698 0 0
20120830041 12:50:00 92892 0 0
20120830042 13:00:00 78760 1 0
20120830043 13:10:00 83660 0 1
20120830044 13:20:00 93289 0 0
20120830045 13:30:00 74854 0 0
20120830046 13:40:00 44703 1 0
20120830047 13:50:00 42935 0 0
20120830048 14:00:00 04366 0 1
20120830049 14:10:00 23174 0 0
20120830050 14:20:00 31698 0 0
20120830051 14:30:00 28624 0 0
20120830052 14:40:00 58536 1 0
20120830053 14:50:00 92752 0 0
20120830054 15:00:00 78594 0 0
20120830055 15:10:00 54264 0 0
20120830056 15:20:00 58128 0 0
20120830057 15:30:00 05630 0 0
20120830058 15:40:00 28066 0 1
20120830059 15:50:00 56782 0 0
20120830060 16:00:00 83255 0 1
20120830061 16:10:00 93304 1 0
20120830062 16:20:00 15023 0 0
20120830063 16:30:00 35922 0 1
20120830064 16:40:00 79039 0 0
20120830065 16:50:00 00408 1 0
20120830066 17:00:00 25759 0 0
20120830067 17:10:00 66998 1 1
20120830068 17:20:00 79057 0 0
20120830069 17:30:00 52156 0 0
20120830070 17:40:00 88039 1 0
20120830071 17:50:00 07544 0 1
20120830072 18:00:00 99278 1 0
20120830073 18:10:00 51502 1 0
20120830074 18:20:00 02854 0 0
20120830075 18:30:00 25919 0 1
20120830076 18:40:00 03145 0 0
20120830077 18:50:00 65989 0 1
20120830078 19:00:00 66915 1 0
20120830079 19:10:00 71509 0 0
20120830080 19:20:00 55548 1 0
20120830081 19:30:00 86368 0 0
20120830082 19:40:00 22457 1 0
20120830083 19:50:00 32534 0 0
20120830084 20:00:00 30620 0 0
20120830085 20:10:00 88508 1 0
20120830086 20:20:00 10038 1 0
20120830087 20:30:00 03932 0 0
20120830088 20:40:00 07521 0 0
20120830089 20:50:00 39468 0 0
20120830090 21:00:00 44451 1 0
20120830091 21:10:00 55931 1 0
20120830092 21:20:00 16257 0 0
20120830093 21:30:00 70020 1 1
20120830094 21:40:00 81441 0 1
20120830095 21:50:00 08908 0 0
20120830096 22:00:00 42533 0 1
20120830097 22:05:00 12832 0 0
20120830098 22:10:00 47122 0 1
20120830099 22:15:00 90325 0 0
20120830100 22:20:00 01794 0 0
20120830101 22:25:00 43573 0 0
20120830102 22:30:00 77949 1 1
20120830103 22:35:00 74234 0 0
20120830104 22:40:00 00502 1 0
20120830105 22:45:00 79152 0 0
20120830106 22:50:00 59605 0 0
20120830107 22:55:00 11438 1 0
20120830108 23:00:00 45741 0 0
20120830109 23:05:00 89957 1 0
20120830110 23:10:00 33894 1 0
20120830111 23:15:00 25879 0 0
20120830112 23:20:00 42798 0 0
20120830113 23:25:00 84892 1 0
20120830114 23:30:00 50740 0 0
20120830115 23:35:00 41349 0 0
20120830116 23:40:00 63683 1 0
20120830117 23:45:00 01737 0 1
20120830118 23:50:00 86110 0 1
20120830119 23:55:00 46282 0 1
20120830120 00:00:00 83326 1 0
