20120315001 00:05:00 12086 0 0
20120315002 00:10:00 90406 0 0
20120315003 00:15:00 86650 1 0
20120315004 00:20:00 60377 0 1
20120315005 00:25:00 43757 0 1
20120315006 00:30:00 95293 0 0
20120315007 00:35:00 56835 0 0
20120315008 00:40:00 60710 0 0
20120315009 00:45:00 09852 0 0
20120315010 00:50:00 04267 0 0
20120315011 00:55:00 67230 0 0
20120315012 01:00:00 33015 1 0
20120315013 01:05:00 02724 0 0
20120315014 01:10:00 97368 0 0
20120315015 01:15:00 02229 1 1
20120315016 01:20:00 46005 0 1
20120315017 01:25:00 25576 1 0
20120315018 01:30:00 57736 1 0
20120315019 01:35:00 54011 0 1
20120315020 01:40:00 88736 1 0
20120315022 01:50:00 10030 1 1
20120315023 01:55:00 04829 0 0
20120315024 10:00:00 80502 0 0
20120315025 10:10:00 60710 0 0
20120315026 10:20:00 24553 0 1
20120315027 10:30:00 25142 0 0
20120315028 10:40:00 88249 1 0
20120315029 10:50:00 04843 0 0
20120315030 11:00:00 25239 1 0
20120315031 11:10:00 42739 0 0
20120315032 11:20:00 66650 1 0
20120315033 11:30:00 79789 1 0
20120315034 11:40:00 33575 1 1
20120315035 11:50:00 91007 0 1
20120315036 12:00:00 10881 0 1
20120315037 12:10:00 44727 1 1
20120315038 12:20:00 81108 1 0
20120315039 12:30:00 75255 0 1
20120315040 12:40:00 89951 1 0
20120315041 12:50:00 56024 0 0
20120315042 13:00:00 44345 1 0
20120315043 13:10:00 74605 0 0
20120315044 13:20:00 63716 0 0
20120315045 13:30:00 69781 0 0
20120315046 13:40:00 34370 1 0
20120315047 13:50:00 91205 0 0
20120315048 14:00:00 55597 1 0
20120315049 14:10:00 35908 0 0
20120315050 14:20:00 36703 0 0
20120315051 14:30:00 03835 0 0
20120315052 14:40:00 41873 0 0
20120315053 14:50:00 57885 0 1
20120315054 15:00:00 63988 0 1
20120315055 15:10:00 45495 1 0
20120315056 15:20:00 73145 0 0
20120315057 15:30:00 73002 0 1
20120315058 15:40:00 43335 1 1
20120315059 15:50:00 71604 0 0
20120315060 16:00:00 62707 0 1
20120315061 16:10:00 94451 1 0
20120315062 16:20:00 87076 0 0
20120315063 16:30:00 06076 1 0
20120315064 16:40:00 17646 0 1
20120315065 16:50:00 65690 1 0
20120315066 17:00:00 78049 0 0
20120315067 17:10:00 41298 0 0
20120315068 17:20:00 81550 0 1
20120315069 17:30:00 79245 0 0
20120315070 17:40:00 88334 1 1
20120315071 17:50:00 14694 0 0
20120315072 18:00:00 69172 0 0
20120315073 18:10:00 90415 0 0
20120315074 18:20:00 41073 0 0
20120315075 18:30:00 35474 0 1
20120315076 18:40:00 01710 0 0
20120315077 18:50:00 93755 0 1
20120315078 19:00:00 09250 0 0
20120315079 19:10:00 23969 0 1
20120315080 19:20:00 34504 0 0
20120315081 19:30:00 13711 0 1
20120315082 19:40:00 33606 1 1
20120315083 19:50:00 09856 0 0
20120315084 20:00:00 29689 0 0
20120315085 20:10:00 10558 0 1
20120315086 20:20:00 47775 1 1
20120315087 20:30:00 91788 0 1
20120315088 20:40:00 08997 0 1
20120315089 20:50:00 60763 0 0
20120315090 21:00:00 06588 0 1
20120315091 21:10:00 77532 1 0
20120315092 21:20:00 18133 1 1
20120315093 21:30:00 41561 0 0
20120315094 21:40:00 79964 1 0
20120315095 21:50:00 87018 0 0
20120315096 22:00:00 25635 0 0
20120315097 22:05:00 00657 1 0
20120315098 22:10:00 25098 0 0
20120315099 22:15:00 84687 0 0
20120315100 22:20:00 80087 1 0
20120315101 22:25:00 04934 0 0
20120315102 22:30:00 07382 0 0
20120315103 22:35:00 41860 0 0
20120315104 22:40:00 44615 1 0
20120315105 22:45:00 25385 0 0
20120315106 22:50:00 59444 0 1
20120315107 22:55:00 76959 0 1
20120315108 23:00:00 09636 0 1
20120315109 23:05:00 82342 0 0
20120315110 23:10:00 01091 1 0
20120315111 23:15:00 74745 1 0
20120315112 23:20:00 31323 1 1
20120315113 23:25:00 11159 1 0
20120315114 23:30:00 72566 0 1
20120315115 23:35:00 79809 0 0
20120315116 23:40:00 31111 1 1
20120315117 23:45:00 83875 1 0
20120315118 23:50:00 45938 0 0
20120315119 23:55:00 67412 0 0
20120315120 00:00:00 46048 0 0
