20121128001 00:05:00 36643 1 0
20121128002 00:10:00 25361 0 0
20121128003 00:15:00 96987 1 0
20121128004 00:20:00 26302 0 0
20121128005 00:25:00 24649 0 0
20121128006 00:30:00 89824 1 0
20121128007 00:35:00 81362 0 0
20121128008 00:40:00 48998 0 1
20121128009 00:45:00 59839 0 0
20121128010 00:50:00 53950 0 0
20121128011 00:55:00 44988 1 1
20121128012 01:00:00 33922 1 1
20121128013 01:05:00 57533 1 1
20121128014 01:10:00 08386 0 0
20121128015 01:15:00 09736 0 0
20121128016 01:20:00 08657 0 0
20121128017 01:25:00 69339 0 1
20121128018 01:30:00 06873 0 0
20121128019 01:35:00 78064 0 0
20121128020 01:40:00 62738 0 0
20121128021 01:45:00 95073 0 0
20121128022 01:50:00 82702 0 0
20121128023 01:55:00 46233 0 1
20121128024 10:00:00 95379 0 0
20121128025 10:10:00 74011 0 1
20121128026 10:20:00 35576 1 0
20121128027 10:30:00 32590 0 0
20121128028 10:40:00 90297 0 0
20121128029 10:50:00 29504 0 0
20121128030 11:00:00 82229 1 1
20121128031 11:10:00 40719 0 0
20121128032 11:20:00 94811 0 1
20121128033 11:30:00 41200 0 1
20121128034 11:40:00 11409 1 0
20121128035 11:50:00 33566 1 1
20121128036 12:00:00 58647 0 0
20121128037 12:10:00 49151 0 1
20121128038 12:20:00 70638 0 0
20121128039 12:30:00 69753 0 0
20121128040 12:40:00 16317 0 0
20121128041 12:50:00 30014 1 0
20121128042 13:00:00 44425 1 0
20121128043 13:10:00 22098 1 0
20121128044 13:20:00 10203 0 0
20121128045 13:30:00 45004 0 1
20121128046 13:40:00 96809 0 0
20121128047 13:50:00 17064 0 0
20121128048 14:00:00 87644 0 1
20121128049 14:10:00 13889 0 1
20121128050 14:20:00 58657 0 0
20121128051 14:30:00 50049 1 0
20121128052 14:40:00 78927 0 0
20121128053 14:50:00 38907 0 0
20121128054 15:00:00 37984 0 0
20121128055 15:10:00 86859 1 0
20121128056 15:20:00 62073 0 0
20121128057 15:30:00 06688 1 1
20121128058 15:40:00 85376 0 0
20121128059 15:50:00 99370 1 0
20121128060 16:00:00 21607 0 0
20121128061 16:10:00 03025 1 0
20121128062 16:20:00 42660 0 1
20121128063 16:30:00 02921 0 0
20121128064 16:40:00 68389 0 0
20121128065 16:50:00 16441 0 1
20121128066 17:00:00 20749 0 0
20121128067 17:10:00 31766 0 1
20121128068 17:20:00 48772 0 1
20121128069 17:30:00 31017 0 0
20121128070 17:40:00 97886 0 1
20121128071 17:50:00 70413 0 0
20121128072 18:00:00 73466 0 1
20121128073 18:10:00 22670 1 0
20121128074 18:20:00 17156 1 0
20121128075 18:30:00 31672 0 0
20121128076 18:40:00 92170 0 0
20121128077 18:50:00 33626 1 1
20121128078 19:00:00 22559 1 1
20121128079 19:10:00 49605 0 0
20121128080 19:20:00 48303 0 1
20121128081 19:30:00 57512 1 0
20121128082 19:40:00 21820 0 0
20121128083 19:50:00 34757 0 1
20121128084 20:00:00 04381 0 0
20121128085 20:10:00 41823 0 0
20121128086 20:20:00 54706 0 0
20121128087 20:30:00 43774 0 1
20121128088 20:40:00 07323 0 1
20121128089 20:50:00 33315 1 0
20121128090 21:00:00 38346 1 0
20121128091 21:10:00 87979 0 1
20121128092 21:20:00 51550 1 1
20121128093 21:30:00 17956 0 0
20121128094 21:40:00 99652 1 0
20121128095 21:50:00 20438 0 0
20121128096 22:00:00 07902 0 0
20121128097 22:05:00 86112 0 1
20121128098 22:10:00 87548 0 0
20121128099 22:15:00 58454 0 1
20121128100 22:20:00 67798 1 0
20121128101 22:25:00 65444 0 1
20121128102 22:30:00 28351 0 0
20121128103 22:35:00 82437 0 0
20121128104 22:40:00 44408 1 0
20121128105 22:45:00 65825 0 0
20121128106 22:50:00 12222 1 1
20121128107 22:55:00 95168 0 0
20121128108 23:00:00 05193 0 0
20121128109 23:05:00 58287 0 0
20121128110 23:10:00 89504 0 0
20121128111 23:15:00 55434 1 1
20121128112 23:20:00 53776 0 1
20121128113 23:25:00 09461 0 0
20121128114 23:30:00 76787 1 1
20121128115 23:35:00 89524 0 0
20121128116 23:40:00 69214 0 0
20121128117 23:45:00 24525 0 1
20121128118 23:50:00 69386 0 0
20121128119 23:55:00 68707 0 1
20121128120 00:00:00 57273 0 0
