20120410001 00:05:00 26993 0 1
20120410002 00:10:00 71704 1 0
20120410003 00:15:00 24548 0 0
20120410004 00:20:00 06053 1 0
20120410005 00:25:00 00739 1 0
20120410006 00:30:00 90166 0 1
20120410007 00:35:00 17340 0 0
20120410008 00:40:00 54988 0 1
20120410009 00:45:00 72335 0 1
20120410010 00:50:00 06735 0 0
20120410011 00:55:00 47776 1 1
20120410012 01:00:00 45548 1 0
20120410013 01:05:00 05016 1 0
20120410014 01:10:00 87453 0 0
20120410015 01:15:00 38804 1 0
20120410016 01:20:00 72681 0 0
20120410017 01:25:00 94713 0 0
20120410018 01:30:00 86759 0 0
20120410019 01:35:00 68188 0 1
20120410020 01:40:00 13015 0 0
20120410021 01:45:00 52417 0 0
20120410022 01:50:00 41447 1 1
20120410023 01:55:00 45120 0 0
20120410024 10:00:00 57510 1 0
20120410025 10:10:00 38530 0 0
20120410026 10:20:00 04159 0 0
20120410027 10:30:00 15544 1 1
20120410028 10:40:00 31777 0 1
20120410029 10:50:00 63449 0 1
20120410030 11:00:00 33004 1 1
20120410031 11:10:00 03221 0 1
20120410032 11:20:00 01670 0 0
20120410033 11:30:00 82135 0 0
20120410034 11:40:00 26114 0 1
20120410035 11:50:00 56692 1 0
20120410036 12:00:00 91331 0 1
20120410037 12:10:00 28416 0 0
20120410038 12:20:00 63243 0 0
20120410039 12:30:00 93519 0 0
20120410040 12:40:00 65889 0 1
20120410041 12:50:00 23839 0 0
20120410042 13:00:00 11606 1 1
20120410043 13:10:00 03301 1 0
20120410044 13:20:00 98387 0 0
20120410045 13:30:00 89555 0 1
20120410046 13:40:00 25650 0 0
20120410047 13:50:00 52018 0 0
20120410048 14:00:00 49643 0 0
20120410049 14:10:00 55484 1 1
20120410050 14:20:00 44061 1 0
20120410051 14:30:00 26788 0 1
20120410052 14:40:00 90131 0 1
20120410053 14:50:00 47649 0 0
20120410054 15:00:00 62199 0 1
20120410055 15:10:00 72710 1 0
20120410056 15:20:00 33655 1 1
20120410057 15:30:00 33420 1 0
20120410058 15:40:00 05330 0 1
20120410059 15:50:00 89362 0 0
20120410060 16:00:00 77375 1 0
20120410061 16:10:00 91346 0 0
20120410062 16:20:00 13353 1 1
20120410063 16:30:00 86866 1 1
20120410064 16:40:00 77464 1 1
20120410065 16:50:00 82348 0 0
20120410066 17:00:00 65925 0 0
20120410067 17:10:00 88677 1 1
20120410068 17:20:00 47332 0 1
20120410069 17:30:00 62488 0 1
20120410070 17:40:00 39480 0 0
20120410071 17:50:00 15662 0 1
20120410072 18:00:00 22858 1 1
20120410073 18:10:00 92205 1 0
20120410074 18:20:00 34432 1 0
20120410075 18:30:00 09433 0 1
20120410076 18:40:00 49578 0 0
20120410077 18:50:00 22266 1 1
20120410078 19:00:00 53441 0 1
20120410079 19:10:00 35328 1 0
20120410080 19:20:00 93866 0 1
20120410081 19:30:00 30563 0 0
20120410082 19:40:00 30230 0 0
20120410083 19:50:00 12274 1 0
20120410084 20:00:00 21076 0 0
20120410085 20:10:00 16829 0 0
20120410086 20:20:00 00171 1 1
20120410087 20:30:00 84334 0 1
20120410088 20:40:00 79111 0 1
20120410089 20:50:00 72218 1 0
20120410090 21:00:00 49687 0 0
20120410091 21:10:00 11282 1 1
20120410092 21:20:00 62533 0 1
20120410093 21:30:00 88977 1 1
20120410094 21:40:00 01630 0 0
20120410095 21:50:00 23880 0 1
20120410096 22:00:00 35716 0 0
20120410097 22:05:00 25560 1 0
20120410098 22:10:00 43903 0 0
20120410099 22:15:00 25268 1 0
20120410100 22:20:00 61686 1 1
20120410101 22:25:00 14396 0 0
20120410102 22:30:00 53795 0 0
20120410103 22:35:00 94502 0 0
20120410104 22:40:00 54173 0 0
20120410105 22:45:00 39731 0 0
20120410106 22:50:00 54883 0 1
20120410107 22:55:00 18806 1 0
20120410108 23:00:00 03564 0 0
20120410109 23:05:00 77274 1 0
20120410110 23:10:00 31227 0 1
20120410111 23:15:00 61045 0 0
20120410112 23:20:00 33133 1 1
20120410113 23:25:00 20157 0 0
20120410114 23:30:00 73613 0 0
20120410115 23:35:00 36997 0 1
20120410116 23:40:00 51166 1 1
20120410117 23:45:00 90100 0 1
20120410118 23:50:00 94918 1 0
20120410119 23:55:00 80999 0 1
20120410120 00:00:00 50142 0 0
