20120418001 00:05:00 82179 0 0
20120418002 00:10:00 89941 1 0
20120418003 00:15:00 58670 0 0
20120418004 00:20:00 85260 0 0
20120418005 00:25:00 72039 0 0
20120418006 00:30:00 79835 0 0
20120418007 00:35:00 44160 1 0
20120418008 00:40:00 78176 0 0
20120418009 00:45:00 38185 0 0
20120418010 00:50:00 14539 0 0
20120418011 00:55:00 47330 0 1
20120418012 01:00:00 25627 0 0
20120418013 01:05:00 72262 1 1
20120418014 01:10:00 72249 1 0
20120418015 01:15:00 36659 1 0
20120418016 01:20:00 79624 0 0
20120418017 01:25:00 72282 1 1
20120418018 01:30:00 72113 0 1
20120418019 01:35:00 44484 1 1
20120418020 01:40:00 63509 0 0
20120418021 01:45:00 05598 1 0
20120418022 01:50:00 09847 0 0
20120418023 01:55:00 72706 1 0
20120418024 10:00:00 88665 1 1
20120418025 10:10:00 55186 1 0
20120418026 10:20:00 56521 1 0
20120418027 10:30:00 67638 1 0
20120418028 10:40:00 22906 1 0
20120418029 10:50:00 41231 0 0
20120418030 11:00:00 05370 0 0
20120418031 11:10:00 98641 0 0
20120418032 11:20:00 30174 0 0
20120418033 11:30:00 56148 0 0
20120418034 11:40:00 69156 0 0
20120418035 11:50:00 79015 0 0
20120418036 12:00:00 13920 0 0
20120418037 12:10:00 99447 1 1
20120418038 12:20:00 72541 0 0
20120418039 12:30:00 74584 0 0
20120418040 12:40:00 75940 0 0
20120418041 12:50:00 53128 0 0
20120418042 13:00:00 16539 0 0
20120418043 13:10:00 98668 0 1
20120418044 13:20:00 72920 0 0
20120418045 13:30:00 30541 0 0
20120418046 13:40:00 88786 1 0
20120418047 13:50:00 32415 0 0
20120418048 14:00:00 08877 1 1
20120418049 14:10:00 73449 0 1
20120418050 14:20:00 80350 0 0
20120418051 14:30:00 64016 0 0
20120418052 14:40:00 46636 1 1
20120418053 14:50:00 39903 1 0
20120418054 15:00:00 50321 0 0
20120418055 15:10:00 55236 1 0
20120418056 15:20:00 80815 1 0
20120418057 15:30:00 04358 0 0
20120418058 15:40:00 32351 1 0
20120418059 15:50:00 78195 0 0
20120418060 16:00:00 38062 0 0
20120418061 16:10:00 84128 0 0
20120418062 16:20:00 14339 0 1
20120418063 16:30:00 07876 0 0
20120418064 16:40:00 23847 0 0
20120418065 16:50:00 24473 1 0
20120418066 17:00:00 45578 1 0
20120418067 17:10:00 27533 0 1
20120418068 17:20:00 32064 0 0
20120418069 17:30:00 72225 1 1
20120418070 17:40:00 24860 0 0
20120418071 17:50:00 65331 0 1
20120418072 18:00:00 67666 1 1
20120418073 18:10:00 67538 0 0
20120418074 18:20:00 11771 1 1
20120418075 18:30:00 33048 1 0
20120418076 18:40:00 59483 0 0
20120418077 18:50:00 49602 0 0
20120418078 19:00:00 72855 0 1
20120418079 19:10:00 27880 0 1
20120418080 19:20:00 34811 0 1
20120418081 19:30:00 63259 0 0
20120418082 19:40:00 88468 1 0
20120418083 19:50:00 54185 0 0
20120418084 20:00:00 22864 1 0
20120418085 20:10:00 66807 1 0
20120418086 20:20:00 47709 1 0
20120418087 20:30:00 54820 0 0
20120418088 20:40:00 74680 0 0
20120418089 20:50:00 62665 1 1
20120418090 21:00:00 99648 1 0
20120418091 21:10:00 58639 0 0
20120418092 21:20:00 45697 0 0
20120418093 21:30:00 81959 0 1
20120418094 21:40:00 12208 1 0
20120418095 21:50:00 38898 1 1
20120418096 22:00:00 88977 1 1
20120418097 22:05:00 31172 1 0
20120418098 22:10:00 94373 0 1
20120418099 22:15:00 52795 0 0
20120418100 22:20:00 26165 0 0
20120418101 22:25:00 36588 0 1
20120418102 22:30:00 37400 0 1
20120418103 22:35:00 67443 0 1
20120418104 22:40:00 21341 0 0
20120418105 22:45:00 25260 1 0
20120418106 22:50:00 21856 0 0
20120418107 22:55:00 72592 0 0
20120418108 23:00:00 70635 0 0
20120418109 23:05:00 20167 0 0
20120418110 23:10:00 65209 0 0
20120418111 23:15:00 82157 0 0
20120418112 23:20:00 12989 0 1
20120418113 23:25:00 23616 0 1
20120418114 23:30:00 74383 0 1
20120418115 23:35:00 45274 0 0
20120418116 23:40:00 80144 0 1
20120418117 23:45:00 41998 0 1
20120418118 23:50:00 49350 0 0
20120418119 23:55:00 64353 0 1
20120418120 00:00:00 07768 1 0
