20120912001 00:05:00 58597 1 0
20120912002 00:10:00 72020 0 1
20120912003 00:15:00 20606 0 1
20120912004 00:20:00 52025 0 0
20120912005 00:25:00 59721 0 0
20120912006 00:30:00 35239 0 0
20120912007 00:35:00 77543 1 0
20120912008 00:40:00 62334 0 1
20120912009 00:45:00 36460 0 0
20120912010 00:50:00 21551 0 1
20120912011 00:55:00 32366 1 1
20120912012 01:00:00 27138 0 0
20120912013 01:05:00 57416 0 0
20120912014 01:10:00 65711 0 1
20120912015 01:15:00 33870 1 0
20120912016 01:20:00 51089 0 0
20120912017 01:25:00 72443 0 1
20120912018 01:30:00 62833 0 1
20120912019 01:35:00 65723 0 0
20120912020 01:40:00 21758 0 0
20120912021 01:45:00 66128 1 0
20120912022 01:50:00 36065 0 0
20120912023 01:55:00 29825 0 0
20120912024 10:00:00 76778 1 1
20120912025 10:10:00 94203 0 0
20120912026 10:20:00 85824 1 0
20120912027 10:30:00 87842 1 0
20120912028 10:40:00 06776 0 1
20120912029 10:50:00 28993 0 1
20120912030 11:00:00 69999 1 1
20120912031 11:10:00 16796 0 0
20120912032 11:20:00 99722 1 1
20120912033 11:30:00 43998 0 1
20120912034 11:40:00 60733 0 1
20120912035 11:50:00 18876 1 0
20120912036 12:00:00 38872 1 0
20120912037 12:10:00 64911 0 1
20120912038 12:20:00 89142 0 0
20120912039 12:30:00 14498 1 0
20120912040 12:40:00 64807 0 0
20120912041 12:50:00 09767 0 1
20120912042 13:00:00 00006 1 1
20120912043 13:10:00 87457 0 0
20120912044 13:20:00 34240 0 0
20120912045 13:30:00 86057 0 0
20120912046 13:40:00 78437 0 0
20120912047 13:50:00 07334 0 1
20120912048 14:00:00 88098 1 0
20120912049 14:10:00 10844 0 1
20120912050 14:20:00 54906 0 0
20120912051 14:30:00 37829 0 0
20120912052 14:40:00 51118 1 1
20120912053 14:50:00 68066 0 1
20120912054 15:00:00 39363 1 1
20120912055 15:10:00 52760 0 0
20120912056 15:20:00 58347 0 0
20120912057 15:30:00 71862 0 0
20120912058 15:40:00 28789 0 0
20120912059 15:50:00 44660 1 1
20120912060 16:00:00 54457 1 0
20120912061 16:10:00 85338 0 1
20120912062 16:20:00 85029 0 0
20120912063 16:30:00 68030 0 1
20120912064 16:40:00 00105 1 0
20120912065 16:50:00 23291 1 0
20120912066 17:00:00 61204 0 0
20120912067 17:10:00 74723 1 0
20120912068 17:20:00 57548 1 0
20120912069 17:30:00 91102 1 0
20120912070 17:40:00 69670 1 0
20120912071 17:50:00 51060 0 1
20120912072 18:00:00 70495 0 0
20120912073 18:10:00 55093 1 0
20120912074 18:20:00 94527 0 0
20120912075 18:30:00 30037 1 0
20120912076 18:40:00 07005 1 1
20120912077 18:50:00 44721 1 0
20120912078 19:00:00 23923 0 0
20120912079 19:10:00 45011 0 1
20120912080 19:20:00 71551 0 1
20120912081 19:30:00 12592 0 0
20120912082 19:40:00 47867 0 0
20120912083 19:50:00 81759 0 0
20120912084 20:00:00 77809 1 0
20120912085 20:10:00 31479 0 0
20120912086 20:20:00 54110 0 1
20120912087 20:30:00 82805 1 0
20120912088 20:40:00 17110 1 1
20120912089 20:50:00 25270 1 0
20120912090 21:00:00 14712 0 0
20120912091 21:10:00 32820 0 0
20120912092 21:20:00 81577 0 1
20120912093 21:30:00 62950 0 0
20120912094 21:40:00 52815 0 0
20120912095 21:50:00 81723 0 0
20120912096 22:00:00 58532 1 0
20120912097 22:05:00 06619 1 0
20120912098 22:10:00 46492 1 0
20120912099 22:15:00 88353 1 1
20120912100 22:20:00 42832 0 0
20120912101 22:25:00 79010 0 1
20120912102 22:30:00 41590 0 0
20120912103 22:35:00 63151 0 1
20120912104 22:40:00 85155 0 1
20120912105 22:45:00 41598 0 0
20120912106 22:50:00 71312 0 0
20120912107 22:55:00 96191 0 1
20120912108 23:00:00 57209 0 0
20120912109 23:05:00 76618 1 0
20120912110 23:10:00 87072 0 0
20120912111 23:15:00 56547 1 0
20120912112 23:20:00 64717 0 1
20120912113 23:25:00 26994 0 1
20120912114 23:30:00 75073 0 0
20120912115 23:35:00 77198 1 0
20120912116 23:40:00 48971 0 0
20120912117 23:45:00 07372 0 0
20120912118 23:50:00 62272 1 1
20120912119 23:55:00 58555 1 1
20120912120 00:00:00 69192 0 0
