20120518001 00:05:00 45658 0 0
20120518002 00:10:00 79005 0 1
20120518003 00:15:00 81759 0 0
20120518004 00:20:00 41999 0 1
20120518005 00:25:00 96949 1 1
20120518006 00:30:00 81456 0 0
20120518007 00:35:00 66483 1 0
20120518008 00:40:00 32584 0 0
20120518009 00:45:00 36918 0 0
20120518010 00:50:00 91843 0 0
20120518011 00:55:00 89331 0 1
20120518012 01:00:00 44578 1 0
20120518013 01:05:00 61678 1 0
20120518014 01:10:00 62255 1 1
20120518015 01:15:00 59562 1 0
20120518016 01:20:00 13231 0 0
20120518017 01:25:00 28039 0 0
20120518018 01:30:00 36369 1 0
20120518019 01:35:00 58845 1 0
20120518020 01:40:00 29148 0 0
20120518024 10:00:00 08604 0 0
20120518025 10:10:00 46336 0 1
20120518026 10:20:00 01510 0 0
20120518027 10:30:00 40973 0 0
20120518028 10:40:00 25558 1 1
20120518029 10:50:00 60578 0 0
20120518030 11:00:00 61027 0 0
20120518031 11:10:00 07952 0 0
20120518032 11:20:00 67675 1 0
20120518033 11:30:00 83505 0 1
20120518034 11:40:00 13674 0 0
20120518035 11:50:00 30111 0 1
20120518036 12:00:00 29694 0 0
20120518037 12:10:00 84807 1 0
20120518038 12:20:00 59225 0 1
20120518039 12:30:00 88588 1 1
20120518040 12:40:00 19310 0 0
20120518041 12:50:00 71154 1 0
20120518042 13:00:00 76122 0 1
20120518043 13:10:00 04629 0 0
20120518044 13:20:00 32737 0 1
20120518045 13:30:00 55988 1 1
20120518046 13:40:00 37742 1 0
20120518047 13:50:00 82984 0 0
20120518048 14:00:00 63550 0 1
20120518049 14:10:00 06545 0 1
20120518050 14:20:00 62272 1 1
20120518051 14:30:00 60706 0 0
20120518052 14:40:00 37047 0 0
20120518053 14:50:00 06234 0 0
20120518054 15:00:00 88804 1 0
20120518055 15:10:00 42715 0 0
20120518056 15:20:00 18492 0 0
20120518057 15:30:00 96015 0 0
20120518058 15:40:00 64902 0 0
20120518059 15:50:00 57843 0 0
20120518060 16:00:00 36218 0 0
20120518061 16:10:00 35424 0 1
20120518062 16:20:00 41999 0 1
20120518063 16:30:00 44747 1 1
20120518064 16:40:00 22966 1 1
20120518065 16:50:00 08723 0 0
20120518066 17:00:00 07422 0 1
20120518067 17:10:00 22687 1 0
20120518068 17:20:00 58908 0 0
20120518069 17:30:00 36407 0 0
20120518070 17:40:00 71115 1 1
20120518071 17:50:00 82912 0 0
20120518072 18:00:00 82170 0 0
20120518073 18:10:00 75530 1 0
20120518074 18:20:00 27786 1 0
20120518075 18:30:00 79621 0 0
20120518076 18:40:00 75352 0 0
20120518077 18:50:00 50681 0 0
20120518078 19:00:00 19909 1 1
20120518079 19:10:00 91195 1 0
20120518080 19:20:00 31655 0 1
20120518081 19:30:00 95681 0 0
20120518082 19:40:00 46632 1 0
20120518083 19:50:00 87733 1 1
20120518084 20:00:00 81883 1 1
20120518085 20:10:00 75828 0 1
20120518086 20:20:00 79366 0 1
20120518087 20:30:00 87885 1 1
20120518088 20:40:00 92281 1 0
20120518089 20:50:00 55975 1 0
20120518090 21:00:00 01294 0 0
20120518091 21:10:00 05957 0 0
20120518092 21:20:00 82318 0 0
20120518093 21:30:00 18112 1 1
20120518094 21:40:00 21956 0 0
20120518095 21:50:00 97594 0 0
20120518096 22:00:00 02401 0 0
20120518097 22:05:00 58727 0 1
20120518098 22:10:00 03808 0 1
20120518099 22:15:00 27359 0 0
20120518100 22:20:00 25123 0 0
20120518101 22:25:00 92418 0 0
20120518102 22:30:00 62857 0 0
20120518103 22:35:00 49184 0 0
20120518104 22:40:00 32990 0 1
20120518105 22:45:00 31156 1 0
20120518106 22:50:00 94022 0 1
20120518107 22:55:00 11672 1 0
20120518108 23:00:00 12744 0 1
20120518109 23:05:00 13132 1 0
20120518110 23:10:00 66929 1 1
20120518111 23:15:00 24896 0 0
20120518112 23:20:00 73196 0 0
20120518113 23:25:00 00926 1 0
20120518114 23:30:00 89380 0 0
20120518115 23:35:00 62451 0 0
20120518116 23:40:00 04184 0 0
20120518117 23:45:00 23228 1 1
20120518118 23:50:00 37347 1 0
20120518119 23:55:00 37441 0 1
20120518120 00:00:00 22133 1 1
