20121026001 00:05:00 54802 0 0
20121026002 00:10:00 26964 0 0
20121026003 00:15:00 52427 0 0
20121026004 00:20:00 30453 0 0
20121026005 00:25:00 43371 1 0
20121026006 00:30:00 29898 0 1
20121026007 00:35:00 76329 0 0
20121026008 00:40:00 68635 1 0
20121026009 00:45:00 22932 1 0
20121026010 00:50:00 46165 0 0
20121026011 00:55:00 37048 0 0
20121026012 01:00:00 32152 0 0
20121026013 01:05:00 80498 0 0
20121026014 01:10:00 08103 0 0
20121026015 01:15:00 97532 0 0
20121026016 01:20:00 02733 0 1
20121026017 01:25:00 44034 1 0
20121026018 01:30:00 48046 0 0
20121026019 01:35:00 37019 0 0
20121026020 01:40:00 90896 0 0
20121026021 01:45:00 28621 0 0
20121026022 01:50:00 16468 0 0
20121026023 01:55:00 95785 0 0
20121026024 10:00:00 60203 0 0
20121026025 10:10:00 06941 0 0
20121026026 10:20:00 86884 1 1
20121026027 10:30:00 14543 0 0
20121026028 10:40:00 08187 0 0
20121026029 10:50:00 45122 0 1
20121026030 11:00:00 17078 0 0
20121026031 11:10:00 76984 0 0
20121026032 11:20:00 42437 1 0
20121026033 11:30:00 19288 0 1
20121026034 11:40:00 44520 1 0
20121026035 11:50:00 22471 1 0
20121026036 12:00:00 98268 0 0
20121026037 12:10:00 65899 0 1
20121026038 12:20:00 29599 0 1
20121026039 12:30:00 72856 0 0
20121026040 12:40:00 89534 0 0
20121026041 12:50:00 23849 0 0
20121026042 13:00:00 45181 0 1
20121026043 13:10:00 06806 0 0
20121026044 13:20:00 18128 1 0
20121026045 13:30:00 71155 1 1
20121026046 13:40:00 55886 1 1
20121026047 13:50:00 74491 1 0
20121026048 14:00:00 70259 0 0
20121026049 14:10:00 51687 0 0
20121026050 14:20:00 18057 0 0
20121026051 14:30:00 41185 1 0
20121026052 14:40:00 66093 1 0
20121026053 14:50:00 90769 0 0
20121026054 15:00:00 37741 1 0
20121026055 15:10:00 61400 0 1
20121026056 15:20:00 23910 0 0
20121026057 15:30:00 93812 0 0
20121026058 15:40:00 50070 1 1
20121026059 15:50:00 90352 0 0
20121026060 16:00:00 09444 0 1
20121026061 16:10:00 56931 0 0
20121026062 16:20:00 05090 1 1
20121026063 16:30:00 59877 0 1
20121026064 16:40:00 32879 0 0
20121026065 16:50:00 59756 0 0
20121026066 17:00:00 52505 1 1
20121026067 17:10:00 09102 0 0
20121026068 17:20:00 90680 0 0
20121026069 17:30:00 40599 0 1
20121026070 17:40:00 03432 0 0
20121026071 17:50:00 86935 0 0
20121026072 18:00:00 47815 0 0
20121026073 18:10:00 71030 0 1
20121026074 18:20:00 71018 0 0
20121026075 18:30:00 62070 0 1
20121026076 18:40:00 34649 0 0
20121026077 18:50:00 74037 0 0
20121026078 19:00:00 66030 1 1
20121026079 19:10:00 81458 0 0
20121026080 19:20:00 04574 0 0
20121026081 19:30:00 27829 0 0
20121026082 19:40:00 91452 0 0
20121026083 19:50:00 31542 0 0
20121026084 20:00:00 26397 0 0
20121026085 20:10:00 14069 0 0
20121026086 20:20:00 58771 0 1
20121026087 20:30:00 84688 0 1
20121026088 20:40:00 59255 0 1
20121026089 20:50:00 72280 1 0
20121026090 21:00:00 81687 0 0
20121026091 21:10:00 90858 0 1
20121026092 21:20:00 49922 1 1
20121026093 21:30:00 16366 0 1
20121026094 21:40:00 55611 1 1
20121026095 21:50:00 76190 0 0
20121026096 22:00:00 58676 0 1
20121026097 22:05:00 77374 1 0
20121026098 22:10:00 91040 0 1
20121026099 22:15:00 69103 0 0
20121026100 22:20:00 70612 0 0
20121026101 22:25:00 52000 0 1
20121026102 22:30:00 62943 0 0
20121026103 22:35:00 55770 1 1
20121026104 22:40:00 66358 1 0
20121026105 22:45:00 66373 1 1
20121026106 22:50:00 80115 0 1
20121026107 22:55:00 15415 0 0
20121026108 23:00:00 62022 0 1
20121026109 23:05:00 17627 0 0
20121026110 23:10:00 62503 0 0
20121026111 23:15:00 06855 0 1
20121026112 23:20:00 81438 0 0
20121026113 23:25:00 81234 0 0
20121026114 23:30:00 79900 1 1
20121026115 23:35:00 86612 1 0
20121026116 23:40:00 06679 1 0
20121026117 23:45:00 52017 0 0
20121026118 23:50:00 48314 0 0
20121026119 23:55:00 42743 0 0
20121026120 00:00:00 29701 0 0
