20120821001 00:05:00 62995 0 1
20120821002 00:10:00 21626 0 1
20120821003 00:15:00 56464 0 1
20120821004 00:20:00 76222 0 1
20120821005 00:25:00 24398 0 0
20120821006 00:30:00 95861 0 0
20120821007 00:35:00 53212 0 1
20120821008 00:40:00 85417 0 0
20120821009 00:45:00 95240 0 0
20120821010 00:50:00 11678 1 0
20120821011 00:55:00 77699 1 1
20120821012 01:00:00 36761 0 0
20120821013 01:05:00 41161 1 1
20120821014 01:10:00 77119 1 1
20120821015 01:15:00 83985 0 0
20120821016 01:20:00 46305 0 0
20120821017 01:25:00 29886 0 1
20120821018 01:30:00 21221 1 1
20120821019 01:35:00 70667 0 1
20120821020 01:40:00 82533 0 1
20120821021 01:45:00 50996 0 1
20120821022 01:50:00 81186 1 0
20120821023 01:55:00 61913 0 0
20120821024 10:00:00 31764 0 0
20120821025 10:10:00 99284 1 0
20120821026 10:20:00 59668 0 1
20120821027 10:30:00 28697 0 0
20120821028 10:40:00 61420 0 0
20120821029 10:50:00 84547 0 0
20120821030 11:00:00 23769 0 0
20120821031 11:10:00 22511 1 1
20120821032 11:20:00 66427 1 0
20120821033 11:30:00 27975 0 0
20120821034 11:40:00 08774 0 1
20120821035 11:50:00 78297 0 0
20120821036 12:00:00 26127 0 0
20120821037 12:10:00 67393 0 1
20120821038 12:20:00 43140 0 0
20120821039 12:30:00 94657 0 0
20120821040 12:40:00 71313 0 1
20120821041 12:50:00 06532 0 0
20120821042 13:00:00 06225 0 1
20120821043 13:10:00 92679 0 0
20120821044 13:20:00 38428 0 0
20120821045 13:30:00 32255 1 1
20120821046 13:40:00 07625 0 0
20120821047 13:50:00 98623 0 0
20120821048 14:00:00 38725 0 0
20120821049 14:10:00 37473 0 0
20120821050 14:20:00 66252 1 1
20120821051 14:30:00 10012 1 0
20120821052 14:40:00 89749 0 0
20120821053 14:50:00 98648 0 0
20120821054 15:00:00 14310 0 0
20120821055 15:10:00 74582 0 0
20120821056 15:20:00 36547 0 0
20120821057 15:30:00 60946 0 0
20120821058 15:40:00 69030 0 1
20120821059 15:50:00 65921 0 0
20120821060 16:00:00 23927 0 0
20120821061 16:10:00 11840 1 0
20120821062 16:20:00 90385 0 0
20120821063 16:30:00 74279 0 0
20120821064 16:40:00 97735 1 0
20120821065 16:50:00 55827 1 0
20120821066 17:00:00 01958 0 0
20120821067 17:10:00 79073 0 0
20120821068 17:20:00 00055 1 1
20120821069 17:30:00 02966 0 1
20120821070 17:40:00 01174 1 0
20120821071 17:50:00 57745 1 0
20120821072 18:00:00 56799 0 1
20120821073 18:10:00 82630 0 0
20120821074 18:20:00 98933 1 1
20120821075 18:30:00 40831 0 0
20120821076 18:40:00 71238 0 0
20120821077 18:50:00 61001 0 1
20120821078 19:00:00 07206 0 0
20120821079 19:10:00 04503 0 0
20120821080 19:20:00 48448 1 1
20120821081 19:30:00 21842 0 0
20120821082 19:40:00 73535 0 1
20120821083 19:50:00 69185 0 0
20120821084 20:00:00 40475 1 0
20120821085 20:10:00 49267 0 0
20120821086 20:20:00 42847 0 0
20120821087 20:30:00 45340 0 0
20120821088 20:40:00 31278 0 0
20120821089 20:50:00 10053 1 0
20120821090 21:00:00 97496 0 0
20120821091 21:10:00 77571 1 0
20120821092 21:20:00 55975 1 0
20120821093 21:30:00 58200 0 1
20120821094 21:40:00 10729 0 0
20120821095 21:50:00 12567 0 0
20120821096 22:00:00 55585 1 1
20120821097 22:05:00 20398 0 0
20120821098 22:10:00 06786 0 0
20120821099 22:15:00 31994 0 1
20120821100 22:20:00 41583 0 0
20120821101 22:25:00 30034 1 0
20120821102 22:30:00 21489 0 0
20120821103 22:35:00 94619 0 0
20120821104 22:40:00 16555 0 1
20120821105 22:45:00 05384 0 0
20120821106 22:50:00 05112 0 1
20120821107 22:55:00 38749 0 0
20120821108 23:00:00 87133 0 1
20120821109 23:05:00 05942 0 0
20120821110 23:10:00 17076 0 0
20120821111 23:15:00 79985 1 0
20120821112 23:20:00 74934 0 0
20120821113 23:25:00 00980 1 0
20120821114 23:30:00 87575 0 1
20120821115 23:35:00 50913 0 0
20120821116 23:40:00 00366 1 1
20120821117 23:45:00 21305 0 0
20120821118 23:50:00 96466 0 1
20120821119 23:55:00 45894 0 0
20120821120 00:00:00 71681 0 0
