20120712001 00:05:00 37224 0 1
20120712002 00:10:00 68359 0 0
20120712003 00:15:00 89971 1 0
20120712004 00:20:00 27963 0 0
20120712005 00:25:00 88894 1 0
20120712006 00:30:00 18092 0 0
20120712007 00:35:00 99637 1 0
20120712008 00:40:00 04284 0 0
20120712009 00:45:00 73644 0 1
20120712010 00:50:00 85515 1 1
20120712011 00:55:00 91368 0 0
20120712012 01:00:00 68033 0 1
20120712013 01:05:00 11307 1 0
20120712014 01:10:00 58308 0 0
20120712015 01:15:00 30447 0 1
20120712016 01:20:00 41849 0 0
20120712017 01:25:00 08864 1 0
20120712018 01:30:00 39570 0 0
20120712019 01:35:00 78606 0 1
20120712020 01:40:00 62873 0 0
20120712021 01:45:00 18382 0 0
20120712022 01:50:00 86649 1 0
20120712023 01:55:00 17135 1 0
20120712024 10:00:00 63848 0 1
20120712025 10:10:00 09741 0 0
20120712026 10:20:00 60047 1 0
20120712027 10:30:00 49687 0 0
20120712028 10:40:00 79361 0 0
20120712029 10:50:00 07551 0 1
20120712030 11:00:00 53202 0 1
20120712031 11:10:00 54447 1 1
20120712032 11:20:00 69613 1 0
20120712033 11:30:00 78415 0 0
20120712034 11:40:00 52084 0 0
20120712035 11:50:00 46531 0 0
20120712036 12:00:00 86321 0 0
20120712037 12:10:00 04025 1 0
20120712038 12:20:00 30965 0 0
20120712039 12:30:00 48070 0 1
20120712040 12:40:00 77280 1 0
20120712041 12:50:00 10446 0 1
20120712042 13:00:00 22574 1 0
20120712043 13:10:00 13884 0 1
20120712044 13:20:00 28778 0 1
20120712045 13:30:00 27852 0 0
20120712046 13:40:00 91232 0 1
20120712047 13:50:00 46008 0 1
20120712048 14:00:00 09425 0 0
20120712049 14:10:00 14616 0 1
20120712050 14:20:00 68419 0 0
20120712051 14:30:00 24219 1 0
20120712052 14:40:00 62872 0 0
20120712053 14:50:00 65721 0 0
20120712054 15:00:00 12275 1 0
20120712055 15:10:00 80880 1 1
20120712056 15:20:00 42380 0 0
20120712057 15:30:00 25065 0 0
20120712058 15:40:00 75430 0 0
20120712059 15:50:00 09656 0 1
20120712060 16:00:00 16114 1 1
20120712061 16:10:00 65782 0 0
20120712062 16:20:00 52798 0 0
20120712063 16:30:00 67905 0 0
20120712064 16:40:00 63707 0 1
20120712065 16:50:00 46802 0 0
20120712066 17:00:00 03920 0 0
20120712067 17:10:00 19589 0 0
20120712068 17:20:00 48626 0 1
20120712069 17:30:00 26974 0 0
20120712070 17:40:00 47798 1 0
20120712071 17:50:00 79773 1 1
20120712072 18:00:00 00329 1 0
20120712073 18:10:00 89311 0 1
20120712074 18:20:00 25067 0 0
20120712075 18:30:00 89499 0 1
20120712076 18:40:00 63797 0 1
20120712077 18:50:00 58742 0 0
20120712078 19:00:00 12987 0 0
20120712079 19:10:00 65930 0 0
20120712080 19:20:00 77347 1 0
20120712081 19:30:00 01219 0 0
20120712082 19:40:00 31898 0 1
20120712083 19:50:00 97134 0 0
20120712084 20:00:00 89287 0 0
20120712085 20:10:00 41535 0 1
20120712086 20:20:00 61440 0 1
20120712087 20:30:00 15631 0 0
20120712088 20:40:00 51944 0 1
20120712089 20:50:00 94343 0 1
20120712090 21:00:00 70590 0 0
20120712091 21:10:00 48306 0 0
20120712092 21:20:00 49505 0 1
20120712093 21:30:00 14930 0 0
20120712094 21:40:00 71072 0 0
20120712095 21:50:00 09400 0 1
20120712096 22:00:00 68978 0 0
20120712097 22:05:00 69834 0 0
20120712098 22:10:00 43401 1 0
20120712099 22:15:00 48660 0 1
20120712100 22:20:00 59475 0 0
20120712101 22:25:00 07057 1 0
20120712102 22:30:00 83686 0 1
20120712103 22:35:00 75784 1 0
20120712104 22:40:00 44660 1 1
20120712105 22:45:00 63429 0 0
20120712106 22:50:00 32246 1 0
20120712107 22:55:00 86038 0 0
20120712108 23:00:00 28199 0 1
20120712109 23:05:00 71786 1 0
20120712110 23:10:00 13128 1 0
20120712111 23:15:00 96617 1 0
20120712112 23:20:00 18626 0 1
20120712113 23:25:00 21251 1 0
20120712114 23:30:00 36348 1 0
20120712115 23:35:00 99586 1 0
20120712116 23:40:00 18267 0 0
20120712117 23:45:00 97602 0 0
20120712118 23:50:00 47141 0 1
20120712119 23:55:00 39738 0 0
20120712120 00:00:00 76117 0 1
