20120617001 00:05:00 97745 1 0
20120617002 00:10:00 42664 0 1
20120617003 00:15:00 04649 0 0
20120617004 00:20:00 62351 0 0
20120617005 00:25:00 02642 0 0
20120617006 00:30:00 39700 0 1
20120617007 00:35:00 06806 0 0
20120617008 00:40:00 44172 1 0
20120617009 00:45:00 07900 0 1
20120617010 00:50:00 91665 0 1
20120617011 00:55:00 11975 1 0
20120617012 01:00:00 46232 0 1
20120617013 01:05:00 27577 0 1
20120617014 01:10:00 38579 0 0
20120617015 01:15:00 67644 1 1
20120617016 01:20:00 88471 1 0
20120617017 01:25:00 65008 0 1
20120617018 01:30:00 89280 0 0
20120617019 01:35:00 75343 0 1
20120617020 01:40:00 00224 1 1
20120617021 01:45:00 37365 1 0
20120617022 01:50:00 12253 1 0
20120617023 01:55:00 17327 0 0
20120617024 10:00:00 86901 0 0
20120617025 10:10:00 39623 0 0
20120617026 10:20:00 66682 1 0
20120617027 10:30:00 94098 0 0
20120617028 10:40:00 30552 0 1
20120617029 10:50:00 96983 1 0
20120617030 11:00:00 16049 0 0
20120617031 11:10:00 44488 1 1
20120617032 11:20:00 72145 0 0
20120617033 11:30:00 94414 1 1
20120617034 11:40:00 12783 0 0
20120617035 11:50:00 12632 0 0
20120617036 12:00:00 22785 1 0
20120617037 12:10:00 51785 0 0
20120617038 12:20:00 57065 0 0
20120617039 12:30:00 86767 0 1
20120617040 12:40:00 19181 1 1
20120617041 12:50:00 34651 0 0
20120617042 13:00:00 26364 0 0
20120617043 13:10:00 17320 0 0
20120617044 13:20:00 22997 1 1
20120617045 13:30:00 35518 1 0
20120617046 13:40:00 37655 0 1
20120617047 13:50:00 97935 1 0
20120617048 14:00:00 12477 0 1
20120617049 14:10:00 05199 0 1
20120617050 14:20:00 55823 1 0
20120617051 14:30:00 36712 0 0
20120617052 14:40:00 36338 1 1
20120617053 14:50:00 05681 0 0
20120617054 15:00:00 27102 0 0
20120617055 15:10:00 82214 1 0
20120617056 15:20:00 89659 0 0
20120617057 15:30:00 49314 0 0
20120617058 15:40:00 53152 0 0
20120617059 15:50:00 03723 0 0
20120617060 16:00:00 35029 0 0
20120617061 16:10:00 96162 0 0
20120617062 16:20:00 26540 0 0
20120617063 16:30:00 95090 0 1
20120617064 16:40:00 00123 1 0
20120617065 16:50:00 10126 1 0
20120617066 17:00:00 01283 0 0
20120617067 17:10:00 46445 1 1
20120617068 17:20:00 34075 0 0
20120617069 17:30:00 89930 1 0
20120617070 17:40:00 07363 0 1
20120617071 17:50:00 38946 0 0
20120617072 18:00:00 43320 1 0
20120617073 18:10:00 82257 1 0
20120617074 18:20:00 00756 1 0
20120617075 18:30:00 88710 1 0
20120617076 18:40:00 51787 0 1
20120617077 18:50:00 22872 1 0
20120617078 19:00:00 51255 0 1
20120617079 19:10:00 50452 0 0
20120617080 19:20:00 85769 0 0
20120617081 19:30:00 44458 1 0
20120617082 19:40:00 75705 1 0
20120617083 19:50:00 40303 0 1
20120617084 20:00:00 32925 0 0
20120617085 20:10:00 64313 0 1
20120617086 20:20:00 72932 0 0
20120617087 20:30:00 51432 0 0
20120617088 20:40:00 63000 0 1
20120617089 20:50:00 35694 0 0
20120617090 21:00:00 70926 0 0
20120617091 21:10:00 87585 0 1
20120617092 21:20:00 47247 0 0
20120617093 21:30:00 53515 1 1
20120617094 21:40:00 36558 0 1
20120617095 21:50:00 11382 1 0
20120617096 22:00:00 42024 0 0
20120617097 22:05:00 30102 0 0
20120617098 22:10:00 88567 1 0
20120617099 22:15:00 70024 1 0
20120617100 22:20:00 78203 0 0
20120617101 22:25:00 27021 0 0
20120617102 22:30:00 63274 0 0
20120617103 22:35:00 33575 1 1
20120617104 22:40:00 29320 0 0
20120617105 22:45:00 86272 0 1
20120617106 22:50:00 89638 0 0
20120617107 22:55:00 64617 1 0
20120617108 23:00:00 00173 1 0
20120617109 23:05:00 85980 0 0
20120617110 23:10:00 74504 0 0
20120617111 23:15:00 74413 1 0
20120617112 23:20:00 63511 0 1
20120617113 23:25:00 39127 0 0
20120617114 23:30:00 20319 0 0
20120617115 23:35:00 89460 0 0
20120617116 23:40:00 72833 0 1
20120617117 23:45:00 95575 1 1
20120617118 23:50:00 67435 0 0
20120617119 23:55:00 22777 1 1
20120617120 00:00:00 93028 0 0
