20120216001 00:05:00 49602 0 0
20120216002 00:10:00 56566 1 1
20120216003 00:15:00 67096 0 0
20120216004 00:20:00 23367 1 0
20120216005 00:25:00 63103 0 0
20120216006 00:30:00 92517 0 0
20120216007 00:35:00 69651 1 0
20120216008 00:40:00 25539 1 0
20120216009 00:45:00 64733 0 1
20120216010 00:50:00 91278 0 0
20120216011 00:55:00 95876 0 0
20120216012 01:00:00 69029 0 0
20120216013 01:05:00 62558 0 1
20120216014 01:10:00 94256 0 0
20120216015 01:15:00 18334 0 1
20120216016 01:20:00 61682 1 0
20120216017 01:25:00 48858 1 1
20120216018 01:30:00 35351 1 0
20120216019 01:35:00 18546 0 0
20120216020 01:40:00 46861 0 0
20120216021 01:45:00 52661 0 1
20120216022 01:50:00 18779 0 1
20120216023 01:55:00 22771 1 1
20120216024 10:00:00 34668 0 1
20120216025 10:10:00 46836 0 0
20120216026 10:20:00 80464 0 1
20120216027 10:30:00 26081 0 0
20120216028 10:40:00 76014 0 0
20120216029 10:50:00 85652 0 0
20120216030 11:00:00 79766 1 1
20120216031 11:10:00 13586 0 0
20120216032 11:20:00 45597 1 0
20120216033 11:30:00 70571 0 0
20120216034 11:40:00 22467 1 0
20120216035 11:50:00 09798 0 0
20120216036 12:00:00 44133 1 1
20120216037 12:10:00 40362 0 0
20120216038 12:20:00 85689 0 0
20120216039 12:30:00 31218 0 0
20120216040 12:40:00 51296 0 0
20120216041 12:50:00 80675 0 0
20120216042 13:00:00 92429 0 0
20120216043 13:10:00 12623 0 0
20120216044 13:20:00 04965 0 0
20120216045 13:30:00 39739 0 0
20120216046 13:40:00 16292 0 1
20120216047 13:50:00 38711 0 1
20120216048 14:00:00 32412 0 0
20120216049 14:10:00 41579 0 0
20120216050 14:20:00 96372 0 0
20120216051 14:30:00 67804 0 0
20120216052 14:40:00 74799 1 1
20120216053 14:50:00 34402 1 0
20120216054 15:00:00 73699 0 1
20120216055 15:10:00 07842 0 0
20120216056 15:20:00 86505 0 1
20120216057 15:30:00 94109 0 0
20120216058 15:40:00 73149 0 0
20120216059 15:50:00 88723 1 0
20120216060 16:00:00 65093 0 0
20120216061 16:10:00 09770 0 1
20120216062 16:20:00 83815 1 0
20120216063 16:30:00 50223 0 1
20120216064 16:40:00 70495 0 0
20120216065 16:50:00 53833 0 1
20120216066 17:00:00 45558 1 1
20120216067 17:10:00 02782 0 0
20120216068 17:20:00 21471 0 0
20120216069 17:30:00 90508 0 0
20120216070 17:40:00 31704 0 0
20120216071 17:50:00 41009 0 1
20120216072 18:00:00 42497 1 0
20120216073 18:10:00 94397 0 0
20120216074 18:20:00 95533 1 1
20120216075 18:30:00 11137 1 0
20120216076 18:40:00 72592 0 0
20120216077 18:50:00 40343 0 1
20120216078 19:00:00 22848 1 1
20120216079 19:10:00 16007 0 1
20120216080 19:20:00 89956 1 0
20120216081 19:30:00 50853 0 0
20120216082 19:40:00 07535 0 1
20120216083 19:50:00 51029 0 0
20120216084 20:00:00 09051 1 0
20120216085 20:10:00 30367 1 0
20120216086 20:20:00 01890 0 0
20120216087 20:30:00 95938 1 0
20120216088 20:40:00 29452 0 0
20120216089 20:50:00 50243 0 0
20120216090 21:00:00 14167 1 0
20120216091 21:10:00 12898 0 1
20120216092 21:20:00 49848 0 1
20120216093 21:30:00 65258 0 0
20120216094 21:40:00 49668 0 1
20120216095 21:50:00 12332 0 1
20120216096 22:00:00 59827 0 0
20120216097 22:05:00 32437 0 0
20120216098 22:10:00 64635 1 0
20120216099 22:15:00 48875 1 0
20120216100 22:20:00 95057 0 0
20120216101 22:25:00 93236 0 0
20120216102 22:30:00 64631 1 0
20120216103 22:35:00 25515 1 1
20120216104 22:40:00 22170 1 0
20120216105 22:45:00 96971 1 0
20120216106 22:50:00 12807 0 0
20120216107 22:55:00 56962 0 0
20120216108 23:00:00 04688 0 1
20120216109 23:05:00 95032 0 0
20120216110 23:10:00 59456 0 0
20120216111 23:15:00 96183 0 0
20120216112 23:20:00 13421 0 0
20120216113 23:25:00 68497 0 0
20120216114 23:30:00 59035 0 0
20120216115 23:35:00 20339 0 1
20120216116 23:40:00 76386 0 0
20120216117 23:45:00 77946 1 0
20120216118 23:50:00 11680 1 0
20120216119 23:55:00 03445 0 1
20120216120 00:00:00 30057 1 0
