20120512001 00:05:00 48690 0 0
20120512002 00:10:00 60994 0 1
20120512003 00:15:00 82988 0 1
20120512004 00:20:00 01935 0 0
20120512005 00:25:00 51830 0 0
20120512006 00:30:00 94480 1 0
20120512007 00:35:00 50887 0 1
20120512008 00:40:00 01670 0 0
20120512009 00:45:00 97667 0 1
20120512010 00:50:00 64735 0 0
20120512011 00:55:00 53798 0 0
20120512012 01:00:00 80311 0 1
20120512013 01:05:00 96927 1 0
20120512014 01:10:00 17463 0 0
20120512015 01:15:00 14950 0 0
20120512016 01:20:00 32012 0 0
20120512017 01:25:00 50407 0 0
20120512018 01:30:00 30396 1 0
20120512019 01:35:00 30669 0 1
20120512020 01:40:00 88538 1 0
20120512021 01:45:00 29392 0 0
20120512022 01:50:00 86034 0 0
20120512023 01:55:00 34215 0 0
20120512024 10:00:00 91365 0 0
20120512025 10:10:00 77299 1 1
20120512026 10:20:00 35022 0 1
20120512027 10:30:00 43209 0 0
20120512028 10:40:00 27352 0 0
20120512029 10:50:00 07041 1 0
20120512030 11:00:00 80715 0 0
20120512031 11:10:00 52055 0 1
20120512032 11:20:00 26140 0 0
20120512033 11:30:00 42468 1 0
20120512034 11:40:00 37217 0 0
20120512035 11:50:00 32547 0 0
20120512036 12:00:00 54038 0 0
20120512037 12:10:00 10607 0 0
20120512038 12:20:00 50767 0 1
20120512039 12:30:00 96046 0 0
20120512040 12:40:00 04248 0 0
20120512041 12:50:00 44717 1 1
20120512042 13:00:00 64607 1 0
20120512043 13:10:00 58613 0 0
20120512044 13:20:00 96827 0 0
20120512045 13:30:00 21816 0 0
20120512046 13:40:00 22280 1 0
20120512047 13:50:00 54858 0 1
20120512048 14:00:00 14605 0 0
20120512049 14:10:00 74045 0 0
20120512050 14:20:00 67002 0 1
20120512051 14:30:00 36978 0 0
20120512052 14:40:00 96897 0 0
20120512053 14:50:00 49667 0 1
20120512054 15:00:00 95582 1 0
20120512055 15:10:00 37132 0 0
20120512056 15:20:00 39431 0 0
20120512057 15:30:00 26571 0 0
20120512058 15:40:00 14469 1 0
20120512059 15:50:00 73755 1 1
20120512060 16:00:00 38953 0 0
20120512061 16:10:00 45685 0 0
20120512062 16:20:00 40481 1 0
20120512063 16:30:00 45786 0 0
20120512064 16:40:00 88447 1 1
20120512065 16:50:00 50588 1 1
20120512066 17:00:00 94923 1 0
20120512067 17:10:00 32954 0 0
20120512068 17:20:00 69010 0 1
20120512069 17:30:00 16577 0 1
20120512070 17:40:00 55299 1 1
20120512071 17:50:00 99612 1 0
20120512072 18:00:00 38925 0 0
20120512073 18:10:00 91823 0 0
20120512074 18:20:00 15573 1 0
20120512075 18:30:00 26348 0 0
20120512076 18:40:00 07377 0 1
20120512077 18:50:00 06867 0 0
20120512078 19:00:00 81749 0 0
20120512079 19:10:00 56078 0 0
20120512080 19:20:00 87941 0 0
20120512081 19:30:00 25730 0 0
20120512082 19:40:00 93686 0 1
20120512083 19:50:00 70087 1 0
20120512084 20:00:00 76770 1 1
20120512085 20:10:00 30547 0 0
20120512086 20:20:00 36689 1 0
20120512087 20:30:00 48975 0 0
20120512088 20:40:00 82993 0 1
20120512089 20:50:00 46704 0 0
20120512090 21:00:00 93869 0 0
20120512091 21:10:00 10117 1 1
20120512092 21:20:00 33628 1 0
20120512093 21:30:00 71020 0 1
20120512094 21:40:00 75017 0 0
20120512095 21:50:00 99763 1 0
20120512096 22:00:00 96801 0 0
20120512097 22:05:00 40343 0 1
20120512098 22:10:00 72439 0 0
20120512099 22:15:00 25054 0 0
20120512100 22:20:00 54273 0 0
20120512101 22:25:00 83574 0 0
20120512102 22:30:00 39615 0 0
20120512103 22:35:00 18182 1 0
20120512104 22:40:00 07327 0 0
20120512105 22:45:00 44674 1 0
20120512106 22:50:00 90237 0 0
20120512107 22:55:00 16036 0 0
20120512108 23:00:00 06597 0 0
20120512109 23:05:00 13972 0 0
20120512110 23:10:00 23068 0 0
20120512111 23:15:00 01869 0 0
20120512112 23:20:00 68011 0 1
20120512113 23:25:00 52280 1 0
20120512114 23:30:00 54565 1 1
20120512115 23:35:00 55205 1 0
20120512116 23:40:00 05337 0 1
20120512117 23:45:00 84939 0 1
20120512118 23:50:00 29837 0 0
20120512119 23:55:00 05334 0 1
20120512120 00:00:00 57029 0 0
