20120903001 00:05:00 38241 0 0
20120903002 00:10:00 56212 0 1
20120903003 00:15:00 43192 0 0
20120903004 00:20:00 42267 1 0
20120903005 00:25:00 61620 1 0
20120903006 00:30:00 72771 1 1
20120903007 00:35:00 65622 1 1
20120903008 00:40:00 79002 0 1
20120903009 00:45:00 65532 1 0
20120903010 00:50:00 84169 0 0
20120903011 00:55:00 06703 0 0
20120903012 01:00:00 13237 0 0
20120903013 01:05:00 36874 0 0
20120903014 01:10:00 53209 0 0
20120903015 01:15:00 86529 0 0
20120903016 01:20:00 63725 0 0
20120903017 01:25:00 56789 0 0
20120903018 01:30:00 73732 1 0
20120903019 01:35:00 39940 1 0
20120903020 01:40:00 57278 0 0
20120903021 01:45:00 58449 0 1
20120903022 01:50:00 07082 1 0
20120903023 01:55:00 35092 0 0
20120903024 10:00:00 07553 0 1
20120903025 10:10:00 32750 0 0
20120903026 10:20:00 76299 0 1
20120903027 10:30:00 87182 0 0
20120903028 10:40:00 13813 0 0
20120903029 10:50:00 99923 1 0
20120903030 11:00:00 34320 1 0
20120903031 11:10:00 37802 0 0
20120903032 11:20:00 61050 0 1
20120903033 11:30:00 23385 1 0
20120903034 11:40:00 92551 0 1
20120903035 11:50:00 58579 1 0
20120903036 12:00:00 86440 0 1
20120903037 12:10:00 79482 0 0
20120903038 12:20:00 67162 0 0
20120903039 12:30:00 02525 0 1
20120903040 12:40:00 31968 0 0
20120903041 12:50:00 07333 0 1
20120903042 13:00:00 67202 0 1
20120903043 13:10:00 32645 0 0
20120903044 13:20:00 54887 0 1
20120903045 13:30:00 73553 0 1
20120903046 13:40:00 60609 1 0
20120903047 13:50:00 78572 0 0
20120903048 14:00:00 30179 0 0
20120903049 14:10:00 87068 0 0
20120903050 14:20:00 74249 0 0
20120903051 14:30:00 82534 0 0
20120903052 14:40:00 46062 0 0
20120903053 14:50:00 76308 0 0
20120903054 15:00:00 09112 0 1
20120903055 15:10:00 59129 0 0
20120903056 15:20:00 04991 0 1
20120903057 15:30:00 88477 1 1
20120903058 15:40:00 90132 0 0
20120903059 15:50:00 16467 0 0
20120903060 16:00:00 59936 1 0
20120903061 16:10:00 75242 0 1
20120903062 16:20:00 66391 1 0
20120903063 16:30:00 55669 1 1
20120903064 16:40:00 62615 1 0
20120903065 16:50:00 41033 0 1
20120903066 17:00:00 75738 1 0
20120903067 17:10:00 84708 0 0
20120903068 17:20:00 51936 0 0
20120903069 17:30:00 71105 1 0
20120903070 17:40:00 26037 0 0
20120903071 17:50:00 15381 0 0
20120903072 18:00:00 70407 0 0
20120903073 18:10:00 46036 0 0
20120903074 18:20:00 58919 0 1
20120903075 18:30:00 17572 0 0
20120903076 18:40:00 23447 0 1
20120903077 18:50:00 11104 1 0
20120903078 19:00:00 50977 0 1
20120903079 19:10:00 36446 0 1
20120903080 19:20:00 93283 0 0
20120903081 19:30:00 31115 1 1
20120903082 19:40:00 17508 0 0
20120903083 19:50:00 45492 1 0
20120903084 20:00:00 06605 1 0
20120903085 20:10:00 08108 0 0
20120903086 20:20:00 98809 1 0
20120903087 20:30:00 86928 0 0
20120903088 20:40:00 54934 0 0
20120903089 20:50:00 65483 0 0
20120903090 21:00:00 53562 1 0
20120903091 21:10:00 23877 0 1
20120903092 21:20:00 51814 0 0
20120903093 21:30:00 23580 0 0
20120903094 21:40:00 03622 0 1
20120903095 21:50:00 62447 0 1
20120903096 22:00:00 24570 0 0
20120903097 22:05:00 36606 1 1
20120903098 22:10:00 94843 0 0
20120903099 22:15:00 55589 1 0
20120903100 22:20:00 88105 1 0
20120903101 22:25:00 64032 0 0
20120903102 22:30:00 99753 1 0
20120903103 22:35:00 74188 0 1
20120903104 22:40:00 53480 0 0
20120903105 22:45:00 49507 0 0
20120903106 22:50:00 43874 0 0
20120903107 22:55:00 40296 0 0
20120903108 23:00:00 60298 0 0
20120903109 23:05:00 40222 0 1
20120903110 23:10:00 17476 0 0
20120903111 23:15:00 16416 0 0
20120903112 23:20:00 78914 0 0
20120903113 23:25:00 37390 1 0
20120903114 23:30:00 93850 0 0
20120903115 23:35:00 03944 0 1
20120903116 23:40:00 53857 0 0
20120903117 23:45:00 90004 1 1
20120903118 23:50:00 81076 0 0
20120903119 23:55:00 60914 0 0
20120903120 00:00:00 92201 1 0
