20120408001 00:05:00 07760 1 0
20120408002 00:10:00 84019 0 0
20120408003 00:15:00 68316 0 0
20120408004 00:20:00 52136 0 0
20120408005 00:25:00 83413 0 0
20120408006 00:30:00 77955 1 1
20120408007 00:35:00 41262 0 1
20120408008 00:40:00 93110 0 1
20120408009 00:45:00 22414 1 1
20120408010 00:50:00 81888 1 1
20120408011 00:55:00 54538 1 0
20120408012 01:00:00 76338 0 1
20120408013 01:05:00 58075 0 0
20120408014 01:10:00 11506 1 0
20120408015 01:15:00 88319 1 0
20120408016 01:20:00 01833 0 1
20120408017 01:25:00 23062 0 0
20120408018 01:30:00 44153 1 0
20120408019 01:35:00 25067 0 0
20120408020 01:40:00 72803 0 0
20120408021 01:45:00 51693 0 0
20120408022 01:50:00 93412 0 0
20120408023 01:55:00 01705 0 0
20120408024 10:00:00 48223 0 1
20120408025 10:10:00 66415 1 0
20120408026 10:20:00 12105 1 0
20120408027 10:30:00 22626 1 1
20120408028 10:40:00 24054 0 0
20120408029 10:50:00 91106 1 0
20120408030 11:00:00 35320 1 0
20120408031 11:10:00 09370 0 0
20120408032 11:20:00 38218 0 0
20120408033 11:30:00 32667 0 1
20120408034 11:40:00 18745 0 0
20120408035 11:50:00 49154 0 0
20120408036 12:00:00 17460 0 0
20120408037 12:10:00 48675 0 0
20120408038 12:20:00 02935 0 0
20120408039 12:30:00 81266 0 1
20120408040 12:40:00 34790 0 0
20120408041 12:50:00 79493 0 0
20120408042 13:00:00 20860 0 0
20120408043 13:10:00 87193 0 0
20120408044 13:20:00 25646 0 1
20120408045 13:30:00 39800 0 1
20120408046 13:40:00 71175 1 0
20120408047 13:50:00 72608 0 0
20120408048 14:00:00 59449 0 1
20120408049 14:10:00 02304 0 0
20120408050 14:20:00 70657 0 0
20120408051 14:30:00 16797 0 1
20120408052 14:40:00 75979 0 1
20120408053 14:50:00 64623 1 0
20120408054 15:00:00 99356 1 0
20120408055 15:10:00 52569 1 0
20120408056 15:20:00 21668 0 1
20120408057 15:30:00 21914 0 0
20120408058 15:40:00 41382 0 0
20120408059 15:50:00 54237 0 0
20120408060 16:00:00 14867 0 0
20120408061 16:10:00 11948 1 0
20120408062 16:20:00 92604 0 0
20120408063 16:30:00 72826 0 0
20120408064 16:40:00 17795 1 0
20120408065 16:50:00 30864 0 0
20120408066 17:00:00 67317 0 0
20120408067 17:10:00 99935 1 0
20120408068 17:20:00 15137 1 0
20120408069 17:30:00 00236 1 0
20120408070 17:40:00 80816 1 0
20120408071 17:50:00 63198 0 0
20120408072 18:00:00 74312 0 0
20120408073 18:10:00 02178 0 0
20120408074 18:20:00 02319 0 0
20120408075 18:30:00 19406 0 0
20120408076 18:40:00 97369 0 0
20120408077 18:50:00 15736 0 0
20120408078 19:00:00 34881 0 1
20120408079 19:10:00 14876 0 0
20120408080 19:20:00 51660 0 1
20120408081 19:30:00 41807 0 0
20120408082 19:40:00 80047 1 0
20120408083 19:50:00 77183 1 0
20120408084 20:00:00 03006 1 1
20120408085 20:10:00 62922 0 1
20120408086 20:20:00 16962 0 0
20120408087 20:30:00 69786 0 0
20120408088 20:40:00 90768 0 0
20120408089 20:50:00 05400 0 1
20120408090 21:00:00 60504 0 0
20120408091 21:10:00 17135 1 0
20120408092 21:20:00 43400 1 1
20120408093 21:30:00 41184 1 0
20120408094 21:40:00 84988 0 1
20120408095 21:50:00 81445 0 1
20120408096 22:00:00 31071 0 0
20120408097 22:05:00 49758 0 0
20120408098 22:10:00 62732 0 0
20120408099 22:15:00 33800 1 1
20120408100 22:20:00 59639 0 0
20120408101 22:25:00 58451 0 0
20120408102 22:30:00 03555 0 1
20120408103 22:35:00 92853 0 0
20120408104 22:40:00 58307 0 0
20120408105 22:45:00 63392 1 0
20120408106 22:50:00 63648 1 0
20120408107 22:55:00 52435 0 0
20120408108 23:00:00 28219 1 0
20120408109 23:05:00 49816 0 0
20120408110 23:10:00 27015 0 0
20120408111 23:15:00 63361 1 0
20120408112 23:20:00 32382 1 0
20120408113 23:25:00 00005 1 1
20120408114 23:30:00 21165 1 0
20120408115 23:35:00 73033 0 1
20120408116 23:40:00 63751 0 0
20120408117 23:45:00 31559 0 1
20120408118 23:50:00 18346 0 0
20120408119 23:55:00 52624 0 0
20120408120 00:00:00 61367 0 0
