20121116001 00:05:00 08418 0 0
20121116002 00:10:00 94720 0 0
20121116003 00:15:00 80760 0 0
20121116004 00:20:00 18638 0 0
20121116005 00:25:00 03021 1 0
20121116006 00:30:00 83791 0 0
20121116007 00:35:00 17993 0 1
20121116008 00:40:00 76432 0 0
20121116009 00:45:00 43094 0 0
20121116010 00:50:00 91890 0 0
20121116011 00:55:00 78288 0 1
20121116012 01:00:00 29395 0 0
20121116013 01:05:00 93749 0 0
20121116014 01:10:00 64461 1 0
20121116015 01:15:00 20665 0 1
20121116016 01:20:00 36587 0 0
20121116017 01:25:00 46884 0 1
20121116018 01:30:00 75196 0 0
20121116019 01:35:00 50922 0 1
20121116020 01:40:00 99114 1 1
20121116021 01:45:00 11693 1 0
20121116022 01:50:00 02612 0 0
20121116023 01:55:00 52159 0 0
20121116024 10:00:00 88825 1 0
20121116025 10:10:00 72499 0 1
20121116026 10:20:00 23897 0 0
20121116027 10:30:00 72081 0 0
20121116028 10:40:00 77057 1 0
20121116029 10:50:00 56216 0 0
20121116030 11:00:00 80628 0 0
20121116031 11:10:00 38591 0 0
20121116032 11:20:00 83152 0 0
20121116033 11:30:00 74482 1 0
20121116034 11:40:00 91475 0 0
20121116035 11:50:00 95527 1 0
20121116036 12:00:00 94247 0 0
20121116037 12:10:00 92624 0 0
20121116038 12:20:00 38795 0 0
20121116039 12:30:00 45031 0 0
20121116040 12:40:00 76550 0 1
20121116041 12:50:00 10528 0 0
20121116042 13:00:00 84592 0 0
20121116043 13:10:00 94623 0 0
20121116044 13:20:00 54751 0 0
20121116045 13:30:00 02775 0 1
20121116046 13:40:00 75867 0 0
20121116047 13:50:00 58427 0 0
20121116048 14:00:00 45763 0 0
20121116049 14:10:00 68697 1 0
20121116050 14:20:00 24301 0 0
20121116051 14:30:00 09194 0 0
20121116052 14:40:00 31322 1 1
20121116053 14:50:00 97066 0 1
20121116054 15:00:00 76822 0 1
20121116055 15:10:00 54287 0 0
20121116056 15:20:00 61478 0 0
20121116057 15:30:00 40784 0 0
20121116058 15:40:00 05203 0 0
20121116059 15:50:00 43303 1 1
20121116060 16:00:00 01835 0 0
20121116061 16:10:00 58008 0 1
20121116062 16:20:00 71363 0 1
20121116063 16:30:00 15317 0 0
20121116064 16:40:00 26093 0 0
20121116065 16:50:00 93929 1 1
20121116066 17:00:00 79747 1 1
20121116067 17:10:00 85803 1 0
20121116068 17:20:00 46191 0 1
20121116069 17:30:00 19319 0 0
20121116070 17:40:00 19877 0 1
20121116071 17:50:00 69430 0 0
20121116072 18:00:00 98788 0 1
20121116073 18:10:00 63327 1 0
20121116074 18:20:00 80947 0 0
20121116075 18:30:00 39066 0 1
20121116076 18:40:00 76860 0 0
20121116077 18:50:00 65050 0 1
20121116078 19:00:00 55145 1 0
20121116079 19:10:00 11519 1 0
20121116080 19:20:00 74402 1 0
20121116081 19:30:00 54406 1 0
20121116082 19:40:00 76237 0 0
20121116083 19:50:00 96309 0 0
20121116084 20:00:00 75222 0 1
20121116085 20:10:00 76269 0 0
20121116086 20:20:00 82173 0 0
20121116087 20:30:00 63439 0 0
20121116088 20:40:00 73230 0 0
20121116089 20:50:00 51282 0 1
20121116090 21:00:00 19124 1 0
20121116091 21:10:00 53232 0 1
20121116092 21:20:00 28197 0 0
20121116093 21:30:00 10173 1 0
20121116094 21:40:00 23740 0 0
20121116095 21:50:00 32486 0 0
20121116096 22:00:00 91664 0 1
20121116097 22:05:00 60060 1 1
20121116098 22:10:00 78214 0 0
20121116099 22:15:00 04449 1 1
20121116100 22:20:00 76988 0 1
20121116101 22:25:00 63509 0 0
20121116102 22:30:00 81173 1 0
20121116103 22:35:00 13789 0 0
20121116104 22:40:00 66550 1 1
20121116105 22:45:00 07960 0 0
20121116106 22:50:00 41550 0 1
20121116107 22:55:00 15784 0 0
20121116108 23:00:00 18294 0 0
20121116109 23:05:00 16045 0 0
20121116110 23:10:00 88720 1 0
20121116111 23:15:00 32430 0 0
20121116112 23:20:00 00399 1 1
20121116113 23:25:00 85609 0 0
20121116114 23:30:00 90318 0 0
20121116115 23:35:00 77002 1 1
20121116116 23:40:00 13184 1 0
20121116117 23:45:00 91000 0 1
20121116118 23:50:00 89018 0 0
20121116119 23:55:00 88106 1 0
20121116120 00:00:00 88471 1 0
