20121212001 00:05:00 18303 0 1
20121212002 00:10:00 30061 1 0
20121212003 00:15:00 00748 1 0
20121212004 00:20:00 10347 0 0
20121212005 00:25:00 13416 0 0
20121212006 00:30:00 61842 0 0
20121212007 00:35:00 80856 1 0
20121212008 00:40:00 03319 1 0
20121212009 00:45:00 90603 0 0
20121212010 00:50:00 11297 1 0
20121212011 00:55:00 31333 1 1
20121212012 01:00:00 15161 1 1
20121212013 01:05:00 24628 0 0
20121212014 01:10:00 88992 1 1
20121212015 01:15:00 67443 0 1
20121212016 01:20:00 92568 0 0
20121212017 01:25:00 55124 1 0
20121212018 01:30:00 23412 0 0
20121212019 01:35:00 02809 0 0
20121212020 01:40:00 90061 1 0
20121212021 01:45:00 32826 0 0
20121212022 01:50:00 06225 0 1
20121212023 01:55:00 44186 1 0
20121212024 10:00:00 01895 0 0
20121212025 10:10:00 45926 0 0
20121212026 10:20:00 20413 0 0
20121212027 10:30:00 07646 0 1
20121212028 10:40:00 35451 0 0
20121212029 10:50:00 11654 1 0
20121212030 11:00:00 43886 0 1
20121212031 11:10:00 13739 0 0
20121212032 11:20:00 14653 0 0
20121212033 11:30:00 04520 0 0
20121212034 11:40:00 28116 0 1
20121212035 11:50:00 79480 0 0
20121212036 12:00:00 57327 0 0
20121212037 12:10:00 62345 0 0
20121212038 12:20:00 71369 0 0
20121212039 12:30:00 79281 0 0
20121212040 12:40:00 70615 0 0
20121212041 12:50:00 94486 1 0
20121212042 13:00:00 41203 0 0
20121212043 13:10:00 29690 0 0
20121212044 13:20:00 81944 0 1
20121212045 13:30:00 23031 0 0
20121212046 13:40:00 33585 1 1
20121212047 13:50:00 80569 0 0
20121212048 14:00:00 70381 0 0
20121212049 14:10:00 42083 0 0
20121212050 14:20:00 36371 1 0
20121212051 14:30:00 73733 1 1
20121212052 14:40:00 23758 0 0
20121212053 14:50:00 99878 1 1
20121212054 15:00:00 53026 0 0
20121212055 15:10:00 40013 1 0
20121212056 15:20:00 86219 0 0
20121212057 15:30:00 54842 0 0
20121212058 15:40:00 33198 1 0
20121212059 15:50:00 46708 0 0
20121212060 16:00:00 63132 0 0
20121212061 16:10:00 60224 0 1
20121212062 16:20:00 18864 1 0
20121212063 16:30:00 15363 0 1
20121212064 16:40:00 25350 0 0
20121212065 16:50:00 08459 0 0
20121212066 17:00:00 07823 0 0
20121212067 17:10:00 20038 1 0
20121212068 17:20:00 76242 0 1
20121212069 17:30:00 22162 1 0
20121212070 17:40:00 43025 0 0
20121212071 17:50:00 86826 1 0
20121212072 18:00:00 87181 0 1
20121212073 18:10:00 78996 0 1
20121212074 18:20:00 15007 0 1
20121212075 18:30:00 93801 0 0
20121212076 18:40:00 26292 1 1
20121212077 18:50:00 52565 1 1
20121212078 19:00:00 69224 0 1
20121212079 19:10:00 17560 0 0
20121212080 19:20:00 92928 1 0
20121212081 19:30:00 38845 1 0
20121212082 19:40:00 29769 0 0
20121212083 19:50:00 74852 0 0
20121212084 20:00:00 74371 0 0
20121212085 20:10:00 35507 1 0
20121212086 20:20:00 64635 1 0
20121212087 20:30:00 46575 0 1
20121212088 20:40:00 34037 0 0
20121212089 20:50:00 92915 1 0
20121212090 21:00:00 30154 0 0
20121212091 21:10:00 56310 0 0
20121212092 21:20:00 40214 0 0
20121212093 21:30:00 49254 0 0
20121212094 21:40:00 68326 0 0
20121212095 21:50:00 01630 0 0
20121212096 22:00:00 87852 1 0
20121212097 22:05:00 25098 0 0
20121212098 22:10:00 44871 1 0
20121212099 22:15:00 24094 0 0
20121212100 22:20:00 46614 1 0
20121212101 22:25:00 36196 0 0
20121212102 22:30:00 87112 0 1
20121212103 22:35:00 42403 1 0
20121212104 22:40:00 07366 0 1
20121212105 22:45:00 56668 1 1
20121212106 22:50:00 71570 0 0
20121212107 22:55:00 36866 0 1
20121212108 23:00:00 40203 0 0
20121212109 23:05:00 39163 0 0
20121212110 23:10:00 19093 0 0
20121212111 23:15:00 54255 0 1
20121212112 23:20:00 90611 0 1
20121212113 23:25:00 54737 0 1
20121212114 23:30:00 81026 0 0
20121212115 23:35:00 65284 0 0
20121212116 23:40:00 10348 0 0
20121212117 23:45:00 06170 0 0
20121212118 23:50:00 29432 0 0
20121212119 23:55:00 91280 0 0
20121212120 00:00:00 81007 0 1
