20120326001 00:05:00 70532 0 0
20120326002 00:10:00 34215 0 0
20120326003 00:15:00 08393 0 1
20120326004 00:20:00 22291 1 0
20120326005 00:25:00 03967 0 0
20120326006 00:30:00 04590 0 0
20120326007 00:35:00 16403 0 0
20120326008 00:40:00 63058 0 0
20120326009 00:45:00 54529 1 0
20120326010 00:50:00 37759 1 0
20120326011 00:55:00 88726 1 0
20120326012 01:00:00 46634 1 0
20120326013 01:05:00 82026 0 0
20120326014 01:10:00 79488 0 1
20120326015 01:15:00 26130 0 0
20120326016 01:20:00 57359 0 0
20120326017 01:25:00 76758 1 0
20120326018 01:30:00 48464 1 1
20120326019 01:35:00 72960 0 0
20120326020 01:40:00 99791 1 0
20120326021 01:45:00 07535 0 1
20120326022 01:50:00 53763 0 0
20120326023 01:55:00 56335 0 1
20120326024 10:00:00 04299 0 1
20120326025 10:10:00 53963 0 0
20120326026 10:20:00 02202 1 1
20120326027 10:30:00 12377 0 1
20120326028 10:40:00 99171 1 1
20120326029 10:50:00 45319 0 0
20120326030 11:00:00 11814 1 0
20120326031 11:10:00 90933 1 1
20120326032 11:20:00 88948 1 0
20120326033 11:30:00 10794 0 0
20120326034 11:40:00 67556 0 1
20120326035 11:50:00 62240 1 0
20120326036 12:00:00 51714 0 0
20120326037 12:10:00 88749 1 0
20120326038 12:20:00 05866 0 1
20120326039 12:30:00 73758 1 0
20120326040 12:40:00 53776 0 1
20120326041 12:50:00 71658 0 0
20120326042 13:00:00 75779 1 1
20120326043 13:10:00 54753 0 0
20120326044 13:20:00 25240 1 0
20120326045 13:30:00 86106 0 0
20120326046 13:40:00 00898 1 1
20120326047 13:50:00 53657 0 0
20120326048 14:00:00 14446 1 1
20120326049 14:10:00 92895 0 0
20120326050 14:20:00 74603 0 0
20120326051 14:30:00 35439 0 0
20120326052 14:40:00 39013 0 0
20120326053 14:50:00 86192 0 0
20120326054 15:00:00 88455 1 1
20120326055 15:10:00 61803 0 0
20120326056 15:20:00 47684 0 0
20120326057 15:30:00 50707 0 1
20120326058 15:40:00 26267 1 0
20120326059 15:50:00 26934 0 0
20120326060 16:00:00 09295 0 0
20120326061 16:10:00 45219 0 0
20120326062 16:20:00 57054 0 0
20120326063 16:30:00 09106 0 0
20120326064 16:40:00 75293 0 0
20120326065 16:50:00 52797 0 1
20120326066 17:00:00 02982 0 0
20120326067 17:10:00 63075 0 0
20120326068 17:20:00 94161 0 1
20120326069 17:30:00 18224 0 1
20120326070 17:40:00 53796 0 0
20120326071 17:50:00 02436 0 0
20120326072 18:00:00 87757 1 1
20120326073 18:10:00 29095 0 0
20120326074 18:20:00 42592 0 0
20120326075 18:30:00 40699 0 1
20120326076 18:40:00 24310 0 0
20120326077 18:50:00 61981 0 0
20120326078 19:00:00 70806 0 0
20120326079 19:10:00 37706 1 0
20120326080 19:20:00 87502 0 0
20120326081 19:30:00 66304 1 0
20120326082 19:40:00 39251 0 0
20120326083 19:50:00 75192 0 0
20120326084 20:00:00 10279 0 0
20120326085 20:10:00 29564 0 0
20120326086 20:20:00 58760 0 0
20120326087 20:30:00 54203 0 0
20120326088 20:40:00 40385 0 0
20120326089 20:50:00 04918 0 0
20120326090 21:00:00 06451 0 0
20120326091 21:10:00 82902 0 0
20120326092 21:20:00 44108 1 0
20120326093 21:30:00 69510 0 0
20120326094 21:40:00 58587 1 0
20120326095 21:50:00 80453 0 0
20120326096 22:00:00 65145 0 0
20120326097 22:05:00 70529 0 0
20120326098 22:10:00 97578 0 0
20120326099 22:15:00 14973 0 0
20120326100 22:20:00 22389 1 0
20120326101 22:25:00 40006 1 1
20120326102 22:30:00 30118 0 1
20120326103 22:35:00 99774 1 1
20120326104 22:40:00 02082 1 0
20120326105 22:45:00 40145 0 0
20120326106 22:50:00 78315 0 0
20120326107 22:55:00 48719 0 0
20120326108 23:00:00 75503 1 0
20120326109 23:05:00 26850 0 0
20120326110 23:10:00 11840 1 0
20120326111 23:15:00 64120 0 0
20120326112 23:20:00 17545 0 1
20120326113 23:25:00 95946 1 0
20120326114 23:30:00 84857 1 0
20120326115 23:35:00 54915 0 0
20120326116 23:40:00 02712 0 0
20120326117 23:45:00 49335 0 1
20120326118 23:50:00 27811 0 1
20120326119 23:55:00 86920 0 0
20120326120 00:00:00 70035 1 0
