20121104001 00:05:00 92661 0 1
20121104002 00:10:00 96292 0 1
20121104003 00:15:00 52632 0 0
20121104004 00:20:00 37119 0 1
20121104005 00:25:00 80894 1 0
20121104006 00:30:00 60055 1 1
20121104007 00:35:00 98104 0 0
20121104008 00:40:00 38843 1 0
20121104009 00:45:00 20541 0 0
20121104010 00:50:00 46880 0 1
20121104011 00:55:00 69249 0 0
20121104012 01:00:00 51136 1 0
20121104013 01:05:00 43091 0 0
20121104014 01:10:00 52413 0 0
20121104015 01:15:00 40760 0 0
20121104016 01:20:00 23508 0 0
20121104017 01:25:00 56156 0 0
20121104018 01:30:00 15567 1 0
20121104019 01:35:00 74562 0 0
20121104020 01:40:00 43036 0 0
20121104021 01:45:00 46351 0 0
20121104022 01:50:00 45433 1 1
20121104023 01:55:00 07780 1 0
20121104024 10:00:00 12586 0 0
20121104025 10:10:00 50148 0 0
20121104026 10:20:00 90837 0 0
20121104027 10:30:00 29026 0 0
20121104028 10:40:00 06899 0 1
20121104029 10:50:00 97740 1 0
20121104030 11:00:00 17145 1 0
20121104031 11:10:00 27819 0 0
20121104032 11:20:00 80347 0 0
20121104033 11:30:00 18484 0 1
20121104034 11:40:00 08669 0 1
20121104035 11:50:00 21091 0 0
20121104036 12:00:00 53197 0 0
20121104037 12:10:00 22255 1 1
20121104038 12:20:00 77063 1 0
20121104039 12:30:00 54536 1 0
20121104040 12:40:00 56344 0 1
20121104041 12:50:00 49430 1 0
20121104042 13:00:00 31677 0 1
20121104043 13:10:00 93250 0 0
20121104044 13:20:00 45845 0 0
20121104045 13:30:00 34428 1 0
20121104046 13:40:00 43479 1 0
20121104047 13:50:00 61898 0 1
20121104048 14:00:00 97134 0 0
20121104049 14:10:00 04051 1 0
20121104050 14:20:00 66995 1 1
20121104051 14:30:00 74031 0 0
20121104052 14:40:00 05934 0 0
20121104053 14:50:00 95836 0 0
20121104054 15:00:00 43792 0 0
20121104055 15:10:00 90006 1 1
20121104056 15:20:00 95118 0 1
20121104057 15:30:00 58560 1 0
20121104058 15:40:00 21341 0 0
20121104059 15:50:00 34332 1 1
20121104060 16:00:00 32349 1 0
20121104061 16:10:00 78182 0 0
20121104062 16:20:00 44701 1 0
20121104063 16:30:00 10810 0 0
20121104064 16:40:00 60239 0 0
20121104065 16:50:00 50372 0 0
20121104066 17:00:00 44783 1 0
20121104067 17:10:00 74133 0 1
20121104068 17:20:00 60105 0 0
20121104069 17:30:00 38554 0 1
20121104070 17:40:00 45592 1 0
20121104071 17:50:00 41356 0 0
20121104072 18:00:00 23682 0 0
20121104073 18:10:00 53204 0 0
20121104074 18:20:00 92831 0 0
20121104075 18:30:00 08427 0 0
20121104076 18:40:00 46144 0 1
20121104077 18:50:00 99280 1 0
20121104078 19:00:00 42131 0 1
20121104079 19:10:00 29515 0 1
20121104080 19:20:00 81475 0 0
20121104081 19:30:00 69292 0 1
20121104082 19:40:00 83619 0 0
20121104083 19:50:00 94775 0 1
20121104084 20:00:00 13053 0 0
20121104085 20:10:00 03607 0 0
20121104086 20:20:00 77662 1 1
20121104087 20:30:00 04694 0 0
20121104088 20:40:00 79212 0 1
20121104089 20:50:00 17559 0 1
20121104090 21:00:00 14837 0 0
20121104091 21:10:00 02908 0 0
20121104092 21:20:00 70027 1 0
20121104093 21:30:00 41537 0 0
20121104094 21:40:00 50683 0 0
20121104095 21:50:00 29322 0 1
20121104096 22:00:00 92402 0 0
20121104097 22:05:00 67778 1 1
20121104098 22:10:00 64536 0 0
20121104099 22:15:00 85910 0 0
20121104100 22:20:00 20916 0 0
20121104101 22:25:00 20579 0 0
20121104102 22:30:00 45787 0 1
20121104103 22:35:00 40416 1 0
20121104104 22:40:00 71274 0 0
20121104105 22:45:00 33917 1 0
20121104106 22:50:00 81401 0 0
20121104107 22:55:00 22139 1 0
20121104108 23:00:00 48244 0 1
20121104109 23:05:00 47531 0 0
20121104110 23:10:00 37902 0 0
20121104111 23:15:00 14319 0 0
20121104112 23:20:00 30552 0 1
20121104113 23:25:00 49323 0 1
20121104114 23:30:00 09957 1 0
20121104115 23:35:00 43397 1 0
20121104116 23:40:00 18486 0 0
20121104117 23:45:00 54264 0 0
20121104118 23:50:00 18027 0 0
20121104119 23:55:00 11014 1 0
20121104120 00:00:00 58550 1 1
