20120610001 00:05:00 22308 1 0
20120610002 00:10:00 87074 0 0
20120610003 00:15:00 89576 0 0
20120610004 00:20:00 12861 0 0
20120610005 00:25:00 14841 0 0
20120610006 00:30:00 42677 0 1
20120610007 00:35:00 55678 1 0
20120610008 00:40:00 97561 0 0
20120610009 00:45:00 46019 0 0
20120610010 00:50:00 41413 1 0
20120610011 00:55:00 30583 0 0
20120610012 01:00:00 70782 1 0
20120610013 01:05:00 68074 0 0
20120610014 01:10:00 38723 0 0
20120610015 01:15:00 13937 0 0
20120610016 01:20:00 74537 0 0
20120610017 01:25:00 79272 0 1
20120610018 01:30:00 71373 0 1
20120610019 01:35:00 38035 0 0
20120610020 01:40:00 57229 0 1
20120610021 01:45:00 47724 1 0
20120610022 01:50:00 77735 1 0
20120610023 01:55:00 68580 0 0
20120610024 10:00:00 22083 1 0
20120610025 10:10:00 88677 1 1
20120610026 10:20:00 00784 1 0
20120610027 10:30:00 89360 0 0
20120610028 10:40:00 63708 0 0
20120610029 10:50:00 41035 0 0
20120610030 11:00:00 58785 0 0
20120610031 11:10:00 54749 0 0
20120610032 11:20:00 26776 0 1
20120610033 11:30:00 48617 0 0
20120610034 11:40:00 67038 0 0
20120610035 11:50:00 08765 0 0
20120610036 12:00:00 31408 0 0
20120610037 12:10:00 84521 0 0
20120610038 12:20:00 06479 0 0
20120610039 12:30:00 55183 1 0
20120610040 12:40:00 43478 1 0
20120610041 12:50:00 74814 0 0
20120610042 13:00:00 27396 0 0
20120610043 13:10:00 81348 0 0
20120610044 13:20:00 85499 0 1
20120610045 13:30:00 09540 0 0
20120610046 13:40:00 80925 0 0
20120610047 13:50:00 89412 0 0
20120610048 14:00:00 91823 0 0
20120610049 14:10:00 14953 0 0
20120610050 14:20:00 24891 0 0
20120610051 14:30:00 34879 0 0
20120610052 14:40:00 49712 0 0
20120610053 14:50:00 87474 0 1
20120610054 15:00:00 77408 1 0
20120610055 15:10:00 99609 1 0
20120610056 15:20:00 73848 0 1
20120610057 15:30:00 92586 0 0
20120610058 15:40:00 88562 1 0
20120610059 15:50:00 06673 1 0
20120610060 16:00:00 17601 0 0
20120610061 16:10:00 94448 1 1
20120610062 16:20:00 20227 1 1
20120610063 16:30:00 56810 0 0
20120610064 16:40:00 14760 0 0
20120610065 16:50:00 34680 0 0
20120610066 17:00:00 33440 1 1
20120610067 17:10:00 67776 1 1
20120610068 17:20:00 64773 0 1
20120610069 17:30:00 71408 0 0
20120610070 17:40:00 54706 0 0
20120610071 17:50:00 37827 0 0
20120610072 18:00:00 63422 0 1
20120610073 18:10:00 72499 0 1
20120610074 18:20:00 80125 0 0
20120610075 18:30:00 95905 1 0
20120610076 18:40:00 94522 0 1
20120610077 18:50:00 62689 1 0
20120610078 19:00:00 12783 0 0
20120610079 19:10:00 48214 0 0
20120610080 19:20:00 11269 1 0
20120610081 19:30:00 46856 0 0
20120610082 19:40:00 37170 0 0
20120610083 19:50:00 19168 1 0
20120610084 20:00:00 57324 0 0
20120610085 20:10:00 86462 0 0
20120610086 20:20:00 40880 0 1
20120610087 20:30:00 22000 1 1
20120610088 20:40:00 13773 0 1
20120610089 20:50:00 76160 0 0
20120610090 21:00:00 49944 1 1
20120610091 21:10:00 52656 0 1
20120610092 21:20:00 53860 0 0
20120610093 21:30:00 71423 0 0
20120610094 21:40:00 20825 0 0
20120610095 21:50:00 69087 0 0
20120610096 22:00:00 19496 0 0
20120610097 22:05:00 79165 0 0
20120610098 22:10:00 29886 0 1
20120610099 22:15:00 85809 1 0
20120610100 22:20:00 14037 0 0
20120610101 22:25:00 13399 1 1
20120610102 22:30:00 85120 0 0
20120610103 22:35:00 84315 0 0
20120610104 22:40:00 03249 0 0
20120610105 22:45:00 51469 0 0
20120610106 22:50:00 69292 0 1
20120610107 22:55:00 49971 1 0
20120610108 23:00:00 33821 1 0
20120610109 23:05:00 94035 0 0
20120610110 23:10:00 78758 1 0
20120610111 23:15:00 90592 0 0
20120610112 23:20:00 24149 0 0
20120610113 23:25:00 25892 0 0
20120610114 23:30:00 86421 0 0
20120610115 23:35:00 91854 0 0
20120610116 23:40:00 50905 0 0
20120610117 23:45:00 72581 0 0
20120610118 23:50:00 44563 1 0
20120610119 23:55:00 31203 0 0
20120610120 00:00:00 68445 0 1
