20120812001 00:05:00 89860 1 0
20120812002 00:10:00 53872 0 0
20120812003 00:15:00 51650 0 0
20120812004 00:20:00 37170 0 0
20120812005 00:25:00 99212 1 1
20120812006 00:30:00 42150 0 0
20120812007 00:35:00 62793 0 0
20120812008 00:40:00 31102 1 0
20120812009 00:45:00 39816 0 0
20120812010 00:50:00 27366 0 1
20120812011 00:55:00 28834 1 0
20120812012 01:00:00 40504 0 0
20120812013 01:05:00 69032 0 0
20120812014 01:10:00 72121 0 1
20120812015 01:15:00 68771 0 1
20120812016 01:20:00 17770 1 1
20120812017 01:25:00 95541 1 0
20120812018 01:30:00 43361 1 0
20120812019 01:35:00 93242 0 1
20120812020 01:40:00 15792 0 0
20120812021 01:45:00 57860 0 0
20120812022 01:50:00 55815 1 0
20120812023 01:55:00 83424 0 1
20120812024 10:00:00 33298 1 0
20120812025 10:10:00 51019 0 0
20120812026 10:20:00 06741 0 0
20120812027 10:30:00 27262 1 1
20120812028 10:40:00 51705 0 0
20120812029 10:50:00 88029 1 0
20120812030 11:00:00 23678 0 0
20120812031 11:10:00 11815 1 0
20120812032 11:20:00 03058 1 0
20120812033 11:30:00 66676 1 1
20120812034 11:40:00 60098 1 0
20120812035 11:50:00 19781 0 0
20120812036 12:00:00 31189 1 0
20120812037 12:10:00 23297 1 0
20120812038 12:20:00 74505 0 1
20120812039 12:30:00 48489 1 0
20120812040 12:40:00 12931 0 0
20120812041 12:50:00 44932 1 0
20120812042 13:00:00 32986 0 0
20120812043 13:10:00 78064 0 0
20120812044 13:20:00 73779 1 1
20120812045 13:30:00 32227 1 1
20120812046 13:40:00 11569 1 0
20120812047 13:50:00 79884 0 1
20120812048 14:00:00 72358 0 0
20120812049 14:10:00 25523 1 0
20120812050 14:20:00 01978 0 0
20120812051 14:30:00 68390 0 0
20120812052 14:40:00 89589 0 0
20120812053 14:50:00 81693 0 0
20120812054 15:00:00 74610 0 0
20120812055 15:10:00 17646 0 1
20120812056 15:20:00 77571 1 0
20120812057 15:30:00 66551 1 1
20120812058 15:40:00 01251 0 0
20120812059 15:50:00 98628 0 0
20120812060 16:00:00 28061 0 0
20120812061 16:10:00 24530 0 0
20120812062 16:20:00 56531 1 0
20120812063 16:30:00 14673 0 0
20120812064 16:40:00 36946 0 0
20120812065 16:50:00 30869 0 0
20120812066 17:00:00 22835 1 0
20120812067 17:10:00 06945 0 0
20120812068 17:20:00 34828 0 1
20120812069 17:30:00 84908 0 0
20120812070 17:40:00 23392 1 0
20120812071 17:50:00 52652 0 0
20120812072 18:00:00 25858 0 1
20120812073 18:10:00 47783 1 0
20120812074 18:20:00 70089 1 0
20120812075 18:30:00 76872 0 0
20120812076 18:40:00 98057 0 0
20120812077 18:50:00 91990 1 1
20120812078 19:00:00 55710 1 0
20120812079 19:10:00 77558 1 1
20120812080 19:20:00 78088 0 1
20120812081 19:30:00 78324 0 0
20120812082 19:40:00 67521 0 0
20120812083 19:50:00 47730 1 0
20120812084 20:00:00 40155 0 1
20120812085 20:10:00 32342 1 0
20120812086 20:20:00 83428 0 0
20120812087 20:30:00 89386 0 0
20120812088 20:40:00 52843 0 0
20120812089 20:50:00 95063 0 0
20120812090 21:00:00 49829 0 0
20120812091 21:10:00 35402 0 0
20120812092 21:20:00 20883 0 1
20120812093 21:30:00 74985 0 0
20120812094 21:40:00 97314 0 0
20120812095 21:50:00 72382 0 0
20120812096 22:00:00 36523 0 0
20120812097 22:05:00 58072 0 0
20120812098 22:10:00 49227 0 1
20120812099 22:15:00 24269 1 0
20120812100 22:20:00 89873 1 0
20120812101 22:25:00 30881 0 1
20120812102 22:30:00 40329 0 0
20120812103 22:35:00 14916 0 0
20120812104 22:40:00 41642 0 0
20120812105 22:45:00 91251 0 0
20120812106 22:50:00 45930 0 0
20120812107 22:55:00 59165 0 0
20120812108 23:00:00 05752 0 0
20120812109 23:05:00 63449 0 1
20120812110 23:10:00 92172 0 0
20120812111 23:15:00 46678 1 0
20120812112 23:20:00 52894 0 0
20120812113 23:25:00 18819 1 0
20120812114 23:30:00 53808 0 1
20120812115 23:35:00 98195 0 0
20120812116 23:40:00 24632 0 0
20120812117 23:45:00 21393 0 1
20120812118 23:50:00 64186 0 0
20120812119 23:55:00 68742 0 0
20120812120 00:00:00 48239 0 0
