20120828001 00:05:00 62454 0 1
20120828002 00:10:00 77619 1 0
20120828003 00:15:00 29603 0 0
20120828004 00:20:00 93265 0 0
20120828005 00:25:00 66726 1 0
20120828006 00:30:00 97522 0 1
20120828007 00:35:00 58429 0 0
20120828008 00:40:00 39633 0 1
20120828009 00:45:00 00247 1 0
20120828010 00:50:00 90699 0 1
20120828011 00:55:00 85532 1 0
20120828012 01:00:00 12283 1 0
20120828013 01:05:00 66608 1 0
20120828014 01:10:00 62001 0 1
20120828015 01:15:00 20073 1 0
20120828016 01:20:00 72885 0 1
20120828017 01:25:00 96598 0 0
20120828018 01:30:00 83325 1 0
20120828019 01:35:00 78766 1 1
20120828020 01:40:00 29638 0 0
20120828021 01:45:00 12099 0 1
20120828022 01:50:00 84425 1 0
20120828023 01:55:00 29481 0 0
20120828024 10:00:00 39603 0 0
20120828025 10:10:00 20574 0 0
20120828026 10:20:00 97951 1 0
20120828027 10:30:00 31976 0 0
20120828028 10:40:00 75153 0 0
20120828029 10:50:00 08442 0 1
20120828030 11:00:00 09921 1 0
20120828031 11:10:00 80425 0 0
20120828032 11:20:00 35242 0 1
20120828033 11:30:00 42729 0 0
20120828034 11:40:00 87750 1 0
20120828035 11:50:00 19930 1 0
20120828036 12:00:00 96078 0 0
20120828037 12:10:00 42941 0 0
20120828038 12:20:00 21805 0 0
20120828039 12:30:00 33021 1 0
20120828040 12:40:00 30062 1 0
20120828041 12:50:00 39462 0 0
20120828042 13:00:00 63845 0 0
20120828043 13:10:00 68861 1 0
20120828044 13:20:00 56737 0 1
20120828045 13:30:00 40561 0 0
20120828046 13:40:00 65833 0 1
20120828047 13:50:00 63877 0 1
20120828048 14:00:00 42237 1 0
20120828049 14:10:00 80171 0 1
20120828050 14:20:00 27957 0 0
20120828051 14:30:00 66101 1 1
20120828052 14:40:00 71946 0 0
20120828053 14:50:00 68177 0 1
20120828054 15:00:00 13954 0 0
20120828055 15:10:00 84577 0 1
20120828056 15:20:00 48858 1 1
20120828057 15:30:00 95071 0 0
20120828058 15:40:00 57444 0 1
20120828059 15:50:00 33180 1 0
20120828060 16:00:00 48534 0 0
20120828061 16:10:00 59219 0 0
20120828062 16:20:00 45330 0 1
20120828063 16:30:00 89066 0 1
20120828064 16:40:00 24248 1 0
20120828065 16:50:00 93656 0 1
20120828066 17:00:00 62202 1 1
20120828067 17:10:00 30674 0 0
20120828068 17:20:00 21161 1 1
20120828069 17:30:00 60531 0 0
20120828070 17:40:00 44254 1 0
20120828071 17:50:00 40114 0 1
20120828072 18:00:00 75503 1 0
20120828073 18:10:00 66399 1 1
20120828074 18:20:00 17158 1 0
20120828075 18:30:00 95437 0 0
20120828076 18:40:00 07977 0 1
20120828077 18:50:00 06326 0 0
20120828078 19:00:00 65406 0 0
20120828079 19:10:00 32455 0 1
20120828080 19:20:00 87869 1 0
20120828081 19:30:00 34138 0 0
20120828082 19:40:00 04075 1 0
20120828083 19:50:00 77028 1 0
20120828084 20:00:00 09789 0 0
20120828085 20:10:00 31945 0 0
20120828086 20:20:00 09051 1 0
20120828087 20:30:00 49363 0 1
20120828088 20:40:00 07010 1 1
20120828089 20:50:00 00728 1 0
20120828090 21:00:00 25216 1 0
20120828091 21:10:00 46092 0 0
20120828092 21:20:00 10707 0 1
20120828093 21:30:00 45719 0 0
20120828094 21:40:00 02889 0 1
20120828095 21:50:00 54024 0 0
20120828096 22:00:00 90128 0 0
20120828097 22:05:00 85920 0 0
20120828098 22:10:00 69429 0 0
20120828099 22:15:00 05148 0 0
20120828100 22:20:00 05449 0 1
20120828101 22:25:00 83590 0 0
20120828102 22:30:00 83227 0 1
20120828103 22:35:00 75877 0 1
20120828104 22:40:00 39066 0 1
20120828105 22:45:00 39018 0 0
20120828106 22:50:00 46520 0 0
20120828107 22:55:00 56457 0 0
20120828108 23:00:00 67258 0 0
20120828109 23:05:00 74081 0 0
20120828110 23:10:00 77788 1 1
20120828111 23:15:00 18860 1 0
20120828112 23:20:00 24531 0 0
20120828113 23:25:00 49517 0 0
20120828114 23:30:00 10827 0 0
20120828115 23:35:00 31074 0 0
20120828116 23:40:00 94176 0 0
20120828117 23:45:00 25747 0 1
20120828118 23:50:00 76569 0 0
20120828119 23:55:00 51803 0 0
20120828120 00:00:00 64504 0 0
