20120923001 00:05:00 68827 1 0
20120923002 00:10:00 36639 1 0
20120923003 00:15:00 08687 0 0
20120923004 00:20:00 28676 0 1
20120923005 00:25:00 81653 0 0
20120923006 00:30:00 55604 1 0
20120923007 00:35:00 25812 0 0
20120923008 00:40:00 75483 0 0
20120923009 00:45:00 54845 0 0
20120923010 00:50:00 98937 1 0
20120923011 00:55:00 98096 0 0
20120923012 01:00:00 51531 1 0
20120923013 01:05:00 63898 0 1
20120923014 01:10:00 53503 1 0
20120923015 01:15:00 06326 0 0
20120923016 01:20:00 95066 0 1
20120923017 01:25:00 85971 0 0
20120923018 01:30:00 03493 0 0
20120923019 01:35:00 46842 0 0
20120923020 01:40:00 42749 0 0
20120923021 01:45:00 92191 0 1
20120923022 01:50:00 80548 0 0
20120923023 01:55:00 27446 0 1
20120923024 10:00:00 41331 0 1
20120923025 10:10:00 36668 1 1
20120923026 10:20:00 58367 0 0
20120923027 10:30:00 66801 1 0
20120923028 10:40:00 36877 0 1
20120923029 10:50:00 72281 1 0
20120923030 11:00:00 40489 1 0
20120923031 11:10:00 85322 0 1
20120923032 11:20:00 76341 0 0
20120923033 11:30:00 89850 1 0
20120923034 11:40:00 46534 0 0
20120923035 11:50:00 51177 1 1
20120923036 12:00:00 01012 1 0
20120923037 12:10:00 19809 0 0
20120923038 12:20:00 91961 1 0
20120923039 12:30:00 89611 0 1
20120923040 12:40:00 60153 0 0
20120923041 12:50:00 55386 1 0
20120923042 13:00:00 10592 0 0
20120923043 13:10:00 71268 0 0
20120923044 13:20:00 73568 0 0
20120923045 13:30:00 86699 1 1
20120923046 13:40:00 91760 0 0
20120923047 13:50:00 12289 1 0
20120923048 14:00:00 72347 0 0
20120923049 14:10:00 67963 0 0
20120923050 14:20:00 05417 0 0
20120923051 14:30:00 00084 1 0
20120923052 14:40:00 97005 0 1
20120923053 14:50:00 58090 0 1
20120923054 15:00:00 59871 0 0
20120923055 15:10:00 42909 0 1
20120923056 15:20:00 68943 0 0
20120923057 15:30:00 54390 0 0
20120923058 15:40:00 98464 0 1
20120923059 15:50:00 60347 0 0
20120923060 16:00:00 83793 0 0
20120923061 16:10:00 94869 0 0
20120923062 16:20:00 11439 1 0
20120923063 16:30:00 93915 1 0
20120923064 16:40:00 28012 0 0
20120923065 16:50:00 41391 0 0
20120923066 17:00:00 56190 0 0
20120923067 17:10:00 14040 0 1
20120923068 17:20:00 39106 0 0
20120923069 17:30:00 71302 0 0
20120923070 17:40:00 50464 0 1
20120923071 17:50:00 58677 0 1
20120923072 18:00:00 96022 0 1
20120923073 18:10:00 93201 0 0
20120923074 18:20:00 76793 1 0
20120923075 18:30:00 06667 1 1
20120923076 18:40:00 28642 0 0
20120923077 18:50:00 18197 1 0
20120923078 19:00:00 32331 1 1
20120923079 19:10:00 05321 0 0
20120923080 19:20:00 63774 0 1
20120923081 19:30:00 50677 0 1
20120923082 19:40:00 23172 0 0
20120923083 19:50:00 50165 0 0
20120923084 20:00:00 58354 0 0
20120923085 20:10:00 46439 1 0
20120923086 20:20:00 83950 0 0
20120923087 20:30:00 42839 0 0
20120923088 20:40:00 71526 0 0
20120923089 20:50:00 89993 1 1
20120923090 21:00:00 51909 0 1
20120923091 21:10:00 62721 0 0
20120923092 21:20:00 22361 1 0
20120923093 21:30:00 30822 0 1
20120923094 21:40:00 48972 0 0
20120923095 21:50:00 84696 0 1
20120923096 22:00:00 74792 1 0
20120923097 22:05:00 96053 0 0
20120923098 22:10:00 32431 0 0
20120923099 22:15:00 70943 0 0
20120923100 22:20:00 81090 0 1
20120923101 22:25:00 32570 0 0
20120923102 22:30:00 16491 0 0
20120923103 22:35:00 92319 0 0
20120923104 22:40:00 97024 0 0
20120923105 22:45:00 29458 0 0
20120923106 22:50:00 66241 1 0
20120923107 22:55:00 78617 0 0
20120923108 23:00:00 69530 0 0
20120923109 23:05:00 16857 0 0
20120923110 23:10:00 82101 0 1
20120923111 23:15:00 15050 0 1
20120923112 23:20:00 42134 0 0
20120923113 23:25:00 02025 1 0
20120923114 23:30:00 71845 0 0
20120923115 23:35:00 23221 1 1
20120923116 23:40:00 01523 0 0
20120923117 23:45:00 74580 0 0
20120923118 23:50:00 26181 0 1
20120923119 23:55:00 00987 1 0
20120923120 00:00:00 44457 1 0
