20120327001 00:05:00 61880 0 1
20120327002 00:10:00 13927 0 0
20120327003 00:15:00 25852 0 0
20120327004 00:20:00 10863 0 0
20120327005 00:25:00 52859 0 0
20120327006 00:30:00 68020 0 1
20120327007 00:35:00 05070 1 1
20120327008 00:40:00 15202 0 1
20120327009 00:45:00 65215 0 0
20120327010 00:50:00 26258 1 0
20120327011 00:55:00 64584 0 0
20120327012 01:00:00 16024 0 0
20120327013 01:05:00 46184 0 0
20120327014 01:10:00 38390 1 0
20120327015 01:15:00 12378 0 0
20120327016 01:20:00 28739 0 0
20120327017 01:25:00 27334 0 1
20120327018 01:30:00 49275 0 0
20120327019 01:35:00 96283 0 0
20120327020 01:40:00 61413 0 0
20120327021 01:45:00 06386 0 0
20120327022 01:50:00 01850 0 0
20120327023 01:55:00 72244 1 1
20120327024 10:00:00 56630 1 0
20120327025 10:10:00 54190 0 0
20120327026 10:20:00 91307 0 0
20120327027 10:30:00 09501 0 0
20120327028 10:40:00 03040 1 1
20120327029 10:50:00 60077 1 1
20120327030 11:00:00 00164 1 0
20120327031 11:10:00 71932 0 0
20120327032 11:20:00 11626 1 1
20120327033 11:30:00 91118 1 1
20120327034 11:40:00 68403 0 0
20120327035 11:50:00 84531 0 0
20120327036 12:00:00 51512 1 0
20120327037 12:10:00 45211 0 1
20120327038 12:20:00 50720 0 0
20120327039 12:30:00 79996 1 1
20120327040 12:40:00 35535 1 1
20120327041 12:50:00 03136 0 0
20120327042 13:00:00 46668 1 1
20120327043 13:10:00 80075 1 0
20120327044 13:20:00 81978 0 0
20120327045 13:30:00 69453 0 0
20120327046 13:40:00 23787 0 1
20120327047 13:50:00 94173 0 0
20120327048 14:00:00 47916 0 0
20120327049 14:10:00 52566 1 1
20120327050 14:20:00 73769 1 0
20120327051 14:30:00 91034 0 0
20120327052 14:40:00 62905 0 0
20120327053 14:50:00 46273 0 0
20120327054 15:00:00 86348 0 0
20120327055 15:10:00 39427 0 0
20120327056 15:20:00 48869 1 0
20120327057 15:30:00 62544 0 1
20120327058 15:40:00 13291 0 0
20120327059 15:50:00 78263 0 0
20120327060 16:00:00 45178 0 0
20120327061 16:10:00 09790 0 0
20120327062 16:20:00 34483 1 0
20120327063 16:30:00 29382 0 0
20120327064 16:40:00 97472 0 0
20120327065 16:50:00 50979 0 1
20120327066 17:00:00 14661 0 1
20120327067 17:10:00 42573 0 0
20120327068 17:20:00 51707 0 1
20120327069 17:30:00 31307 1 0
20120327070 17:40:00 95672 0 0
20120327071 17:50:00 73600 0 1
20120327072 18:00:00 44194 1 0
20120327073 18:10:00 48964 0 0
20120327074 18:20:00 89814 1 0
20120327075 18:30:00 45373 0 1
20120327076 18:40:00 74427 1 0
20120327077 18:50:00 44385 1 0
20120327078 19:00:00 58276 0 0
20120327079 19:10:00 52096 0 0
20120327080 19:20:00 17433 0 1
20120327081 19:30:00 43688 0 1
20120327082 19:40:00 03308 1 0
20120327083 19:50:00 67124 0 0
20120327084 20:00:00 18933 0 1
20120327085 20:10:00 34439 1 0
20120327086 20:20:00 33443 1 1
20120327087 20:30:00 33046 1 0
20120327088 20:40:00 16123 1 0
20120327089 20:50:00 14283 0 0
20120327090 21:00:00 11442 1 1
20120327091 21:10:00 29887 0 1
20120327092 21:20:00 25255 1 1
20120327093 21:30:00 90725 0 0
20120327094 21:40:00 19438 0 0
20120327095 21:50:00 77745 1 0
20120327096 22:00:00 74199 0 1
20120327097 22:05:00 84135 0 0
20120327098 22:10:00 44979 1 1
20120327099 22:15:00 19370 0 0
20120327100 22:20:00 23271 1 0
20120327101 22:25:00 18052 0 0
20120327102 22:30:00 49516 0 0
20120327103 22:35:00 98200 0 1
20120327104 22:40:00 01606 0 1
20120327105 22:45:00 71123 1 0
20120327106 22:50:00 72655 0 1
20120327107 22:55:00 24691 0 0
20120327108 23:00:00 28275 1 0
20120327109 23:05:00 25253 1 0
20120327110 23:10:00 55254 1 0
20120327111 23:15:00 03672 0 0
20120327112 23:20:00 07609 0 0
20120327113 23:25:00 78625 0 0
20120327114 23:30:00 20797 0 1
20120327115 23:35:00 32805 0 0
20120327116 23:40:00 42575 0 1
20120327117 23:45:00 41651 0 0
20120327118 23:50:00 39903 1 0
20120327119 23:55:00 04222 0 1
20120327120 00:00:00 75980 0 0
