20120423001 00:05:00 01385 0 0
20120423002 00:10:00 38653 0 0
20120423003 00:15:00 90973 1 0
20120423004 00:20:00 17486 0 0
20120423005 00:25:00 93158 0 0
20120423006 00:30:00 70101 0 1
20120423007 00:35:00 84832 1 0
20120423008 00:40:00 45958 0 0
20120423009 00:45:00 65948 0 0
20120423010 00:50:00 00706 1 0
20120423011 00:55:00 25470 0 0
20120423012 01:00:00 13503 0 0
20120423013 01:05:00 59042 0 0
20120423014 01:10:00 71800 0 1
20120423015 01:15:00 76225 0 1
20120423016 01:20:00 89344 0 1
20120423017 01:25:00 87882 1 1
20120423018 01:30:00 65080 0 1
20120423019 01:35:00 58510 1 0
20120423020 01:40:00 32472 0 0
20120423021 01:45:00 29059 0 0
20120423022 01:50:00 81406 0 0
20120423023 01:55:00 04886 0 1
20120423024 10:00:00 08627 0 0
20120423025 10:10:00 87345 0 0
20120423026 10:20:00 26255 1 1
20120423027 10:30:00 09177 0 1
20120423028 10:40:00 61118 1 1
20120423029 10:50:00 39386 1 0
20120423030 11:00:00 94033 0 1
20120423031 11:10:00 41870 0 0
20120423032 11:20:00 90787 0 1
20120423033 11:30:00 50567 1 0
20120423034 11:40:00 97264 0 0
20120423035 11:50:00 73495 0 0
20120423036 12:00:00 16170 1 0
20120423037 12:10:00 16131 1 1
20120423038 12:20:00 81001 0 1
20120423039 12:30:00 12579 0 0
20120423040 12:40:00 75898 0 1
20120423041 12:50:00 41019 0 0
20120423042 13:00:00 49868 0 1
20120423043 13:10:00 50234 0 0
20120423044 13:20:00 00342 1 0
20120423045 13:30:00 92255 1 1
20120423046 13:40:00 81436 0 0
20120423047 13:50:00 38307 1 0
20120423048 14:00:00 20918 0 0
20120423049 14:10:00 74920 0 0
20120423050 14:20:00 31653 0 0
20120423051 14:30:00 16582 0 0
20120423052 14:40:00 98366 0 1
20120423053 14:50:00 82505 0 1
20120423054 15:00:00 34280 0 0
20120423055 15:10:00 50599 1 1
20120423056 15:20:00 17435 0 0
20120423057 15:30:00 41707 0 1
20120423058 15:40:00 52463 0 0
20120423059 15:50:00 55806 1 0
20120423060 16:00:00 56421 0 0
20120423061 16:10:00 05802 0 0
20120423062 16:20:00 57919 0 1
20120423063 16:30:00 92907 1 0
20120423064 16:40:00 36063 0 0
20120423065 16:50:00 90788 0 1
20120423066 17:00:00 81379 0 0
20120423067 17:10:00 21513 0 0
20120423068 17:20:00 12251 1 0
20120423069 17:30:00 73429 0 0
20120423070 17:40:00 90603 0 0
20120423071 17:50:00 02208 1 0
20120423072 18:00:00 12575 0 1
20120423073 18:10:00 50184 0 0
20120423074 18:20:00 12181 1 1
20120423075 18:30:00 21673 0 0
20120423076 18:40:00 51769 0 0
20120423077 18:50:00 75086 0 0
20120423078 19:00:00 66902 1 0
20120423079 19:10:00 20373 0 1
20120423080 19:20:00 75494 0 1
20120423081 19:30:00 59440 0 1
20120423082 19:40:00 82316 0 0
20120423083 19:50:00 08571 0 0
20120423084 20:00:00 60285 0 0
20120423085 20:10:00 72006 0 1
20120423086 20:20:00 53591 1 0
20120423087 20:30:00 24634 0 0
20120423088 20:40:00 93525 0 1
20120423089 20:50:00 78171 0 1
20120423090 21:00:00 23862 0 0
20120423091 21:10:00 36913 0 0
20120423092 21:20:00 83948 0 0
20120423093 21:30:00 92816 0 0
20120423094 21:40:00 49060 0 1
20120423095 21:50:00 84482 1 0
20120423096 22:00:00 73604 0 0
20120423097 22:05:00 20685 0 0
20120423098 22:10:00 86212 0 1
20120423099 22:15:00 98026 0 0
20120423100 22:20:00 56408 0 0
20120423101 22:25:00 43488 1 1
20120423102 22:30:00 65836 0 0
20120423103 22:35:00 16475 0 0
20120423104 22:40:00 32052 0 0
20120423105 22:45:00 98675 0 0
20120423106 22:50:00 24841 0 0
20120423107 22:55:00 39153 0 0
20120423108 23:00:00 45463 1 0
20120423109 23:05:00 91111 1 1
20120423110 23:10:00 72082 0 0
20120423111 23:15:00 59810 0 0
20120423112 23:20:00 17778 1 1
20120423113 23:25:00 42801 0 0
20120423114 23:30:00 40502 0 0
20120423115 23:35:00 63826 0 0
20120423116 23:40:00 67469 0 0
20120423117 23:45:00 81763 0 0
20120423118 23:50:00 01360 0 0
20120423119 23:55:00 00808 1 1
20120423120 00:00:00 06659 1 0
