20120130001 00:05:00 50960 0 0
20120130002 00:10:00 59720 0 0
20120130003 00:15:00 50214 0 0
20120130004 00:20:00 60232 0 1
20120130005 00:25:00 78387 0 0
20120130006 00:30:00 73685 0 0
20120130007 00:35:00 53212 0 1
20120130008 00:40:00 94913 1 0
20120130009 00:45:00 55110 1 1
20120130010 00:50:00 43147 0 0
20120130011 00:55:00 84052 0 0
20120130012 01:00:00 41438 1 0
20120130013 01:05:00 05174 0 0
20120130014 01:10:00 06680 1 0
20120130015 01:15:00 35310 1 0
20120130016 01:20:00 83864 1 0
20120130017 01:25:00 38423 0 0
20120130018 01:30:00 54606 0 1
20120130019 01:35:00 76072 0 0
20120130020 01:40:00 40255 0 1
20120130021 01:45:00 06773 0 1
20120130022 01:50:00 69571 0 0
20120130023 01:55:00 21126 1 0
20120130024 10:00:00 42488 1 1
20120130025 10:10:00 10180 1 0
20120130026 10:20:00 90512 0 0
20120130027 10:30:00 65969 0 1
20120130028 10:40:00 33175 1 0
20120130029 10:50:00 59407 0 0
20120130030 11:00:00 10478 0 0
20120130031 11:10:00 99584 1 0
20120130032 11:20:00 17265 0 0
20120130033 11:30:00 98337 0 1
20120130034 11:40:00 62706 0 0
20120130035 11:50:00 72874 0 0
20120130036 12:00:00 25558 1 1
20120130037 12:10:00 93085 0 0
20120130038 12:20:00 01291 0 0
20120130039 12:30:00 19810 0 0
20120130040 12:40:00 89845 1 0
20120130041 12:50:00 55493 1 0
20120130042 13:00:00 46592 0 0
20120130043 13:10:00 20429 0 0
20120130044 13:20:00 42265 1 0
20120130045 13:30:00 12574 0 0
20120130046 13:40:00 91682 0 0
20120130047 13:50:00 87824 1 0
20120130048 14:00:00 55199 1 1
20120130049 14:10:00 46187 0 0
20120130050 14:20:00 54456 1 0
20120130051 14:30:00 18913 0 0
20120130052 14:40:00 81295 0 0
20120130053 14:50:00 80030 1 1
20120130054 15:00:00 70188 0 1
20120130055 15:10:00 08465 0 0
20120130056 15:20:00 50708 0 0
20120130057 15:30:00 34087 0 0
20120130058 15:40:00 25882 0 1
20120130059 15:50:00 92727 0 1
20120130060 16:00:00 05581 1 0
20120130061 16:10:00 58745 0 0
20120130062 16:20:00 52295 1 0
20120130063 16:30:00 60382 0 0
20120130064 16:40:00 41595 0 1
20120130065 16:50:00 87814 1 0
20120130066 17:00:00 70491 0 0
20120130067 17:10:00 93709 0 0
20120130068 17:20:00 61755 0 1
20120130069 17:30:00 20380 0 0
20120130070 17:40:00 04623 0 0
20120130071 17:50:00 95085 0 0
20120130072 18:00:00 72900 0 1
20120130073 18:10:00 59156 0 0
20120130074 18:20:00 60210 0 0
20120130075 18:30:00 51362 0 0
20120130076 18:40:00 95313 0 1
20120130077 18:50:00 00543 1 0
20120130078 19:00:00 60232 0 1
20120130079 19:10:00 91852 0 0
20120130080 19:20:00 56138 0 0
20120130081 19:30:00 65532 1 0
20120130082 19:40:00 93638 0 0
20120130083 19:50:00 44344 1 1
20120130084 20:00:00 18868 1 1
20120130085 20:10:00 45502 1 0
20120130086 20:20:00 33259 1 0
20120130087 20:30:00 86668 1 1
20120130088 20:40:00 84512 0 0
20120130089 20:50:00 65582 1 0
20120130090 21:00:00 95721 0 0
20120130091 21:10:00 92821 0 0
20120130092 21:20:00 98297 0 0
20120130093 21:30:00 94577 0 1
20120130094 21:40:00 29035 0 0
20120130095 21:50:00 78466 0 1
20120130096 22:00:00 47559 0 1
20120130097 22:05:00 14692 0 0
20120130098 22:10:00 90886 0 1
20120130099 22:15:00 64809 0 0
20120130100 22:20:00 46524 0 0
20120130101 22:25:00 37221 0 1
20120130102 22:30:00 68958 0 0
20120130103 22:35:00 70564 0 0
20120130104 22:40:00 32168 0 0
20120130105 22:45:00 77259 1 0
20120130106 22:50:00 89720 0 0
20120130107 22:55:00 78088 0 1
20120130108 23:00:00 44547 1 0
20120130109 23:05:00 91232 0 1
20120130110 23:10:00 33250 1 0
20120130111 23:15:00 08932 0 0
20120130112 23:20:00 69222 0 1
20120130113 23:25:00 41169 1 0
20120130114 23:30:00 44879 1 0
20120130115 23:35:00 76714 1 0
20120130116 23:40:00 07977 0 1
20120130117 23:45:00 28632 0 0
20120130118 23:50:00 55584 1 0
20120130119 23:55:00 35058 0 0
20120130120 00:00:00 81255 0 1
