20120929001 00:05:00 20407 0 0
20120929002 00:10:00 01525 0 1
20120929003 00:15:00 31169 1 0
20120929004 00:20:00 91349 0 0
20120929005 00:25:00 97695 0 0
20120929006 00:30:00 68042 0 0
20120929007 00:35:00 14544 0 1
20120929008 00:40:00 17167 1 0
20120929009 00:45:00 05311 0 1
20120929010 00:50:00 46074 0 0
20120929011 00:55:00 00516 1 0
20120929012 01:00:00 02436 0 0
20120929013 01:05:00 74656 0 1
20120929014 01:10:00 52244 1 1
20120929015 01:15:00 97585 0 1
20120929016 01:20:00 39645 0 0
20120929017 01:25:00 83854 1 0
20120929018 01:30:00 23980 0 0
20120929019 01:35:00 00473 1 0
20120929020 01:40:00 93662 0 1
20120929021 01:45:00 43113 0 1
20120929022 01:50:00 53984 0 0
20120929023 01:55:00 75413 0 0
20120929024 10:00:00 50006 1 1
20120929025 10:10:00 91513 0 0
20120929026 10:20:00 17947 0 0
20120929027 10:30:00 51153 1 0
20120929028 10:40:00 94631 0 0
20120929029 10:50:00 79549 0 0
20120929030 11:00:00 64723 0 0
20120929031 11:10:00 89300 0 1
20120929032 11:20:00 67928 0 0
20120929033 11:30:00 17546 0 0
20120929034 11:40:00 68128 0 0
20120929035 11:50:00 73637 0 0
20120929036 12:00:00 86233 0 1
20120929037 12:10:00 59002 0 1
20120929038 12:20:00 81425 0 0
20120929039 12:30:00 47248 0 0
20120929040 12:40:00 11239 1 0
20120929041 12:50:00 44574 1 0
20120929042 13:00:00 03949 0 1
20120929043 13:10:00 81354 0 0
20120929044 13:20:00 87520 0 0
20120929045 13:30:00 37829 0 0
20120929046 13:40:00 35065 0 0
20120929047 13:50:00 46686 1 1
20120929048 14:00:00 15575 1 1
20120929049 14:10:00 53863 0 0
20120929050 14:20:00 46075 0 0
20120929051 14:30:00 98321 0 0
20120929052 14:40:00 31433 0 1
20120929053 14:50:00 75445 0 1
20120929054 15:00:00 26454 0 1
20120929055 15:10:00 83686 0 1
20120929056 15:20:00 30931 0 0
20120929057 15:30:00 80870 1 0
20120929058 15:40:00 45073 0 0
20120929059 15:50:00 31805 0 0
20120929060 16:00:00 94576 0 0
20120929061 16:10:00 39987 1 0
20120929062 16:20:00 87799 1 1
20120929063 16:30:00 14387 0 0
20120929064 16:40:00 64599 0 1
20120929065 16:50:00 69327 0 0
20120929066 17:00:00 03381 1 0
20120929067 17:10:00 38674 0 0
20120929068 17:20:00 79082 0 0
20120929069 17:30:00 21648 0 0
20120929070 17:40:00 94337 0 1
20120929071 17:50:00 50496 0 0
20120929072 18:00:00 75327 0 0
20120929073 18:10:00 39674 0 0
20120929074 18:20:00 32943 0 0
20120929075 18:30:00 95608 0 0
20120929076 18:40:00 77102 1 0
20120929077 18:50:00 71515 0 1
20120929078 19:00:00 44626 1 1
20120929079 19:10:00 25694 0 0
20120929080 19:20:00 11580 1 0
20120929081 19:30:00 55456 1 0
20120929082 19:40:00 04304 0 0
20120929083 19:50:00 20110 0 1
20120929084 20:00:00 21671 0 0
20120929085 20:10:00 00914 1 0
20120929086 20:20:00 41505 0 1
20120929087 20:30:00 22265 1 0
20120929088 20:40:00 43851 0 0
20120929089 20:50:00 21253 1 0
20120929090 21:00:00 24283 1 0
20120929091 21:10:00 28010 0 1
20120929092 21:20:00 27511 0 1
20120929093 21:30:00 28911 0 1
20120929094 21:40:00 38783 0 0
20120929095 21:50:00 24627 0 0
20120929096 22:00:00 82494 0 1
20120929097 22:05:00 70462 0 0
20120929098 22:10:00 80657 0 0
20120929099 22:15:00 71335 0 1
20120929100 22:20:00 54503 1 0
20120929101 22:25:00 28436 0 0
20120929102 22:30:00 90883 0 1
20120929103 22:35:00 84450 1 0
20120929104 22:40:00 49114 0 1
20120929105 22:45:00 75194 0 0
20120929106 22:50:00 07767 1 1
20120929107 22:55:00 40662 0 1
20120929108 23:00:00 48999 0 1
20120929109 23:05:00 43222 0 1
20120929110 23:10:00 28429 0 0
20120929111 23:15:00 20070 1 1
20120929112 23:20:00 04745 0 0
20120929113 23:25:00 94448 1 1
20120929114 23:30:00 01957 0 0
20120929115 23:35:00 74814 0 0
20120929116 23:40:00 65186 0 0
20120929117 23:45:00 74880 0 1
20120929118 23:50:00 80286 0 0
20120929119 23:55:00 23240 1 0
20120929120 00:00:00 74870 0 0
