20120613001 00:05:00 70236 0 0
20120613002 00:10:00 31215 0 0
20120613003 00:15:00 68697 1 0
20120613004 00:20:00 96244 0 1
20120613005 00:25:00 24440 1 1
20120613006 00:30:00 26667 1 1
20120613007 00:35:00 01642 0 0
20120613008 00:40:00 81980 0 0
20120613009 00:45:00 85301 0 0
20120613010 00:50:00 69008 0 1
20120613011 00:55:00 03347 1 0
20120613012 01:00:00 20873 0 0
20120613013 01:05:00 50201 0 0
20120613014 01:10:00 73387 1 0
20120613015 01:15:00 21853 0 0
20120613016 01:20:00 53633 0 1
20120613017 01:25:00 19856 0 0
20120613018 01:30:00 22607 1 0
20120613019 01:35:00 08322 0 1
20120613020 01:40:00 13051 0 0
20120613021 01:45:00 67108 0 0
20120613022 01:50:00 25012 0 0
20120613023 01:55:00 31013 0 0
20120613024 10:00:00 85062 0 0
20120613025 10:10:00 56845 0 0
20120613026 10:20:00 51110 1 1
20120613027 10:30:00 86377 0 1
20120613028 10:40:00 94890 0 0
20120613029 10:50:00 19166 1 1
20120613030 11:00:00 50828 0 1
20120613031 11:10:00 58219 0 0
20120613032 11:20:00 88009 1 1
20120613033 11:30:00 51376 0 0
20120613034 11:40:00 08204 0 0
20120613035 11:50:00 60077 1 1
20120613036 12:00:00 70531 0 0
20120613037 12:10:00 01002 1 1
20120613038 12:20:00 28035 0 0
20120613039 12:30:00 42245 1 0
20120613040 12:40:00 47272 0 1
20120613041 12:50:00 62892 0 0
20120613042 13:00:00 09290 0 0
20120613043 13:10:00 10610 0 0
20120613044 13:20:00 87764 1 0
20120613045 13:30:00 03125 0 0
20120613046 13:40:00 26339 0 1
20120613047 13:50:00 83639 0 0
20120613048 14:00:00 91639 0 0
20120613049 14:10:00 78676 0 1
20120613050 14:20:00 48203 0 0
20120613051 14:30:00 27375 0 0
20120613052 14:40:00 09249 0 0
20120613053 14:50:00 79687 0 0
20120613054 15:00:00 15814 0 0
20120613055 15:10:00 79041 0 0
20120613056 15:20:00 81460 0 0
20120613057 15:30:00 11773 1 1
20120613058 15:40:00 26187 0 0
20120613059 15:50:00 52722 0 1
20120613060 16:00:00 98532 0 0
20120613061 16:10:00 34674 0 0
20120613062 16:20:00 33176 1 0
20120613063 16:30:00 94182 0 0
20120613064 16:40:00 32837 0 0
20120613065 16:50:00 19023 0 0
20120613066 17:00:00 13028 0 0
20120613067 17:10:00 31381 1 0
20120613068 17:20:00 68548 0 0
20120613069 17:30:00 77688 1 1
20120613070 17:40:00 38671 0 0
20120613071 17:50:00 17597 0 0
20120613072 18:00:00 81685 0 0
20120613073 18:10:00 47794 1 0
20120613074 18:20:00 30400 0 1
20120613075 18:30:00 67351 0 0
20120613076 18:40:00 97327 0 0
20120613077 18:50:00 82095 0 0
20120613078 19:00:00 97339 0 1
20120613079 19:10:00 21224 1 1
20120613080 19:20:00 28644 0 1
20120613081 19:30:00 63862 0 0
20120613082 19:40:00 98319 0 0
20120613083 19:50:00 65561 1 0
20120613084 20:00:00 81896 1 0
20120613085 20:10:00 28265 1 0
20120613086 20:20:00 52121 0 1
20120613087 20:30:00 11935 1 0
20120613088 20:40:00 13672 0 0
20120613089 20:50:00 10945 0 0
20120613090 21:00:00 68092 0 0
20120613091 21:10:00 42731 0 0
20120613092 21:20:00 96202 0 1
20120613093 21:30:00 33386 1 0
20120613094 21:40:00 54458 1 0
20120613095 21:50:00 56006 0 1
20120613096 22:00:00 72441 0 1
20120613097 22:05:00 90460 0 0
20120613098 22:10:00 08223 0 1
20120613099 22:15:00 32649 0 0
20120613100 22:20:00 80024 1 0
20120613101 22:25:00 59224 0 1
20120613102 22:30:00 99346 1 0
20120613103 22:35:00 75786 1 0
20120613104 22:40:00 07805 0 0
20120613105 22:45:00 86249 0 0
20120613106 22:50:00 59285 0 0
20120613107 22:55:00 96045 0 0
20120613108 23:00:00 25614 0 0
20120613109 23:05:00 09242 0 1
20120613110 23:10:00 61645 1 0
20120613111 23:15:00 48975 0 0
20120613112 23:20:00 60028 1 0
20120613113 23:25:00 84494 1 1
20120613114 23:30:00 79215 0 0
20120613115 23:35:00 79122 0 1
20120613116 23:40:00 57966 0 1
20120613117 23:45:00 07212 0 1
20120613118 23:50:00 97785 1 0
20120613119 23:55:00 31339 1 1
20120613120 00:00:00 53081 0 0
