20120329001 00:05:00 57572 1 0
20120329002 00:10:00 87653 0 0
20120329003 00:15:00 53500 1 1
20120329004 00:20:00 51718 0 0
20120329005 00:25:00 69584 0 0
20120329006 00:30:00 87623 0 0
20120329007 00:35:00 26104 0 0
20120329008 00:40:00 91088 0 1
20120329009 00:45:00 79286 0 0
20120329010 00:50:00 69447 0 1
20120329011 00:55:00 37376 1 0
20120329012 01:00:00 37079 0 0
20120329013 01:05:00 85182 0 0
20120329014 01:10:00 78958 0 0
20120329015 01:15:00 38979 0 1
20120329016 01:20:00 17185 1 0
20120329017 01:25:00 62342 0 0
20120329018 01:30:00 31151 1 1
20120329019 01:35:00 53129 0 0
20120329020 01:40:00 29762 0 0
20120329021 01:45:00 52055 0 1
20120329022 01:50:00 44190 1 0
20120329023 01:55:00 64833 0 1
20120329024 10:00:00 26529 0 0
20120329025 10:10:00 58196 0 0
20120329026 10:20:00 62887 0 1
20120329027 10:30:00 10585 0 1
20120329028 10:40:00 13749 0 0
20120329029 10:50:00 05910 0 0
20120329030 11:00:00 27750 1 0
20120329031 11:10:00 77471 1 0
20120329032 11:20:00 88248 1 0
20120329033 11:30:00 65449 0 1
20120329034 11:40:00 44875 1 0
20120329035 11:50:00 31393 1 1
20120329036 12:00:00 98605 0 0
20120329037 12:10:00 53055 0 1
20120329038 12:20:00 33622 1 1
20120329039 12:30:00 68340 0 0
20120329040 12:40:00 37221 0 1
20120329041 12:50:00 47520 0 0
20120329042 13:00:00 24127 0 0
20120329043 13:10:00 05273 0 0
20120329044 13:20:00 13622 0 1
20120329045 13:30:00 16092 0 0
20120329046 13:40:00 40470 1 0
20120329047 13:50:00 97608 0 0
20120329048 14:00:00 65396 0 0
20120329049 14:10:00 35800 0 1
20120329050 14:20:00 74356 0 0
20120329051 14:30:00 57982 0 0
20120329052 14:40:00 59717 0 1
20120329053 14:50:00 28963 0 0
20120329054 15:00:00 06816 0 0
20120329055 15:10:00 40201 0 0
20120329056 15:20:00 16962 0 0
20120329057 15:30:00 54601 0 0
20120329058 15:40:00 30588 0 1
20120329059 15:50:00 47482 1 0
20120329060 16:00:00 70216 0 0
20120329061 16:10:00 93240 0 0
20120329062 16:20:00 16978 0 0
20120329063 16:30:00 61014 0 0
20120329064 16:40:00 35551 1 1
20120329065 16:50:00 11141 1 1
20120329066 17:00:00 91614 0 0
20120329067 17:10:00 40716 0 0
20120329068 17:20:00 54085 0 0
20120329069 17:30:00 45393 0 1
20120329070 17:40:00 05727 0 1
20120329071 17:50:00 09769 0 0
20120329072 18:00:00 88310 1 0
20120329073 18:10:00 58747 0 1
20120329074 18:20:00 25933 0 1
20120329075 18:30:00 71984 0 0
20120329076 18:40:00 38771 0 1
20120329077 18:50:00 93356 1 0
20120329078 19:00:00 67245 0 0
20120329079 19:10:00 09457 0 0
20120329080 19:20:00 55847 1 0
20120329081 19:30:00 91845 0 0
20120329082 19:40:00 92395 0 0
20120329083 19:50:00 73809 0 0
20120329084 20:00:00 23432 0 0
20120329085 20:10:00 72285 1 0
20120329086 20:20:00 79514 0 0
20120329087 20:30:00 80737 0 1
20120329088 20:40:00 60626 1 1
20120329089 20:50:00 01573 0 0
20120329090 21:00:00 76793 1 0
20120329091 21:10:00 82307 0 0
20120329092 21:20:00 62982 0 0
20120329093 21:30:00 81585 0 1
20120329094 21:40:00 89948 1 0
20120329095 21:50:00 16382 0 0
20120329096 22:00:00 11050 1 1
20120329097 22:05:00 27818 0 1
20120329098 22:10:00 51022 0 1
20120329099 22:15:00 68297 0 0
20120329100 22:20:00 18356 0 0
20120329101 22:25:00 57141 0 1
20120329102 22:30:00 06619 1 0
20120329103 22:35:00 45871 0 0
20120329104 22:40:00 02485 0 0
20120329105 22:45:00 55881 1 1
20120329106 22:50:00 87781 1 0
20120329107 22:55:00 94240 0 0
20120329108 23:00:00 16993 0 1
20120329109 23:05:00 75523 1 0
20120329110 23:10:00 25650 0 0
20120329111 23:15:00 86416 0 0
20120329112 23:20:00 59574 1 0
20120329113 23:25:00 18821 1 0
20120329114 23:30:00 68213 0 0
20120329115 23:35:00 37635 0 0
20120329116 23:40:00 99123 1 0
20120329117 23:45:00 35304 1 0
20120329118 23:50:00 06977 0 1
20120329119 23:55:00 12450 0 0
20120329120 00:00:00 57151 0 1
