20120105001 00:05:00 55767 1 1
20120105002 00:10:00 44202 1 1
20120105003 00:15:00 94873 0 0
20120105004 00:20:00 81698 0 0
20120105005 00:25:00 70221 0 1
20120105006 00:30:00 61916 0 0
20120105007 00:35:00 47873 0 0
20120105008 00:40:00 50158 0 0
20120105009 00:45:00 17661 0 1
20120105010 00:50:00 29740 0 0
20120105011 00:55:00 94320 0 0
20120105012 01:00:00 53915 0 0
20120105013 01:05:00 39569 0 0
20120105014 01:10:00 32250 1 0
20120105015 01:15:00 58706 0 0
20120105016 01:20:00 87178 0 0
20120105017 01:25:00 66420 1 0
20120105018 01:30:00 00530 1 0
20120105019 01:35:00 19665 0 1
20120105020 01:40:00 11261 1 0
20120105021 01:45:00 39553 0 1
20120105022 01:50:00 86610 1 0
20120105023 01:55:00 42804 0 0
20120105024 10:00:00 98728 0 0
20120105025 10:10:00 20786 0 0
20120105026 10:20:00 42453 1 0
20120105027 10:30:00 26004 0 1
20120105028 10:40:00 89020 0 1
20120105029 10:50:00 66104 1 0
20120105030 11:00:00 26881 0 1
20120105031 11:10:00 29299 1 1
20120105032 11:20:00 58061 0 0
20120105033 11:30:00 66768 1 0
20120105034 11:40:00 58738 0 0
20120105035 11:50:00 35703 0 0
20120105036 12:00:00 16050 0 1
20120105037 12:10:00 96582 0 0
20120105038 12:20:00 01991 0 1
20120105039 12:30:00 72327 0 0
20120105040 12:40:00 05457 0 0
20120105041 12:50:00 54672 0 0
20120105042 13:00:00 07074 1 0
20120105043 13:10:00 53217 0 0
20120105044 13:20:00 95967 1 0
20120105045 13:30:00 47089 0 0
20120105046 13:40:00 95270 0 0
20120105047 13:50:00 06811 0 1
20120105048 14:00:00 85698 0 0
20120105049 14:10:00 39156 0 0
20120105050 14:20:00 82399 0 1
20120105051 14:30:00 54584 1 0
20120105052 14:40:00 32412 0 0
20120105053 14:50:00 36269 0 0
20120105054 15:00:00 98517 0 0
20120105055 15:10:00 43842 0 0
20120105056 15:20:00 28634 0 0
20120105057 15:30:00 64418 1 0
20120105058 15:40:00 54262 0 1
20120105059 15:50:00 41913 0 0
20120105060 16:00:00 63218 0 0
20120105061 16:10:00 31499 0 1
20120105062 16:20:00 62732 0 0
20120105063 16:30:00 65215 0 0
20120105064 16:40:00 87169 0 0
20120105065 16:50:00 67671 1 0
20120105066 17:00:00 66048 1 0
20120105067 17:10:00 34006 0 1
20120105068 17:20:00 25980 0 0
20120105069 17:30:00 97934 1 0
20120105070 17:40:00 48393 0 1
20120105071 17:50:00 33616 1 1
20120105072 18:00:00 37891 0 0
20120105073 18:10:00 89655 0 1
20120105074 18:20:00 45524 1 0
20120105075 18:30:00 39795 0 0
20120105076 18:40:00 56414 0 1
20120105077 18:50:00 29458 0 0
20120105078 19:00:00 31741 0 0
20120105079 19:10:00 67267 0 0
20120105080 19:20:00 40029 1 0
20120105081 19:30:00 44150 1 0
20120105082 19:40:00 26779 0 1
20120105083 19:50:00 42184 0 0
20120105084 20:00:00 98809 1 0
20120105085 20:10:00 50680 0 0
20120105086 20:20:00 79555 0 1
20120105087 20:30:00 18151 1 1
20120105088 20:40:00 70849 0 0
20120105089 20:50:00 66084 1 0
20120105090 21:00:00 91908 1 0
20120105091 21:10:00 09642 0 0
20120105092 21:20:00 26046 0 0
20120105093 21:30:00 23478 0 0
20120105094 21:40:00 75521 1 0
20120105095 21:50:00 94637 0 0
20120105096 22:00:00 89444 0 1
20120105097 22:05:00 11204 1 0
20120105098 22:10:00 14691 0 0
20120105099 22:15:00 01529 0 0
20120105100 22:20:00 73633 0 1
20120105101 22:25:00 80546 0 0
20120105102 22:30:00 19910 1 0
20120105103 22:35:00 73992 0 1
20120105104 22:40:00 99546 1 0
20120105105 22:45:00 29416 0 0
20120105106 22:50:00 49434 1 1
20120105107 22:55:00 66071 1 0
20120105108 23:00:00 56723 0 0
20120105109 23:05:00 05111 0 1
20120105110 23:10:00 76773 1 1
20120105111 23:15:00 40021 1 0
20120105112 23:20:00 57535 1 1
20120105113 23:25:00 01584 0 0
20120105114 23:30:00 05962 0 0
20120105115 23:35:00 91959 1 1
20120105116 23:40:00 11055 1 1
20120105117 23:45:00 49982 1 0
20120105118 23:50:00 00833 1 1
20120105119 23:55:00 79340 0 0
20120105120 00:00:00 02262 1 1
