20120505001 00:05:00 45969 0 1
20120505002 00:10:00 93160 0 0
20120505003 00:15:00 04590 0 0
20120505004 00:20:00 26120 0 0
20120505005 00:25:00 10722 0 1
20120505006 00:30:00 12028 0 0
20120505007 00:35:00 24149 0 0
20120505008 00:40:00 17605 0 0
20120505009 00:45:00 85556 1 1
20120505010 00:50:00 23508 0 0
20120505011 00:55:00 27107 0 0
20120505012 01:00:00 21180 1 0
20120505013 01:05:00 30390 1 0
20120505014 01:10:00 18204 0 0
20120505015 01:15:00 88258 1 0
20120505016 01:20:00 78343 0 1
20120505017 01:25:00 70279 0 0
20120505018 01:30:00 27917 0 0
20120505019 01:35:00 98803 1 0
20120505020 01:40:00 25492 0 0
20120505021 01:45:00 59596 1 0
20120505022 01:50:00 69794 0 0
20120505023 01:55:00 27997 0 1
20120505024 10:00:00 98139 0 0
20120505025 10:10:00 57094 0 0
20120505026 10:20:00 42497 1 0
20120505027 10:30:00 89950 1 0
20120505028 10:40:00 79353 0 1
20120505029 10:50:00 80617 0 0
20120505030 11:00:00 70207 0 0
20120505031 11:10:00 26689 1 0
20120505032 11:20:00 97418 0 0
20120505033 11:30:00 21744 0 1
20120505034 11:40:00 94566 0 1
20120505035 11:50:00 80824 1 0
20120505036 12:00:00 14194 1 0
20120505037 12:10:00 65305 0 0
20120505038 12:20:00 61811 0 1
20120505039 12:30:00 86043 0 0
20120505040 12:40:00 38384 1 0
20120505041 12:50:00 73296 0 0
20120505042 13:00:00 00220 1 1
20120505043 13:10:00 82859 1 0
20120505044 13:20:00 21634 0 0
20120505045 13:30:00 64012 0 0
20120505046 13:40:00 73576 0 0
20120505047 13:50:00 15815 0 0
20120505048 14:00:00 55471 1 0
20120505049 14:10:00 70673 0 0
20120505050 14:20:00 72493 0 0
20120505051 14:30:00 67210 0 0
20120505052 14:40:00 38589 0 0
20120505053 14:50:00 75534 1 0
20120505054 15:00:00 42930 0 0
20120505055 15:10:00 20211 1 1
20120505056 15:20:00 15358 0 0
20120505057 15:30:00 88410 1 0
20120505058 15:40:00 93208 0 0
20120505059 15:50:00 02487 0 0
20120505060 16:00:00 52738 0 0
20120505061 16:10:00 80742 0 0
20120505062 16:20:00 45549 1 0
20120505063 16:30:00 04885 0 1
20120505064 16:40:00 64751 0 0
20120505065 16:50:00 72111 0 1
20120505066 17:00:00 26563 0 0
20120505067 17:10:00 52177 0 1
20120505068 17:20:00 32890 0 0
20120505069 17:30:00 28080 0 1
20120505070 17:40:00 02261 1 0
20120505071 17:50:00 88529 1 0
20120505072 18:00:00 07316 0 0
20120505073 18:10:00 39869 0 0
20120505074 18:20:00 32628 0 0
20120505075 18:30:00 65454 0 1
20120505076 18:40:00 01790 0 0
20120505077 18:50:00 81055 0 1
20120505078 19:00:00 25835 0 0
20120505079 19:10:00 95737 0 1
20120505080 19:20:00 42787 0 1
20120505081 19:30:00 51013 0 0
20120505082 19:40:00 79168 0 0
20120505083 19:50:00 53433 0 1
20120505084 20:00:00 69978 1 0
20120505085 20:10:00 48569 0 0
20120505086 20:20:00 25246 1 0
20120505087 20:30:00 33247 1 0
20120505088 20:40:00 82509 0 0
20120505089 20:50:00 71360 0 0
20120505090 21:00:00 92779 0 1
20120505091 21:10:00 57480 0 0
20120505092 21:20:00 82437 0 0
20120505093 21:30:00 94525 0 1
20120505094 21:40:00 47164 0 0
20120505095 21:50:00 50486 0 0
20120505096 22:00:00 39772 0 1
20120505097 22:05:00 16981 0 0
20120505098 22:10:00 42293 1 0
20120505099 22:15:00 84373 0 1
20120505100 22:20:00 03133 0 1
20120505101 22:25:00 17424 0 1
20120505102 22:30:00 85866 1 1
20120505103 22:35:00 16765 0 0
20120505104 22:40:00 49922 1 1
20120505105 22:45:00 18264 0 0
20120505106 22:50:00 94399 0 1
20120505107 22:55:00 56032 0 0
20120505108 23:00:00 64707 0 1
20120505109 23:05:00 82277 1 1
20120505110 23:10:00 36037 0 0
20120505111 23:15:00 08483 0 0
20120505112 23:20:00 71544 0 1
20120505113 23:25:00 06626 1 1
20120505114 23:30:00 17408 0 0
20120505115 23:35:00 13963 0 0
20120505116 23:40:00 05652 0 0
20120505117 23:45:00 22863 1 0
20120505118 23:50:00 93982 1 0
20120505119 23:55:00 91430 0 0
20120505120 00:00:00 49001 0 1
