20120531001 00:05:00 67452 0 0
20120531002 00:10:00 98562 0 0
20120531003 00:15:00 90517 0 0
20120531004 00:20:00 83765 0 0
20120531005 00:25:00 21345 0 0
20120531006 00:30:00 36710 0 0
20120531007 00:35:00 79460 0 0
20120531008 00:40:00 59745 0 0
20120531009 00:45:00 65699 1 1
20120531010 00:50:00 92457 0 0
20120531011 00:55:00 59334 0 1
20120531012 01:00:00 14031 0 0
20120531013 01:05:00 92742 0 0
20120531014 01:10:00 28944 0 1
20120531015 01:15:00 39772 0 1
20120531016 01:20:00 89165 0 0
20120531017 01:25:00 44880 1 1
20120531018 01:30:00 46676 1 1
20120531019 01:35:00 22021 1 0
20120531020 01:40:00 48473 1 0
20120531021 01:45:00 23373 1 1
20120531022 01:50:00 90935 1 0
20120531023 01:55:00 93826 0 0
20120531024 10:00:00 84970 0 0
20120531025 10:10:00 71825 0 0
20120531026 10:20:00 89702 0 0
20120531027 10:30:00 47079 0 0
20120531028 10:40:00 21357 0 0
20120531029 10:50:00 53006 0 1
20120531030 11:00:00 37415 0 0
20120531031 11:10:00 94033 0 1
20120531032 11:20:00 93815 0 0
20120531033 11:30:00 17603 0 0
20120531034 11:40:00 66439 1 0
20120531035 11:50:00 27925 0 0
20120531036 12:00:00 88594 1 0
20120531037 12:10:00 64011 0 1
20120531038 12:20:00 11110 1 1
20120531039 12:30:00 76821 0 0
20120531040 12:40:00 15600 0 1
20120531041 12:50:00 97008 0 1
20120531042 13:00:00 61826 0 0
20120531043 13:10:00 28054 0 0
20120531044 13:20:00 81009 0 1
20120531045 13:30:00 34838 0 1
20120531046 13:40:00 93562 0 0
20120531047 13:50:00 80703 0 0
20120531048 14:00:00 94675 0 0
20120531049 14:10:00 42635 0 0
20120531050 14:20:00 69349 0 0
20120531051 14:30:00 64789 0 0
20120531052 14:40:00 20761 0 0
20120531053 14:50:00 95973 1 0
20120531054 15:00:00 91413 0 0
20120531055 15:10:00 76335 0 1
20120531056 15:20:00 95946 1 0
20120531057 15:30:00 11812 1 0
20120531058 15:40:00 29746 0 0
20120531059 15:50:00 90774 0 1
20120531060 16:00:00 14015 0 0
20120531061 16:10:00 97022 0 1
20120531062 16:20:00 48159 0 0
20120531063 16:30:00 81590 0 0
20120531064 16:40:00 44517 1 0
20120531065 16:50:00 22000 1 1
20120531066 17:00:00 01932 0 0
20120531067 17:10:00 59580 1 0
20120531068 17:20:00 90783 0 0
20120531069 17:30:00 04374 0 0
20120531070 17:40:00 61103 1 0
20120531071 17:50:00 52446 0 1
20120531072 18:00:00 56547 1 0
20120531073 18:10:00 87618 0 0
20120531074 18:20:00 35831 0 0
20120531075 18:30:00 62140 0 0
20120531076 18:40:00 28320 0 0
20120531077 18:50:00 96798 0 0
20120531078 19:00:00 89904 1 0
20120531079 19:10:00 71092 0 0
20120531080 19:20:00 83667 0 1
20120531081 19:30:00 78100 0 1
20120531082 19:40:00 03237 0 0
20120531083 19:50:00 14818 0 1
20120531084 20:00:00 50564 1 0
20120531085 20:10:00 14556 0 1
20120531086 20:20:00 71685 0 0
20120531087 20:30:00 20459 0 0
20120531088 20:40:00 59713 0 0
20120531089 20:50:00 46512 0 0
20120531090 21:00:00 07194 0 0
20120531091 21:10:00 49333 0 1
20120531092 21:20:00 87200 0 1
20120531093 21:30:00 32432 0 0
20120531094 21:40:00 63792 0 0
20120531095 21:50:00 64668 1 1
20120531096 22:00:00 96407 0 0
20120531097 22:05:00 01318 0 0
20120531098 22:10:00 39837 0 0
20120531099 22:15:00 21359 0 0
20120531100 22:20:00 65827 0 0
20120531101 22:25:00 96936 1 0
20120531102 22:30:00 43951 0 0
20120531103 22:35:00 29965 1 0
20120531104 22:40:00 41701 0 0
20120531105 22:45:00 81065 0 0
20120531106 22:50:00 12469 0 0
20120531107 22:55:00 85053 0 0
20120531108 23:00:00 78829 1 0
20120531109 23:05:00 38855 1 1
20120531110 23:10:00 34606 0 1
20120531111 23:15:00 26436 0 0
20120531112 23:20:00 45802 0 0
20120531113 23:25:00 09559 0 1
20120531114 23:30:00 42789 0 0
20120531115 23:35:00 24068 0 0
20120531116 23:40:00 41960 0 0
20120531117 23:45:00 42919 0 1
20120531118 23:50:00 87604 0 0
20120531119 23:55:00 56190 0 0
20120531120 00:00:00 20321 0 0
