20121219001 00:05:00 53510 1 0
20121219002 00:10:00 63893 0 0
20121219003 00:15:00 31847 0 0
20121219004 00:20:00 08942 0 0
20121219005 00:25:00 40260 0 0
20121219006 00:30:00 44792 1 0
20121219007 00:35:00 63349 1 0
20121219008 00:40:00 02191 0 1
20121219009 00:45:00 60192 0 0
20121219010 00:50:00 87554 0 1
20121219011 00:55:00 85421 0 0
20121219012 01:00:00 96663 1 1
20121219013 01:05:00 04818 0 1
20121219014 01:10:00 35643 0 0
20121219015 01:15:00 35011 0 1
20121219016 01:20:00 69358 0 0
20121219017 01:25:00 21081 0 0
20121219018 01:30:00 36338 1 1
20121219019 01:35:00 01803 0 0
20121219020 01:40:00 04225 0 1
20121219021 01:45:00 73841 0 0
20121219022 01:50:00 64546 0 0
20121219023 01:55:00 41328 0 0
20121219024 10:00:00 53136 0 0
20121219025 10:10:00 74341 0 0
20121219026 10:20:00 28858 1 1
20121219027 10:30:00 57859 0 0
20121219028 10:40:00 92697 0 0
20121219029 10:50:00 87570 0 0
20121219030 11:00:00 57224 0 1
20121219031 11:10:00 58487 0 0
20121219032 11:20:00 70719 1 0
20121219033 11:30:00 13728 0 0
20121219034 11:40:00 49286 0 0
20121219035 11:50:00 97000 0 1
20121219036 12:00:00 68277 0 1
20121219037 12:10:00 76202 0 1
20121219038 12:20:00 19316 0 0
20121219039 12:30:00 59342 0 0
20121219040 12:40:00 96015 0 0
20121219041 12:50:00 93151 0 1
20121219042 13:00:00 59638 0 0
20121219043 13:10:00 97506 0 0
20121219044 13:20:00 20100 0 1
20121219045 13:30:00 40393 0 1
20121219046 13:40:00 44045 1 0
20121219047 13:50:00 88907 1 0
20121219048 14:00:00 10420 0 0
20121219049 14:10:00 64989 0 1
20121219050 14:20:00 52818 0 1
20121219051 14:30:00 20450 0 0
20121219052 14:40:00 59892 0 0
20121219053 14:50:00 18470 0 0
20121219054 15:00:00 37471 0 0
20121219055 15:10:00 90640 0 0
20121219056 15:20:00 92023 0 0
20121219057 15:30:00 91827 0 0
20121219058 15:40:00 88573 1 0
20121219059 15:50:00 33282 1 1
20121219060 16:00:00 91720 0 0
20121219061 16:10:00 38490 0 0
20121219062 16:20:00 68437 0 0
20121219063 16:30:00 83718 0 0
20121219064 16:40:00 71244 0 1
20121219065 16:50:00 21585 0 1
20121219066 17:00:00 61537 0 0
20121219067 17:10:00 82546 0 0
20121219068 17:20:00 43711 0 1
20121219069 17:30:00 95663 0 1
20121219070 17:40:00 12291 1 0
20121219071 17:50:00 19620 0 0
20121219072 18:00:00 20613 0 0
20121219073 18:10:00 95466 0 1
20121219074 18:20:00 74721 1 0
20121219075 18:30:00 81720 0 0
20121219076 18:40:00 03799 0 1
20121219077 18:50:00 92379 0 0
20121219078 19:00:00 36201 0 0
20121219079 19:10:00 13217 0 0
20121219080 19:20:00 80396 0 0
20121219081 19:30:00 28386 0 0
20121219082 19:40:00 01307 0 0
20121219083 19:50:00 10380 0 0
20121219084 20:00:00 90433 0 1
20121219085 20:10:00 48146 0 0
20121219086 20:20:00 66080 1 1
20121219087 20:30:00 01063 1 0
20121219088 20:40:00 31767 0 1
20121219089 20:50:00 80068 1 0
20121219090 21:00:00 11220 1 1
20121219091 21:10:00 64807 0 0
20121219092 21:20:00 10143 1 0
20121219093 21:30:00 68251 0 0
20121219094 21:40:00 09896 0 0
20121219095 21:50:00 36916 0 0
20121219096 22:00:00 35752 0 0
20121219097 22:05:00 64483 1 0
20121219098 22:10:00 60796 0 0
20121219099 22:15:00 19344 0 1
20121219100 22:20:00 32886 0 1
20121219101 22:25:00 58077 0 1
20121219102 22:30:00 28029 0 0
20121219103 22:35:00 85473 0 0
20121219104 22:40:00 92047 0 0
20121219105 22:45:00 56523 1 0
20121219106 22:50:00 84957 0 0
20121219107 22:55:00 03525 0 1
20121219108 23:00:00 93685 0 0
20121219109 23:05:00 93331 1 1
20121219110 23:10:00 36911 0 1
20121219111 23:15:00 31717 0 1
20121219112 23:20:00 19306 0 0
20121219113 23:25:00 18078 0 0
20121219114 23:30:00 95521 1 0
20121219115 23:35:00 56525 1 1
20121219116 23:40:00 74461 1 0
20121219117 23:45:00 15232 0 1
20121219118 23:50:00 35922 0 1
20121219119 23:55:00 81810 1 0
20121219120 00:00:00 20418 0 0
