20120113001 00:05:00 17211 0 1
20120113002 00:10:00 64922 0 1
20120113003 00:15:00 89104 0 0
20120113004 00:20:00 77892 1 0
20120113005 00:25:00 23188 0 1
20120113006 00:30:00 21042 0 0
20120113007 00:35:00 75630 0 0
20120113008 00:40:00 71190 1 0
20120113009 00:45:00 14603 0 0
20120113010 00:50:00 92738 0 0
20120113011 00:55:00 64126 0 0
20120113012 01:00:00 07765 1 0
20120113013 01:05:00 67536 0 0
20120113014 01:10:00 83022 0 1
20120113015 01:15:00 02798 0 0
20120113016 01:20:00 77142 1 0
20120113017 01:25:00 39567 0 0
20120113018 01:30:00 01091 1 0
20120113019 01:35:00 36245 0 0
20120113020 01:40:00 91175 1 0
20120113021 01:45:00 28410 0 0
20120113022 01:50:00 99402 1 0
20120113023 01:55:00 17161 1 1
20120113024 10:00:00 32266 1 1
20120113025 10:10:00 68826 1 0
20120113026 10:20:00 60423 0 0
20120113027 10:30:00 46136 0 0
20120113028 10:40:00 39730 0 0
20120113029 10:50:00 24299 1 1
20120113030 11:00:00 02700 0 1
20120113031 11:10:00 46080 0 1
20120113032 11:20:00 13222 0 1
20120113033 11:30:00 69777 0 1
20120113034 11:40:00 68912 0 0
20120113035 11:50:00 16021 0 0
20120113036 12:00:00 06359 0 0
20120113037 12:10:00 09009 1 1
20120113038 12:20:00 49663 0 1
20120113039 12:30:00 35493 0 0
20120113040 12:40:00 20705 0 0
20120113041 12:50:00 74570 0 0
20120113042 13:00:00 10455 0 1
20120113043 13:10:00 67312 0 0
20120113044 13:20:00 20237 1 0
20120113045 13:30:00 67558 0 1
20120113046 13:40:00 42341 0 0
20120113047 13:50:00 38781 0 0
20120113048 14:00:00 28821 1 0
20120113049 14:10:00 00982 1 0
20120113050 14:20:00 28363 0 1
20120113051 14:30:00 00702 1 0
20120113052 14:40:00 07555 0 1
20120113053 14:50:00 63939 0 1
20120113054 15:00:00 51920 0 0
20120113055 15:10:00 74739 1 0
20120113056 15:20:00 13935 0 0
20120113057 15:30:00 18522 0 1
20120113058 15:40:00 04309 0 0
20120113059 15:50:00 77688 1 1
20120113060 16:00:00 99935 1 0
20120113061 16:10:00 31248 0 0
20120113062 16:20:00 65553 1 1
20120113063 16:30:00 62450 0 0
20120113064 16:40:00 62507 0 0
20120113065 16:50:00 68368 0 0
20120113066 17:00:00 56145 0 0
20120113067 17:10:00 41036 0 0
20120113068 17:20:00 21516 0 0
20120113069 17:30:00 85281 0 0
20120113070 17:40:00 79924 1 0
20120113071 17:50:00 17596 0 0
20120113072 18:00:00 49731 0 0
20120113073 18:10:00 49578 0 0
20120113074 18:20:00 78000 0 1
20120113075 18:30:00 82539 0 0
20120113076 18:40:00 76451 0 0
20120113077 18:50:00 17466 0 1
20120113078 19:00:00 20521 0 0
20120113079 19:10:00 60932 0 0
20120113080 19:20:00 57247 0 0
20120113081 19:30:00 55077 1 1
20120113082 19:40:00 91998 1 1
20120113083 19:50:00 54982 0 0
20120113084 20:00:00 98906 1 0
20120113085 20:10:00 84021 0 0
20120113086 20:20:00 67880 0 1
20120113087 20:30:00 32253 1 0
20120113088 20:40:00 03763 0 0
20120113089 20:50:00 82214 1 0
20120113090 21:00:00 34175 0 0
20120113091 21:10:00 18670 0 0
20120113092 21:20:00 41540 0 0
20120113093 21:30:00 41723 0 0
20120113094 21:40:00 05708 0 0
20120113095 21:50:00 42093 0 0
20120113096 22:00:00 70624 0 0
20120113097 22:05:00 44638 1 0
20120113098 22:10:00 72455 0 1
20120113099 22:15:00 34053 0 0
20120113100 22:20:00 70764 1 0
20120113101 22:25:00 89786 0 0
20120113102 22:30:00 96576 0 0
20120113103 22:35:00 84874 1 0
20120113104 22:40:00 03060 1 1
20120113105 22:45:00 20887 0 1
20120113106 22:50:00 91578 0 0
20120113107 22:55:00 70492 0 0
20120113108 23:00:00 04917 0 0
20120113109 23:05:00 65250 0 0
20120113110 23:10:00 11151 1 1
20120113111 23:15:00 23866 0 1
20120113112 23:20:00 01724 0 0
20120113113 23:25:00 06301 0 0
20120113114 23:30:00 97202 0 1
20120113115 23:35:00 46229 0 1
20120113116 23:40:00 72012 0 0
20120113117 23:45:00 36712 0 0
20120113118 23:50:00 02979 0 1
20120113119 23:55:00 33999 1 1
20120113120 00:00:00 05300 0 1
