20120303001 00:05:00 31082 0 0
20120303002 00:10:00 73876 0 0
20120303003 00:15:00 70710 1 0
20120303004 00:20:00 24488 1 1
20120303005 00:25:00 53535 1 1
20120303006 00:30:00 29353 0 1
20120303007 00:35:00 69142 0 0
20120303008 00:40:00 55217 1 0
20120303009 00:45:00 46941 0 0
20120303010 00:50:00 88797 1 1
20120303011 00:55:00 18778 0 1
20120303012 01:00:00 65320 0 0
20120303013 01:05:00 57953 0 0
20120303014 01:10:00 65882 0 1
20120303015 01:15:00 43306 1 0
20120303016 01:20:00 33641 1 0
20120303017 01:25:00 65788 0 1
20120303018 01:30:00 11207 1 0
20120303019 01:35:00 59030 0 1
20120303020 01:40:00 50876 0 0
20120303021 01:45:00 43473 1 0
20120303022 01:50:00 89247 0 0
20120303023 01:55:00 34272 0 1
20120303024 10:00:00 07214 0 0
20120303025 10:10:00 26311 0 1
20120303026 10:20:00 30123 0 0
20120303027 10:30:00 33221 1 1
20120303028 10:40:00 54912 0 0
20120303029 10:50:00 79239 0 0
20120303030 11:00:00 22784 1 0
20120303031 11:10:00 13707 0 1
20120303032 11:20:00 73916 0 0
20120303033 11:30:00 20604 0 0
20120303034 11:40:00 24317 0 0
20120303035 11:50:00 12576 0 0
20120303036 12:00:00 02853 0 0
20120303037 12:10:00 61563 0 0
20120303038 12:20:00 49784 0 0
20120303039 12:30:00 70261 0 0
20120303040 12:40:00 68100 0 1
20120303041 12:50:00 43547 0 0
20120303042 13:00:00 48941 0 0
20120303043 13:10:00 29248 1 0
20120303044 13:20:00 60336 0 1
20120303045 13:30:00 01101 1 1
20120303046 13:40:00 73848 0 1
20120303047 13:50:00 00690 1 0
20120303048 14:00:00 07411 0 1
20120303049 14:10:00 66655 1 1
20120303050 14:20:00 39273 0 0
20120303051 14:30:00 20299 1 1
20120303052 14:40:00 82196 0 0
20120303053 14:50:00 12795 0 0
20120303054 15:00:00 82496 0 0
20120303055 15:10:00 01620 0 0
20120303056 15:20:00 52260 1 0
20120303057 15:30:00 11134 1 0
20120303058 15:40:00 46085 0 0
20120303059 15:50:00 05019 1 0
20120303060 16:00:00 02354 0 0
20120303061 16:10:00 87664 0 1
20120303062 16:20:00 36254 0 0
20120303063 16:30:00 28402 0 0
20120303064 16:40:00 08751 0 0
20120303065 16:50:00 75876 0 0
20120303066 17:00:00 61084 0 0
20120303067 17:10:00 80939 0 1
20120303068 17:20:00 20154 0 0
20120303069 17:30:00 76200 0 1
20120303070 17:40:00 93766 0 1
20120303071 17:50:00 04815 0 0
20120303072 18:00:00 42689 0 0
20120303073 18:10:00 05743 0 0
20120303074 18:20:00 99122 1 1
20120303075 18:30:00 38671 0 0
20120303076 18:40:00 76454 0 1
20120303077 18:50:00 74667 0 1
20120303078 19:00:00 12230 1 0
20120303079 19:10:00 57082 0 0
20120303080 19:20:00 33748 1 0
20120303081 19:30:00 87030 0 1
20120303082 19:40:00 56679 1 0
20120303083 19:50:00 76309 0 0
20120303084 20:00:00 43475 1 0
20120303085 20:10:00 73562 0 0
20120303086 20:20:00 59162 0 0
20120303087 20:30:00 36373 1 1
20120303088 20:40:00 46072 0 0
20120303089 20:50:00 17371 0 0
20120303090 21:00:00 26877 0 1
20120303091 21:10:00 91951 1 0
20120303092 21:20:00 89818 1 1
20120303093 21:30:00 81488 0 1
20120303094 21:40:00 86326 0 0
20120303095 21:50:00 72125 0 0
20120303096 22:00:00 60772 0 1
20120303097 22:05:00 61998 0 1
20120303098 22:10:00 48041 0 0
20120303099 22:15:00 37328 1 0
20120303100 22:20:00 12838 0 1
20120303101 22:25:00 44285 1 0
20120303102 22:30:00 22345 1 0
20120303103 22:35:00 91537 0 0
20120303104 22:40:00 88004 1 1
20120303105 22:45:00 28175 0 0
20120303106 22:50:00 72124 0 0
20120303107 22:55:00 67310 0 0
20120303108 23:00:00 28347 0 0
20120303109 23:05:00 55882 1 1
20120303110 23:10:00 43699 0 1
20120303111 23:15:00 06601 1 0
20120303112 23:20:00 16240 0 0
20120303113 23:25:00 40998 0 1
20120303114 23:30:00 52866 0 1
20120303115 23:35:00 51048 0 0
20120303116 23:40:00 49770 0 1
20120303117 23:45:00 69462 0 0
20120303118 23:50:00 65516 1 0
20120303119 23:55:00 40540 0 0
20120303120 00:00:00 01809 0 0
