20120620001 00:05:00 43939 0 1
20120620002 00:10:00 07951 0 0
20120620003 00:15:00 39404 0 1
20120620004 00:20:00 23839 0 0
20120620005 00:25:00 91518 0 0
20120620006 00:30:00 78065 0 0
20120620007 00:35:00 79744 1 1
20120620008 00:40:00 44740 1 0
20120620009 00:45:00 63680 1 0
20120620010 00:50:00 65979 0 1
20120620011 00:55:00 13399 1 1
20120620012 01:00:00 72221 1 1
20120620013 01:05:00 96862 0 0
20120620014 01:10:00 92982 1 0
20120620015 01:15:00 01162 1 0
20120620016 01:20:00 27972 0 0
20120620017 01:25:00 08467 0 0
20120620018 01:30:00 89419 0 0
20120620019 01:35:00 82849 1 0
20120620020 01:40:00 95275 0 0
20120620021 01:45:00 61898 0 1
20120620022 01:50:00 60922 0 1
20120620023 01:55:00 32107 0 0
20120620024 10:00:00 69251 0 0
20120620025 10:10:00 71756 1 0
20120620026 10:20:00 21111 1 1
20120620027 10:30:00 74767 1 1
20120620028 10:40:00 02312 0 0
20120620029 10:50:00 78304 0 0
20120620030 11:00:00 09916 1 0
20120620031 11:10:00 92105 0 0
20120620032 11:20:00 36830 0 0
20120620033 11:30:00 54961 0 0
20120620034 11:40:00 94556 0 1
20120620035 11:50:00 41505 0 1
20120620036 12:00:00 40528 0 0
20120620037 12:10:00 07949 0 1
20120620038 12:20:00 43093 0 0
20120620039 12:30:00 75246 0 0
20120620040 12:40:00 42222 1 1
20120620041 12:50:00 43459 1 0
20120620042 13:00:00 39223 0 1
20120620043 13:10:00 99448 1 1
20120620044 13:20:00 20161 0 1
20120620045 13:30:00 69178 0 0
20120620046 13:40:00 57863 0 0
20120620047 13:50:00 15311 0 1
20120620048 14:00:00 04718 0 0
20120620049 14:10:00 68219 0 0
20120620050 14:20:00 75135 0 0
20120620051 14:30:00 48429 1 0
20120620052 14:40:00 79684 0 0
20120620053 14:50:00 64946 0 0
20120620054 15:00:00 64103 0 0
20120620055 15:10:00 75956 0 0
20120620056 15:20:00 22016 1 0
20120620057 15:30:00 58323 0 1
20120620058 15:40:00 03669 0 1
20120620059 15:50:00 86984 0 0
20120620060 16:00:00 76124 0 0
20120620061 16:10:00 30803 0 0
20120620062 16:20:00 32458 0 0
20120620063 16:30:00 77529 1 0
20120620064 16:40:00 42931 0 0
20120620065 16:50:00 97551 0 1
20120620066 17:00:00 98037 0 0
20120620067 17:10:00 36089 0 0
20120620068 17:20:00 29690 0 0
20120620069 17:30:00 58909 0 1
20120620070 17:40:00 61501 0 0
20120620071 17:50:00 02432 0 0
20120620072 18:00:00 21762 0 0
20120620073 18:10:00 53869 0 0
20120620074 18:20:00 52071 0 0
20120620075 18:30:00 66274 1 0
20120620076 18:40:00 60675 1 0
20120620077 18:50:00 08838 1 1
20120620078 19:00:00 26386 0 0
20120620079 19:10:00 83917 0 0
20120620080 19:20:00 26055 0 1
20120620081 19:30:00 23245 1 0
20120620082 19:40:00 90110 0 1
20120620083 19:50:00 44081 1 0
20120620084 20:00:00 13376 1 0
20120620085 20:10:00 13769 0 0
20120620086 20:20:00 09095 1 0
20120620087 20:30:00 71422 0 1
20120620088 20:40:00 50711 0 1
20120620089 20:50:00 75327 0 0
20120620090 21:00:00 94796 0 0
20120620091 21:10:00 04779 0 1
20120620092 21:20:00 26923 0 0
20120620093 21:30:00 21202 1 1
20120620094 21:40:00 66211 1 1
20120620095 21:50:00 11125 1 0
20120620096 22:00:00 15570 1 0
20120620097 22:05:00 48839 1 0
20120620098 22:10:00 46174 0 0
20120620099 22:15:00 89962 1 0
20120620100 22:20:00 45853 0 0
20120620101 22:25:00 01259 0 0
20120620102 22:30:00 21332 0 1
20120620103 22:35:00 86988 0 1
20120620104 22:40:00 63557 0 1
20120620105 22:45:00 09608 0 0
20120620106 22:50:00 33146 1 0
20120620107 22:55:00 71337 0 1
20120620108 23:00:00 97457 0 0
20120620109 23:05:00 79071 0 0
20120620110 23:10:00 06115 0 1
20120620111 23:15:00 14955 0 1
20120620112 23:20:00 99561 1 0
20120620113 23:25:00 51167 1 0
20120620114 23:30:00 22613 1 0
20120620115 23:35:00 58820 1 0
20120620116 23:40:00 31979 0 1
20120620117 23:45:00 71327 0 0
20120620118 23:50:00 92499 0 1
20120620119 23:55:00 80611 0 1
20120620120 00:00:00 52086 0 0
