20120412001 00:05:00 70128 0 0
20120412002 00:10:00 56781 0 0
20120412003 00:15:00 44189 1 0
20120412004 00:20:00 03762 0 0
20120412005 00:25:00 78717 1 1
20120412006 00:30:00 12079 0 0
20120412007 00:35:00 76444 0 1
20120412008 00:40:00 61483 0 0
20120412009 00:45:00 55062 1 0
20120412010 00:50:00 87596 0 0
20120412011 00:55:00 85757 0 1
20120412012 01:00:00 00173 1 0
20120412013 01:05:00 91601 0 0
20120412014 01:10:00 27681 0 0
20120412015 01:15:00 65401 0 0
20120412016 01:20:00 42068 0 0
20120412017 01:25:00 34253 0 0
20120412018 01:30:00 29500 0 1
20120412019 01:35:00 89327 0 0
20120412020 01:40:00 02607 0 0
20120412021 01:45:00 54872 0 0
20120412022 01:50:00 19915 1 0
20120412023 01:55:00 21395 0 0
20120412024 10:00:00 59312 0 0
20120412025 10:10:00 70815 0 0
20120412026 10:20:00 42197 0 0
20120412027 10:30:00 52961 0 0
20120412028 10:40:00 88357 1 0
20120412029 10:50:00 19617 0 0
20120412030 11:00:00 88981 1 0
20120412031 11:10:00 51519 1 0
20120412032 11:20:00 34988 0 1
20120412033 11:30:00 75229 0 1
20120412034 11:40:00 07802 0 0
20120412035 11:50:00 04828 0 1
20120412036 12:00:00 21923 0 0
20120412037 12:10:00 25915 0 0
20120412038 12:20:00 65428 0 0
20120412039 12:30:00 90907 1 0
20120412040 12:40:00 08546 0 0
20120412041 12:50:00 70093 1 0
20120412042 13:00:00 43956 0 0
20120412043 13:10:00 38071 0 0
20120412044 13:20:00 27078 0 0
20120412045 13:30:00 35838 0 1
20120412046 13:40:00 20716 0 0
20120412047 13:50:00 94647 0 0
20120412048 14:00:00 14269 0 0
20120412049 14:10:00 51184 1 0
20120412050 14:20:00 80700 0 1
20120412051 14:30:00 98155 0 1
20120412052 14:40:00 62254 1 0
20120412053 14:50:00 19026 0 0
20120412054 15:00:00 72760 1 0
20120412055 15:10:00 40469 1 0
20120412056 15:20:00 13648 0 0
20120412057 15:30:00 79485 0 0
20120412058 15:40:00 76220 0 1
20120412059 15:50:00 64231 0 0
20120412060 16:00:00 25922 0 1
20120412061 16:10:00 76403 0 0
20120412062 16:20:00 35979 0 1
20120412063 16:30:00 11622 1 1
20120412064 16:40:00 03207 0 0
20120412065 16:50:00 86538 0 0
20120412066 17:00:00 90992 1 1
20120412067 17:10:00 58209 0 0
20120412068 17:20:00 04265 0 0
20120412069 17:30:00 92566 0 1
20120412070 17:40:00 07285 0 0
20120412071 17:50:00 92725 0 0
20120412072 18:00:00 50877 0 1
20120412073 18:10:00 74643 0 0
20120412074 18:20:00 31322 1 1
20120412075 18:30:00 58813 1 0
20120412076 18:40:00 05270 0 0
20120412077 18:50:00 06201 0 0
20120412078 19:00:00 69913 1 0
20120412079 19:10:00 17796 1 0
20120412080 19:20:00 39553 0 1
20120412081 19:30:00 18999 0 1
20120412082 19:40:00 81924 0 0
20120412083 19:50:00 77571 1 0
20120412084 20:00:00 66937 1 0
20120412085 20:10:00 23416 0 0
20120412086 20:20:00 40162 0 0
20120412087 20:30:00 24153 0 0
20120412088 20:40:00 18732 0 0
20120412089 20:50:00 78600 0 1
20120412090 21:00:00 90502 0 0
20120412091 21:10:00 73686 0 1
20120412092 21:20:00 72418 0 0
20120412093 21:30:00 52989 0 1
20120412094 21:40:00 46585 0 1
20120412095 21:50:00 20361 0 0
20120412096 22:00:00 43456 1 0
20120412097 22:05:00 06835 0 0
20120412098 22:10:00 62860 0 0
20120412099 22:15:00 14885 0 1
20120412100 22:20:00 19653 0 0
20120412101 22:25:00 40109 0 0
20120412102 22:30:00 37187 0 0
20120412103 22:35:00 32602 0 0
20120412104 22:40:00 16277 0 1
20120412105 22:45:00 44779 1 1
20120412106 22:50:00 35258 0 0
20120412107 22:55:00 49950 1 0
20120412108 23:00:00 68275 0 0
20120412109 23:05:00 71327 0 0
20120412110 23:10:00 09096 1 0
20120412111 23:15:00 74342 0 0
20120412112 23:20:00 50889 0 1
20120412113 23:25:00 96311 0 1
20120412114 23:30:00 48983 0 0
20120412115 23:35:00 21955 0 1
20120412116 23:40:00 84450 1 0
20120412117 23:45:00 18124 1 0
20120412118 23:50:00 14274 0 0
20120412119 23:55:00 69529 0 0
20120412120 00:00:00 46980 0 0
