20120831001 00:05:00 58915 0 0
20120831002 00:10:00 05104 0 0
20120831003 00:15:00 80531 0 0
20120831004 00:20:00 01348 0 0
20120831005 00:25:00 26218 1 0
20120831006 00:30:00 09274 0 0
20120831007 00:35:00 02490 0 0
20120831008 00:40:00 97021 0 0
20120831009 00:45:00 40254 0 0
20120831010 00:50:00 18735 0 0
20120831011 00:55:00 72106 0 0
20120831012 01:00:00 67695 1 0
20120831013 01:05:00 06523 0 0
20120831014 01:10:00 35268 0 0
20120831015 01:15:00 36565 0 1
20120831016 01:20:00 82050 0 1
20120831017 01:25:00 38766 0 1
20120831018 01:30:00 53953 0 0
20120831019 01:35:00 02988 0 1
20120831020 01:40:00 63015 0 0
20120831021 01:45:00 95401 0 0
20120831022 01:50:00 18163 1 0
20120831023 01:55:00 29184 0 0
20120831024 10:00:00 27120 0 0
20120831025 10:10:00 93871 0 0
20120831026 10:20:00 36907 0 0
20120831027 10:30:00 51317 0 0
20120831028 10:40:00 07686 0 1
20120831029 10:50:00 76871 0 0
20120831030 11:00:00 03023 1 0
20120831031 11:10:00 40898 0 1
20120831032 11:20:00 19440 0 1
20120831033 11:30:00 89273 0 0
20120831034 11:40:00 36754 0 0
20120831035 11:50:00 71394 0 0
20120831036 12:00:00 79561 0 0
20120831037 12:10:00 26766 0 1
20120831038 12:20:00 61069 0 0
20120831039 12:30:00 80204 0 0
20120831040 12:40:00 74748 1 0
20120831041 12:50:00 69294 0 0
20120831042 13:00:00 06675 1 0
20120831043 13:10:00 01078 1 0
20120831044 13:20:00 01905 0 0
20120831045 13:30:00 19227 0 1
20120831046 13:40:00 64081 0 0
20120831047 13:50:00 27495 0 0
20120831048 14:00:00 19863 0 0
20120831049 14:10:00 84640 0 0
20120831050 14:20:00 66746 1 0
20120831051 14:30:00 48960 0 0
20120831052 14:40:00 95231 0 0
20120831053 14:50:00 00941 1 0
20120831054 15:00:00 95869 0 0
20120831055 15:10:00 44953 1 0
20120831056 15:20:00 74767 1 1
20120831057 15:30:00 42618 0 0
20120831058 15:40:00 91576 0 0
20120831059 15:50:00 17941 0 0
20120831060 16:00:00 70462 0 0
20120831061 16:10:00 95969 1 1
20120831062 16:20:00 77131 1 1
20120831063 16:30:00 67122 0 1
20120831064 16:40:00 39550 0 1
20120831065 16:50:00 07992 0 1
20120831066 17:00:00 23757 0 1
20120831067 17:10:00 34759 0 0
20120831068 17:20:00 18862 1 0
20120831069 17:30:00 46395 0 0
20120831070 17:40:00 52955 0 1
20120831071 17:50:00 45997 0 1
20120831072 18:00:00 26535 0 1
20120831073 18:10:00 22926 1 0
20120831074 18:20:00 72944 0 1
20120831075 18:30:00 10839 0 0
20120831076 18:40:00 59169 0 0
20120831077 18:50:00 95611 0 1
20120831078 19:00:00 64629 1 0
20120831079 19:10:00 74963 0 0
20120831080 19:20:00 41030 0 1
20120831081 19:30:00 47032 0 0
20120831082 19:40:00 99760 1 0
20120831083 19:50:00 69775 0 1
20120831084 20:00:00 56927 0 0
20120831085 20:10:00 38917 0 0
20120831086 20:20:00 24576 0 0
20120831087 20:30:00 36868 0 1
20120831088 20:40:00 34472 1 0
20120831089 20:50:00 96917 1 0
20120831090 21:00:00 31163 1 0
20120831091 21:10:00 26217 1 0
20120831092 21:20:00 31164 1 0
20120831093 21:30:00 37359 1 0
20120831094 21:40:00 36776 0 1
20120831095 21:50:00 92669 0 1
20120831096 22:00:00 52746 0 0
20120831097 22:05:00 67702 1 0
20120831098 22:10:00 40744 0 1
20120831099 22:15:00 97800 0 1
20120831100 22:20:00 96443 0 1
20120831101 22:25:00 90076 1 0
20120831102 22:30:00 79775 1 1
20120831103 22:35:00 97172 0 0
20120831104 22:40:00 01095 1 0
20120831105 22:45:00 30008 1 1
20120831106 22:50:00 91764 0 0
20120831107 22:55:00 59464 0 1
20120831108 23:00:00 81703 0 0
20120831109 23:05:00 70197 0 0
20120831110 23:10:00 14420 1 0
20120831111 23:15:00 05051 1 0
20120831112 23:20:00 87296 0 0
20120831113 23:25:00 79768 1 0
20120831114 23:30:00 62167 0 0
20120831115 23:35:00 42398 0 0
20120831116 23:40:00 64334 0 1
20120831117 23:45:00 52201 1 0
20120831118 23:50:00 09526 0 0
20120831119 23:55:00 13297 0 0
20120831120 00:00:00 85179 0 0
