20121115001 00:05:00 21165 1 0
20121115002 00:10:00 44944 1 1
20121115003 00:15:00 54754 0 0
20121115004 00:20:00 84079 0 0
20121115005 00:25:00 64624 1 0
20121115006 00:30:00 33564 1 0
20121115007 00:35:00 17286 0 0
20121115008 00:40:00 36468 0 0
20121115009 00:45:00 32694 0 0
20121115010 00:50:00 29528 0 0
20121115011 00:55:00 11942 1 0
20121115012 01:00:00 02269 1 0
20121115013 01:05:00 34085 0 0
20121115014 01:10:00 44159 1 0
20121115015 01:15:00 85493 0 0
20121115016 01:20:00 65898 0 1
20121115017 01:25:00 08624 0 0
20121115018 01:30:00 31554 0 1
20121115019 01:35:00 99124 1 0
20121115020 01:40:00 90134 0 0
20121115021 01:45:00 59311 0 1
20121115022 01:50:00 17290 0 0
20121115023 01:55:00 38145 0 0
20121115024 10:00:00 60262 0 1
20121115025 10:10:00 35338 1 1
20121115026 10:20:00 73031 0 0
20121115027 10:30:00 83067 0 0
20121115028 10:40:00 91768 0 0
20121115029 10:50:00 73913 0 0
20121115030 11:00:00 05542 1 0
20121115031 11:10:00 36453 0 0
20121115032 11:20:00 31765 0 0
20121115033 11:30:00 23270 1 0
20121115034 11:40:00 44777 1 1
20121115035 11:50:00 51078 0 0
20121115036 12:00:00 05598 1 0
20121115037 12:10:00 24284 1 0
20121115038 12:20:00 68756 0 0
20121115039 12:30:00 66935 1 0
20121115040 12:40:00 11931 1 0
20121115041 12:50:00 74481 1 0
20121115042 13:00:00 84928 0 0
20121115043 13:10:00 23962 0 0
20121115044 13:20:00 52605 0 0
20121115045 13:30:00 50133 0 1
20121115046 13:40:00 97470 0 0
20121115047 13:50:00 28195 0 0
20121115048 14:00:00 57992 0 1
20121115049 14:10:00 21552 0 1
20121115050 14:20:00 04709 0 0
20121115051 14:30:00 69657 1 0
20121115052 14:40:00 14139 1 0
20121115053 14:50:00 42726 0 0
20121115054 15:00:00 72711 1 1
20121115055 15:10:00 47883 0 1
20121115056 15:20:00 60432 0 0
20121115057 15:30:00 32303 1 1
20121115058 15:40:00 14306 0 0
20121115059 15:50:00 94244 0 1
20121115060 16:00:00 06716 0 0
20121115061 16:10:00 92856 0 0
20121115062 16:20:00 90007 1 1
20121115063 16:30:00 81310 0 0
20121115064 16:40:00 52851 0 0
20121115065 16:50:00 26318 0 0
20121115066 17:00:00 10246 0 0
20121115067 17:10:00 01894 0 0
20121115068 17:20:00 55504 1 0
20121115069 17:30:00 51086 0 0
20121115070 17:40:00 58345 0 0
20121115071 17:50:00 97823 0 0
20121115072 18:00:00 08459 0 0
20121115073 18:10:00 65222 0 1
20121115074 18:20:00 91270 0 0
20121115075 18:30:00 28531 0 0
20121115076 18:40:00 36378 1 0
20121115077 18:50:00 84820 1 0
20121115078 19:00:00 63948 0 0
20121115079 19:10:00 71066 0 1
20121115080 19:20:00 68325 0 0
20121115081 19:30:00 57416 0 0
20121115082 19:40:00 83739 0 0
20121115083 19:50:00 27125 0 0
20121115084 20:00:00 51132 1 0
20121115085 20:10:00 15087 0 0
20121115086 20:20:00 99455 1 1
20121115087 20:30:00 00456 1 0
20121115088 20:40:00 01310 0 0
20121115089 20:50:00 33020 1 1
20121115090 21:00:00 46959 0 1
20121115091 21:10:00 02962 0 0
20121115092 21:20:00 12516 0 0
20121115093 21:30:00 87176 0 0
20121115094 21:40:00 45254 0 0
20121115095 21:50:00 59030 0 1
20121115096 22:00:00 68001 0 1
20121115097 22:05:00 54404 1 1
20121115098 22:10:00 66004 1 1
20121115099 22:15:00 82769 0 0
20121115100 22:20:00 13183 1 0
20121115101 22:25:00 27780 1 0
20121115102 22:30:00 11624 1 0
20121115103 22:35:00 46125 0 0
20121115104 22:40:00 17104 1 0
20121115105 22:45:00 15963 0 0
20121115106 22:50:00 35697 0 0
20121115107 22:55:00 56375 0 0
20121115108 23:00:00 26482 0 0
20121115109 23:05:00 88824 1 0
20121115110 23:10:00 17180 1 0
20121115111 23:15:00 52617 0 0
20121115112 23:20:00 75354 0 0
20121115113 23:25:00 26361 0 0
20121115114 23:30:00 19397 0 0
20121115115 23:35:00 23462 0 0
20121115116 23:40:00 67799 1 1
20121115117 23:45:00 34287 0 0
20121115118 23:50:00 97387 0 0
20121115119 23:55:00 72475 0 0
20121115120 00:00:00 08696 0 1
