20120619001 00:05:00 74412 1 0
20120619002 00:10:00 23823 0 0
20120619003 00:15:00 12151 1 1
20120619004 00:20:00 64197 0 0
20120619005 00:25:00 11936 1 0
20120619006 00:30:00 73678 0 0
20120619007 00:35:00 52104 0 0
20120619008 00:40:00 25740 0 0
20120619009 00:45:00 54126 0 0
20120619010 00:50:00 89897 1 0
20120619011 00:55:00 67067 0 0
20120619012 01:00:00 06107 0 0
20120619013 01:05:00 25952 0 0
20120619014 01:10:00 12938 0 0
20120619015 01:15:00 92496 0 0
20120619016 01:20:00 59741 0 0
20120619017 01:25:00 97445 0 1
20120619018 01:30:00 35302 1 0
20120619019 01:35:00 86271 0 0
20120619020 01:40:00 55856 1 0
20120619021 01:45:00 95621 0 0
20120619022 01:50:00 87147 0 0
20120619023 01:55:00 78424 0 1
20120619024 10:00:00 23101 0 1
20120619025 10:10:00 29849 0 0
20120619026 10:20:00 51722 0 1
20120619027 10:30:00 63377 1 1
20120619028 10:40:00 63609 1 0
20120619029 10:50:00 57968 0 0
20120619030 11:00:00 10155 1 1
20120619031 11:10:00 86080 0 1
20120619032 11:20:00 50546 1 0
20120619033 11:30:00 56431 0 0
20120619034 11:40:00 85581 1 0
20120619035 11:50:00 51354 0 0
20120619036 12:00:00 49448 1 1
20120619037 12:10:00 50203 0 0
20120619038 12:20:00 31318 1 0
20120619039 12:30:00 72936 0 0
20120619040 12:40:00 88953 1 0
20120619041 12:50:00 12524 0 0
20120619042 13:00:00 11195 1 0
20120619043 13:10:00 95694 0 0
20120619044 13:20:00 81977 0 1
20120619045 13:30:00 42735 0 0
20120619046 13:40:00 16615 1 0
20120619047 13:50:00 46456 1 0
20120619048 14:00:00 95645 0 0
20120619049 14:10:00 32025 0 0
20120619050 14:20:00 04090 1 1
20120619051 14:30:00 00234 1 0
20120619052 14:40:00 61017 0 0
20120619053 14:50:00 34280 0 0
20120619054 15:00:00 01032 1 0
20120619055 15:10:00 68214 0 0
20120619056 15:20:00 82892 1 0
20120619057 15:30:00 54401 1 0
20120619058 15:40:00 89011 0 1
20120619059 15:50:00 78726 1 0
20120619060 16:00:00 71127 1 0
20120619061 16:10:00 39579 0 0
20120619062 16:20:00 25478 0 0
20120619063 16:30:00 37710 1 0
20120619064 16:40:00 15535 1 1
20120619065 16:50:00 85439 0 0
20120619066 17:00:00 12330 0 1
20120619067 17:10:00 01038 1 0
20120619068 17:20:00 13535 0 1
20120619069 17:30:00 27552 0 1
20120619070 17:40:00 59243 0 0
20120619071 17:50:00 09380 0 0
20120619072 18:00:00 48483 1 0
20120619073 18:10:00 32494 0 1
20120619074 18:20:00 89849 1 0
20120619075 18:30:00 91313 0 1
20120619076 18:40:00 12560 0 0
20120619077 18:50:00 81833 1 1
20120619078 19:00:00 82379 0 0
20120619079 19:10:00 77575 1 1
20120619080 19:20:00 91595 0 1
20120619081 19:30:00 44001 1 1
20120619082 19:40:00 28235 1 0
20120619083 19:50:00 76969 0 1
20120619084 20:00:00 36505 0 1
20120619085 20:10:00 58629 0 0
20120619086 20:20:00 59448 0 1
20120619087 20:30:00 35954 0 0
20120619088 20:40:00 05332 0 1
20120619089 20:50:00 64394 0 0
20120619090 21:00:00 05307 0 0
20120619091 21:10:00 87558 0 1
20120619092 21:20:00 89262 0 1
20120619093 21:30:00 36002 0 1
20120619094 21:40:00 21067 0 0
20120619095 21:50:00 99759 1 0
20120619096 22:00:00 74315 0 0
20120619097 22:05:00 65922 0 1
20120619098 22:10:00 46752 0 0
20120619099 22:15:00 69062 0 0
20120619100 22:20:00 11633 1 1
20120619101 22:25:00 80777 0 1
20120619102 22:30:00 39793 0 0
20120619103 22:35:00 58298 0 0
20120619104 22:40:00 68621 1 0
20120619105 22:45:00 23820 0 0
20120619106 22:50:00 02957 0 0
20120619107 22:55:00 62986 0 0
20120619108 23:00:00 29157 0 0
20120619109 23:05:00 46228 0 1
20120619110 23:10:00 69222 0 1
20120619111 23:15:00 14156 1 0
20120619112 23:20:00 12187 1 0
20120619113 23:25:00 68276 0 0
20120619114 23:30:00 30093 1 0
20120619115 23:35:00 07091 1 0
20120619116 23:40:00 85672 0 0
20120619117 23:45:00 52377 0 1
20120619118 23:50:00 73370 1 0
20120619119 23:55:00 85558 1 1
20120619120 00:00:00 07245 0 0
