20121110001 00:05:00 99880 1 1
20121110002 00:10:00 40446 1 1
20121110003 00:15:00 43209 0 0
20121110004 00:20:00 31103 1 0
20121110005 00:25:00 90090 1 1
20121110006 00:30:00 66254 1 0
20121110007 00:35:00 78625 0 0
20121110008 00:40:00 46496 1 0
20121110009 00:45:00 88013 1 0
20121110010 00:50:00 63419 0 0
20121110011 00:55:00 25087 0 0
20121110012 01:00:00 84298 0 0
20121110013 01:05:00 21219 1 0
20121110014 01:10:00 99202 1 1
20121110015 01:15:00 00940 1 0
20121110016 01:20:00 45339 0 1
20121110017 01:25:00 86201 0 0
20121110018 01:30:00 20265 1 0
20121110019 01:35:00 25895 0 0
20121110020 01:40:00 12492 0 0
20121110021 01:45:00 37595 0 1
20121110022 01:50:00 37735 1 0
20121110023 01:55:00 57306 0 0
20121110024 10:00:00 97367 0 0
20121110025 10:10:00 46751 0 0
20121110026 10:20:00 01960 0 0
20121110027 10:30:00 83641 0 0
20121110028 10:40:00 73661 0 1
20121110029 10:50:00 09975 1 0
20121110030 11:00:00 50098 1 0
20121110031 11:10:00 79765 1 0
20121110032 11:20:00 80696 0 1
20121110033 11:30:00 25573 1 0
20121110034 11:40:00 38217 0 0
20121110035 11:50:00 45315 0 0
20121110036 12:00:00 97229 0 1
20121110037 12:10:00 45260 0 0
20121110038 12:20:00 21078 0 0
20121110039 12:30:00 66435 1 0
20121110040 12:40:00 83252 0 1
20121110041 12:50:00 72431 0 0
20121110042 13:00:00 01679 0 0
20121110043 13:10:00 37969 0 1
20121110044 13:20:00 12735 0 0
20121110045 13:30:00 13564 0 0
20121110046 13:40:00 79033 0 1
20121110047 13:50:00 76487 0 0
20121110048 14:00:00 34237 0 0
20121110049 14:10:00 28509 0 0
20121110050 14:20:00 94142 0 0
20121110051 14:30:00 22567 1 0
20121110052 14:40:00 08093 1 0
20121110053 14:50:00 17204 0 0
20121110054 15:00:00 40288 0 1
20121110055 15:10:00 54514 1 0
20121110056 15:20:00 99976 1 0
20121110057 15:30:00 01117 1 1
20121110058 15:40:00 05435 0 0
20121110059 15:50:00 32181 0 1
20121110060 16:00:00 73446 0 1
20121110061 16:10:00 72824 0 0
20121110062 16:20:00 37619 0 0
20121110063 16:30:00 21955 0 1
20121110064 16:40:00 95063 0 0
20121110065 16:50:00 47545 0 1
20121110066 17:00:00 75774 1 1
20121110067 17:10:00 68834 1 0
20121110068 17:20:00 38930 0 0
20121110069 17:30:00 71552 0 1
20121110070 17:40:00 07715 1 0
20121110071 17:50:00 51961 0 0
20121110072 18:00:00 72599 0 1
20121110073 18:10:00 27053 0 0
20121110074 18:20:00 64424 1 1
20121110075 18:30:00 47636 0 1
20121110076 18:40:00 87340 0 0
20121110077 18:50:00 32408 0 0
20121110078 19:00:00 15274 0 0
20121110079 19:10:00 07942 0 0
20121110080 19:20:00 99521 1 0
20121110081 19:30:00 54164 0 0
20121110082 19:40:00 08345 0 0
20121110083 19:50:00 83358 1 0
20121110084 20:00:00 59327 0 0
20121110085 20:10:00 42194 0 0
20121110086 20:20:00 25933 0 1
20121110087 20:30:00 14441 1 1
20121110088 20:40:00 60285 0 0
20121110089 20:50:00 28123 0 0
20121110090 21:00:00 14515 0 1
20121110091 21:10:00 27652 0 0
20121110092 21:20:00 77113 1 1
20121110093 21:30:00 95877 0 1
20121110094 21:40:00 69147 0 0
20121110095 21:50:00 76644 1 1
20121110096 22:00:00 00179 1 0
20121110097 22:05:00 95109 0 0
20121110098 22:10:00 17767 1 1
20121110099 22:15:00 86374 0 0
20121110100 22:20:00 63169 0 0
20121110101 22:25:00 96398 0 0
20121110102 22:30:00 12297 1 0
20121110103 22:35:00 33897 1 0
20121110104 22:40:00 55200 1 1
20121110105 22:45:00 13988 0 1
20121110106 22:50:00 31426 0 0
20121110107 22:55:00 31302 1 0
20121110108 23:00:00 65515 1 1
20121110109 23:05:00 52194 0 0
20121110110 23:10:00 96952 1 0
20121110111 23:15:00 80095 1 0
20121110112 23:20:00 47836 0 0
20121110113 23:25:00 00772 1 1
20121110114 23:30:00 15054 0 0
20121110115 23:35:00 91675 0 0
20121110116 23:40:00 95219 0 0
20121110117 23:45:00 16429 0 0
20121110118 23:50:00 40651 0 0
20121110119 23:55:00 86981 0 0
20121110120 00:00:00 17537 0 0
