20121017001 00:05:00 53317 1 0
20121017002 00:10:00 88666 1 1
20121017003 00:15:00 79454 0 1
20121017004 00:20:00 73915 0 0
20121017005 00:25:00 17035 0 0
20121017006 00:30:00 61909 0 1
20121017007 00:35:00 00912 1 0
20121017008 00:40:00 38612 0 0
20121017009 00:45:00 24807 0 0
20121017010 00:50:00 21506 0 0
20121017011 00:55:00 22582 1 0
20121017012 01:00:00 22222 1 1
20121017013 01:05:00 50230 0 0
20121017014 01:10:00 37063 0 0
20121017015 01:15:00 49144 0 1
20121017016 01:20:00 25498 0 0
20121017017 01:25:00 83093 0 0
20121017018 01:30:00 33024 1 0
20121017019 01:35:00 28206 1 0
20121017020 01:40:00 22202 1 1
20121017021 01:45:00 22744 1 1
20121017022 01:50:00 30553 0 1
20121017023 01:55:00 97938 1 0
20121017024 10:00:00 37375 1 0
20121017025 10:10:00 04134 0 0
20121017026 10:20:00 45091 0 0
20121017027 10:30:00 24482 1 0
20121017028 10:40:00 01830 0 0
20121017029 10:50:00 57152 0 0
20121017030 11:00:00 26416 0 0
20121017031 11:10:00 60000 1 1
20121017032 11:20:00 94914 1 0
20121017033 11:30:00 59140 0 0
20121017034 11:40:00 17365 0 0
20121017035 11:50:00 96681 1 0
20121017036 12:00:00 77997 1 1
20121017037 12:10:00 31832 0 0
20121017038 12:20:00 71196 1 0
20121017039 12:30:00 47230 0 0
20121017040 12:40:00 91917 1 0
20121017041 12:50:00 45668 0 1
20121017042 13:00:00 37742 1 0
20121017043 13:10:00 33078 1 0
20121017044 13:20:00 76515 0 1
20121017045 13:30:00 48769 0 0
20121017046 13:40:00 03408 0 0
20121017047 13:50:00 04728 0 0
20121017048 14:00:00 99983 1 0
20121017049 14:10:00 30623 0 0
20121017050 14:20:00 31308 1 0
20121017051 14:30:00 23846 0 0
20121017052 14:40:00 19175 1 0
20121017053 14:50:00 95785 0 0
20121017054 15:00:00 87873 1 0
20121017055 15:10:00 27030 0 1
20121017056 15:20:00 40408 1 0
20121017057 15:30:00 96060 0 1
20121017058 15:40:00 76580 0 0
20121017059 15:50:00 13157 1 0
20121017060 16:00:00 80650 0 0
20121017061 16:10:00 13134 1 0
20121017062 16:20:00 04945 0 0
20121017063 16:30:00 28525 0 1
20121017064 16:40:00 41187 1 0
20121017065 16:50:00 30439 0 0
20121017066 17:00:00 18223 0 1
20121017067 17:10:00 49577 0 1
20121017068 17:20:00 08362 0 0
20121017069 17:30:00 69703 0 0
20121017070 17:40:00 41159 1 0
20121017071 17:50:00 74844 0 1
20121017072 18:00:00 95823 0 0
20121017073 18:10:00 69668 1 1
20121017074 18:20:00 43186 0 0
20121017075 18:30:00 52883 0 1
20121017076 18:40:00 37099 0 1
20121017077 18:50:00 55932 1 0
20121017078 19:00:00 24199 0 1
20121017079 19:10:00 47724 1 0
20121017080 19:20:00 16973 0 0
20121017081 19:30:00 73361 1 0
20121017082 19:40:00 07344 0 1
20121017083 19:50:00 78271 0 0
20121017084 20:00:00 04586 0 0
20121017085 20:10:00 33699 1 1
20121017086 20:20:00 43397 1 0
20121017087 20:30:00 62393 0 1
20121017088 20:40:00 97653 0 0
20121017089 20:50:00 00645 1 0
20121017090 21:00:00 41869 0 0
20121017091 21:10:00 73759 1 0
20121017092 21:20:00 57050 0 1
20121017093 21:30:00 38201 0 0
20121017094 21:40:00 78277 0 1
20121017095 21:50:00 12149 1 0
20121017096 22:00:00 13969 0 1
20121017097 22:05:00 37906 0 0
20121017098 22:10:00 55456 1 0
20121017099 22:15:00 28849 1 0
20121017100 22:20:00 21692 0 0
20121017101 22:25:00 51428 0 0
20121017102 22:30:00 97933 1 1
20121017103 22:35:00 64500 0 1
20121017104 22:40:00 37300 1 1
20121017105 22:45:00 72805 0 0
20121017106 22:50:00 19495 0 0
20121017107 22:55:00 32600 0 1
20121017108 23:00:00 76864 0 0
20121017109 23:05:00 62933 0 1
20121017110 23:10:00 09006 1 1
20121017111 23:15:00 94560 0 0
20121017112 23:20:00 79202 0 1
20121017113 23:25:00 47204 0 0
20121017114 23:30:00 68187 0 0
20121017115 23:35:00 26123 0 0
20121017116 23:40:00 79975 1 0
20121017117 23:45:00 88628 1 0
20121017118 23:50:00 23130 0 0
20121017119 23:55:00 90628 0 0
20121017120 00:00:00 53003 0 1
