20120801001 00:05:00 28089 0 0
20120801002 00:10:00 78934 0 0
20120801003 00:15:00 44037 1 0
20120801004 00:20:00 81032 0 0
20120801005 00:25:00 73434 0 1
20120801006 00:30:00 61755 0 1
20120801007 00:35:00 73413 0 0
20120801008 00:40:00 07152 0 0
20120801009 00:45:00 27900 0 1
20120801010 00:50:00 05952 0 0
20120801011 00:55:00 89000 0 1
20120801012 01:00:00 23300 1 1
20120801013 01:05:00 74092 0 0
20120801014 01:10:00 72207 1 0
20120801015 01:15:00 79004 0 1
20120801016 01:20:00 06066 1 1
20120801017 01:25:00 76454 0 1
20120801018 01:30:00 93058 0 0
20120801019 01:35:00 63796 0 0
20120801020 01:40:00 24821 0 0
20120801021 01:45:00 50085 1 0
20120801022 01:50:00 83389 1 0
20120801023 01:55:00 63431 0 0
20120801024 10:00:00 22628 1 0
20120801025 10:10:00 55368 1 0
20120801026 10:20:00 98520 0 0
20120801027 10:30:00 55270 1 0
20120801028 10:40:00 75417 0 0
20120801029 10:50:00 49768 0 0
20120801030 11:00:00 93299 0 1
20120801031 11:10:00 63089 0 0
20120801032 11:20:00 34172 0 0
20120801033 11:30:00 18221 0 1
20120801034 11:40:00 28100 0 1
20120801035 11:50:00 83474 0 1
20120801036 12:00:00 10969 0 1
20120801037 12:10:00 44536 1 0
20120801038 12:20:00 40880 0 1
20120801039 12:30:00 34701 0 0
20120801040 12:40:00 59257 0 0
20120801041 12:50:00 18359 0 0
20120801042 13:00:00 11665 1 1
20120801043 13:10:00 79277 0 1
20120801044 13:20:00 94460 1 0
20120801045 13:30:00 04398 0 0
20120801046 13:40:00 12352 0 0
20120801047 13:50:00 18846 1 0
20120801048 14:00:00 33502 1 0
20120801049 14:10:00 20308 0 0
20120801050 14:20:00 92082 0 0
20120801051 14:30:00 86428 0 0
20120801052 14:40:00 17025 0 0
20120801053 14:50:00 92806 0 0
20120801054 15:00:00 96624 1 0
20120801055 15:10:00 64834 0 0
20120801056 15:20:00 14810 0 0
20120801057 15:30:00 35747 0 1
20120801058 15:40:00 30752 0 0
20120801059 15:50:00 00133 1 1
20120801060 16:00:00 38106 0 0
20120801061 16:10:00 72648 0 0
20120801062 16:20:00 39848 0 1
20120801063 16:30:00 69200 0 1
20120801064 16:40:00 08178 0 0
20120801065 16:50:00 21180 1 0
20120801066 17:00:00 54004 0 1
20120801067 17:10:00 27546 0 0
20120801068 17:20:00 62878 0 1
20120801069 17:30:00 32305 1 0
20120801070 17:40:00 49843 0 0
20120801071 17:50:00 97718 1 0
20120801072 18:00:00 19744 0 1
20120801073 18:10:00 19067 0 0
20120801074 18:20:00 50991 0 1
20120801075 18:30:00 36958 0 0
20120801076 18:40:00 16932 0 0
20120801077 18:50:00 63384 1 0
20120801078 19:00:00 99551 1 1
20120801079 19:10:00 58024 0 0
20120801080 19:20:00 62051 0 0
20120801081 19:30:00 25594 1 0
20120801082 19:40:00 60720 0 0
20120801083 19:50:00 19719 0 0
20120801084 20:00:00 87295 0 0
20120801085 20:10:00 41833 0 1
20120801086 20:20:00 56592 1 0
20120801087 20:30:00 48102 0 0
20120801088 20:40:00 74386 0 0
20120801089 20:50:00 92291 1 0
20120801090 21:00:00 80561 0 0
20120801091 21:10:00 93835 0 0
20120801092 21:20:00 43351 1 0
20120801093 21:30:00 07981 0 0
20120801094 21:40:00 07822 0 1
20120801095 21:50:00 44784 1 0
20120801096 22:00:00 33574 1 0
20120801097 22:05:00 62175 0 0
20120801098 22:10:00 68597 0 0
20120801099 22:15:00 02703 0 0
20120801100 22:20:00 26256 1 0
20120801101 22:25:00 14386 0 0
20120801102 22:30:00 53807 0 0
20120801103 22:35:00 89784 0 0
20120801104 22:40:00 65004 0 1
20120801105 22:45:00 81072 0 0
20120801106 22:50:00 78885 1 1
20120801107 22:55:00 84772 0 1
20120801108 23:00:00 87498 0 0
20120801109 23:05:00 42426 1 0
20120801110 23:10:00 45619 0 0
20120801111 23:15:00 11458 1 0
20120801112 23:20:00 33944 1 1
20120801113 23:25:00 12370 0 0
20120801114 23:30:00 74513 0 0
20120801115 23:35:00 32800 0 1
20120801116 23:40:00 25851 0 0
20120801117 23:45:00 14816 0 0
20120801118 23:50:00 26717 0 1
20120801119 23:55:00 16617 1 0
20120801120 00:00:00 79414 0 1
