20120422001 00:05:00 23123 0 0
20120422002 00:10:00 57424 0 1
20120422003 00:15:00 66401 1 0
20120422004 00:20:00 97671 0 0
20120422005 00:25:00 58116 0 1
20120422006 00:30:00 30518 0 0
20120422007 00:35:00 65438 0 0
20120422008 00:40:00 74360 0 0
20120422009 00:45:00 06100 0 1
20120422010 00:50:00 97100 0 1
20120422011 00:55:00 63113 0 1
20120422012 01:00:00 14158 1 0
20120422013 01:05:00 54626 0 1
20120422014 01:10:00 50869 0 0
20120422015 01:15:00 85361 0 0
20120422016 01:20:00 24017 0 0
20120422017 01:25:00 59003 0 1
20120422018 01:30:00 46687 1 0
20120422019 01:35:00 43148 0 0
20120422020 01:40:00 05684 0 0
20120422021 01:45:00 51793 0 0
20120422022 01:50:00 58726 0 0
20120422023 01:55:00 46309 0 0
20120422024 10:00:00 94065 0 0
20120422025 10:10:00 92168 0 0
20120422026 10:20:00 90453 0 0
20120422027 10:30:00 37722 1 1
20120422028 10:40:00 34686 0 1
20120422029 10:50:00 40662 0 1
20120422030 11:00:00 98821 1 0
20120422031 11:10:00 17774 1 1
20120422032 11:20:00 49154 0 0
20120422033 11:30:00 92373 0 1
20120422034 11:40:00 37062 0 0
20120422035 11:50:00 41558 0 1
20120422036 12:00:00 07990 0 1
20120422037 12:10:00 50024 1 0
20120422038 12:20:00 11173 1 0
20120422039 12:30:00 57086 0 0
20120422040 12:40:00 03374 1 0
20120422041 12:50:00 97545 0 1
20120422042 13:00:00 81196 1 0
20120422043 13:10:00 34716 0 0
20120422044 13:20:00 30065 1 0
20120422045 13:30:00 86647 1 0
20120422046 13:40:00 03083 1 0
20120422047 13:50:00 30358 1 0
20120422048 14:00:00 92130 0 0
20120422049 14:10:00 21740 0 0
20120422050 14:20:00 75374 0 0
20120422051 14:30:00 21363 0 1
20120422052 14:40:00 78093 0 0
20120422053 14:50:00 20595 0 1
20120422054 15:00:00 85386 0 0
20120422055 15:10:00 03835 0 0
20120422056 15:20:00 58233 0 1
20120422057 15:30:00 94982 1 0
20120422058 15:40:00 78613 0 0
20120422059 15:50:00 22978 1 0
20120422060 16:00:00 66583 1 0
20120422061 16:10:00 12002 0 1
20120422062 16:20:00 72032 0 0
20120422063 16:30:00 58546 1 0
20120422064 16:40:00 74906 0 0
20120422065 16:50:00 79578 0 0
20120422066 17:00:00 23246 1 0
20120422067 17:10:00 37338 1 1
20120422068 17:20:00 45943 0 0
20120422069 17:30:00 52041 0 0
20120422070 17:40:00 96765 0 0
20120422071 17:50:00 84675 0 0
20120422072 18:00:00 66252 1 1
20120422073 18:10:00 09171 0 1
20120422074 18:20:00 09791 0 0
20120422075 18:30:00 84446 1 1
20120422076 18:40:00 52080 0 1
20120422077 18:50:00 58494 0 1
20120422078 19:00:00 59244 0 1
20120422079 19:10:00 56290 0 0
20120422080 19:20:00 28496 0 0
20120422081 19:30:00 49655 0 1
20120422082 19:40:00 76915 0 0
20120422083 19:50:00 70498 0 0
20120422084 20:00:00 08310 0 0
20120422085 20:10:00 47460 1 0
20120422086 20:20:00 67748 1 0
20120422087 20:30:00 01253 0 0
20120422088 20:40:00 05702 0 0
20120422089 20:50:00 38386 1 0
20120422090 21:00:00 01362 0 0
20120422091 21:10:00 22714 1 0
20120422092 21:20:00 91776 0 1
20120422093 21:30:00 56284 0 0
20120422094 21:40:00 80972 0 0
20120422095 21:50:00 58326 0 0
20120422096 22:00:00 26297 1 0
20120422097 22:05:00 14764 0 0
20120422098 22:10:00 47277 0 1
20120422099 22:15:00 53516 1 0
20120422100 22:20:00 21558 0 1
20120422101 22:25:00 55864 1 0
20120422102 22:30:00 99456 1 0
20120422103 22:35:00 14860 0 0
20120422104 22:40:00 51901 0 0
20120422105 22:45:00 38658 0 0
20120422106 22:50:00 66788 1 1
20120422107 22:55:00 84133 0 1
20120422108 23:00:00 00902 1 0
20120422109 23:05:00 09490 0 0
20120422110 23:10:00 44443 1 1
20120422111 23:15:00 41404 1 1
20120422112 23:20:00 10373 0 1
20120422113 23:25:00 79116 0 1
20120422114 23:30:00 68345 0 0
20120422115 23:35:00 89982 1 0
20120422116 23:40:00 82738 0 0
20120422117 23:45:00 57933 0 1
20120422118 23:50:00 63467 0 0
20120422119 23:55:00 98773 0 1
20120422120 00:00:00 63398 1 0
