20120312008 00:40:00 83993 0 1
20120312024 10:00:00 60168 0 0
20120312025 10:10:00 98708 0 0
20120312026 10:20:00 51521 1 0
20120312027 10:30:00 23902 0 0
20120312028 10:40:00 55908 1 0
20120312029 10:50:00 87710 1 0
20120312030 11:00:00 41691 0 0
20120312031 11:10:00 01003 1 1
20120312032 11:20:00 97967 1 0
20120312033 11:30:00 12123 1 0
20120312034 11:40:00 83711 0 1
20120312035 11:50:00 15595 1 1
20120312036 12:00:00 62802 0 0
20120312037 12:10:00 74791 1 0
20120312038 12:20:00 11226 1 1
20120312039 12:30:00 21367 0 0
20120312040 12:40:00 21733 0 1
20120312041 12:50:00 10773 0 1
20120312042 13:00:00 11816 1 0
20120312043 13:10:00 79317 0 0
20120312044 13:20:00 38184 0 0
20120312045 13:30:00 04220 0 1
20120312046 13:40:00 28195 0 0
20120312047 13:50:00 35477 0 1
20120312048 14:00:00 95991 1 1
20120312049 14:10:00 80252 0 1
20120312050 14:20:00 23492 0 0
20120312051 14:30:00 62490 0 0
20120312052 14:40:00 37629 0 0
20120312053 14:50:00 36356 1 0
20120312054 15:00:00 72732 1 0
20120312055 15:10:00 42882 0 1
20120312056 15:20:00 36939 0 1
20120312057 15:30:00 52321 0 0
20120312058 15:40:00 42716 0 0
20120312059 15:50:00 68523 0 0
20120312060 16:00:00 51508 1 0
20120312061 16:10:00 94732 0 0
20120312062 16:20:00 35293 0 0
20120312063 16:30:00 81714 0 0
20120312064 16:40:00 66034 1 0
20120312065 16:50:00 48380 0 0
20120312066 17:00:00 70980 0 0
20120312067 17:10:00 95576 1 0
20120312068 17:20:00 37939 0 1
20120312069 17:30:00 87495 0 0
20120312070 17:40:00 00644 1 1
20120312071 17:50:00 72788 1 1
20120312072 18:00:00 57702 1 0
20120312073 18:10:00 87012 0 0
20120312074 18:20:00 35379 1 0
20120312075 18:30:00 09277 0 1
20120312076 18:40:00 10244 0 1
20120312077 18:50:00 58294 0 0
20120312078 19:00:00 18029 0 0
20120312079 19:10:00 48302 0 0
20120312080 19:20:00 36828 0 1
20120312081 19:30:00 07568 0 0
20120312082 19:40:00 02257 1 0
20120312083 19:50:00 71509 0 0
20120312084 20:00:00 04635 0 0
20120312085 20:10:00 97751 1 0
20120312086 20:20:00 35660 0 1
20120312087 20:30:00 10271 0 0
20120312088 20:40:00 82690 0 0
20120312089 20:50:00 21570 0 0
20120312090 21:00:00 37124 0 0
20120312091 21:10:00 19962 1 0
20120312092 21:20:00 12870 0 0
20120312093 21:30:00 71107 1 0
20120312094 21:40:00 93446 0 1
20120312095 21:50:00 62163 0 0
20120312096 22:00:00 40087 1 0
20120312097 22:05:00 26370 0 0
20120312098 22:10:00 32554 0 1
20120312099 22:15:00 10113 1 1
20120312100 22:20:00 63589 0 0
20120312101 22:25:00 22762 1 0
20120312102 22:30:00 50102 0 0
20120312103 22:35:00 51426 0 0
20120312104 22:40:00 21117 1 1
20120312105 22:45:00 40593 0 0
20120312106 22:50:00 06890 0 0
20120312107 22:55:00 34867 0 0
20120312108 23:00:00 71692 0 0
20120312109 23:05:00 71265 0 0
20120312110 23:10:00 30225 0 1
20120312111 23:15:00 61770 0 1
20120312112 23:20:00 07920 0 0
20120312113 23:25:00 93712 0 0
20120312114 23:30:00 20450 0 0
20120312115 23:35:00 68733 0 1
20120312116 23:40:00 06970 0 0
20120312117 23:45:00 74684 0 0
20120312118 23:50:00 59045 0 0
20120312119 23:55:00 98490 0 0
20120312120 00:00:00 79669 0 1
