20120710001 00:05:00 10405 0 0
20120710002 00:10:00 35452 0 0
20120710003 00:15:00 26376 0 0
20120710004 00:20:00 62626 1 1
20120710005 00:25:00 60822 0 1
20120710006 00:30:00 96872 0 0
20120710007 00:35:00 44015 1 0
20120710008 00:40:00 97086 0 0
20120710009 00:45:00 55249 1 0
20120710010 00:50:00 10594 0 0
20120710011 00:55:00 50916 0 0
20120710012 01:00:00 90071 1 0
20120710013 01:05:00 07511 0 1
20120710014 01:10:00 56909 0 1
20120710015 01:15:00 95712 0 0
20120710016 01:20:00 83990 0 1
20120710017 01:25:00 50155 0 1
20120710018 01:30:00 95777 0 1
20120710019 01:35:00 67914 0 0
20120710020 01:40:00 29872 0 0
20120710021 01:45:00 88177 1 1
20120710022 01:50:00 88203 1 0
20120710023 01:55:00 46772 0 1
20120710024 10:00:00 20746 0 0
20120710025 10:10:00 78040 0 1
20120710026 10:20:00 64396 0 0
20120710027 10:30:00 08749 0 0
20120710028 10:40:00 99231 1 0
20120710029 10:50:00 85594 1 0
20120710030 11:00:00 95072 0 0
20120710031 11:10:00 59323 0 1
20120710032 11:20:00 41912 0 0
20120710033 11:30:00 45827 0 0
20120710034 11:40:00 83108 0 0
20120710035 11:50:00 34435 1 0
20120710036 12:00:00 39478 0 0
20120710037 12:10:00 20963 0 0
20120710038 12:20:00 30655 0 1
20120710039 12:30:00 80355 0 1
20120710040 12:40:00 34909 0 1
20120710041 12:50:00 41772 0 1
20120710042 13:00:00 62332 0 1
20120710043 13:10:00 39099 0 1
20120710044 13:20:00 58651 0 0
20120710045 13:30:00 73188 0 1
20120710046 13:40:00 60811 0 1
20120710047 13:50:00 48577 0 1
20120710048 14:00:00 09422 0 1
20120710049 14:10:00 77604 1 0
20120710050 14:20:00 68382 0 0
20120710051 14:30:00 06451 0 0
20120710052 14:40:00 33575 1 1
20120710053 14:50:00 70938 0 0
20120710054 15:00:00 31859 0 0
20120710055 15:10:00 59979 1 1
20120710056 15:20:00 74401 1 0
20120710057 15:30:00 94177 0 1
20120710058 15:40:00 57096 0 0
20120710059 15:50:00 14454 1 1
20120710060 16:00:00 98677 0 1
20120710061 16:10:00 37331 1 1
20120710062 16:20:00 36307 1 0
20120710063 16:30:00 49449 1 1
20120710064 16:40:00 17423 0 0
20120710065 16:50:00 29629 0 0
20120710066 17:00:00 72202 1 1
20120710067 17:10:00 11368 1 0
20120710068 17:20:00 70297 0 0
20120710069 17:30:00 94494 1 1
20120710070 17:40:00 43753 0 0
20120710071 17:50:00 03259 0 0
20120710072 18:00:00 36546 0 0
20120710073 18:10:00 30578 0 0
20120710074 18:20:00 65857 0 0
20120710075 18:30:00 46055 0 1
20120710076 18:40:00 92665 0 1
20120710077 18:50:00 20157 0 0
20120710078 19:00:00 67183 0 0
20120710079 19:10:00 07023 1 0
20120710080 19:20:00 62711 0 1
20120710081 19:30:00 58600 0 1
20120710082 19:40:00 21256 1 0
20120710083 19:50:00 73068 0 0
20120710084 20:00:00 15110 1 1
20120710085 20:10:00 64146 0 0
20120710086 20:20:00 81135 1 0
20120710087 20:30:00 94019 0 0
20120710088 20:40:00 43119 0 1
20120710089 20:50:00 03125 0 0
20120710090 21:00:00 38053 0 0
20120710091 21:10:00 99884 1 1
20120710092 21:20:00 29471 0 0
20120710093 21:30:00 27311 0 1
20120710094 21:40:00 90626 0 1
20120710095 21:50:00 50134 0 0
20120710096 22:00:00 88983 1 0
20120710097 22:05:00 24945 0 0
20120710098 22:10:00 97477 0 1
20120710099 22:15:00 84025 0 0
20120710100 22:20:00 16866 0 1
20120710101 22:25:00 93262 0 1
20120710102 22:30:00 25565 1 1
20120710103 22:35:00 67380 0 0
20120710104 22:40:00 30964 0 0
20120710105 22:45:00 27132 0 0
20120710106 22:50:00 96377 0 1
20120710107 22:55:00 66922 1 1
20120710108 23:00:00 16102 1 0
20120710109 23:05:00 02086 1 0
20120710110 23:10:00 66095 1 0
20120710111 23:15:00 91863 0 0
20120710112 23:20:00 17698 0 0
20120710113 23:25:00 50478 0 0
20120710114 23:30:00 75609 0 0
20120710115 23:35:00 50670 0 0
20120710116 23:40:00 21234 1 0
20120710117 23:45:00 16536 0 0
20120710118 23:50:00 45565 1 1
20120710119 23:55:00 85634 0 0
20120710120 00:00:00 80973 0 0
