20120217001 00:05:00 23747 0 1
20120217002 00:10:00 22941 1 0
20120217003 00:15:00 57938 0 0
20120217004 00:20:00 45357 0 0
20120217005 00:25:00 26518 0 0
20120217006 00:30:00 59532 1 0
20120217007 00:35:00 20373 0 1
20120217008 00:40:00 96016 0 0
20120217009 00:45:00 18290 0 0
20120217010 00:50:00 98119 0 1
20120217011 00:55:00 65387 0 0
20120217012 01:00:00 96487 0 0
20120217013 01:05:00 55580 1 0
20120217014 01:10:00 71537 0 0
20120217015 01:15:00 37217 0 0
20120217016 01:20:00 87424 0 1
20120217017 01:25:00 01002 1 1
20120217018 01:30:00 73708 1 0
20120217019 01:35:00 48955 0 1
20120217020 01:40:00 77601 1 0
20120217021 01:45:00 46866 0 1
20120217022 01:50:00 83664 0 1
20120217023 01:55:00 01327 0 0
20120217024 10:00:00 43245 0 0
20120217025 10:10:00 97904 1 0
20120217026 10:20:00 96898 0 1
20120217027 10:30:00 96824 0 0
20120217028 10:40:00 30955 0 1
20120217029 10:50:00 89955 1 1
20120217030 11:00:00 73581 0 0
20120217031 11:10:00 74584 0 0
20120217032 11:20:00 95561 1 0
20120217033 11:30:00 91626 0 1
20120217034 11:40:00 32709 0 0
20120217035 11:50:00 93616 0 1
20120217036 12:00:00 31331 1 1
20120217037 12:10:00 43923 0 0
20120217038 12:20:00 18693 0 0
20120217039 12:30:00 62472 0 0
20120217040 12:40:00 35220 0 1
20120217041 12:50:00 31268 0 0
20120217042 13:00:00 04927 0 0
20120217043 13:10:00 69128 0 0
20120217044 13:20:00 04342 0 0
20120217045 13:30:00 17676 0 1
20120217046 13:40:00 32429 0 0
20120217047 13:50:00 22737 1 1
20120217048 14:00:00 44093 1 0
20120217049 14:10:00 14133 1 1
20120217050 14:20:00 33943 1 0
20120217051 14:30:00 89043 0 0
20120217052 14:40:00 14245 0 0
20120217053 14:50:00 05651 0 0
20120217054 15:00:00 74610 0 0
20120217055 15:10:00 99504 1 0
20120217056 15:20:00 26480 0 0
20120217057 15:30:00 02341 0 0
20120217058 15:40:00 73212 0 1
20120217059 15:50:00 91697 0 0
20120217060 16:00:00 35327 1 0
20120217061 16:10:00 87306 0 0
20120217062 16:20:00 65686 1 1
20120217063 16:30:00 98489 0 0
20120217064 16:40:00 96703 0 0
20120217065 16:50:00 03395 1 0
20120217066 17:00:00 32227 1 1
20120217067 17:10:00 11758 1 0
20120217068 17:20:00 79935 1 0
20120217069 17:30:00 20039 1 0
20120217070 17:40:00 46851 0 0
20120217071 17:50:00 10142 1 0
20120217072 18:00:00 37829 0 0
20120217073 18:10:00 50797 0 1
20120217074 18:20:00 48503 0 0
20120217075 18:30:00 14913 0 0
20120217076 18:40:00 57458 0 0
20120217077 18:50:00 05453 0 0
20120217078 19:00:00 84664 0 1
20120217079 19:10:00 30411 0 1
20120217080 19:20:00 79797 1 1
20120217081 19:30:00 74552 0 1
20120217082 19:40:00 95846 0 0
20120217083 19:50:00 61917 0 0
20120217084 20:00:00 21244 1 1
20120217085 20:10:00 41519 0 0
20120217086 20:20:00 68886 1 1
20120217087 20:30:00 43630 0 0
20120217088 20:40:00 08518 0 0
20120217089 20:50:00 19465 0 0
20120217090 21:00:00 47874 0 0
20120217091 21:10:00 96725 0 0
20120217092 21:20:00 36314 1 0
20120217093 21:30:00 29254 1 0
20120217094 21:40:00 20380 0 0
20120217095 21:50:00 20688 0 1
20120217096 22:00:00 82315 0 0
20120217097 22:05:00 41909 0 1
20120217098 22:10:00 08144 0 1
20120217099 22:15:00 51502 1 0
20120217100 22:20:00 49735 0 0
20120217101 22:25:00 71781 1 0
20120217102 22:30:00 03291 0 0
20120217103 22:35:00 49022 0 1
20120217104 22:40:00 31971 0 0
20120217105 22:45:00 97726 1 0
20120217106 22:50:00 68932 0 0
20120217107 22:55:00 91827 0 0
20120217108 23:00:00 45808 0 1
20120217109 23:05:00 59680 0 0
20120217110 23:10:00 21293 1 0
20120217111 23:15:00 80953 0 0
20120217112 23:20:00 15855 0 1
20120217113 23:25:00 21098 0 0
20120217114 23:30:00 49727 0 1
20120217115 23:35:00 46908 0 0
20120217116 23:40:00 36072 0 0
20120217117 23:45:00 64658 1 0
20120217118 23:50:00 86837 1 0
20120217119 23:55:00 51012 0 0
20120217120 00:00:00 58216 0 0
