20120706001 00:05:00 96722 0 1
20120706002 00:10:00 58255 0 1
20120706003 00:15:00 17603 0 0
20120706004 00:20:00 12687 0 0
20120706005 00:25:00 34300 1 1
20120706006 00:30:00 51454 0 1
20120706007 00:35:00 07100 0 1
20120706008 00:40:00 69852 0 0
20120706009 00:45:00 72885 0 1
20120706010 00:50:00 80927 0 0
20120706011 00:55:00 85853 1 0
20120706012 01:00:00 06732 0 0
20120706013 01:05:00 86789 0 0
20120706014 01:10:00 73458 0 0
20120706015 01:15:00 96530 0 0
20120706016 01:20:00 19221 0 1
20120706017 01:25:00 48202 0 1
20120706018 01:30:00 28032 0 0
20120706019 01:35:00 41486 1 0
20120706020 01:40:00 44561 1 0
20120706021 01:45:00 65863 0 0
20120706022 01:50:00 86944 0 1
20120706023 01:55:00 34887 0 1
20120706024 10:00:00 51318 0 0
20120706025 10:10:00 30350 1 0
20120706026 10:20:00 84132 0 0
20120706027 10:30:00 86548 0 0
20120706028 10:40:00 95370 0 0
20120706029 10:50:00 05843 0 0
20120706030 11:00:00 07488 0 1
20120706031 11:10:00 38031 0 0
20120706032 11:20:00 48228 0 1
20120706033 11:30:00 27166 0 1
20120706034 11:40:00 00525 1 1
20120706035 11:50:00 33597 1 0
20120706036 12:00:00 91073 0 0
20120706037 12:10:00 99253 1 0
20120706038 12:20:00 43373 1 1
20120706039 12:30:00 31962 0 0
20120706040 12:40:00 58969 0 1
20120706041 12:50:00 96908 1 0
20120706042 13:00:00 10844 0 1
20120706043 13:10:00 14533 0 1
20120706044 13:20:00 17754 1 0
20120706045 13:30:00 28825 1 0
20120706046 13:40:00 31972 0 0
20120706047 13:50:00 77275 1 0
20120706048 14:00:00 17766 1 1
20120706049 14:10:00 04235 0 0
20120706050 14:20:00 32640 0 0
20120706051 14:30:00 31806 0 0
20120706052 14:40:00 10799 0 1
20120706053 14:50:00 23893 0 0
20120706054 15:00:00 45480 1 0
20120706055 15:10:00 18642 0 0
20120706056 15:20:00 28115 0 1
20120706057 15:30:00 75963 0 0
20120706058 15:40:00 88740 1 0
20120706059 15:50:00 24003 0 1
20120706060 16:00:00 49981 1 0
20120706061 16:10:00 75521 1 0
20120706062 16:20:00 64418 1 0
20120706063 16:30:00 22028 1 0
20120706064 16:40:00 52251 1 0
20120706065 16:50:00 48226 0 1
20120706066 17:00:00 03127 0 0
20120706067 17:10:00 61999 0 1
20120706068 17:20:00 22047 1 0
20120706069 17:30:00 96092 0 0
20120706070 17:40:00 01076 1 0
20120706071 17:50:00 52418 0 0
20120706072 18:00:00 04358 0 0
20120706073 18:10:00 79424 0 1
20120706074 18:20:00 89810 1 0
20120706075 18:30:00 86950 0 0
20120706076 18:40:00 78142 0 0
20120706077 18:50:00 85871 1 0
20120706078 19:00:00 66878 1 1
20120706079 19:10:00 94765 0 0
20120706080 19:20:00 78638 0 0
20120706081 19:30:00 50296 0 0
20120706082 19:40:00 75016 0 0
20120706083 19:50:00 77428 1 0
20120706084 20:00:00 73958 0 0
20120706085 20:10:00 06651 1 0
20120706086 20:20:00 98830 1 0
20120706087 20:30:00 03725 0 0
20120706088 20:40:00 33126 1 0
20120706089 20:50:00 98387 0 0
20120706090 21:00:00 71377 0 1
20120706091 21:10:00 22583 1 0
20120706092 21:20:00 15717 0 1
20120706093 21:30:00 86604 1 0
20120706094 21:40:00 34813 0 0
20120706095 21:50:00 31285 0 0
20120706096 22:00:00 47182 0 0
20120706097 22:05:00 06335 0 1
20120706098 22:10:00 28804 1 0
20120706099 22:15:00 59714 0 0
20120706100 22:20:00 03951 0 0
20120706101 22:25:00 77913 1 0
20120706102 22:30:00 48344 0 1
20120706103 22:35:00 22483 1 0
20120706104 22:40:00 16726 0 0
20120706105 22:45:00 53267 0 0
20120706106 22:50:00 54597 1 0
20120706107 22:55:00 51366 0 1
20120706108 23:00:00 95948 1 0
20120706109 23:05:00 49369 0 0
20120706110 23:10:00 60269 0 0
20120706111 23:15:00 80850 1 0
20120706112 23:20:00 00080 1 1
20120706113 23:25:00 33636 1 1
20120706114 23:30:00 13630 0 0
20120706115 23:35:00 89330 0 1
20120706116 23:40:00 43676 0 1
20120706117 23:45:00 49530 0 0
20120706118 23:50:00 66136 1 0
20120706119 23:55:00 07655 0 1
20120706120 00:00:00 82558 0 1
