20120517001 00:05:00 06348 0 0
20120517002 00:10:00 72028 0 0
20120517003 00:15:00 42954 0 0
20120517004 00:20:00 50821 0 0
20120517005 00:25:00 97789 1 0
20120517006 00:30:00 24906 0 0
20120517007 00:35:00 52468 0 0
20120517008 00:40:00 11824 1 0
20120517009 00:45:00 73044 0 1
20120517010 00:50:00 04408 1 0
20120517011 00:55:00 32219 1 0
20120517012 01:00:00 81827 1 0
20120517013 01:05:00 78658 0 0
20120517014 01:10:00 99057 1 0
20120517015 01:15:00 84284 0 0
20120517016 01:20:00 91418 0 0
20120517017 01:25:00 76769 1 0
20120517018 01:30:00 46253 0 0
20120517019 01:35:00 45498 1 0
20120517020 01:40:00 38982 0 0
20120517021 01:45:00 68720 0 0
20120517022 01:50:00 94272 0 1
20120517023 01:55:00 28995 0 1
20120517024 10:00:00 26554 0 1
20120517025 10:10:00 34769 0 0
20120517026 10:20:00 96408 0 0
20120517027 10:30:00 68116 0 1
20120517028 10:40:00 52177 0 1
20120517029 10:50:00 70594 0 0
20120517030 11:00:00 47566 0 1
20120517031 11:10:00 88185 1 0
20120517032 11:20:00 67570 0 0
20120517033 11:30:00 60712 0 0
20120517034 11:40:00 09798 0 0
20120517035 11:50:00 88351 1 0
20120517036 12:00:00 43138 0 0
20120517037 12:10:00 52376 0 0
20120517038 12:20:00 95818 0 1
20120517039 12:30:00 94426 1 0
20120517040 12:40:00 00975 1 0
20120517041 12:50:00 16690 1 0
20120517042 13:00:00 02685 0 0
20120517043 13:10:00 85898 1 1
20120517044 13:20:00 41116 1 1
20120517045 13:30:00 08898 1 1
20120517046 13:40:00 30348 1 0
20120517047 13:50:00 64060 0 1
20120517048 14:00:00 08046 1 0
20120517049 14:10:00 27723 1 0
20120517050 14:20:00 72664 0 1
20120517051 14:30:00 56841 0 0
20120517052 14:40:00 16775 0 1
20120517053 14:50:00 04807 0 0
20120517054 15:00:00 52673 0 0
20120517055 15:10:00 72598 0 0
20120517056 15:20:00 13164 1 0
20120517057 15:30:00 10265 0 0
20120517058 15:40:00 10104 1 0
20120517059 15:50:00 71617 0 0
20120517060 16:00:00 29053 0 0
20120517061 16:10:00 07898 0 1
20120517062 16:20:00 51329 0 0
20120517063 16:30:00 29690 0 0
20120517064 16:40:00 46303 0 1
20120517065 16:50:00 95808 0 1
20120517066 17:00:00 61138 1 0
20120517067 17:10:00 47904 0 0
20120517068 17:20:00 95049 0 0
20120517069 17:30:00 60330 0 1
20120517070 17:40:00 37031 0 0
20120517071 17:50:00 13701 0 0
20120517072 18:00:00 77155 1 1
20120517073 18:10:00 64628 1 0
20120517074 18:20:00 12425 0 0
20120517075 18:30:00 37130 0 0
20120517076 18:40:00 82644 0 1
20120517077 18:50:00 32640 0 0
20120517078 19:00:00 46753 0 0
20120517079 19:10:00 56542 1 0
20120517080 19:20:00 64176 0 0
20120517081 19:30:00 59335 0 1
20120517082 19:40:00 92115 0 1
20120517083 19:50:00 88701 1 0
20120517084 20:00:00 78745 1 0
20120517085 20:10:00 66317 1 0
20120517086 20:20:00 82266 1 1
20120517087 20:30:00 87866 1 1
20120517088 20:40:00 35471 0 0
20120517089 20:50:00 66381 1 0
20120517090 21:00:00 41644 0 1
20120517091 21:10:00 96779 0 1
20120517092 21:20:00 60231 0 0
20120517093 21:30:00 28865 1 0
20120517094 21:40:00 45151 0 1
20120517095 21:50:00 87129 0 0
20120517096 22:00:00 36075 0 0
20120517097 22:05:00 84783 0 0
20120517098 22:10:00 11334 1 1
20120517099 22:15:00 85319 0 0
20120517100 22:20:00 50531 1 0
20120517101 22:25:00 86718 0 0
20120517102 22:30:00 68597 0 0
20120517103 22:35:00 38025 0 0
20120517104 22:40:00 36355 1 1
20120517105 22:45:00 82652 0 0
20120517106 22:50:00 78604 0 0
20120517107 22:55:00 58659 0 0
20120517108 23:00:00 60223 0 1
20120517109 23:05:00 34963 0 0
20120517110 23:10:00 69123 0 0
20120517111 23:15:00 71352 0 0
20120517112 23:20:00 68388 0 1
20120517113 23:25:00 00216 1 0
20120517114 23:30:00 55538 1 0
20120517115 23:35:00 02196 0 0
20120517116 23:40:00 01724 0 0
20120517117 23:45:00 52339 0 1
20120517118 23:50:00 19165 1 0
20120517119 23:55:00 14867 0 0
20120517120 00:00:00 86254 0 0
