20120911001 00:05:00 80299 0 1
20120911002 00:10:00 56702 0 0
20120911003 00:15:00 18670 0 0
20120911004 00:20:00 68864 1 0
20120911005 00:25:00 37565 0 1
20120911006 00:30:00 65431 0 0
20120911007 00:35:00 17528 0 0
20120911008 00:40:00 93177 0 1
20120911009 00:45:00 88275 1 0
20120911010 00:50:00 48456 1 0
20120911011 00:55:00 91866 0 1
20120911012 01:00:00 40163 0 0
20120911013 01:05:00 85378 0 0
20120911014 01:10:00 99220 1 1
20120911015 01:15:00 96181 0 1
20120911016 01:20:00 68330 0 1
20120911017 01:25:00 98682 0 0
20120911018 01:30:00 15576 1 0
20120911019 01:35:00 43016 0 0
20120911020 01:40:00 21789 0 0
20120911021 01:45:00 43685 0 0
20120911022 01:50:00 18159 1 0
20120911023 01:55:00 14761 0 0
20120911024 10:00:00 50650 0 0
20120911025 10:10:00 96390 0 0
20120911026 10:20:00 70615 0 0
20120911027 10:30:00 26861 0 0
20120911028 10:40:00 98768 0 0
20120911029 10:50:00 48493 1 0
20120911030 11:00:00 38079 0 0
20120911031 11:10:00 25362 0 0
20120911032 11:20:00 41223 0 1
20120911033 11:30:00 92900 1 1
20120911034 11:40:00 08319 0 0
20120911035 11:50:00 75582 1 0
20120911036 12:00:00 02120 0 0
20120911037 12:10:00 56423 0 0
20120911038 12:20:00 57914 0 0
20120911039 12:30:00 88593 1 0
20120911040 12:40:00 96121 0 1
20120911041 12:50:00 44172 1 0
20120911042 13:00:00 71941 0 0
20120911043 13:10:00 67091 0 0
20120911044 13:20:00 67350 0 0
20120911045 13:30:00 90799 0 1
20120911046 13:40:00 60029 1 0
20120911047 13:50:00 92611 0 1
20120911048 14:00:00 29986 1 0
20120911049 14:10:00 88190 1 0
20120911050 14:20:00 02437 0 0
20120911051 14:30:00 26827 0 0
20120911052 14:40:00 22928 1 0
20120911053 14:50:00 67967 0 0
20120911054 15:00:00 53094 0 0
20120911055 15:10:00 45186 0 0
20120911056 15:20:00 26824 0 0
20120911057 15:30:00 19695 0 0
20120911058 15:40:00 34323 1 1
20120911059 15:50:00 68044 0 1
20120911060 16:00:00 40880 0 1
20120911061 16:10:00 53771 0 1
20120911062 16:20:00 71878 0 1
20120911063 16:30:00 61116 1 1
20120911064 16:40:00 89290 0 0
20120911065 16:50:00 48941 0 0
20120911066 17:00:00 18536 0 0
20120911067 17:10:00 31559 0 1
20120911068 17:20:00 09497 0 0
20120911069 17:30:00 72195 0 0
20120911070 17:40:00 81201 0 0
20120911071 17:50:00 17778 1 1
20120911072 18:00:00 78136 0 0
20120911073 18:10:00 41964 0 0
20120911074 18:20:00 44876 1 0
20120911075 18:30:00 16878 0 1
20120911076 18:40:00 48576 0 0
20120911077 18:50:00 39745 0 0
20120911078 19:00:00 92751 0 0
20120911079 19:10:00 60886 0 1
20120911080 19:20:00 67898 0 1
20120911081 19:30:00 39558 0 1
20120911082 19:40:00 82233 1 1
20120911083 19:50:00 44304 1 0
20120911084 20:00:00 25187 0 0
20120911085 20:10:00 05311 0 1
20120911086 20:20:00 07866 0 1
20120911087 20:30:00 35536 1 0
20120911088 20:40:00 14301 0 0
20120911089 20:50:00 11867 1 0
20120911090 21:00:00 25339 0 1
20120911091 21:10:00 26320 0 0
20120911092 21:20:00 62433 0 1
20120911093 21:30:00 81420 0 0
20120911094 21:40:00 56863 0 0
20120911095 21:50:00 27228 1 1
20120911096 22:00:00 46327 0 0
20120911097 22:05:00 12183 1 0
20120911098 22:10:00 63464 0 1
20120911099 22:15:00 13882 0 1
20120911100 22:20:00 78060 0 1
20120911101 22:25:00 58077 0 1
20120911102 22:30:00 39105 0 0
20120911103 22:35:00 87952 0 0
20120911104 22:40:00 28152 0 0
20120911105 22:45:00 28286 1 0
20120911106 22:50:00 64458 1 0
20120911107 22:55:00 57595 1 1
20120911108 23:00:00 63663 1 1
20120911109 23:05:00 48436 1 0
20120911110 23:10:00 06197 0 0
20120911111 23:15:00 50685 0 0
20120911112 23:20:00 44051 1 0
20120911113 23:25:00 02683 0 0
20120911114 23:30:00 32360 1 0
20120911115 23:35:00 06149 0 0
20120911116 23:40:00 48213 0 0
20120911117 23:45:00 90658 0 0
20120911118 23:50:00 16531 0 0
20120911119 23:55:00 24559 0 1
20120911120 00:00:00 80038 1 0
