20120310001 00:05:00 72850 0 0
20120310002 00:10:00 88273 1 0
20120310003 00:15:00 97716 1 0
20120310004 00:20:00 29171 0 1
20120310005 00:25:00 92238 1 0
20120310006 00:30:00 45111 0 1
20120310007 00:35:00 38054 0 0
20120310008 00:40:00 09533 0 1
20120310009 00:45:00 91742 0 0
20120310010 00:50:00 73071 0 0
20120310011 00:55:00 17937 0 0
20120310012 01:00:00 55419 1 0
20120310013 01:05:00 08961 0 0
20120310014 01:10:00 71714 1 0
20120310015 01:15:00 07690 0 0
20120310016 01:20:00 60479 0 0
20120310017 01:25:00 93584 0 0
20120310018 01:30:00 79189 0 0
20120310019 01:35:00 39386 1 0
20120310020 01:40:00 75519 1 0
20120310021 01:45:00 05322 0 1
20120310022 01:50:00 65283 0 0
20120310023 01:55:00 91569 0 0
20120310024 10:00:00 50432 0 0
20120310025 10:10:00 65587 1 0
20120310026 10:20:00 26465 0 0
20120310027 10:30:00 22889 1 1
20120310028 10:40:00 92276 1 0
20120310029 10:50:00 78379 0 0
20120310030 11:00:00 92176 0 0
20120310031 11:10:00 51019 0 0
20120310032 11:20:00 23733 0 1
20120310033 11:30:00 07342 0 0
20120310034 11:40:00 61257 0 0
20120310035 11:50:00 97130 0 0
20120310036 12:00:00 06385 0 0
20120310037 12:10:00 70538 0 0
20120310038 12:20:00 58667 0 1
20120310039 12:30:00 73935 0 0
20120310040 12:40:00 44643 1 0
20120310041 12:50:00 52556 1 1
20120310042 13:00:00 46992 0 1
20120310043 13:10:00 16596 0 0
20120310044 13:20:00 35527 1 0
20120310045 13:30:00 60276 0 0
20120310046 13:40:00 81503 0 0
20120310047 13:50:00 50986 0 0
20120310048 14:00:00 34988 0 1
20120310049 14:10:00 47451 1 0
20120310050 14:20:00 61951 0 0
20120310051 14:30:00 15320 0 0
20120310052 14:40:00 39694 0 0
20120310053 14:50:00 83841 1 0
20120310054 15:00:00 41562 0 0
20120310055 15:10:00 76511 0 1
20120310056 15:20:00 11554 1 1
20120310057 15:30:00 83509 0 0
20120310058 15:40:00 12645 0 0
20120310059 15:50:00 82067 0 0
20120310060 16:00:00 43902 0 0
20120310061 16:10:00 85603 0 0
20120310062 16:20:00 10365 0 0
20120310063 16:30:00 21281 1 0
20120310064 16:40:00 58246 0 0
20120310065 16:50:00 73388 1 1
20120310066 17:00:00 16488 0 1
20120310067 17:10:00 79265 0 0
20120310068 17:20:00 38719 0 0
20120310069 17:30:00 35520 1 0
20120310070 17:40:00 54825 0 0
20120310071 17:50:00 93557 0 1
20120310072 18:00:00 22759 1 0
20120310073 18:10:00 04864 0 0
20120310074 18:20:00 51245 0 0
20120310075 18:30:00 19593 0 0
20120310076 18:40:00 88273 1 0
20120310077 18:50:00 97604 0 0
20120310078 19:00:00 67413 0 0
20120310079 19:10:00 94581 0 0
20120310080 19:20:00 91922 1 1
20120310081 19:30:00 92184 0 0
20120310082 19:40:00 11428 1 0
20120310083 19:50:00 80461 0 0
20120310084 20:00:00 76029 0 0
20120310085 20:10:00 07492 0 0
20120310086 20:20:00 30702 0 0
20120310087 20:30:00 15974 0 0
20120310088 20:40:00 70900 0 1
20120310089 20:50:00 80052 1 0
20120310090 21:00:00 26493 0 0
20120310091 21:10:00 03201 0 0
20120310092 21:20:00 95994 1 1
20120310093 21:30:00 39627 0 0
20120310094 21:40:00 30792 0 0
20120310095 21:50:00 21167 1 0
20120310096 22:00:00 94449 1 1
20120310097 22:05:00 86817 1 0
20120310098 22:10:00 14124 1 0
20120310099 22:15:00 17097 0 0
20120310100 22:20:00 58517 1 0
20120310101 22:25:00 68229 0 1
20120310102 22:30:00 85969 0 1
20120310103 22:35:00 77164 1 0
20120310104 22:40:00 90390 0 0
20120310105 22:45:00 10786 0 0
20120310106 22:50:00 80412 0 0
20120310107 22:55:00 64407 1 0
20120310108 23:00:00 17250 0 0
20120310109 23:05:00 49370 0 0
20120310110 23:10:00 41899 0 1
20120310111 23:15:00 17206 0 0
20120310112 23:20:00 71635 0 0
20120310113 23:25:00 34601 0 0
20120310114 23:30:00 93214 0 0
20120310115 23:35:00 71884 0 1
20120310116 23:40:00 29520 0 0
20120310117 23:45:00 20472 0 0
20120310118 23:50:00 91478 0 0
20120310119 23:55:00 14965 0 0
20120310120 00:00:00 00142 1 0
