20121004001 00:05:00 41009 0 1
20121004002 00:10:00 19748 0 0
20121004003 00:15:00 01258 0 0
20121004004 00:20:00 45998 0 1
20121004005 00:25:00 33191 1 1
20121004006 00:30:00 11454 1 1
20121004007 00:35:00 98996 1 1
20121004008 00:40:00 20879 0 0
20121004009 00:45:00 86937 0 0
20121004010 00:50:00 59242 0 1
20121004011 00:55:00 60612 1 0
20121004012 01:00:00 48099 0 1
20121004013 01:05:00 10008 1 1
20121004014 01:10:00 60904 0 0
20121004015 01:15:00 18452 0 0
20121004016 01:20:00 49167 0 0
20121004017 01:25:00 52677 0 1
20121004018 01:30:00 02796 0 0
20121004019 01:35:00 38467 0 0
20121004020 01:40:00 73739 1 0
20121004021 01:45:00 40714 0 0
20121004022 01:50:00 40618 0 0
20121004023 01:55:00 62439 0 0
20121004024 10:00:00 53597 1 0
20121004025 10:10:00 17690 0 0
20121004026 10:20:00 60959 0 1
20121004027 10:30:00 60269 0 0
20121004028 10:40:00 30611 0 1
20121004029 10:50:00 57093 0 0
20121004030 11:00:00 87687 0 0
20121004031 11:10:00 92450 0 0
20121004032 11:20:00 30443 0 1
20121004033 11:30:00 66256 1 0
20121004034 11:40:00 46872 0 0
20121004035 11:50:00 15714 0 0
20121004036 12:00:00 90742 0 0
20121004037 12:10:00 87549 0 0
20121004038 12:20:00 29908 1 0
20121004039 12:30:00 34151 0 1
20121004040 12:40:00 08447 0 1
20121004041 12:50:00 27051 0 0
20121004042 13:00:00 94103 0 0
20121004043 13:10:00 10271 0 0
20121004044 13:20:00 61931 0 0
20121004045 13:30:00 25145 0 0
20121004046 13:40:00 51803 0 0
20121004047 13:50:00 06409 0 0
20121004048 14:00:00 24673 0 0
20121004049 14:10:00 85822 1 1
20121004050 14:20:00 13554 0 1
20121004051 14:30:00 86365 0 0
20121004052 14:40:00 89825 1 0
20121004053 14:50:00 52671 0 0
20121004054 15:00:00 98955 1 1
20121004055 15:10:00 63827 0 0
20121004056 15:20:00 32533 0 1
20121004057 15:30:00 49240 0 0
20121004058 15:40:00 26528 0 0
20121004059 15:50:00 83128 0 0
20121004060 16:00:00 23593 0 0
20121004061 16:10:00 56254 0 0
20121004062 16:20:00 80595 0 1
20121004063 16:30:00 44172 1 0
20121004064 16:40:00 14758 0 0
20121004065 16:50:00 93440 0 1
20121004066 17:00:00 69418 0 0
20121004067 17:10:00 54190 0 0
20121004068 17:20:00 08589 0 0
20121004069 17:30:00 72198 0 0
20121004070 17:40:00 62427 0 0
20121004071 17:50:00 13461 0 0
20121004072 18:00:00 76605 1 0
20121004073 18:10:00 12514 0 0
20121004074 18:20:00 55547 1 0
20121004075 18:30:00 87877 1 1
20121004076 18:40:00 74963 0 0
20121004077 18:50:00 22735 1 0
20121004078 19:00:00 91074 0 0
20121004079 19:10:00 25350 0 0
20121004080 19:20:00 57397 0 0
20121004081 19:30:00 26643 1 0
20121004082 19:40:00 15228 0 1
20121004083 19:50:00 94642 0 0
20121004084 20:00:00 78600 0 1
20121004085 20:10:00 38199 0 1
20121004086 20:20:00 41402 1 0
20121004087 20:30:00 67490 0 0
20121004088 20:40:00 46490 1 0
20121004089 20:50:00 08801 1 0
20121004090 21:00:00 93987 1 0
20121004091 21:10:00 60456 0 0
20121004092 21:20:00 77316 1 0
20121004093 21:30:00 42438 1 0
20121004094 21:40:00 62873 0 0
20121004095 21:50:00 31864 0 0
20121004096 22:00:00 56808 0 1
20121004097 22:05:00 05353 0 1
20121004098 22:10:00 32730 0 0
20121004099 22:15:00 75071 0 0
20121004100 22:20:00 30663 0 1
20121004101 22:25:00 23640 0 0
20121004102 22:30:00 77911 1 1
20121004103 22:35:00 15145 1 0
20121004104 22:40:00 97301 0 0
20121004105 22:45:00 91390 0 0
20121004106 22:50:00 30546 0 0
20121004107 22:55:00 79362 0 0
20121004108 23:00:00 52803 0 0
20121004109 23:05:00 70345 0 0
20121004110 23:10:00 13419 0 0
20121004111 23:15:00 91334 0 1
20121004112 23:20:00 43243 0 0
20121004113 23:25:00 48631 0 0
20121004114 23:30:00 75388 0 1
20121004115 23:35:00 91487 0 0
20121004116 23:40:00 86857 1 0
20121004117 23:45:00 94097 0 0
20121004118 23:50:00 94376 0 0
20121004119 23:55:00 28599 0 1
20121004120 00:00:00 86664 1 1
