20120721001 00:05:00 51766 0 1
20120721002 00:10:00 08080 1 1
20120721003 00:15:00 58667 0 1
20120721004 00:20:00 15689 0 0
20120721005 00:25:00 50920 0 0
20120721006 00:30:00 35975 0 0
20120721007 00:35:00 13837 0 0
20120721008 00:40:00 20191 0 1
20120721009 00:45:00 33225 1 1
20120721010 00:50:00 07249 0 0
20120721011 00:55:00 76750 1 0
20120721012 01:00:00 80710 0 0
20120721013 01:05:00 54727 0 1
20120721014 01:10:00 43355 1 1
20120721015 01:15:00 11621 1 0
20120721016 01:20:00 43819 0 0
20120721017 01:25:00 99665 1 1
20120721018 01:30:00 00075 1 0
20120721019 01:35:00 87014 0 0
20120721020 01:40:00 36627 1 0
20120721021 01:45:00 88772 1 1
20120721022 01:50:00 60068 1 0
20120721023 01:55:00 18576 0 0
20120721024 10:00:00 24564 0 0
20120721025 10:10:00 16990 0 1
20120721026 10:20:00 20665 0 1
20120721027 10:30:00 78778 1 1
20120721028 10:40:00 57912 0 0
20120721029 10:50:00 61785 0 0
20120721030 11:00:00 15065 0 0
20120721031 11:10:00 86891 1 0
20120721032 11:20:00 34644 0 1
20120721033 11:30:00 47041 0 0
20120721034 11:40:00 31297 0 0
20120721035 11:50:00 31518 0 0
20120721036 12:00:00 68498 0 0
20120721037 12:10:00 64420 1 0
20120721038 12:20:00 96327 0 0
20120721039 12:30:00 91084 0 0
20120721040 12:40:00 98167 0 0
20120721041 12:50:00 19851 0 0
20120721042 13:00:00 64927 0 0
20120721043 13:10:00 94767 0 1
20120721044 13:20:00 74003 0 1
20120721045 13:30:00 32300 1 1
20120721046 13:40:00 69363 0 1
20120721047 13:50:00 74989 0 1
20120721048 14:00:00 84125 0 0
20120721049 14:10:00 21367 0 0
20120721050 14:20:00 84798 0 0
20120721051 14:30:00 25237 1 0
20120721052 14:40:00 60625 1 0
20120721053 14:50:00 15317 0 0
20120721054 15:00:00 34241 0 0
20120721055 15:10:00 27735 1 0
20120721056 15:20:00 62456 0 0
20120721057 15:30:00 85865 1 0
20120721058 15:40:00 90152 0 0
20120721059 15:50:00 05284 0 0
20120721060 16:00:00 95938 1 0
20120721061 16:10:00 71164 1 0
20120721062 16:20:00 22504 1 0
20120721063 16:30:00 63975 0 0
20120721064 16:40:00 22190 1 0
20120721065 16:50:00 55407 1 0
20120721066 17:00:00 70764 1 0
20120721067 17:10:00 17521 0 0
20120721068 17:20:00 78367 0 0
20120721069 17:30:00 73058 0 0
20120721070 17:40:00 95417 0 0
20120721071 17:50:00 98430 0 0
20120721072 18:00:00 23737 0 1
20120721073 18:10:00 49116 0 1
20120721074 18:20:00 04973 0 0
20120721075 18:30:00 86814 1 0
20120721076 18:40:00 99323 1 1
20120721077 18:50:00 35760 0 0
20120721078 19:00:00 69719 0 0
20120721079 19:10:00 74196 0 0
20120721080 19:20:00 28669 0 1
20120721081 19:30:00 17988 0 1
20120721082 19:40:00 31254 0 0
20120721083 19:50:00 79871 0 0
20120721084 20:00:00 13283 0 0
20120721085 20:10:00 81674 0 0
20120721086 20:20:00 77649 1 0
20120721087 20:30:00 47288 0 1
20120721088 20:40:00 12469 0 0
20120721089 20:50:00 76825 0 0
20120721090 21:00:00 27188 0 1
20120721091 21:10:00 31720 0 0
20120721092 21:20:00 85505 1 1
20120721093 21:30:00 40577 0 1
20120721094 21:40:00 10623 0 0
20120721095 21:50:00 12547 0 0
20120721096 22:00:00 92842 0 0
20120721097 22:05:00 09680 0 0
20120721098 22:10:00 66981 1 0
20120721099 22:15:00 17361 0 0
20120721100 22:20:00 99858 1 1
20120721101 22:25:00 13513 0 0
20120721102 22:30:00 15268 0 0
20120721103 22:35:00 43562 0 0
20120721104 22:40:00 80400 0 1
20120721105 22:45:00 13808 0 1
20120721106 22:50:00 35642 0 0
20120721107 22:55:00 38531 0 0
20120721108 23:00:00 66705 1 0
20120721109 23:05:00 86242 0 1
20120721110 23:10:00 53651 0 0
20120721111 23:15:00 05603 0 0
20120721112 23:20:00 54087 0 0
20120721113 23:25:00 61437 0 0
20120721114 23:30:00 57200 0 1
20120721115 23:35:00 79772 1 1
20120721116 23:40:00 00807 1 0
20120721117 23:45:00 45063 0 0
20120721118 23:50:00 91525 0 1
20120721119 23:55:00 69557 0 1
20120721120 00:00:00 23918 0 0
