20121109001 00:05:00 77979 1 1
20121109002 00:10:00 24449 1 1
20121109003 00:15:00 44682 1 0
20121109004 00:20:00 95243 0 0
20121109005 00:25:00 81423 0 0
20121109006 00:30:00 37409 0 0
20121109007 00:35:00 06861 0 0
20121109008 00:40:00 72879 0 0
20121109009 00:45:00 97729 1 0
20121109010 00:50:00 66987 1 0
20121109011 00:55:00 66252 1 1
20121109012 01:00:00 31023 0 0
20121109013 01:05:00 64595 0 1
20121109014 01:10:00 30820 0 0
20121109015 01:15:00 38927 0 0
20121109016 01:20:00 00028 1 0
20121109017 01:25:00 18340 0 0
20121109018 01:30:00 71091 0 0
20121109019 01:35:00 69367 0 0
20121109020 01:40:00 30456 0 0
20121109021 01:45:00 24273 1 0
20121109022 01:50:00 29340 0 0
20121109023 01:55:00 60650 1 0
20121109024 10:00:00 80533 0 1
20121109025 10:10:00 44683 1 0
20121109026 10:20:00 60220 0 1
20121109027 10:30:00 92581 0 0
20121109028 10:40:00 64626 1 1
20121109029 10:50:00 13502 0 0
20121109030 11:00:00 19011 0 1
20121109031 11:10:00 38678 0 0
20121109032 11:20:00 80562 0 0
20121109033 11:30:00 65565 1 1
20121109034 11:40:00 68826 1 0
20121109035 11:50:00 19808 0 1
20121109036 12:00:00 33463 1 0
20121109037 12:10:00 33566 1 1
20121109038 12:20:00 61573 0 0
20121109039 12:30:00 43155 0 1
20121109040 12:40:00 19617 0 0
20121109041 12:50:00 41472 1 0
20121109042 13:00:00 35893 0 0
20121109043 13:10:00 63000 0 1
20121109044 13:20:00 93054 0 0
20121109045 13:30:00 57268 0 0
20121109046 13:40:00 09120 0 0
20121109047 13:50:00 91247 0 0
20121109048 14:00:00 28470 0 0
20121109049 14:10:00 10761 0 0
20121109050 14:20:00 57792 1 0
20121109051 14:30:00 18579 0 0
20121109052 14:40:00 06424 0 1
20121109053 14:50:00 13995 0 1
20121109054 15:00:00 84578 0 0
20121109055 15:10:00 89378 0 0
20121109056 15:20:00 16420 0 0
20121109057 15:30:00 57312 0 0
20121109058 15:40:00 74156 0 0
20121109059 15:50:00 05202 0 1
20121109060 16:00:00 10545 0 1
20121109061 16:10:00 88809 1 0
20121109062 16:20:00 51873 0 0
20121109063 16:30:00 16255 0 1
20121109064 16:40:00 01469 0 0
20121109065 16:50:00 41303 0 1
20121109066 17:00:00 59047 0 0
20121109067 17:10:00 84726 0 0
20121109068 17:20:00 73806 0 0
20121109069 17:30:00 26484 0 1
20121109070 17:40:00 15587 1 0
20121109071 17:50:00 56094 0 0
20121109072 18:00:00 29176 0 0
20121109073 18:10:00 24915 0 0
20121109074 18:20:00 38501 0 0
20121109075 18:30:00 74289 0 0
20121109076 18:40:00 06393 0 1
20121109077 18:50:00 26326 0 0
20121109078 19:00:00 28138 0 0
20121109079 19:10:00 14443 1 1
20121109080 19:20:00 65758 0 0
20121109081 19:30:00 49528 0 0
20121109082 19:40:00 16364 0 0
20121109083 19:50:00 12671 0 0
20121109084 20:00:00 33720 1 0
20121109085 20:10:00 99014 1 0
20121109086 20:20:00 43149 0 0
20121109087 20:30:00 84433 1 1
20121109088 20:40:00 02199 0 1
20121109089 20:50:00 11456 1 0
20121109090 21:00:00 30358 1 0
20121109091 21:10:00 40275 0 0
20121109092 21:20:00 42704 0 0
20121109093 21:30:00 90684 0 0
20121109094 21:40:00 55971 1 0
20121109095 21:50:00 85818 1 1
20121109096 22:00:00 57925 0 0
20121109097 22:05:00 78293 0 0
20121109098 22:10:00 45502 1 0
20121109099 22:15:00 90575 0 1
20121109100 22:20:00 59941 1 0
20121109101 22:25:00 76348 0 0
20121109102 22:30:00 39354 1 0
20121109103 22:35:00 32558 0 1
20121109104 22:40:00 58992 0 1
20121109105 22:45:00 03613 0 0
20121109106 22:50:00 98401 0 0
20121109107 22:55:00 93255 0 1
20121109108 23:00:00 01189 1 0
20121109109 23:05:00 28005 0 1
20121109110 23:10:00 62147 0 0
20121109111 23:15:00 82919 0 1
20121109112 23:20:00 52426 0 0
20121109113 23:25:00 81105 1 0
20121109114 23:30:00 59349 0 0
20121109115 23:35:00 72272 1 1
20121109116 23:40:00 93409 0 0
20121109117 23:45:00 03396 1 0
20121109118 23:50:00 48716 0 0
20121109119 23:55:00 48295 0 0
20121109120 00:00:00 51090 0 1
