20130612001 00:05:00 32483 0 0
20130612002 00:10:00 24100 0 1
20130612003 00:15:00 13431 0 0
20130612004 00:20:00 00898 1 1
20130612005 00:25:00 14361 0 0
20130612006 00:30:00 77811 1 1
20130612007 00:35:00 89391 0 0
20130612008 00:40:00 68913 0 0
20130612009 00:45:00 38591 0 0
20130612010 00:50:00 32522 0 1
20130612011 00:55:00 18104 1 0
20130612012 01:00:00 43046 0 0
20130612013 01:05:00 25328 0 0
20130612014 01:10:00 23014 0 0
20130612015 01:15:00 18898 1 1
20130612016 01:20:00 94244 0 1
20130612017 01:25:00 89271 0 0
20130612018 01:30:00 96942 1 0
20130612019 01:35:00 55326 1 0
20130612020 01:40:00 89837 1 0
20130612021 01:45:00 01804 0 0
20130612022 01:50:00 45107 0 0
20130612023 01:55:00 85092 0 0
20130612024 10:00:00 56475 0 0
20130612025 10:10:00 32657 0 0
20130612026 10:20:00 82502 0 0
20130612027 10:30:00 12024 0 0
20130612028 10:40:00 18826 1 0
20130612029 10:50:00 52592 1 0
20130612030 11:00:00 70785 1 0
20130612031 11:10:00 50199 0 1
20130612032 11:20:00 39913 1 0
20130612033 11:30:00 92368 0 0
20130612034 11:40:00 53049 0 0
20130612035 11:50:00 35255 0 1
20130612036 12:00:00 19782 0 0
20130612037 12:10:00 15057 0 0
20130612038 12:20:00 30225 0 1
20130612039 12:30:00 99543 1 0
20130612040 12:40:00 86625 1 0
20130612041 12:50:00 30067 1 0
20130612042 13:00:00 82231 1 0
20130612043 13:10:00 77285 1 0
20130612044 13:20:00 99717 1 1
20130612045 13:30:00 92983 1 0
20130612046 13:40:00 93979 1 1
20130612047 13:50:00 36184 0 0
20130612048 14:00:00 69132 0 0
20130612049 14:10:00 26836 0 0
20130612050 14:20:00 94078 0 0
20130612051 14:30:00 10179 1 0
20130612052 14:40:00 77116 1 1
20130612053 14:50:00 51276 0 0
20130612054 15:00:00 04505 0 1
20130612055 15:10:00 15377 0 1
20130612056 15:20:00 69521 0 0
20130612057 15:30:00 04326 0 0
20130612058 15:40:00 23684 0 0
20130612059 15:50:00 17995 0 1
20130612060 16:00:00 60356 0 0
20130612061 16:10:00 04763 0 0
20130612062 16:20:00 89457 0 0
20130612063 16:30:00 78268 0 0
20130612064 16:40:00 70642 0 0
20130612065 16:50:00 15827 0 0
20130612066 17:00:00 16257 0 0
20130612067 17:10:00 52827 0 0
20130612068 17:20:00 10926 0 0
20130612069 17:30:00 82917 0 0
20130612070 17:40:00 97752 1 0
20130612071 17:50:00 71671 0 0
20130612072 18:00:00 91248 0 0
20130612073 18:10:00 08919 0 1
20130612074 18:20:00 90727 0 1
20130612075 18:30:00 86410 0 0
20130612076 18:40:00 64826 0 0
20130612077 18:50:00 20313 0 1
20130612078 19:00:00 48228 0 1
20130612079 19:10:00 18947 0 0
20130612080 19:20:00 49365 0 0
20130612081 19:30:00 73710 1 0
20130612082 19:40:00 84932 0 0
20130612083 19:50:00 31745 0 0
20130612084 20:00:00 41114 1 1
20130612085 20:10:00 46753 0 0
20130612086 20:20:00 61051 0 0
20130612087 20:30:00 67773 1 1
20130612088 20:40:00 15456 0 0
20130612089 20:50:00 85132 0 0
20130612090 21:00:00 92382 0 0
20130612091 21:10:00 04610 0 0
20130612092 21:20:00 37054 0 0
20130612093 21:30:00 37132 0 0
20130612094 21:40:00 81960 0 0
20130612095 21:50:00 21637 0 0
20130612096 22:00:00 96961 1 0
20130612097 22:05:00 23106 0 0
20130612098 22:10:00 22276 1 0
20130612099 22:15:00 31588 0 1
20130612100 22:20:00 36367 1 0
20130612101 22:25:00 38118 0 1
20130612102 22:30:00 63646 1 1
20130612103 22:35:00 82886 1 1
20130612104 22:40:00 86960 0 0
20130612105 22:45:00 79911 1 1
20130612106 22:50:00 74985 0 0
20130612107 22:55:00 82985 0 0
20130612108 23:00:00 84465 1 0
20130612109 23:05:00 72045 0 0
20130612110 23:10:00 34013 0 0
20130612111 23:15:00 88607 1 0
20130612112 23:20:00 45781 0 0
20130612113 23:25:00 80258 0 0
20130612114 23:30:00 02699 0 1
20130612115 23:35:00 11666 1 1
20130612116 23:40:00 47395 0 0
20130612117 23:45:00 82581 0 0
20130612118 23:50:00 79583 0 0
20130612119 23:55:00 75484 0 1
20130612120 00:00:00 98256 0 0
