20130122001 00:05:00 67127 0 0
20130122002 00:10:00 93613 0 0
20130122003 00:15:00 12345 0 0
20130122004 00:20:00 36843 0 0
20130122005 00:25:00 91646 0 1
20130122006 00:30:00 83599 0 1
20130122007 00:35:00 31484 0 1
20130122008 00:40:00 66771 1 1
20130122009 00:45:00 41032 0 0
20130122010 00:50:00 79659 0 0
20130122011 00:55:00 50344 0 1
20130122012 01:00:00 17662 0 1
20130122013 01:05:00 68349 0 0
20130122014 01:10:00 58013 0 0
20130122015 01:15:00 66871 1 0
20130122016 01:20:00 68371 0 0
20130122017 01:25:00 32467 0 0
20130122018 01:30:00 78310 0 0
20130122019 01:35:00 79343 0 1
20130122020 01:40:00 67564 0 0
20130122021 01:45:00 60004 1 1
20130122022 01:50:00 64799 0 1
20130122023 01:55:00 81544 0 1
20130122024 10:00:00 14403 1 0
20130122025 10:10:00 52011 0 1
20130122026 10:20:00 30162 0 0
20130122027 10:30:00 14838 0 1
20130122028 10:40:00 06099 1 1
20130122029 10:50:00 95428 0 0
20130122030 11:00:00 81548 0 0
20130122031 11:10:00 93711 0 1
20130122032 11:20:00 80661 0 1
20130122033 11:30:00 85460 0 0
20130122034 11:40:00 41993 0 1
20130122035 11:50:00 62878 0 1
20130122036 12:00:00 81619 0 0
20130122037 12:10:00 42378 0 0
20130122038 12:20:00 94884 0 1
20130122039 12:30:00 89788 0 1
20130122040 12:40:00 45070 0 1
20130122041 12:50:00 34761 0 0
20130122042 13:00:00 27814 0 0
20130122043 13:10:00 15902 0 0
20130122044 13:20:00 44786 1 0
20130122045 13:30:00 90543 0 0
20130122046 13:40:00 24731 0 0
20130122047 13:50:00 69805 0 0
20130122048 14:00:00 46221 0 1
20130122049 14:10:00 16618 1 0
20130122050 14:20:00 33069 1 0
20130122051 14:30:00 22635 1 0
20130122052 14:40:00 90340 0 0
20130122053 14:50:00 66346 1 0
20130122054 15:00:00 71818 0 1
20130122055 15:10:00 97437 0 0
20130122056 15:20:00 48649 0 0
20130122057 15:30:00 62498 0 0
20130122058 15:40:00 28115 0 1
20130122059 15:50:00 61850 0 0
20130122060 16:00:00 58993 0 1
20130122061 16:10:00 55257 1 0
20130122062 16:20:00 78723 1 0
20130122063 16:30:00 45879 0 0
20130122064 16:40:00 84841 1 0
20130122065 16:50:00 08953 0 0
20130122066 17:00:00 69331 0 1
20130122067 17:10:00 46317 0 0
20130122068 17:20:00 22681 1 0
20130122069 17:30:00 73126 0 0
20130122070 17:40:00 02555 0 1
20130122071 17:50:00 69226 0 1
20130122072 18:00:00 27819 0 0
20130122073 18:10:00 44043 1 0
20130122074 18:20:00 40381 0 0
20130122075 18:30:00 54690 0 0
20130122076 18:40:00 68580 0 0
20130122077 18:50:00 63383 1 1
20130122078 19:00:00 19461 0 0
20130122079 19:10:00 36012 0 0
20130122080 19:20:00 51237 0 0
20130122081 19:30:00 75710 1 0
20130122082 19:40:00 57649 0 0
20130122083 19:50:00 90485 0 0
20130122084 20:00:00 58188 0 1
20130122085 20:10:00 78255 0 1
20130122086 20:20:00 15487 0 0
20130122087 20:30:00 66863 1 0
20130122088 20:40:00 18591 0 0
20130122089 20:50:00 83761 0 0
20130122090 21:00:00 75034 0 0
20130122091 21:10:00 28869 1 0
20130122092 21:20:00 78097 0 0
20130122093 21:30:00 54777 0 1
20130122094 21:40:00 92067 0 0
20130122095 21:50:00 82663 0 1
20130122096 22:00:00 34118 0 1
20130122097 22:05:00 17761 1 0
20130122098 22:10:00 29592 0 0
20130122099 22:15:00 08100 0 1
20130122100 22:20:00 97243 0 0
20130122101 22:25:00 20586 0 0
20130122102 22:30:00 27028 0 0
20130122103 22:35:00 01006 1 1
20130122104 22:40:00 28916 0 0
20130122105 22:45:00 74073 0 0
20130122106 22:50:00 95177 0 1
20130122107 22:55:00 11660 1 1
20130122108 23:00:00 64215 0 0
20130122109 23:05:00 34714 0 0
20130122110 23:10:00 81546 0 0
20130122111 23:15:00 13411 0 1
20130122112 23:20:00 32126 0 0
20130122113 23:25:00 20404 0 1
20130122114 23:30:00 38159 0 0
20130122115 23:35:00 25306 0 0
20130122116 23:40:00 56718 0 0
20130122117 23:45:00 43172 0 0
20130122118 23:50:00 06776 0 1
20130122119 23:55:00 24307 0 0
20130122120 00:00:00 25753 0 0
