20130716001 00:05:00 68228 0 1
20130716002 00:10:00 15770 0 1
20130716003 00:15:00 91162 1 0
20130716004 00:20:00 65894 0 0
20130716005 00:25:00 31271 0 0
20130716006 00:30:00 30017 1 0
20130716007 00:35:00 67724 1 0
20130716008 00:40:00 42224 1 1
20130716009 00:45:00 57451 0 0
20130716010 00:50:00 45611 0 1
20130716011 00:55:00 23452 0 0
20130716012 01:00:00 03016 1 0
20130716013 01:05:00 54061 0 0
20130716014 01:10:00 59310 0 0
20130716015 01:15:00 92407 0 0
20130716016 01:20:00 33148 1 0
20130716017 01:25:00 42544 0 1
20130716018 01:30:00 48449 1 1
20130716019 01:35:00 46706 0 0
20130716020 01:40:00 92772 0 1
20130716021 01:45:00 18111 1 1
20130716022 01:50:00 30781 0 0
20130716023 01:55:00 72924 0 0
20130716024 10:00:00 60929 0 1
20130716025 10:10:00 93794 0 0
20130716026 10:20:00 49089 0 0
20130716027 10:30:00 01206 0 0
20130716028 10:40:00 53355 1 1
20130716029 10:50:00 53525 1 1
20130716030 11:00:00 65058 0 0
20130716031 11:10:00 08506 0 0
20130716032 11:20:00 71065 0 0
20130716033 11:30:00 42651 0 0
20130716034 11:40:00 53303 1 1
20130716035 11:50:00 64789 0 0
20130716036 12:00:00 13791 0 0
20130716037 12:10:00 73207 0 0
20130716038 12:20:00 99363 1 1
20130716039 12:30:00 52948 0 0
20130716040 12:40:00 15819 0 0
20130716041 12:50:00 70802 0 0
20130716042 13:00:00 99936 1 0
20130716043 13:10:00 86147 0 0
20130716044 13:20:00 36462 0 0
20130716045 13:30:00 65021 0 0
20130716046 13:40:00 11135 1 0
20130716047 13:50:00 45587 1 0
20130716048 14:00:00 20367 0 0
20130716049 14:10:00 36838 0 1
20130716050 14:20:00 28357 0 0
20130716051 14:30:00 89191 0 1
20130716052 14:40:00 55176 1 0
20130716053 14:50:00 66304 1 0
20130716054 15:00:00 11724 1 0
20130716055 15:10:00 08063 1 0
20130716056 15:20:00 99263 1 0
20130716057 15:30:00 03642 0 0
20130716058 15:40:00 20155 0 1
20130716059 15:50:00 22863 1 0
20130716060 16:00:00 17013 0 0
20130716061 16:10:00 27365 0 0
20130716062 16:20:00 26843 0 0
20130716063 16:30:00 85590 1 0
20130716064 16:40:00 79266 0 1
20130716065 16:50:00 14019 0 0
20130716066 17:00:00 58309 0 0
20130716067 17:10:00 32814 0 0
20130716068 17:20:00 50112 0 1
20130716069 17:30:00 27335 0 1
20130716070 17:40:00 31642 0 0
20130716071 17:50:00 41724 0 0
20130716072 18:00:00 62490 0 0
20130716073 18:10:00 80237 0 0
20130716074 18:20:00 94554 0 1
20130716075 18:30:00 50226 0 1
20130716076 18:40:00 81467 0 0
20130716077 18:50:00 66008 1 1
20130716078 19:00:00 81948 0 0
20130716079 19:10:00 73667 0 1
20130716080 19:20:00 36237 0 0
20130716081 19:30:00 92160 0 0
20130716082 19:40:00 57106 0 0
20130716083 19:50:00 69047 0 0
20130716084 20:00:00 52876 0 0
20130716085 20:10:00 66946 1 0
20130716086 20:20:00 85045 0 0
20130716087 20:30:00 78603 0 0
20130716088 20:40:00 75775 1 1
20130716089 20:50:00 25939 0 1
20130716090 21:00:00 58501 1 0
20130716091 21:10:00 83040 0 1
20130716092 21:20:00 51433 0 1
20130716093 21:30:00 15298 0 0
20130716094 21:40:00 40692 0 0
20130716095 21:50:00 90143 0 0
20130716096 22:00:00 56336 0 1
20130716097 22:05:00 33800 1 1
20130716098 22:10:00 19906 1 0
20130716099 22:15:00 91081 0 0
20130716100 22:20:00 16874 0 0
20130716101 22:25:00 63716 0 0
20130716102 22:30:00 72132 0 0
20130716103 22:35:00 92714 0 0
20130716104 22:40:00 56476 0 0
20130716105 22:45:00 27936 0 0
20130716106 22:50:00 76908 0 0
20130716107 22:55:00 00950 1 0
20130716108 23:00:00 65461 0 0
20130716109 23:05:00 53356 1 0
20130716110 23:10:00 68038 0 0
20130716111 23:15:00 64750 0 0
20130716112 23:20:00 05373 0 1
20130716113 23:25:00 33665 1 1
20130716114 23:30:00 85129 0 0
20130716115 23:35:00 84567 0 0
20130716116 23:40:00 76856 0 0
20130716117 23:45:00 37226 0 1
20130716118 23:50:00 79285 0 0
20130716119 23:55:00 98494 0 1
20130716120 00:00:00 28150 0 0
