20131117001 00:05:00 58932 0 0
20131117002 00:10:00 49846 0 0
20131117003 00:15:00 00062 1 0
20131117004 00:20:00 56496 0 0
20131117005 00:25:00 81337 0 1
20131117006 00:30:00 54636 0 1
20131117007 00:35:00 78078 0 0
20131117008 00:40:00 03027 1 0
20131117009 00:45:00 12445 0 1
20131117010 00:50:00 44721 1 0
20131117011 00:55:00 58679 0 0
20131117012 01:00:00 33620 1 0
20131117013 01:05:00 52421 0 0
20131117014 01:10:00 73185 0 0
20131117015 01:15:00 98977 1 1
20131117016 01:20:00 19216 0 0
20131117017 01:25:00 67779 1 1
20131117018 01:30:00 94522 0 1
20131117019 01:35:00 45442 1 1
20131117020 01:40:00 67318 0 0
20131117021 01:45:00 04081 1 0
20131117022 01:50:00 87809 1 0
20131117023 01:55:00 18926 0 0
20131117024 10:00:00 94334 0 1
20131117025 10:10:00 84081 0 0
20131117026 10:20:00 82821 1 0
20131117027 10:30:00 97084 0 0
20131117028 10:40:00 94763 0 0
20131117029 10:50:00 06426 0 0
20131117030 11:00:00 40538 0 0
20131117031 11:10:00 81881 1 1
20131117032 11:20:00 61030 0 1
20131117033 11:30:00 69852 0 0
20131117034 11:40:00 55059 1 0
20131117035 11:50:00 26052 0 0
20131117036 12:00:00 97753 1 0
20131117037 12:10:00 81931 0 0
20131117038 12:20:00 40543 0 0
20131117039 12:30:00 90723 0 0
20131117040 12:40:00 71196 1 0
20131117041 12:50:00 65093 0 0
20131117042 13:00:00 94064 0 0
20131117043 13:10:00 89404 0 1
20131117044 13:20:00 12850 0 0
20131117045 13:30:00 58131 0 1
20131117046 13:40:00 61074 0 0
20131117047 13:50:00 23081 0 0
20131117048 14:00:00 11100 1 1
20131117049 14:10:00 88630 1 0
20131117050 14:20:00 82731 0 0
20131117051 14:30:00 28465 0 0
20131117052 14:40:00 58953 0 0
20131117053 14:50:00 45605 0 0
20131117054 15:00:00 12329 0 0
20131117055 15:10:00 46513 0 0
20131117056 15:20:00 37027 0 0
20131117057 15:30:00 21780 0 0
20131117058 15:40:00 85950 0 0
20131117059 15:50:00 21873 0 0
20131117060 16:00:00 50992 0 1
20131117061 16:10:00 76640 1 0
20131117062 16:20:00 09152 0 0
20131117063 16:30:00 77225 1 1
20131117064 16:40:00 29599 0 1
20131117065 16:50:00 07050 1 1
20131117066 17:00:00 29467 0 0
20131117067 17:10:00 63579 0 0
20131117068 17:20:00 59038 0 0
20131117069 17:30:00 82527 0 0
20131117070 17:40:00 28705 0 0
20131117071 17:50:00 70170 0 0
20131117072 18:00:00 31204 0 0
20131117073 18:10:00 19934 1 0
20131117074 18:20:00 14798 0 0
20131117075 18:30:00 45895 0 0
20131117076 18:40:00 41825 0 0
20131117077 18:50:00 41865 0 0
20131117078 19:00:00 58293 0 0
20131117079 19:10:00 98769 0 0
20131117080 19:20:00 93977 1 1
20131117081 19:30:00 61525 0 1
20131117082 19:40:00 77961 1 0
20131117083 19:50:00 39076 0 0
20131117084 20:00:00 46445 1 1
20131117085 20:10:00 95154 0 0
20131117086 20:20:00 37641 0 0
20131117087 20:30:00 83206 0 0
20131117088 20:40:00 53632 0 0
20131117089 20:50:00 21225 1 1
20131117090 21:00:00 08698 0 0
20131117091 21:10:00 36512 0 0
20131117092 21:20:00 77002 1 1
20131117093 21:30:00 96125 0 0
20131117094 21:40:00 26803 0 0
20131117095 21:50:00 65234 0 0
20131117096 22:00:00 58931 0 0
20131117097 22:05:00 87398 0 0
20131117098 22:10:00 94985 1 0
20131117099 22:15:00 78021 0 0
20131117100 22:20:00 62630 1 0
20131117101 22:25:00 99517 1 0
20131117102 22:30:00 13870 0 0
20131117103 22:35:00 37808 0 1
20131117104 22:40:00 57851 0 0
20131117105 22:45:00 83218 0 0
20131117106 22:50:00 81604 0 0
20131117107 22:55:00 12140 1 0
20131117108 23:00:00 05529 1 0
20131117109 23:05:00 81117 1 1
20131117110 23:10:00 72046 0 0
20131117111 23:15:00 10293 0 0
20131117112 23:20:00 95393 0 1
20131117113 23:25:00 59010 0 1
20131117114 23:30:00 15064 0 0
20131117115 23:35:00 63743 0 0
20131117116 23:40:00 20659 0 0
20131117117 23:45:00 09981 1 0
20131117118 23:50:00 46008 0 1
20131117119 23:55:00 95914 1 0
20131117120 00:00:00 54808 0 1
