20130128001 00:05:00 33057 1 0
20130128002 00:10:00 86129 0 0
20130128003 00:15:00 92624 0 0
20130128004 00:20:00 58398 0 0
20130128005 00:25:00 78740 1 0
20130128006 00:30:00 63303 1 1
20130128007 00:35:00 67716 1 0
20130128008 00:40:00 23765 0 0
20130128009 00:45:00 03381 1 0
20130128010 00:50:00 11851 1 0
20130128011 00:55:00 89301 0 0
20130128012 01:00:00 60936 0 0
20130128013 01:05:00 03473 0 0
20130128014 01:10:00 84523 0 0
20130128015 01:15:00 20499 0 1
20130128016 01:20:00 23360 1 0
20130128017 01:25:00 79887 0 1
20130128018 01:30:00 24663 0 1
20130128019 01:35:00 41045 0 0
20130128020 01:40:00 60282 0 1
20130128021 01:45:00 41401 1 0
20130128022 01:50:00 31959 0 1
20130128023 01:55:00 17682 0 0
20130128024 10:00:00 75172 0 0
20130128025 10:10:00 24834 0 0
20130128026 10:20:00 50560 1 0
20130128027 10:30:00 41852 0 0
20130128028 10:40:00 01313 0 1
20130128029 10:50:00 59550 1 1
20130128030 11:00:00 83376 1 0
20130128031 11:10:00 24999 0 1
20130128032 11:20:00 13240 0 0
20130128033 11:30:00 91071 0 0
20130128034 11:40:00 33389 1 0
20130128035 11:50:00 56171 0 1
20130128036 12:00:00 59873 0 0
20130128037 12:10:00 78392 0 0
20130128038 12:20:00 28501 0 0
20130128039 12:30:00 02430 0 0
20130128040 12:40:00 44256 1 0
20130128041 12:50:00 23889 0 1
20130128042 13:00:00 86500 0 1
20130128043 13:10:00 26059 0 0
20130128044 13:20:00 44302 1 0
20130128045 13:30:00 49767 0 1
20130128046 13:40:00 10912 0 0
20130128047 13:50:00 85201 0 0
20130128048 14:00:00 93412 0 0
20130128049 14:10:00 05917 0 0
20130128050 14:20:00 20973 0 0
20130128051 14:30:00 61506 0 0
20130128052 14:40:00 63522 0 1
20130128053 14:50:00 87288 0 1
20130128054 15:00:00 23532 0 0
20130128055 15:10:00 07605 0 0
20130128056 15:20:00 30356 1 0
20130128057 15:30:00 34439 1 0
20130128058 15:40:00 60614 1 0
20130128059 15:50:00 31909 0 1
20130128060 16:00:00 70404 0 1
20130128061 16:10:00 91217 0 0
20130128062 16:20:00 73806 0 0
20130128063 16:30:00 16661 1 1
20130128064 16:40:00 50550 1 1
20130128065 16:50:00 63949 0 1
20130128066 17:00:00 94132 0 0
20130128067 17:10:00 86725 0 0
20130128068 17:20:00 06875 0 0
20130128069 17:30:00 09476 0 0
20130128070 17:40:00 57962 0 0
20130128071 17:50:00 92805 0 0
20130128072 18:00:00 80456 0 0
20130128073 18:10:00 39356 1 0
20130128074 18:20:00 00252 1 1
20130128075 18:30:00 90148 0 0
20130128076 18:40:00 44844 1 1
20130128077 18:50:00 37459 0 0
20130128078 19:00:00 06849 0 0
20130128079 19:10:00 58574 1 0
20130128080 19:20:00 10822 0 1
20130128081 19:30:00 83634 0 0
20130128082 19:40:00 91021 0 0
20130128083 19:50:00 47224 0 1
20130128084 20:00:00 05954 0 0
20130128085 20:10:00 94143 0 0
20130128086 20:20:00 10109 1 0
20130128087 20:30:00 69061 0 0
20130128088 20:40:00 82615 0 0
20130128089 20:50:00 18902 0 0
20130128090 21:00:00 30055 1 1
20130128091 21:10:00 13040 0 1
20130128092 21:20:00 63345 1 0
20130128093 21:30:00 38704 0 0
20130128094 21:40:00 71520 0 0
20130128095 21:50:00 87676 0 1
20130128096 22:00:00 38578 0 0
20130128097 22:05:00 30428 0 0
20130128098 22:10:00 69515 0 1
20130128099 22:15:00 96449 0 1
20130128100 22:20:00 26232 1 1
20130128101 22:25:00 17998 0 1
20130128102 22:30:00 21713 0 0
20130128103 22:35:00 71115 1 1
20130128104 22:40:00 55836 1 0
20130128105 22:45:00 27462 0 0
20130128106 22:50:00 82719 0 0
20130128107 22:55:00 20670 0 0
20130128108 23:00:00 76550 0 1
20130128109 23:05:00 68363 0 1
20130128110 23:10:00 20842 0 0
20130128111 23:15:00 34737 0 1
20130128112 23:20:00 34868 0 1
20130128113 23:25:00 01553 0 1
20130128114 23:30:00 94063 0 0
20130128115 23:35:00 62309 0 0
20130128116 23:40:00 46583 0 0
20130128117 23:45:00 24118 0 1
20130128118 23:50:00 88121 1 1
20130128119 23:55:00 72223 1 1
20130128120 00:00:00 63709 0 0
