20131122001 00:05:00 24461 1 0
20131122002 00:10:00 02531 0 0
20131122003 00:15:00 88759 1 0
20131122004 00:20:00 12772 0 1
20131122005 00:25:00 62134 0 0
20131122006 00:30:00 35500 1 1
20131122007 00:35:00 61654 1 0
20131122008 00:40:00 63324 1 0
20131122009 00:45:00 34741 0 0
20131122010 00:50:00 14271 0 0
20131122011 00:55:00 16994 0 1
20131122012 01:00:00 79399 0 1
20131122013 01:05:00 49972 1 0
20131122014 01:10:00 15429 0 0
20131122015 01:15:00 79944 1 1
20131122016 01:20:00 54558 1 1
20131122017 01:25:00 14762 0 0
20131122018 01:30:00 90490 0 0
20131122019 01:35:00 14723 0 0
20131122020 01:40:00 55742 1 0
20131122021 01:45:00 45338 0 1
20131122022 01:50:00 11189 1 0
20131122023 01:55:00 28399 0 1
20131122024 10:00:00 34167 0 0
20131122025 10:10:00 97527 0 0
20131122026 10:20:00 03891 0 0
20131122027 10:30:00 36335 1 1
20131122028 10:40:00 36526 0 0
20131122029 10:50:00 53804 0 0
20131122030 11:00:00 12798 0 0
20131122031 11:10:00 18122 1 1
20131122032 11:20:00 33999 1 1
20131122033 11:30:00 86304 0 0
20131122034 11:40:00 65005 0 1
20131122035 11:50:00 90020 1 1
20131122036 12:00:00 08425 0 0
20131122037 12:10:00 68029 0 0
20131122038 12:20:00 21673 0 0
20131122039 12:30:00 66293 1 0
20131122040 12:40:00 97204 0 0
20131122041 12:50:00 30933 0 1
20131122042 13:00:00 46387 0 0
20131122043 13:10:00 59385 0 0
20131122044 13:20:00 83898 1 1
20131122045 13:30:00 53871 0 0
20131122046 13:40:00 87023 0 0
20131122047 13:50:00 52147 0 0
20131122048 14:00:00 53541 1 0
20131122049 14:10:00 62407 0 0
20131122050 14:20:00 87027 0 0
20131122051 14:30:00 72228 1 1
20131122052 14:40:00 46040 0 1
20131122053 14:50:00 78385 0 0
20131122054 15:00:00 77435 1 0
20131122055 15:10:00 20724 0 0
20131122056 15:20:00 73346 1 0
20131122057 15:30:00 98073 0 0
20131122058 15:40:00 75501 1 0
20131122059 15:50:00 09336 0 1
20131122060 16:00:00 64278 0 0
20131122061 16:10:00 24631 0 0
20131122062 16:20:00 00630 1 0
20131122063 16:30:00 34537 0 0
20131122064 16:40:00 18022 0 1
20131122065 16:50:00 74687 0 0
20131122066 17:00:00 99655 1 1
20131122067 17:10:00 17778 1 1
20131122068 17:20:00 94434 1 1
20131122069 17:30:00 12285 1 0
20131122070 17:40:00 96301 0 0
20131122071 17:50:00 03100 0 1
20131122072 18:00:00 13741 0 0
20131122073 18:10:00 57199 0 1
20131122074 18:20:00 08464 0 1
20131122075 18:30:00 07461 0 0
20131122076 18:40:00 71599 0 1
20131122077 18:50:00 28663 0 1
20131122078 19:00:00 62106 0 0
20131122079 19:10:00 77520 1 0
20131122080 19:20:00 53148 0 0
20131122081 19:30:00 04632 0 0
20131122082 19:40:00 00432 1 0
20131122083 19:50:00 48224 0 1
20131122084 20:00:00 09241 0 0
20131122085 20:10:00 55547 1 0
20131122086 20:20:00 27825 0 0
20131122087 20:30:00 62882 0 1
20131122088 20:40:00 12966 0 1
20131122089 20:50:00 96211 0 1
20131122090 21:00:00 53702 0 0
20131122091 21:10:00 57148 0 0
20131122092 21:20:00 87383 0 1
20131122093 21:30:00 41571 0 0
20131122094 21:40:00 34681 0 0
20131122095 21:50:00 28702 0 0
20131122096 22:00:00 32294 1 0
20131122097 22:05:00 68247 0 0
20131122098 22:10:00 32944 0 1
20131122099 22:15:00 04742 0 0
20131122100 22:20:00 26999 0 1
20131122101 22:25:00 82674 0 0
20131122102 22:30:00 85295 0 0
20131122103 22:35:00 40144 0 1
20131122104 22:40:00 71194 1 0
20131122105 22:45:00 30734 0 0
20131122106 22:50:00 13005 0 1
20131122107 22:55:00 46730 0 0
20131122108 23:00:00 69271 0 0
20131122109 23:05:00 23148 0 0
20131122110 23:10:00 37144 0 1
20131122111 23:15:00 26446 0 1
20131122112 23:20:00 38688 0 1
20131122113 23:25:00 33850 1 0
20131122114 23:30:00 60427 0 0
20131122115 23:35:00 31208 0 0
20131122116 23:40:00 50479 0 0
20131122117 23:45:00 55962 1 0
20131122118 23:50:00 89241 0 0
20131122119 23:55:00 74665 0 1
20131122120 00:00:00 87544 0 1
