20130707001 00:05:00 33752 1 0
20130707002 00:10:00 09093 1 0
20130707003 00:15:00 37700 1 1
20130707004 00:20:00 85991 0 1
20130707005 00:25:00 72134 0 0
20130707006 00:30:00 86633 1 1
20130707007 00:35:00 20087 1 0
20130707008 00:40:00 84526 0 0
20130707009 00:45:00 12318 0 0
20130707010 00:50:00 97545 0 1
20130707011 00:55:00 77873 1 0
20130707012 01:00:00 79297 0 0
20130707013 01:05:00 91528 0 0
20130707014 01:10:00 27638 0 0
20130707015 01:15:00 32101 0 1
20130707016 01:20:00 03129 0 0
20130707017 01:25:00 84251 0 0
20130707018 01:30:00 05947 0 0
20130707019 01:35:00 03133 0 1
20130707020 01:40:00 25531 1 0
20130707021 01:45:00 35168 0 0
20130707022 01:50:00 17809 0 0
20130707023 01:55:00 41440 1 1
20130707024 10:00:00 34669 0 1
20130707025 10:10:00 55789 1 0
20130707026 10:20:00 76679 1 0
20130707027 10:30:00 31447 0 1
20130707028 10:40:00 47537 0 0
20130707029 10:50:00 30152 0 0
20130707030 11:00:00 64517 0 0
20130707031 11:10:00 48225 0 1
20130707032 11:20:00 67713 1 0
20130707033 11:30:00 31052 0 0
20130707034 11:40:00 02799 0 1
20130707035 11:50:00 52376 0 0
20130707036 12:00:00 09890 0 0
20130707037 12:10:00 66421 1 0
20130707038 12:20:00 89541 0 0
20130707039 12:30:00 48150 0 0
20130707040 12:40:00 78466 0 1
20130707041 12:50:00 36541 0 0
20130707042 13:00:00 35278 0 0
20130707043 13:10:00 54957 0 0
20130707044 13:20:00 03405 0 0
20130707045 13:30:00 22385 1 0
20130707046 13:40:00 23222 1 1
20130707047 13:50:00 75731 1 0
20130707048 14:00:00 28739 0 0
20130707049 14:10:00 02036 1 0
20130707050 14:20:00 03590 0 0
20130707051 14:30:00 09937 1 0
20130707052 14:40:00 41829 0 0
20130707053 14:50:00 15295 0 0
20130707054 15:00:00 67343 0 1
20130707055 15:10:00 28027 0 0
20130707056 15:20:00 26076 0 0
20130707057 15:30:00 13458 0 0
20130707058 15:40:00 38342 1 0
20130707059 15:50:00 64932 0 0
20130707060 16:00:00 80938 0 0
20130707061 16:10:00 52362 0 0
20130707062 16:20:00 06832 0 0
20130707063 16:30:00 64011 0 1
20130707064 16:40:00 51617 0 0
20130707065 16:50:00 83359 1 0
20130707066 17:00:00 58845 1 0
20130707067 17:10:00 21176 1 0
20130707068 17:20:00 21338 0 1
20130707069 17:30:00 24888 0 1
20130707070 17:40:00 17412 0 0
20130707071 17:50:00 73283 0 0
20130707072 18:00:00 14770 0 1
20130707073 18:10:00 70567 0 0
20130707074 18:20:00 35054 0 0
20130707075 18:30:00 38297 0 0
20130707076 18:40:00 00489 1 0
20130707077 18:50:00 66987 1 0
20130707078 19:00:00 83971 0 0
20130707079 19:10:00 90981 1 0
20130707080 19:20:00 72247 1 0
20130707081 19:30:00 64880 0 1
20130707082 19:40:00 67718 1 0
20130707083 19:50:00 48409 1 0
20130707084 20:00:00 36597 0 0
20130707085 20:10:00 81765 0 0
20130707086 20:20:00 17923 0 0
20130707087 20:30:00 59954 1 0
20130707088 20:40:00 14658 0 0
20130707089 20:50:00 85526 1 0
20130707090 21:00:00 08331 0 1
20130707091 21:10:00 05127 0 0
20130707092 21:20:00 17112 1 1
20130707093 21:30:00 17655 0 1
20130707094 21:40:00 14696 0 1
20130707095 21:50:00 33563 1 0
20130707096 22:00:00 67888 0 1
20130707097 22:05:00 95914 1 0
20130707098 22:10:00 76027 0 0
20130707099 22:15:00 11244 1 1
20130707100 22:20:00 05376 0 0
20130707101 22:25:00 51911 0 1
20130707102 22:30:00 46784 0 0
20130707103 22:35:00 70173 0 0
20130707104 22:40:00 67485 0 0
20130707105 22:45:00 50463 0 0
20130707106 22:50:00 11413 1 0
20130707107 22:55:00 77891 1 0
20130707108 23:00:00 45884 0 1
20130707109 23:05:00 75355 0 1
20130707110 23:10:00 98807 1 0
20130707111 23:15:00 48265 0 0
20130707112 23:20:00 93617 0 0
20130707113 23:25:00 91425 0 0
20130707114 23:30:00 18992 0 1
20130707115 23:35:00 13118 1 1
20130707116 23:40:00 51030 0 1
20130707117 23:45:00 86647 1 0
20130707118 23:50:00 60596 0 0
20130707119 23:55:00 96504 0 0
20130707120 00:00:00 19884 0 1
