20130622001 00:05:00 90273 0 0
20130622002 00:10:00 41865 0 0
20130622003 00:15:00 98886 1 1
20130622004 00:20:00 01404 0 1
20130622005 00:25:00 20268 1 0
20130622006 00:30:00 35673 0 0
20130622007 00:35:00 61202 0 1
20130622008 00:40:00 28760 0 0
20130622009 00:45:00 75501 1 0
20130622010 00:50:00 56125 0 0
20130622011 00:55:00 85333 0 1
20130622012 01:00:00 26735 0 0
20130622013 01:05:00 08618 0 0
20130622014 01:10:00 12488 0 1
20130622015 01:15:00 57952 0 0
20130622016 01:20:00 58732 0 0
20130622017 01:25:00 14322 0 1
20130622018 01:30:00 35501 1 0
20130622019 01:35:00 52620 0 0
20130622020 01:40:00 37225 0 1
20130622021 01:45:00 27042 0 0
20130622022 01:50:00 49217 0 0
20130622023 01:55:00 34952 0 0
20130622024 10:00:00 11090 1 1
20130622025 10:10:00 47238 0 0
20130622026 10:20:00 78100 0 1
20130622027 10:30:00 45442 1 1
20130622028 10:40:00 90400 0 1
20130622029 10:50:00 82313 0 1
20130622030 11:00:00 16232 0 1
20130622031 11:10:00 01127 1 0
20130622032 11:20:00 14033 0 1
20130622033 11:30:00 95089 0 0
20130622034 11:40:00 68027 0 0
20130622035 11:50:00 25331 0 1
20130622036 12:00:00 68834 1 0
20130622037 12:10:00 65322 0 1
20130622038 12:20:00 08159 0 0
20130622039 12:30:00 68405 0 0
20130622040 12:40:00 53193 0 0
20130622041 12:50:00 57267 0 0
20130622042 13:00:00 29279 1 0
20130622043 13:10:00 41702 0 0
20130622044 13:20:00 35765 0 0
20130622045 13:30:00 83482 0 0
20130622046 13:40:00 79411 0 1
20130622047 13:50:00 68545 0 1
20130622048 14:00:00 77431 1 0
20130622049 14:10:00 30141 0 1
20130622050 14:20:00 30812 0 0
20130622051 14:30:00 38733 0 1
20130622052 14:40:00 65625 1 0
20130622053 14:50:00 65829 0 0
20130622054 15:00:00 80549 0 0
20130622055 15:10:00 29716 0 0
20130622056 15:20:00 69487 0 0
20130622057 15:30:00 21264 1 0
20130622058 15:40:00 06835 0 0
20130622059 15:50:00 18571 0 0
20130622060 16:00:00 55223 1 1
20130622061 16:10:00 72598 0 0
20130622062 16:20:00 73856 0 0
20130622063 16:30:00 52213 1 0
20130622064 16:40:00 94710 0 0
20130622065 16:50:00 26558 0 1
20130622066 17:00:00 14760 0 0
20130622067 17:10:00 54878 0 1
20130622068 17:20:00 85644 0 1
20130622069 17:30:00 64305 0 0
20130622070 17:40:00 43877 0 1
20130622071 17:50:00 45861 0 0
20130622072 18:00:00 62638 1 0
20130622073 18:10:00 43408 1 0
20130622074 18:20:00 93105 0 0
20130622075 18:30:00 14730 0 0
20130622076 18:40:00 82331 0 1
20130622077 18:50:00 47521 0 0
20130622078 19:00:00 76586 0 0
20130622079 19:10:00 68564 0 0
20130622080 19:20:00 01510 0 0
20130622081 19:30:00 50286 0 0
20130622082 19:40:00 91378 0 0
20130622083 19:50:00 50894 0 0
20130622084 20:00:00 23877 0 1
20130622085 20:10:00 36802 0 0
20130622086 20:20:00 39909 1 1
20130622087 20:30:00 12114 1 1
20130622088 20:40:00 47330 0 1
20130622089 20:50:00 16522 0 1
20130622090 21:00:00 22484 1 1
20130622091 21:10:00 81367 0 0
20130622092 21:20:00 42412 1 0
20130622093 21:30:00 79601 0 0
20130622094 21:40:00 74041 0 0
20130622095 21:50:00 82554 0 1
20130622096 22:00:00 74991 0 1
20130622097 22:05:00 47479 1 0
20130622098 22:10:00 46029 0 0
20130622099 22:15:00 86514 0 0
20130622100 22:20:00 32985 0 0
20130622101 22:25:00 27381 0 0
20130622102 22:30:00 63543 0 0
20130622103 22:35:00 63584 0 0
20130622104 22:40:00 26922 0 1
20130622105 22:45:00 01328 0 0
20130622106 22:50:00 49738 0 0
20130622107 22:55:00 81496 0 0
20130622108 23:00:00 88458 1 0
20130622109 23:05:00 82909 0 1
20130622110 23:10:00 21142 1 0
20130622111 23:15:00 66922 1 1
20130622112 23:20:00 26167 0 0
20130622113 23:25:00 38044 0 1
20130622114 23:30:00 43928 0 0
20130622115 23:35:00 43488 1 1
20130622116 23:40:00 88319 1 0
20130622117 23:45:00 76261 0 0
20130622118 23:50:00 05319 0 0
20130622119 23:55:00 60405 0 0
20130622120 00:00:00 59860 0 0
