20130731001 00:05:00 22299 1 1
20130731002 00:10:00 48450 1 0
20130731003 00:15:00 64382 0 0
20130731004 00:20:00 27034 0 0
20130731005 00:25:00 24425 1 0
20130731006 00:30:00 16920 0 0
20130731007 00:35:00 54489 1 0
20130731008 00:40:00 61162 1 0
20130731009 00:45:00 24319 0 0
20130731010 00:50:00 85683 0 0
20130731011 00:55:00 74731 1 0
20130731012 01:00:00 97985 1 0
20130731013 01:05:00 66426 1 0
20130731014 01:10:00 26684 1 0
20130731015 01:15:00 71526 0 0
20130731016 01:20:00 28523 0 0
20130731017 01:25:00 62435 0 0
20130731018 01:30:00 70047 1 0
20130731019 01:35:00 53599 1 1
20130731020 01:40:00 21885 0 1
20130731021 01:45:00 82044 0 1
20130731022 01:50:00 77959 1 1
20130731023 01:55:00 67102 0 0
20130731024 10:00:00 51511 1 1
20130731025 10:10:00 66030 1 1
20130731026 10:20:00 21795 0 0
20130731027 10:30:00 92532 0 0
20130731028 10:40:00 66359 1 0
20130731029 10:50:00 08610 0 0
20130731030 11:00:00 53310 1 0
20130731031 11:10:00 22542 1 0
20130731032 11:20:00 32585 0 1
20130731033 11:30:00 70593 0 0
20130731034 11:40:00 05845 0 0
20130731035 11:50:00 00066 1 1
20130731036 12:00:00 77139 1 0
20130731037 12:10:00 71045 0 0
20130731038 12:20:00 20629 0 0
20130731039 12:30:00 49574 0 0
20130731040 12:40:00 65831 0 0
20130731041 12:50:00 27358 0 0
20130731042 13:00:00 81670 0 0
20130731043 13:10:00 92220 1 1
20130731044 13:20:00 05890 0 0
20130731045 13:30:00 12307 0 0
20130731046 13:40:00 55059 1 0
20130731047 13:50:00 17546 0 0
20130731048 14:00:00 41504 0 0
20130731049 14:10:00 41864 0 0
20130731050 14:20:00 25773 0 1
20130731051 14:30:00 78904 0 0
20130731052 14:40:00 71453 0 0
20130731053 14:50:00 68811 1 1
20130731054 15:00:00 21035 0 0
20130731055 15:10:00 49184 0 0
20130731056 15:20:00 96659 1 0
20130731057 15:30:00 88625 1 0
20130731058 15:40:00 36438 0 0
20130731059 15:50:00 78533 0 1
20130731060 16:00:00 48869 1 0
20130731061 16:10:00 76268 0 0
20130731062 16:20:00 03579 0 0
20130731063 16:30:00 30675 0 0
20130731064 16:40:00 60807 0 0
20130731065 16:50:00 74581 0 0
20130731066 17:00:00 29643 0 0
20130731067 17:10:00 22633 1 1
20130731068 17:20:00 45395 0 0
20130731069 17:30:00 76790 1 0
20130731070 17:40:00 05526 1 0
20130731071 17:50:00 85953 0 0
20130731072 18:00:00 51704 0 0
20130731073 18:10:00 80124 0 0
20130731074 18:20:00 34510 0 0
20130731075 18:30:00 14965 0 0
20130731076 18:40:00 56579 1 0
20130731077 18:50:00 44610 1 0
20130731078 19:00:00 67053 0 0
20130731079 19:10:00 46412 1 0
20130731080 19:20:00 78827 1 0
20130731081 19:30:00 51669 0 1
20130731082 19:40:00 67583 0 0
20130731083 19:50:00 56042 0 0
20130731084 20:00:00 53894 0 0
20130731085 20:10:00 22786 1 0
20130731086 20:20:00 49035 0 0
20130731087 20:30:00 43449 1 1
20130731088 20:40:00 67677 1 1
20130731089 20:50:00 33674 1 0
20130731090 21:00:00 48496 1 0
20130731091 21:10:00 44982 1 0
20130731092 21:20:00 58934 0 0
20130731093 21:30:00 44884 1 1
20130731094 21:40:00 11277 1 1
20130731095 21:50:00 04500 0 1
20130731096 22:00:00 76585 0 1
20130731097 22:05:00 32349 1 0
20130731098 22:10:00 70894 0 0
20130731099 22:15:00 22947 1 0
20130731100 22:20:00 17255 0 1
20130731101 22:25:00 81052 0 0
20130731102 22:30:00 74252 0 1
20130731103 22:35:00 48815 1 0
20130731104 22:40:00 42177 0 1
20130731105 22:45:00 01954 0 0
20130731106 22:50:00 49853 0 0
20130731107 22:55:00 41136 1 0
20130731108 23:00:00 73099 0 1
20130731109 23:05:00 21882 0 1
20130731110 23:10:00 15316 0 0
20130731111 23:15:00 25462 0 0
20130731112 23:20:00 92040 0 1
20130731113 23:25:00 56318 0 0
20130731114 23:30:00 00876 1 0
20130731115 23:35:00 66303 1 1
20130731116 23:40:00 15838 0 1
20130731117 23:45:00 69925 1 0
20130731118 23:50:00 43619 0 0
20130731119 23:55:00 62040 0 1
20130731120 00:00:00 49211 0 1
