20131106001 00:05:00 76079 0 0
20131106002 00:10:00 47208 0 0
20131106003 00:15:00 90703 0 0
20131106004 00:20:00 43718 0 0
20131106005 00:25:00 40227 0 1
20131106006 00:30:00 90422 0 1
20131106007 00:35:00 06473 0 0
20131106008 00:40:00 29631 0 0
20131106009 00:45:00 02706 0 0
20131106010 00:50:00 01563 0 0
20131106011 00:55:00 27003 0 1
20131106012 01:00:00 80392 0 0
20131106013 01:05:00 92964 1 0
20131106014 01:10:00 26184 0 0
20131106015 01:15:00 01266 0 1
20131106016 01:20:00 89695 0 0
20131106017 01:25:00 15320 0 0
20131106018 01:30:00 95598 1 0
20131106019 01:35:00 75235 0 0
20131106020 01:40:00 39822 0 1
20131106021 01:45:00 05114 0 1
20131106022 01:50:00 25925 0 0
20131106023 01:55:00 36810 0 0
20131106024 10:00:00 34303 1 1
20131106025 10:10:00 24852 0 0
20131106026 10:20:00 25763 0 0
20131106027 10:30:00 89528 0 0
20131106028 10:40:00 41319 0 0
20131106029 10:50:00 57124 0 0
20131106030 11:00:00 14985 0 0
20131106031 11:10:00 54936 0 0
20131106032 11:20:00 31479 0 0
20131106033 11:30:00 85387 0 0
20131106034 11:40:00 37875 0 0
20131106035 11:50:00 83195 0 0
20131106036 12:00:00 93392 1 0
20131106037 12:10:00 55467 1 0
20131106038 12:20:00 91897 0 0
20131106039 12:30:00 51111 1 1
20131106040 12:40:00 17816 0 0
20131106041 12:50:00 35878 0 1
20131106042 13:00:00 93982 1 0
20131106043 13:10:00 47834 0 0
20131106044 13:20:00 14798 0 0
20131106045 13:30:00 87812 1 0
20131106046 13:40:00 60789 0 0
20131106047 13:50:00 88802 1 0
20131106048 14:00:00 30205 0 0
20131106049 14:10:00 43121 0 1
20131106050 14:20:00 64243 0 0
20131106051 14:30:00 76485 0 0
20131106052 14:40:00 83334 1 1
20131106053 14:50:00 05739 0 0
20131106054 15:00:00 34653 0 0
20131106055 15:10:00 39179 0 0
20131106056 15:20:00 89782 0 0
20131106057 15:30:00 08784 0 0
20131106058 15:40:00 14413 1 0
20131106059 15:50:00 60233 0 1
20131106060 16:00:00 81614 0 0
20131106061 16:10:00 82953 0 0
20131106062 16:20:00 76459 0 0
20131106063 16:30:00 57398 0 0
20131106064 16:40:00 69203 0 0
20131106065 16:50:00 27943 0 0
20131106066 17:00:00 35162 0 0
20131106067 17:10:00 78080 0 1
20131106068 17:20:00 11173 1 0
20131106069 17:30:00 98601 0 0
20131106070 17:40:00 43031 0 0
20131106071 17:50:00 42595 0 1
20131106072 18:00:00 06986 0 0
20131106073 18:10:00 93302 1 0
20131106074 18:20:00 36297 0 0
20131106075 18:30:00 68192 0 0
20131106076 18:40:00 03847 0 0
20131106077 18:50:00 39258 0 0
20131106078 19:00:00 25253 1 0
20131106079 19:10:00 51300 0 1
20131106080 19:20:00 77879 1 0
20131106081 19:30:00 96424 0 1
20131106082 19:40:00 03161 0 1
20131106083 19:50:00 37725 1 0
20131106084 20:00:00 71605 0 0
20131106085 20:10:00 10562 0 0
20131106086 20:20:00 68160 0 0
20131106087 20:30:00 32320 1 0
20131106088 20:40:00 31911 0 1
20131106089 20:50:00 02172 0 0
20131106090 21:00:00 68380 0 0
20131106091 21:10:00 94704 0 0
20131106092 21:20:00 77768 1 0
20131106093 21:30:00 91309 0 0
20131106094 21:40:00 42421 1 0
20131106095 21:50:00 41889 0 1
20131106096 22:00:00 60918 0 0
20131106097 22:05:00 01172 1 0
20131106098 22:10:00 13623 0 0
20131106099 22:15:00 38206 0 0
20131106100 22:20:00 30780 0 0
20131106101 22:25:00 53706 0 0
20131106102 22:30:00 29916 1 0
20131106103 22:35:00 28878 1 1
20131106104 22:40:00 94825 0 0
20131106105 22:45:00 00573 1 0
20131106106 22:50:00 33614 1 0
20131106107 22:55:00 07251 0 0
20131106108 23:00:00 06038 1 0
20131106109 23:05:00 00164 1 0
20131106110 23:10:00 65781 0 0
20131106111 23:15:00 70515 0 1
20131106112 23:20:00 71185 1 0
20131106113 23:25:00 71700 1 1
20131106114 23:30:00 70302 0 0
20131106115 23:35:00 34495 1 0
20131106116 23:40:00 93840 0 0
20131106117 23:45:00 04252 0 1
20131106118 23:50:00 05671 0 0
20131106119 23:55:00 45959 0 1
20131106120 00:00:00 48904 0 0
