20131129001 00:05:00 96395 0 0
20131129002 00:10:00 44796 1 0
20131129003 00:15:00 86560 0 0
20131129004 00:20:00 09243 0 0
20131129005 00:25:00 90011 1 1
20131129006 00:30:00 65125 0 0
20131129007 00:35:00 97938 1 0
20131129008 00:40:00 88320 1 0
20131129009 00:45:00 74271 0 0
20131129010 00:50:00 29052 0 0
20131129011 00:55:00 79891 0 0
20131129012 01:00:00 79118 0 1
20131129013 01:05:00 55216 1 0
20131129014 01:10:00 49731 0 0
20131129015 01:15:00 47322 0 1
20131129016 01:20:00 29009 0 1
20131129017 01:25:00 85702 0 0
20131129018 01:30:00 32881 0 1
20131129019 01:35:00 94749 0 0
20131129020 01:40:00 22791 1 0
20131129021 01:45:00 54070 0 1
20131129022 01:50:00 78746 1 0
20131129023 01:55:00 00272 1 1
20131129024 10:00:00 40560 0 0
20131129025 10:10:00 43054 0 0
20131129026 10:20:00 54590 1 0
20131129027 10:30:00 37193 0 0
20131129028 10:40:00 89007 0 1
20131129029 10:50:00 42700 0 1
20131129030 11:00:00 65969 0 1
20131129031 11:10:00 25071 0 0
20131129032 11:20:00 02295 1 0
20131129033 11:30:00 59327 0 0
20131129034 11:40:00 39765 0 0
20131129035 11:50:00 50042 1 0
20131129036 12:00:00 67829 0 0
20131129037 12:10:00 49712 0 0
20131129038 12:20:00 78791 1 0
20131129039 12:30:00 26707 0 1
20131129040 12:40:00 46768 0 0
20131129041 12:50:00 52161 0 1
20131129042 13:00:00 44678 1 0
20131129043 13:10:00 03420 0 0
20131129044 13:20:00 05134 0 0
20131129045 13:30:00 89953 1 0
20131129046 13:40:00 37016 0 0
20131129047 13:50:00 13676 0 1
20131129048 14:00:00 34188 0 1
20131129049 14:10:00 04723 0 0
20131129050 14:20:00 27597 0 0
20131129051 14:30:00 46882 0 1
20131129052 14:40:00 90424 0 1
20131129053 14:50:00 54433 1 1
20131129054 15:00:00 44592 1 0
20131129055 15:10:00 10617 0 0
20131129056 15:20:00 52660 0 1
20131129057 15:30:00 54712 0 0
20131129058 15:40:00 59036 0 0
20131129059 15:50:00 91738 0 0
20131129060 16:00:00 58276 0 0
20131129061 16:10:00 66008 1 1
20131129062 16:20:00 36260 0 0
20131129063 16:30:00 58704 0 0
20131129064 16:40:00 65528 1 0
20131129065 16:50:00 10974 0 0
20131129066 17:00:00 90082 1 0
20131129067 17:10:00 72449 0 1
20131129068 17:20:00 53366 1 1
20131129069 17:30:00 28314 0 0
20131129070 17:40:00 32129 0 0
20131129071 17:50:00 94038 0 0
20131129072 18:00:00 90152 0 0
20131129073 18:10:00 29547 0 0
20131129074 18:20:00 46626 1 1
20131129075 18:30:00 29007 0 1
20131129076 18:40:00 69457 0 0
20131129077 18:50:00 54125 0 0
20131129078 19:00:00 59466 0 1
20131129079 19:10:00 14026 0 0
20131129080 19:20:00 14557 0 1
20131129081 19:30:00 53827 0 0
20131129082 19:40:00 49249 0 0
20131129083 19:50:00 27957 0 0
20131129084 20:00:00 50368 0 0
20131129085 20:10:00 41923 0 0
20131129086 20:20:00 88613 1 0
20131129087 20:30:00 67368 0 0
20131129088 20:40:00 82270 1 0
20131129089 20:50:00 09712 0 0
20131129090 21:00:00 50831 0 0
20131129091 21:10:00 90070 1 1
20131129092 21:20:00 87711 1 1
20131129093 21:30:00 77317 1 0
20131129094 21:40:00 72957 0 0
20131129095 21:50:00 56288 0 1
20131129096 22:00:00 51728 0 0
20131129097 22:05:00 32636 0 1
20131129098 22:10:00 38003 0 1
20131129099 22:15:00 36916 0 0
20131129100 22:20:00 18759 0 0
20131129101 22:25:00 73816 0 0
20131129102 22:30:00 34181 0 1
20131129103 22:35:00 16694 1 0
20131129104 22:40:00 90331 0 1
20131129105 22:45:00 64803 0 0
20131129106 22:50:00 46276 0 0
20131129107 22:55:00 28996 0 1
20131129108 23:00:00 80155 0 1
20131129109 23:05:00 52978 0 0
20131129110 23:10:00 33961 1 0
20131129111 23:15:00 99273 1 0
20131129112 23:20:00 32893 0 0
20131129113 23:25:00 23880 0 1
20131129114 23:30:00 66161 1 1
20131129115 23:35:00 71424 0 1
20131129116 23:40:00 65170 0 0
20131129117 23:45:00 55389 1 0
20131129118 23:50:00 79457 0 0
20131129119 23:55:00 31147 1 0
20131129120 00:00:00 14076 0 0
