20130217001 00:05:00 25562 1 0
20130217002 00:10:00 42352 0 0
20130217003 00:15:00 34178 0 0
20130217004 00:20:00 82364 0 0
20130217005 00:25:00 50140 0 0
20130217006 00:30:00 77151 1 1
20130217007 00:35:00 01673 0 0
20130217008 00:40:00 76198 0 0
20130217009 00:45:00 86478 0 0
20130217010 00:50:00 17218 0 0
20130217011 00:55:00 65789 0 0
20130217012 01:00:00 43695 0 0
20130217013 01:05:00 99917 1 0
20130217014 01:10:00 95153 0 0
20130217015 01:15:00 64122 0 1
20130217016 01:20:00 42864 0 0
20130217017 01:25:00 65935 0 0
20130217018 01:30:00 07585 0 1
20130217019 01:35:00 13944 0 1
20130217020 01:40:00 84652 0 0
20130217021 01:45:00 85524 1 0
20130217022 01:50:00 77223 1 1
20130217023 01:55:00 58190 0 0
20130217024 10:00:00 62396 0 0
20130217025 10:10:00 84596 0 0
20130217026 10:20:00 69409 0 0
20130217027 10:30:00 52712 0 0
20130217028 10:40:00 91445 0 1
20130217029 10:50:00 89531 0 0
20130217030 11:00:00 94379 0 0
20130217031 11:10:00 71903 0 0
20130217032 11:20:00 69386 0 0
20130217033 11:30:00 53964 0 0
20130217034 11:40:00 11096 1 0
20130217035 11:50:00 98690 0 0
20130217036 12:00:00 84239 0 0
20130217037 12:10:00 86322 0 1
20130217038 12:20:00 35837 0 0
20130217039 12:30:00 98512 0 0
20130217040 12:40:00 53948 0 0
20130217041 12:50:00 08054 1 0
20130217042 13:00:00 41738 0 0
20130217043 13:10:00 43226 0 1
20130217044 13:20:00 77658 1 0
20130217045 13:30:00 19878 0 1
20130217046 13:40:00 54843 0 0
20130217047 13:50:00 34284 0 0
20130217048 14:00:00 94973 1 0
20130217049 14:10:00 79358 0 0
20130217050 14:20:00 66795 1 0
20130217051 14:30:00 90845 0 0
20130217052 14:40:00 24602 0 0
20130217053 14:50:00 27814 0 0
20130217054 15:00:00 18217 0 0
20130217055 15:10:00 58784 0 0
20130217056 15:20:00 84595 0 1
20130217057 15:30:00 49762 0 0
20130217058 15:40:00 98430 0 0
20130217059 15:50:00 57384 0 0
20130217060 16:00:00 27330 0 1
20130217061 16:10:00 95313 0 1
20130217062 16:20:00 84808 1 1
20130217063 16:30:00 26514 0 0
20130217064 16:40:00 42250 1 0
20130217065 16:50:00 76017 0 0
20130217066 17:00:00 91647 0 0
20130217067 17:10:00 20586 0 0
20130217068 17:20:00 44222 1 1
20130217069 17:30:00 56403 0 0
20130217070 17:40:00 19472 0 0
20130217071 17:50:00 56714 0 0
20130217072 18:00:00 84838 1 1
20130217073 18:10:00 15220 0 1
20130217074 18:20:00 35813 0 0
20130217075 18:30:00 62490 0 0
20130217076 18:40:00 31095 0 0
20130217077 18:50:00 18659 0 0
20130217078 19:00:00 82074 0 0
20130217079 19:10:00 86158 0 0
20130217080 19:20:00 84722 0 1
20130217081 19:30:00 55427 1 0
20130217082 19:40:00 67666 1 1
20130217083 19:50:00 26396 0 0
20130217084 20:00:00 19609 0 0
20130217085 20:10:00 71564 0 0
20130217086 20:20:00 41317 0 0
20130217087 20:30:00 25577 1 1
20130217088 20:40:00 30272 0 1
20130217089 20:50:00 79519 0 0
20130217090 21:00:00 18061 0 0
20130217091 21:10:00 39614 0 0
20130217092 21:20:00 99522 1 1
20130217093 21:30:00 93006 0 1
20130217094 21:40:00 80209 0 0
20130217095 21:50:00 97240 0 0
20130217096 22:00:00 26302 0 0
20130217097 22:05:00 50128 0 0
20130217098 22:10:00 72698 0 0
20130217099 22:15:00 05174 0 0
20130217100 22:20:00 18779 0 1
20130217101 22:25:00 38779 0 1
20130217102 22:30:00 81495 0 0
20130217103 22:35:00 41692 0 0
20130217104 22:40:00 13597 0 0
20130217105 22:45:00 07758 1 0
20130217106 22:50:00 26043 0 0
20130217107 22:55:00 04569 0 0
20130217108 23:00:00 92718 0 0
20130217109 23:05:00 15834 0 0
20130217110 23:10:00 94014 0 0
20130217111 23:15:00 37690 0 0
20130217112 23:20:00 38098 0 0
20130217113 23:25:00 32348 1 0
20130217114 23:30:00 48404 1 1
20130217115 23:35:00 54488 1 1
20130217116 23:40:00 07681 0 0
20130217117 23:45:00 98273 0 0
20130217118 23:50:00 36400 0 1
20130217119 23:55:00 75532 1 0
20130217120 00:00:00 82080 0 1
