20131217001 00:05:00 46137 0 0
20131217002 00:10:00 62656 1 1
20131217003 00:15:00 03395 1 0
20131217004 00:20:00 99039 1 0
20131217005 00:25:00 69830 0 0
20131217006 00:30:00 30426 0 0
20131217007 00:35:00 68301 0 0
20131217008 00:40:00 45690 0 0
20131217009 00:45:00 13103 1 0
20131217010 00:50:00 77767 1 1
20131217011 00:55:00 74249 0 0
20131217012 01:00:00 47764 1 0
20131217013 01:05:00 53746 0 0
20131217014 01:10:00 19604 0 0
20131217015 01:15:00 88491 1 0
20131217016 01:20:00 08288 0 1
20131217017 01:25:00 36787 0 1
20131217018 01:30:00 30824 0 0
20131217019 01:35:00 45344 0 1
20131217020 01:40:00 24306 0 0
20131217021 01:45:00 49087 0 0
20131217022 01:50:00 02687 0 0
20131217023 01:55:00 80722 0 1
20131217024 10:00:00 70165 0 0
20131217025 10:10:00 59967 1 0
20131217026 10:20:00 90532 0 0
20131217027 10:30:00 98070 0 1
20131217028 10:40:00 85065 0 0
20131217029 10:50:00 80439 0 0
20131217030 11:00:00 28794 0 0
20131217031 11:10:00 76696 1 1
20131217032 11:20:00 56925 0 0
20131217033 11:30:00 78289 0 0
20131217034 11:40:00 54338 0 1
20131217035 11:50:00 15971 0 0
20131217036 12:00:00 16011 0 1
20131217037 12:10:00 33484 1 1
20131217038 12:20:00 52718 0 0
20131217039 12:30:00 16314 0 0
20131217040 12:40:00 93575 0 1
20131217041 12:50:00 19594 0 0
20131217042 13:00:00 50811 0 1
20131217043 13:10:00 64323 0 1
20131217044 13:20:00 46479 1 0
20131217045 13:30:00 30983 0 0
20131217046 13:40:00 67910 0 0
20131217047 13:50:00 24011 0 1
20131217048 14:00:00 83466 0 1
20131217049 14:10:00 92771 0 1
20131217050 14:20:00 68273 0 0
20131217051 14:30:00 15651 0 0
20131217052 14:40:00 81073 0 0
20131217053 14:50:00 44768 1 0
20131217054 15:00:00 21649 0 0
20131217055 15:10:00 96120 0 0
20131217056 15:20:00 73059 0 0
20131217057 15:30:00 89173 0 0
20131217058 15:40:00 36021 0 0
20131217059 15:50:00 75731 1 0
20131217060 16:00:00 22791 1 0
20131217061 16:10:00 12025 0 0
20131217062 16:20:00 17847 0 0
20131217063 16:30:00 05304 0 0
20131217064 16:40:00 72202 1 1
20131217065 16:50:00 85178 0 0
20131217066 17:00:00 21842 0 0
20131217067 17:10:00 06797 0 1
20131217068 17:20:00 62206 1 0
20131217069 17:30:00 98823 1 0
20131217070 17:40:00 15327 0 0
20131217071 17:50:00 16950 0 0
20131217072 18:00:00 12077 0 1
20131217073 18:10:00 44260 1 0
20131217074 18:20:00 49420 1 0
20131217075 18:30:00 29402 0 0
20131217076 18:40:00 54483 1 0
20131217077 18:50:00 14384 0 0
20131217078 19:00:00 56265 0 0
20131217079 19:10:00 72914 0 0
20131217080 19:20:00 03232 0 1
20131217081 19:30:00 21128 1 0
20131217082 19:40:00 50449 0 1
20131217083 19:50:00 28944 0 1
20131217084 20:00:00 86225 0 1
20131217085 20:10:00 78167 0 0
20131217086 20:20:00 51800 0 1
20131217087 20:30:00 06814 0 0
20131217088 20:40:00 01661 0 1
20131217089 20:50:00 68248 0 0
20131217090 21:00:00 26628 1 0
20131217091 21:10:00 24401 1 0
20131217092 21:20:00 23349 1 0
20131217093 21:30:00 58399 0 1
20131217094 21:40:00 69025 0 0
20131217095 21:50:00 42216 1 0
20131217096 22:00:00 76087 0 0
20131217097 22:05:00 74009 0 1
20131217098 22:10:00 16739 0 0
20131217099 22:15:00 59061 0 0
20131217100 22:20:00 18291 0 0
20131217101 22:25:00 05825 0 0
20131217102 22:30:00 39274 0 0
20131217103 22:35:00 77230 1 0
20131217104 22:40:00 12594 0 0
20131217105 22:45:00 35721 0 0
20131217106 22:50:00 29960 1 0
20131217107 22:55:00 67637 1 0
20131217108 23:00:00 03955 0 1
20131217109 23:05:00 94177 0 1
20131217110 23:10:00 02228 1 1
20131217111 23:15:00 53433 0 1
20131217112 23:20:00 16524 0 0
20131217113 23:25:00 66154 1 0
20131217114 23:30:00 21014 0 0
20131217115 23:35:00 37318 1 0
20131217116 23:40:00 59903 1 0
20131217117 23:45:00 29781 0 0
20131217118 23:50:00 08577 0 1
20131217119 23:55:00 66002 1 1
20131217120 00:00:00 59876 0 0
