20130927001 00:05:00 85772 0 1
20130927002 00:10:00 44129 1 0
20130927003 00:15:00 37828 0 1
20130927004 00:20:00 85449 0 1
20130927005 00:25:00 50632 0 0
20130927006 00:30:00 15774 0 1
20130927007 00:35:00 33448 1 1
20130927008 00:40:00 07667 0 1
20130927009 00:45:00 64350 0 0
20130927010 00:50:00 90364 0 0
20130927011 00:55:00 24976 0 0
20130927012 01:00:00 74946 0 0
20130927013 01:05:00 15859 0 0
20130927014 01:10:00 43662 0 1
20130927015 01:15:00 47858 0 1
20130927016 01:20:00 32456 0 0
20130927017 01:25:00 87353 0 1
20130927018 01:30:00 82028 0 0
20130927019 01:35:00 33506 1 0
20130927020 01:40:00 77226 1 1
20130927021 01:45:00 18432 0 0
20130927022 01:50:00 84058 0 0
20130927023 01:55:00 72001 0 1
20130927024 10:00:00 51302 0 0
20130927025 10:10:00 20064 1 0
20130927026 10:20:00 90729 0 0
20130927027 10:30:00 66234 1 0
20130927028 10:40:00 48802 1 0
20130927029 10:50:00 78107 0 0
20130927030 11:00:00 29404 0 1
20130927031 11:10:00 45098 0 0
20130927032 11:20:00 20062 1 0
20130927033 11:30:00 84362 0 0
20130927034 11:40:00 98841 1 0
20130927035 11:50:00 12819 0 0
20130927036 12:00:00 96841 0 0
20130927037 12:10:00 98344 0 1
20130927038 12:20:00 61588 0 1
20130927039 12:30:00 00383 1 1
20130927040 12:40:00 98434 0 1
20130927041 12:50:00 53425 0 0
20130927042 13:00:00 44867 1 0
20130927043 13:10:00 58878 1 1
20130927044 13:20:00 95943 1 0
20130927045 13:30:00 61453 0 0
20130927046 13:40:00 90168 0 0
20130927047 13:50:00 29506 0 0
20130927048 14:00:00 06709 0 0
20130927049 14:10:00 51748 0 0
20130927050 14:20:00 07555 0 1
20130927051 14:30:00 35015 0 0
20130927052 14:40:00 70419 0 0
20130927053 14:50:00 28378 0 0
20130927054 15:00:00 94782 0 0
20130927055 15:10:00 80780 0 0
20130927056 15:20:00 75816 0 0
20130927057 15:30:00 88308 1 0
20130927058 15:40:00 59759 0 0
20130927059 15:50:00 57162 0 0
20130927060 16:00:00 17130 1 0
20130927061 16:10:00 50779 0 1
20130927062 16:20:00 94489 1 0
20130927063 16:30:00 43619 0 0
20130927064 16:40:00 86248 0 0
20130927065 16:50:00 58844 1 1
20130927066 17:00:00 42148 0 0
20130927067 17:10:00 52934 0 0
20130927068 17:20:00 83474 0 1
20130927069 17:30:00 87363 0 1
20130927070 17:40:00 35235 0 0
20130927071 17:50:00 84031 0 0
20130927072 18:00:00 71900 0 1
20130927073 18:10:00 15721 0 0
20130927074 18:20:00 66856 1 0
20130927075 18:30:00 28444 0 1
20130927076 18:40:00 02001 1 1
20130927077 18:50:00 27378 0 0
20130927078 19:00:00 22466 1 1
20130927079 19:10:00 54171 0 1
20130927080 19:20:00 07127 0 0
20130927081 19:30:00 13743 0 0
20130927082 19:40:00 80696 0 1
20130927083 19:50:00 53790 0 0
20130927084 20:00:00 51754 0 0
20130927085 20:10:00 35204 0 0
20130927086 20:20:00 19022 0 1
20130927087 20:30:00 90444 0 1
20130927088 20:40:00 44322 1 1
20130927089 20:50:00 21168 1 0
20130927090 21:00:00 41548 0 0
20130927091 21:10:00 81878 1 1
20130927092 21:20:00 61727 0 1
20130927093 21:30:00 54292 0 1
20130927094 21:40:00 81847 1 0
20130927095 21:50:00 45115 0 1
20130927096 22:00:00 38564 0 0
20130927097 22:05:00 59938 1 0
20130927098 22:10:00 09861 0 0
20130927099 22:15:00 88078 1 0
20130927100 22:20:00 21686 0 1
20130927101 22:25:00 05343 0 1
20130927102 22:30:00 12806 0 0
20130927103 22:35:00 88861 1 0
20130927104 22:40:00 93792 0 0
20130927105 22:45:00 69215 0 0
20130927106 22:50:00 46169 0 0
20130927107 22:55:00 79599 0 1
20130927108 23:00:00 99731 1 0
20130927109 23:05:00 43793 0 0
20130927110 23:10:00 99264 1 0
20130927111 23:15:00 60163 0 0
20130927112 23:20:00 04497 1 0
20130927113 23:25:00 79136 0 0
20130927114 23:30:00 03417 0 0
20130927115 23:35:00 59836 0 0
20130927116 23:40:00 25213 1 0
20130927117 23:45:00 81891 1 0
20130927118 23:50:00 54070 0 1
20130927119 23:55:00 94202 0 1
20130927120 00:00:00 88741 1 0
