20130112001 00:05:00 91584 0 0
20130112002 00:10:00 41136 1 0
20130112003 00:15:00 74279 0 0
20130112004 00:20:00 43636 0 1
20130112005 00:25:00 03743 0 0
20130112006 00:30:00 45713 0 0
20130112007 00:35:00 17665 0 1
20130112008 00:40:00 67906 0 0
20130112009 00:45:00 85072 0 0
20130112010 00:50:00 66391 1 0
20130112011 00:55:00 30108 0 0
20130112012 01:00:00 03097 1 0
20130112013 01:05:00 45385 0 0
20130112014 01:10:00 90074 1 0
20130112015 01:15:00 73357 1 0
20130112016 01:20:00 75606 0 1
20130112017 01:25:00 89953 1 0
20130112018 01:30:00 58618 0 0
20130112019 01:35:00 21191 1 1
20130112020 01:40:00 53435 0 0
20130112021 01:45:00 57056 0 0
20130112022 01:50:00 12536 0 0
20130112023 01:55:00 16660 1 1
20130112024 10:00:00 99971 1 0
20130112025 10:10:00 01754 0 0
20130112026 10:20:00 70372 0 0
20130112027 10:30:00 35884 0 1
20130112028 10:40:00 01929 0 1
20130112029 10:50:00 69251 0 0
20130112030 11:00:00 38770 0 1
20130112031 11:10:00 44285 1 0
20130112032 11:20:00 22494 1 1
20130112033 11:30:00 11110 1 1
20130112034 11:40:00 90578 0 0
20130112035 11:50:00 08732 0 0
20130112036 12:00:00 59662 0 1
20130112037 12:10:00 51385 0 0
20130112038 12:20:00 35319 1 0
20130112039 12:30:00 57574 1 0
20130112040 12:40:00 89406 0 0
20130112041 12:50:00 40480 1 0
20130112042 13:00:00 17574 0 0
20130112043 13:10:00 18506 0 0
20130112044 13:20:00 35487 0 0
20130112045 13:30:00 67192 0 0
20130112046 13:40:00 12605 0 0
20130112047 13:50:00 64112 0 1
20130112048 14:00:00 86230 0 0
20130112049 14:10:00 10085 1 0
20130112050 14:20:00 45074 0 0
20130112051 14:30:00 76139 0 0
20130112052 14:40:00 75272 0 1
20130112053 14:50:00 27240 1 0
20130112054 15:00:00 16630 1 0
20130112055 15:10:00 77371 1 0
20130112056 15:20:00 18861 1 0
20130112057 15:30:00 58630 0 0
20130112058 15:40:00 86448 0 1
20130112059 15:50:00 13178 1 0
20130112060 16:00:00 67273 0 0
20130112061 16:10:00 61372 0 0
20130112062 16:20:00 05389 0 0
20130112063 16:30:00 81282 0 1
20130112064 16:40:00 95979 1 1
20130112065 16:50:00 89460 0 0
20130112066 17:00:00 19083 0 0
20130112067 17:10:00 33568 1 0
20130112068 17:20:00 42709 0 0
20130112069 17:30:00 36021 0 0
20130112070 17:40:00 16244 0 1
20130112071 17:50:00 93931 1 0
20130112072 18:00:00 09727 0 1
20130112073 18:10:00 58373 0 1
20130112074 18:20:00 22806 1 0
20130112075 18:30:00 51200 0 1
20130112076 18:40:00 71970 0 0
20130112077 18:50:00 80788 0 1
20130112078 19:00:00 53268 0 0
20130112079 19:10:00 82561 0 0
20130112080 19:20:00 51886 0 1
20130112081 19:30:00 81157 1 0
20130112082 19:40:00 69442 0 1
20130112083 19:50:00 85624 0 0
20130112084 20:00:00 27778 1 1
20130112085 20:10:00 59780 0 0
20130112086 20:20:00 08323 0 1
20130112087 20:30:00 70935 0 0
20130112088 20:40:00 59347 0 0
20130112089 20:50:00 57504 1 0
20130112090 21:00:00 22423 1 0
20130112091 21:10:00 46801 0 0
20130112092 21:20:00 74739 1 0
20130112093 21:30:00 07871 0 0
20130112094 21:40:00 76301 0 0
20130112095 21:50:00 52299 1 1
20130112096 22:00:00 54086 0 0
20130112097 22:05:00 57275 0 0
20130112098 22:10:00 02878 0 1
20130112099 22:15:00 29325 0 0
20130112100 22:20:00 42243 1 0
20130112101 22:25:00 46616 1 1
20130112102 22:30:00 81412 0 0
20130112103 22:35:00 66179 1 0
20130112104 22:40:00 22323 1 1
20130112105 22:45:00 90418 0 0
20130112106 22:50:00 62594 0 0
20130112107 22:55:00 31425 0 0
20130112108 23:00:00 91665 0 1
20130112109 23:05:00 79387 0 0
20130112110 23:10:00 37032 0 0
20130112111 23:15:00 39227 0 1
20130112112 23:20:00 15178 1 0
20130112113 23:25:00 31763 0 0
20130112114 23:30:00 09024 1 0
20130112115 23:35:00 22894 1 0
20130112116 23:40:00 34805 0 0
20130112117 23:45:00 65620 1 0
20130112118 23:50:00 46266 0 1
20130112119 23:55:00 76610 1 0
20130112120 00:00:00 66647 1 0
