20130714001 00:05:00 27516 0 0
20130714002 00:10:00 68085 0 0
20130714003 00:15:00 73788 1 1
20130714004 00:20:00 50512 1 0
20130714005 00:25:00 99497 1 0
20130714006 00:30:00 23377 1 1
20130714007 00:35:00 01564 0 0
20130714008 00:40:00 14538 0 0
20130714009 00:45:00 75940 0 0
20130714010 00:50:00 19448 0 1
20130714011 00:55:00 75879 0 0
20130714012 01:00:00 12928 0 0
20130714013 01:05:00 89878 1 1
20130714014 01:10:00 74327 0 0
20130714015 01:15:00 43459 1 0
20130714016 01:20:00 33532 1 0
20130714017 01:25:00 43802 0 0
20130714018 01:30:00 47706 1 0
20130714019 01:35:00 87528 0 0
20130714020 01:40:00 08992 0 1
20130714021 01:45:00 72668 0 1
20130714022 01:50:00 50973 0 0
20130714023 01:55:00 61847 0 0
20130714024 10:00:00 95657 0 0
20130714025 10:10:00 35068 0 0
20130714026 10:20:00 54444 1 1
20130714027 10:30:00 11373 1 1
20130714028 10:40:00 16723 0 0
20130714029 10:50:00 52427 0 0
20130714030 11:00:00 79356 0 0
20130714031 11:10:00 46619 1 0
20130714032 11:20:00 74964 0 0
20130714033 11:30:00 48228 0 1
20130714034 11:40:00 77517 1 0
20130714035 11:50:00 20476 0 0
20130714036 12:00:00 43782 0 0
20130714037 12:10:00 92987 1 0
20130714038 12:20:00 89986 1 0
20130714039 12:30:00 04980 0 0
20130714040 12:40:00 20805 0 0
20130714041 12:50:00 95811 0 1
20130714042 13:00:00 88072 1 0
20130714043 13:10:00 40814 0 0
20130714044 13:20:00 18637 0 0
20130714045 13:30:00 18866 1 1
20130714046 13:40:00 39751 0 0
20130714047 13:50:00 29370 0 0
20130714048 14:00:00 36345 1 0
20130714049 14:10:00 64973 0 0
20130714050 14:20:00 20519 0 0
20130714051 14:30:00 82105 0 0
20130714052 14:40:00 26297 1 0
20130714053 14:50:00 60767 0 1
20130714054 15:00:00 14644 0 1
20130714055 15:10:00 67921 0 0
20130714056 15:20:00 11742 1 0
20130714057 15:30:00 38832 1 0
20130714058 15:40:00 31250 0 0
20130714059 15:50:00 91647 0 0
20130714060 16:00:00 14834 0 0
20130714061 16:10:00 19919 1 1
20130714062 16:20:00 36442 0 1
20130714063 16:30:00 93334 1 1
20130714064 16:40:00 65363 0 1
20130714065 16:50:00 68059 0 0
20130714066 17:00:00 57548 1 0
20130714067 17:10:00 40488 1 1
20130714068 17:20:00 99477 1 1
20130714069 17:30:00 94519 0 0
20130714070 17:40:00 83870 1 0
20130714071 17:50:00 87481 0 0
20130714072 18:00:00 24991 0 1
20130714073 18:10:00 58316 0 0
20130714074 18:20:00 88000 1 1
20130714075 18:30:00 37488 0 1
20130714076 18:40:00 16085 0 0
20130714077 18:50:00 52474 0 1
20130714078 19:00:00 31936 0 0
20130714079 19:10:00 55540 1 0
20130714080 19:20:00 03346 1 0
20130714081 19:30:00 08629 0 0
20130714082 19:40:00 75574 1 0
20130714083 19:50:00 56741 0 0
20130714084 20:00:00 88959 1 1
20130714085 20:10:00 41757 0 1
20130714086 20:20:00 17692 0 0
20130714087 20:30:00 18127 1 0
20130714088 20:40:00 68536 0 0
20130714089 20:50:00 43127 0 0
20130714090 21:00:00 17433 0 1
20130714091 21:10:00 21956 0 0
20130714092 21:20:00 92377 0 1
20130714093 21:30:00 46093 0 0
20130714094 21:40:00 49977 1 1
20130714095 21:50:00 97561 0 0
20130714096 22:00:00 30477 0 1
20130714097 22:05:00 26972 0 0
20130714098 22:10:00 05142 0 0
20130714099 22:15:00 31813 0 0
20130714100 22:20:00 52357 0 0
20130714101 22:25:00 77043 1 0
20130714102 22:30:00 57367 0 0
20130714103 22:35:00 98131 0 1
20130714104 22:40:00 52175 0 0
20130714105 22:45:00 02735 0 0
20130714106 22:50:00 66307 1 0
20130714107 22:55:00 88917 1 0
20130714108 23:00:00 89239 0 0
20130714109 23:05:00 55771 1 1
20130714110 23:10:00 49605 0 0
20130714111 23:15:00 91228 0 1
20130714112 23:20:00 34827 0 0
20130714113 23:25:00 27441 0 1
20130714114 23:30:00 77331 1 1
20130714115 23:35:00 13316 1 0
20130714116 23:40:00 07643 0 0
20130714117 23:45:00 22890 1 0
20130714118 23:50:00 42524 0 0
20130714119 23:55:00 90304 0 0
20130714120 00:00:00 84405 1 0
