20130524001 00:05:00 93235 0 0
20130524002 00:10:00 22089 1 0
20130524003 00:15:00 46350 0 0
20130524004 00:20:00 92423 0 0
20130524005 00:25:00 26951 0 0
20130524006 00:30:00 97353 0 1
20130524007 00:35:00 75343 0 1
20130524008 00:40:00 10856 0 0
20130524009 00:45:00 39509 0 0
20130524010 00:50:00 16638 1 0
20130524011 00:55:00 41940 0 0
20130524012 01:00:00 58937 0 0
20130524013 01:05:00 59403 0 0
20130524014 01:10:00 65241 0 0
20130524015 01:15:00 35926 0 0
20130524016 01:20:00 33573 1 0
20130524017 01:25:00 38407 0 0
20130524018 01:30:00 75337 0 1
20130524019 01:35:00 11443 1 1
20130524020 01:40:00 49895 0 0
20130524021 01:45:00 87721 1 0
20130524022 01:50:00 36087 0 0
20130524023 01:55:00 22828 1 1
20130524024 10:00:00 45909 0 1
20130524025 10:10:00 98360 0 0
20130524026 10:20:00 52152 0 0
20130524027 10:30:00 31906 0 0
20130524028 10:40:00 51166 1 1
20130524029 10:50:00 81942 0 0
20130524030 11:00:00 99346 1 0
20130524031 11:10:00 30216 0 0
20130524032 11:20:00 36855 0 1
20130524033 11:30:00 28234 1 0
20130524034 11:40:00 97148 0 0
20130524035 11:50:00 85343 0 1
20130524036 12:00:00 37266 0 1
20130524037 12:10:00 53648 0 0
20130524038 12:20:00 51703 0 0
20130524039 12:30:00 59553 1 1
20130524040 12:40:00 79365 0 0
20130524041 12:50:00 67318 0 0
20130524042 13:00:00 78919 0 1
20130524043 13:10:00 82505 0 1
20130524044 13:20:00 21755 0 1
20130524045 13:30:00 75274 0 0
20130524046 13:40:00 06446 0 1
20130524047 13:50:00 75120 0 0
20130524048 14:00:00 74430 1 0
20130524049 14:10:00 91165 1 0
20130524050 14:20:00 04897 0 0
20130524051 14:30:00 92475 0 0
20130524052 14:40:00 12837 0 0
20130524053 14:50:00 60457 0 0
20130524054 15:00:00 77417 1 0
20130524055 15:10:00 80032 1 0
20130524056 15:20:00 64238 0 0
20130524057 15:30:00 54495 1 0
20130524058 15:40:00 26361 0 0
20130524059 15:50:00 68295 0 0
20130524060 16:00:00 07798 1 0
20130524061 16:10:00 21210 1 0
20130524062 16:20:00 75255 0 1
20130524063 16:30:00 46992 0 1
20130524064 16:40:00 41008 0 1
20130524065 16:50:00 43857 0 0
20130524066 17:00:00 01911 0 1
20130524067 17:10:00 01505 0 1
20130524068 17:20:00 23123 0 0
20130524069 17:30:00 80846 1 0
20130524070 17:40:00 66118 1 1
20130524071 17:50:00 67855 0 1
20130524072 18:00:00 13677 0 1
20130524073 18:10:00 82495 0 0
20130524074 18:20:00 60066 1 1
20130524075 18:30:00 88030 1 1
20130524076 18:40:00 09447 0 1
20130524077 18:50:00 87784 1 0
20130524078 19:00:00 51146 1 0
20130524079 19:10:00 60396 0 0
20130524080 19:20:00 16708 0 0
20130524081 19:30:00 84300 0 1
20130524082 19:40:00 18738 0 0
20130524083 19:50:00 72151 0 1
20130524084 20:00:00 51250 0 0
20130524085 20:10:00 58851 1 0
20130524086 20:20:00 39969 1 1
20130524087 20:30:00 83614 0 0
20130524088 20:40:00 89071 0 0
20130524089 20:50:00 73923 0 0
20130524090 21:00:00 36103 0 0
20130524091 21:10:00 21293 1 0
20130524092 21:20:00 10362 0 0
20130524093 21:30:00 01153 1 0
20130524094 21:40:00 57230 0 0
20130524095 21:50:00 72596 0 0
20130524096 22:00:00 92609 0 0
20130524097 22:05:00 92340 0 0
20130524098 22:10:00 30513 0 0
20130524099 22:15:00 43843 0 0
20130524100 22:20:00 84493 1 0
20130524101 22:25:00 85725 0 0
20130524102 22:30:00 41895 0 0
20130524103 22:35:00 80384 0 0
20130524104 22:40:00 49676 0 1
20130524105 22:45:00 50896 0 0
20130524106 22:50:00 60842 0 0
20130524107 22:55:00 64865 0 0
20130524108 23:00:00 48692 0 0
20130524109 23:05:00 66253 1 0
20130524110 23:10:00 87990 0 1
20130524111 23:15:00 83220 0 1
20130524112 23:20:00 03574 0 0
20130524113 23:25:00 78382 0 0
20130524114 23:30:00 62275 1 0
20130524115 23:35:00 16942 0 0
20130524116 23:40:00 50103 0 0
20130524117 23:45:00 77045 1 0
20130524118 23:50:00 27038 0 0
20130524119 23:55:00 12992 0 1
20130524120 00:00:00 17366 0 1
