20131028001 00:05:00 40948 0 0
20131028002 00:10:00 55605 1 0
20131028003 00:15:00 12961 0 0
20131028004 00:20:00 70517 0 0
20131028005 00:25:00 28919 0 1
20131028006 00:30:00 17190 1 0
20131028007 00:35:00 74694 0 0
20131028008 00:40:00 55485 1 0
20131028009 00:45:00 11992 1 1
20131028010 00:50:00 63062 0 0
20131028011 00:55:00 45974 0 0
20131028012 01:00:00 90225 0 1
20131028013 01:05:00 26671 1 0
20131028014 01:10:00 33473 1 0
20131028015 01:15:00 44502 1 0
20131028016 01:20:00 99510 1 0
20131028017 01:25:00 30752 0 0
20131028018 01:30:00 90749 0 0
20131028019 01:35:00 76120 0 0
20131028020 01:40:00 97236 0 0
20131028021 01:45:00 23870 0 0
20131028022 01:50:00 42068 0 0
20131028023 01:55:00 12391 0 0
20131028024 10:00:00 21341 0 0
20131028025 10:10:00 26347 0 0
20131028026 10:20:00 14707 0 1
20131028027 10:30:00 92821 0 0
20131028028 10:40:00 67261 0 0
20131028029 10:50:00 90005 1 1
20131028030 11:00:00 34588 0 1
20131028031 11:10:00 96496 0 0
20131028032 11:20:00 92115 0 1
20131028033 11:30:00 06210 0 0
20131028034 11:40:00 19074 0 0
20131028035 11:50:00 10025 1 0
20131028036 12:00:00 74014 0 0
20131028037 12:10:00 16939 0 1
20131028038 12:20:00 34566 0 1
20131028039 12:30:00 61749 0 0
20131028040 12:40:00 46108 0 0
20131028041 12:50:00 57809 0 0
20131028042 13:00:00 88279 1 0
20131028043 13:10:00 33840 1 0
20131028044 13:20:00 80696 0 1
20131028045 13:30:00 05356 0 0
20131028046 13:40:00 24981 0 0
20131028047 13:50:00 05386 0 0
20131028048 14:00:00 93907 1 0
20131028049 14:10:00 06206 0 0
20131028050 14:20:00 23416 0 0
20131028051 14:30:00 14508 0 0
20131028052 14:40:00 53134 0 0
20131028053 14:50:00 21621 0 0
20131028054 15:00:00 80470 0 0
20131028055 15:10:00 14071 0 0
20131028056 15:20:00 19140 1 0
20131028057 15:30:00 18200 0 1
20131028058 15:40:00 49851 0 0
20131028059 15:50:00 68129 0 0
20131028060 16:00:00 89096 0 0
20131028061 16:10:00 47415 1 0
20131028062 16:20:00 70591 0 0
20131028063 16:30:00 33361 1 0
20131028069 17:30:00 69344 0 1
20131028070 17:40:00 63969 0 1
20131028071 17:50:00 23941 0 0
20131028072 18:00:00 75049 0 0
20131028073 18:10:00 59971 1 0
20131028074 18:20:00 14870 0 0
20131028075 18:30:00 36965 0 0
20131028076 18:40:00 59858 0 1
20131028077 18:50:00 13244 0 1
20131028078 19:00:00 79107 0 0
20131028079 19:10:00 55938 1 0
20131028080 19:20:00 32593 0 0
20131028081 19:30:00 60488 0 1
20131028082 19:40:00 80244 0 1
20131028083 19:50:00 34593 0 0
20131028084 20:00:00 21011 0 1
20131028085 20:10:00 82067 0 0
20131028086 20:20:00 75875 0 0
20131028087 20:30:00 79344 0 1
20131028088 20:40:00 80103 0 0
20131028089 20:50:00 01256 0 0
20131028090 21:00:00 10960 0 0
20131028091 21:10:00 19537 0 0
20131028092 21:20:00 44462 1 0
20131028093 21:30:00 09864 0 0
20131028094 21:40:00 65664 1 1
20131028095 21:50:00 23803 0 0
20131028096 22:00:00 50973 0 0
20131028097 22:05:00 83256 0 0
20131028098 22:10:00 17052 0 0
20131028099 22:15:00 02504 0 0
20131028100 22:20:00 34549 0 0
20131028101 22:25:00 98399 0 1
20131028102 22:30:00 33862 1 0
20131028103 22:35:00 76991 0 1
20131028104 22:40:00 80347 0 0
20131028105 22:45:00 70116 0 1
20131028106 22:50:00 21414 0 1
20131028107 22:55:00 51877 0 1
20131028108 23:00:00 65692 1 0
20131028109 23:05:00 95374 0 0
20131028110 23:10:00 34748 0 0
20131028111 23:15:00 95742 0 0
20131028112 23:20:00 02944 0 1
20131028113 23:25:00 23961 0 0
20131028114 23:30:00 66726 1 0
20131028115 23:35:00 48958 0 0
20131028116 23:40:00 18249 0 0
20131028117 23:45:00 66398 1 0
20131028118 23:50:00 21314 0 0
20131028119 23:55:00 83657 0 0
20131028120 00:00:00 75965 0 0
