20130515001 00:05:00 60154 0 0
20130515002 00:10:00 80886 1 1
20130515003 00:15:00 52695 0 0
20130515004 00:20:00 80135 0 0
20130515005 00:25:00 79443 0 1
20130515006 00:30:00 12381 0 0
20130515007 00:35:00 96566 0 1
20130515008 00:40:00 41477 1 1
20130515009 00:45:00 66990 1 1
20130515010 00:50:00 04254 0 0
20130515011 00:55:00 98281 0 0
20130515012 01:00:00 59586 1 0
20130515013 01:05:00 09657 0 0
20130515014 01:10:00 69036 0 0
20130515015 01:15:00 89988 1 1
20130515016 01:20:00 91193 1 0
20130515017 01:25:00 54516 1 0
20130515018 01:30:00 81087 0 0
20130515019 01:35:00 48019 0 0
20130515020 01:40:00 85777 0 1
20130515021 01:45:00 11645 1 0
20130515022 01:50:00 37088 0 1
20130515023 01:55:00 41814 0 0
20130515024 10:00:00 91698 0 0
20130515025 10:10:00 43732 0 0
20130515026 10:20:00 10957 0 0
20130515027 10:30:00 32184 0 0
20130515028 10:40:00 30246 0 0
20130515029 10:50:00 50341 0 0
20130515030 11:00:00 60188 0 1
20130515031 11:10:00 49955 1 1
20130515032 11:20:00 32267 1 0
20130515033 11:30:00 16221 0 1
20130515034 11:40:00 90706 0 0
20130515035 11:50:00 65339 0 1
20130515036 12:00:00 76771 1 1
20130515037 12:10:00 08770 0 1
20130515038 12:20:00 16802 0 0
20130515039 12:30:00 94704 0 0
20130515040 12:40:00 65238 0 0
20130515041 12:50:00 91747 0 1
20130515042 13:00:00 56418 0 0
20130515043 13:10:00 39287 0 0
20130515044 13:20:00 46605 1 0
20130515045 13:30:00 26323 0 1
20130515046 13:40:00 85157 0 0
20130515047 13:50:00 78329 0 0
20130515048 14:00:00 52322 0 1
20130515049 14:10:00 92361 0 0
20130515050 14:20:00 85553 1 1
20130515051 14:30:00 52238 1 0
20130515052 14:40:00 17579 0 0
20130515053 14:50:00 83711 0 1
20130515054 15:00:00 25817 0 0
20130515055 15:10:00 14433 1 1
20130515056 15:20:00 88530 1 0
20130515057 15:30:00 92998 1 1
20130515058 15:40:00 30381 1 0
20130515059 15:50:00 54565 1 1
20130515060 16:00:00 47935 0 0
20130515061 16:10:00 64981 0 0
20130515062 16:20:00 74728 1 0
20130515063 16:30:00 51564 1 0
20130515064 16:40:00 83996 0 1
20130515065 16:50:00 72342 0 0
20130515066 17:00:00 14769 0 0
20130515067 17:10:00 37670 0 0
20130515068 17:20:00 13970 0 0
20130515069 17:30:00 84651 0 0
20130515070 17:40:00 36166 0 1
20130515071 17:50:00 55203 1 0
20130515072 18:00:00 87440 0 1
20130515073 18:10:00 65594 1 0
20130515074 18:20:00 29181 0 1
20130515075 18:30:00 90659 0 0
20130515076 18:40:00 24352 0 0
20130515077 18:50:00 38884 1 1
20130515078 19:00:00 20150 0 0
20130515079 19:10:00 82673 0 0
20130515080 19:20:00 18196 1 0
20130515081 19:30:00 08160 0 0
20130515082 19:40:00 22664 1 1
20130515083 19:50:00 19142 1 0
20130515084 20:00:00 95564 1 0
20130515085 20:10:00 15806 0 0
20130515086 20:20:00 41516 0 0
20130515087 20:30:00 86767 0 1
20130515088 20:40:00 08279 0 0
20130515089 20:50:00 62008 0 1
20130515090 21:00:00 21192 1 0
20130515091 21:10:00 73171 0 1
20130515092 21:20:00 57319 0 0
20130515093 21:30:00 07440 0 1
20130515094 21:40:00 04689 0 0
20130515095 21:50:00 02179 0 0
20130515096 22:00:00 92888 0 1
20130515097 22:05:00 62959 0 1
20130515098 22:10:00 62060 0 1
20130515099 22:15:00 54061 0 0
20130515100 22:20:00 44935 1 0
20130515101 22:25:00 84096 0 0
20130515102 22:30:00 02230 1 0
20130515103 22:35:00 59330 0 1
20130515104 22:40:00 01033 1 1
20130515105 22:45:00 25171 0 1
20130515106 22:50:00 73293 0 0
20130515107 22:55:00 11447 1 1
20130515108 23:00:00 01380 0 0
20130515109 23:05:00 36789 0 0
20130515110 23:10:00 12986 0 0
20130515111 23:15:00 24463 1 0
20130515112 23:20:00 21878 0 1
20130515113 23:25:00 89848 1 1
20130515114 23:30:00 35565 1 1
20130515115 23:35:00 03713 0 0
20130515116 23:40:00 95663 0 1
20130515117 23:45:00 60273 0 0
20130515118 23:50:00 09949 1 1
20130515119 23:55:00 28131 0 1
20130515120 00:00:00 77666 1 1
