20130619001 00:05:00 85170 0 0
20130619002 00:10:00 06298 0 0
20130619003 00:15:00 80626 0 1
20130619004 00:20:00 70218 0 0
20130619005 00:25:00 31440 0 1
20130619006 00:30:00 83758 0 0
20130619007 00:35:00 78004 0 1
20130619008 00:40:00 60282 0 1
20130619009 00:45:00 30432 0 0
20130619010 00:50:00 10310 0 0
20130619011 00:55:00 77385 1 0
20130619012 01:00:00 82533 0 1
20130619013 01:05:00 21896 0 0
20130619014 01:10:00 61564 0 0
20130619015 01:15:00 57701 1 0
20130619016 01:20:00 95020 0 1
20130619017 01:25:00 18403 0 0
20130619018 01:30:00 18633 0 1
20130619019 01:35:00 65585 1 1
20130619020 01:40:00 31319 1 0
20130619021 01:45:00 69533 0 1
20130619022 01:50:00 68646 1 1
20130619023 01:55:00 21007 0 1
20130619024 10:00:00 37923 0 0
20130619025 10:10:00 06397 0 0
20130619026 10:20:00 44656 1 1
20130619027 10:30:00 50859 0 0
20130619028 10:40:00 51813 0 0
20130619029 10:50:00 79974 1 0
20130619030 11:00:00 45209 0 0
20130619031 11:10:00 84011 0 1
20130619032 11:20:00 15142 1 0
20130619033 11:30:00 04568 0 0
20130619034 11:40:00 56139 0 0
20130619035 11:50:00 17467 0 0
20130619036 12:00:00 02125 0 0
20130619037 12:10:00 58971 0 0
20130619038 12:20:00 27165 0 0
20130619039 12:30:00 03204 0 0
20130619040 12:40:00 51020 0 1
20130619041 12:50:00 67740 1 0
20130619042 13:00:00 68674 1 0
20130619043 13:10:00 86346 0 0
20130619044 13:20:00 12275 1 0
20130619045 13:30:00 69891 0 0
20130619046 13:40:00 23302 1 0
20130619047 13:50:00 95828 0 1
20130619048 14:00:00 09112 0 1
20130619049 14:10:00 28797 0 1
20130619050 14:20:00 21686 0 1
20130619051 14:30:00 66199 1 1
20130619052 14:40:00 82237 1 0
20130619053 14:50:00 21486 0 0
20130619054 15:00:00 73843 0 0
20130619055 15:10:00 75251 0 0
20130619056 15:20:00 88778 1 1
20130619057 15:30:00 12877 0 1
20130619058 15:40:00 24198 0 0
20130619059 15:50:00 19436 0 0
20130619060 16:00:00 24255 1 1
20130619061 16:10:00 19104 1 0
20130619062 16:20:00 87686 0 1
20130619063 16:30:00 24411 1 1
20130619064 16:40:00 22869 1 0
20130619065 16:50:00 27888 0 1
20130619066 17:00:00 84656 0 1
20130619067 17:10:00 41154 1 0
20130619068 17:20:00 45832 0 0
20130619069 17:30:00 87418 0 0
20130619070 17:40:00 71897 0 0
20130619071 17:50:00 20992 0 1
20130619072 18:00:00 15431 0 0
20130619073 18:10:00 99814 1 0
20130619074 18:20:00 09169 0 0
20130619075 18:30:00 53685 0 0
20130619076 18:40:00 41567 0 0
20130619077 18:50:00 58041 0 0
20130619078 19:00:00 63558 0 1
20130619079 19:10:00 68646 1 1
20130619080 19:20:00 16265 0 0
20130619081 19:30:00 63995 0 1
20130619082 19:40:00 97557 0 1
20130619083 19:50:00 64794 0 0
20130619084 20:00:00 60121 0 1
20130619085 20:10:00 84575 0 1
20130619086 20:20:00 75953 0 0
20130619087 20:30:00 17921 0 0
20130619088 20:40:00 93298 0 0
20130619089 20:50:00 04031 1 0
20130619090 21:00:00 20959 0 1
20130619091 21:10:00 27719 1 0
20130619092 21:20:00 70623 0 0
20130619093 21:30:00 69705 0 0
20130619094 21:40:00 88297 1 0
20130619095 21:50:00 85887 1 1
20130619096 22:00:00 40662 0 1
20130619097 22:05:00 34344 1 1
20130619098 22:10:00 20533 0 1
20130619099 22:15:00 85717 0 1
20130619100 22:20:00 27687 0 0
20130619101 22:25:00 59078 0 0
20130619102 22:30:00 20530 0 0
20130619103 22:35:00 73358 1 0
20130619104 22:40:00 91829 0 0
20130619105 22:45:00 79967 1 0
20130619106 22:50:00 04957 0 0
20130619107 22:55:00 46155 0 1
20130619108 23:00:00 30106 0 0
20130619109 23:05:00 65593 1 0
20130619110 23:10:00 61020 0 1
20130619111 23:15:00 25681 0 0
20130619112 23:20:00 40546 0 0
20130619113 23:25:00 77083 1 0
20130619114 23:30:00 97717 1 1
20130619115 23:35:00 29503 0 0
20130619116 23:40:00 11801 1 0
20130619117 23:45:00 27648 0 0
20130619118 23:50:00 52896 0 0
20130619119 23:55:00 32903 0 0
20130619120 00:00:00 62934 0 0
