20131105001 00:05:00 47504 0 0
20131105002 00:10:00 53905 0 0
20131105003 00:15:00 57644 0 1
20131105004 00:20:00 45588 1 1
20131105005 00:25:00 90699 0 1
20131105006 00:30:00 65380 0 0
20131105007 00:35:00 45504 1 0
20131105008 00:40:00 87998 0 1
20131105009 00:45:00 34502 0 0
20131105010 00:50:00 11307 1 0
20131105011 00:55:00 96786 0 0
20131105012 01:00:00 77791 1 0
20131105013 01:05:00 38852 1 0
20131105014 01:10:00 84943 0 0
20131105015 01:15:00 24741 0 0
20131105016 01:20:00 86151 0 1
20131105017 01:25:00 75926 0 0
20131105018 01:30:00 16410 0 0
20131105019 01:35:00 74176 0 0
20131105020 01:40:00 28078 0 0
20131105021 01:45:00 66475 1 0
20131105022 01:50:00 79018 0 0
20131105023 01:55:00 29229 1 1
20131105024 10:00:00 51741 0 0
20131105025 10:10:00 51641 0 0
20131105026 10:20:00 82521 0 0
20131105027 10:30:00 96527 0 0
20131105028 10:40:00 73926 0 0
20131105029 10:50:00 64701 0 0
20131105030 11:00:00 72340 0 0
20131105031 11:10:00 06356 0 0
20131105032 11:20:00 59298 0 0
20131105033 11:30:00 19827 0 0
20131105034 11:40:00 07191 0 1
20131105035 11:50:00 71327 0 0
20131105036 12:00:00 05228 0 1
20131105037 12:10:00 94907 1 0
20131105038 12:20:00 11189 1 0
20131105039 12:30:00 66592 1 0
20131105040 12:40:00 83388 1 1
20131105041 12:50:00 27227 1 1
20131105042 13:00:00 19026 0 0
20131105043 13:10:00 47768 1 0
20131105044 13:20:00 37667 0 1
20131105045 13:30:00 43015 0 0
20131105046 13:40:00 11549 1 0
20131105047 13:50:00 39497 0 0
20131105048 14:00:00 72364 0 0
20131105049 14:10:00 67362 0 0
20131105050 14:20:00 00804 1 0
20131105051 14:30:00 39293 0 0
20131105052 14:40:00 16061 0 0
20131105053 14:50:00 16040 0 1
20131105054 15:00:00 54139 0 0
20131105055 15:10:00 99419 1 0
20131105056 15:20:00 11309 1 0
20131105057 15:30:00 99746 1 0
20131105058 15:40:00 25756 0 0
20131105059 15:50:00 77608 1 0
20131105060 16:00:00 78016 0 0
20131105061 16:10:00 27914 0 0
20131105062 16:20:00 97770 1 1
20131105063 16:30:00 27127 0 0
20131105064 16:40:00 83928 0 0
20131105065 16:50:00 80160 0 0
20131105066 17:00:00 98944 1 1
20131105067 17:10:00 51695 0 0
20131105068 17:20:00 65603 1 0
20131105069 17:30:00 88896 1 0
20131105070 17:40:00 51513 1 0
20131105071 17:50:00 08217 0 0
20131105072 18:00:00 59960 1 0
20131105073 18:10:00 26234 1 0
20131105074 18:20:00 11629 1 0
20131105075 18:30:00 90266 0 1
20131105076 18:40:00 13341 1 0
20131105077 18:50:00 42367 0 0
20131105078 19:00:00 22136 1 0
20131105079 19:10:00 52698 0 0
20131105080 19:20:00 18903 0 0
20131105081 19:30:00 78494 0 1
20131105082 19:40:00 79729 1 0
20131105083 19:50:00 50867 0 0
20131105084 20:00:00 84966 0 1
20131105085 20:10:00 80678 0 0
20131105086 20:20:00 03195 0 0
20131105087 20:30:00 90516 0 0
20131105088 20:40:00 28045 0 0
20131105089 20:50:00 81033 0 1
20131105090 21:00:00 55671 1 0
20131105091 21:10:00 13920 0 0
20131105092 21:20:00 59353 0 1
20131105093 21:30:00 45251 0 0
20131105094 21:40:00 00599 1 1
20131105095 21:50:00 85808 1 1
20131105096 22:00:00 48794 0 0
20131105097 22:05:00 58324 0 0
20131105098 22:10:00 00129 1 0
20131105099 22:15:00 68379 0 0
20131105100 22:20:00 72551 0 1
20131105101 22:25:00 36649 1 0
20131105102 22:30:00 80151 0 1
20131105103 22:35:00 38872 1 0
20131105104 22:40:00 66699 1 1
20131105105 22:45:00 37685 0 0
20131105106 22:50:00 51334 0 1
20131105107 22:55:00 33409 1 0
20131105108 23:00:00 77694 1 0
20131105109 23:05:00 32317 1 0
20131105110 23:10:00 24878 0 1
20131105111 23:15:00 09119 0 1
20131105112 23:20:00 97197 0 0
20131105113 23:25:00 98851 1 0
20131105114 23:30:00 77902 1 0
20131105115 23:35:00 22684 1 0
20131105116 23:40:00 21853 0 0
20131105117 23:45:00 10303 0 1
20131105118 23:50:00 23719 0 0
20131105119 23:55:00 90950 1 0
20131105120 00:00:00 62625 1 0
