20130828001 00:05:00 83475 0 0
20130828002 00:10:00 00350 1 0
20130828003 00:15:00 42202 1 1
20130828004 00:20:00 84554 0 1
20130828005 00:25:00 51642 0 0
20130828006 00:30:00 10497 0 0
20130828007 00:35:00 70506 0 0
20130828008 00:40:00 04535 0 1
20130828009 00:45:00 01542 0 0
20130828010 00:50:00 48381 0 0
20130828011 00:55:00 39631 0 0
20130828012 01:00:00 07473 0 0
20130828013 01:05:00 67520 0 0
20130828014 01:10:00 32468 0 0
20130828015 01:15:00 50763 0 0
20130828016 01:20:00 49970 1 0
20130828017 01:25:00 54759 0 0
20130828018 01:30:00 92107 0 0
20130828019 01:35:00 18471 0 0
20130828020 01:40:00 04934 0 0
20130828021 01:45:00 84654 0 0
20130828022 01:50:00 19864 0 0
20130828023 01:55:00 25187 0 0
20130828024 10:00:00 18247 0 0
20130828025 10:10:00 91305 0 0
20130828026 10:20:00 96925 1 0
20130828027 10:30:00 26574 0 0
20130828028 10:40:00 90698 0 0
20130828029 10:50:00 24814 0 0
20130828030 11:00:00 01430 0 0
20130828031 11:10:00 74468 1 0
20130828032 11:20:00 20700 0 1
20130828033 11:30:00 16719 0 0
20130828034 11:40:00 16014 0 0
20130828035 11:50:00 48870 1 0
20130828036 12:00:00 58758 0 0
20130828037 12:10:00 56141 0 1
20130828038 12:20:00 26231 1 0
20130828039 12:30:00 00704 1 0
20130828040 12:40:00 82471 0 0
20130828041 12:50:00 13189 1 0
20130828042 13:00:00 75790 1 0
20130828043 13:10:00 50928 0 0
20130828044 13:20:00 65170 0 0
20130828045 13:30:00 84687 0 0
20130828046 13:40:00 49426 1 0
20130828047 13:50:00 56888 0 1
20130828048 14:00:00 54125 0 0
20130828049 14:10:00 53723 0 0
20130828050 14:20:00 00284 1 0
20130828051 14:30:00 40279 0 0
20130828052 14:40:00 53596 1 0
20130828053 14:50:00 10326 0 0
20130828054 15:00:00 34992 0 1
20130828055 15:10:00 19101 1 1
20130828056 15:20:00 10649 0 0
20130828057 15:30:00 74356 0 0
20130828058 15:40:00 48245 0 0
20130828059 15:50:00 01496 0 0
20130828060 16:00:00 43832 0 0
20130828061 16:10:00 00490 1 0
20130828062 16:20:00 50847 0 0
20130828063 16:30:00 12432 0 0
20130828064 16:40:00 62527 0 0
20130828065 16:50:00 55698 1 0
20130828066 17:00:00 63477 0 1
20130828067 17:10:00 26698 1 0
20130828068 17:20:00 72830 0 0
20130828069 17:30:00 80812 1 0
20130828070 17:40:00 24100 0 1
20130828071 17:50:00 78477 0 1
20130828072 18:00:00 61733 0 1
20130828073 18:10:00 04097 1 0
20130828074 18:20:00 97188 0 1
20130828075 18:30:00 18757 0 1
20130828076 18:40:00 94475 1 0
20130828077 18:50:00 27433 0 1
20130828078 19:00:00 37238 0 0
20130828079 19:10:00 28602 0 0
20130828080 19:20:00 86810 1 0
20130828081 19:30:00 39402 0 0
20130828082 19:40:00 19551 0 1
20130828083 19:50:00 85105 0 0
20130828084 20:00:00 07050 1 1
20130828085 20:10:00 48331 0 1
20130828086 20:20:00 67554 0 1
20130828087 20:30:00 56794 0 0
20130828088 20:40:00 66435 1 0
20130828089 20:50:00 19154 1 0
20130828090 21:00:00 10787 0 1
20130828091 21:10:00 39722 0 1
20130828092 21:20:00 18605 0 0
20130828093 21:30:00 40522 0 1
20130828094 21:40:00 62224 1 1
20130828095 21:50:00 84772 0 1
20130828096 22:00:00 82375 0 0
20130828097 22:05:00 43234 0 0
20130828098 22:10:00 62097 0 0
20130828099 22:15:00 13048 0 0
20130828100 22:20:00 60140 0 0
20130828101 22:25:00 23415 0 0
20130828102 22:30:00 51707 0 1
20130828103 22:35:00 66518 1 0
20130828104 22:40:00 95583 1 0
20130828105 22:45:00 18402 0 0
20130828106 22:50:00 30842 0 0
20130828107 22:55:00 47549 0 0
20130828108 23:00:00 74638 0 0
20130828109 23:05:00 38587 0 0
20130828110 23:10:00 16836 0 0
20130828111 23:15:00 53839 0 0
20130828112 23:20:00 62047 0 0
20130828113 23:25:00 64692 1 0
20130828114 23:30:00 07207 0 0
20130828115 23:35:00 80668 0 1
20130828116 23:40:00 84576 0 0
20130828117 23:45:00 48228 0 1
20130828118 23:50:00 00893 1 0
20130828119 23:55:00 48141 0 1
20130828120 00:00:00 37246 0 0
