20130224001 00:05:00 74251 0 0
20130224002 00:10:00 35483 0 0
20130224003 00:15:00 25952 0 0
20130224004 00:20:00 82351 0 0
20130224005 00:25:00 56297 0 0
20130224006 00:30:00 58496 0 0
20130224007 00:35:00 73313 1 1
20130224008 00:40:00 64267 0 0
20130224009 00:45:00 15431 0 0
20130224010 00:50:00 26974 0 0
20130224011 00:55:00 28176 0 0
20130224012 01:00:00 90907 1 0
20130224013 01:05:00 70820 0 0
20130224014 01:10:00 40325 0 0
20130224015 01:15:00 38272 0 1
20130224016 01:20:00 13023 0 0
20130224017 01:25:00 39689 0 0
20130224018 01:30:00 89806 1 0
20130224019 01:35:00 39130 0 0
20130224020 01:40:00 55532 1 0
20130224021 01:45:00 94113 0 1
20130224022 01:50:00 90397 0 0
20130224023 01:55:00 64844 0 1
20130224024 10:00:00 67297 0 0
20130224025 10:10:00 40992 0 1
20130224026 10:20:00 47588 0 1
20130224027 10:30:00 15028 0 0
20130224028 10:40:00 20947 0 0
20130224029 10:50:00 03697 0 0
20130224030 11:00:00 81788 0 1
20130224031 11:10:00 81837 1 0
20130224032 11:20:00 52477 0 1
20130224033 11:30:00 74512 0 0
20130224034 11:40:00 79028 0 0
20130224035 11:50:00 43587 0 0
20130224036 12:00:00 25410 0 0
20130224037 12:10:00 49110 0 1
20130224038 12:20:00 09221 0 1
20130224039 12:30:00 85464 0 1
20130224040 12:40:00 27530 0 0
20130224041 12:50:00 04783 0 0
20130224042 13:00:00 44810 1 0
20130224043 13:10:00 35316 1 0
20130224044 13:20:00 74023 0 0
20130224045 13:30:00 89387 0 0
20130224046 13:40:00 56682 1 0
20130224047 13:50:00 38770 0 1
20130224048 14:00:00 54207 0 0
20130224049 14:10:00 92594 0 0
20130224050 14:20:00 11926 1 0
20130224051 14:30:00 95704 0 0
20130224052 14:40:00 20765 0 0
20130224053 14:50:00 97057 0 0
20130224054 15:00:00 73695 0 0
20130224055 15:10:00 95367 0 0
20130224056 15:20:00 82307 0 0
20130224057 15:30:00 58730 0 0
20130224058 15:40:00 63161 0 1
20130224059 15:50:00 31178 1 0
20130224060 16:00:00 08957 0 0
20130224061 16:10:00 38487 0 0
20130224062 16:20:00 20250 1 0
20130224063 16:30:00 03666 0 1
20130224064 16:40:00 67544 0 1
20130224065 16:50:00 58400 0 1
20130224066 17:00:00 69591 0 0
20130224067 17:10:00 91230 0 0
20130224068 17:20:00 21178 1 0
20130224069 17:30:00 27476 0 0
20130224070 17:40:00 24605 0 0
20130224071 17:50:00 33174 1 0
20130224072 18:00:00 98570 0 0
20130224073 18:10:00 28919 0 1
20130224074 18:20:00 07673 0 0
20130224075 18:30:00 63519 0 0
20130224076 18:40:00 30968 0 0
20130224077 18:50:00 13192 1 0
20130224078 19:00:00 79118 0 1
20130224079 19:10:00 67843 0 0
20130224080 19:20:00 58384 0 0
20130224081 19:30:00 11753 1 0
20130224082 19:40:00 00605 1 0
20130224083 19:50:00 53363 1 1
20130224084 20:00:00 83743 0 0
20130224085 20:10:00 87902 0 0
20130224086 20:20:00 75001 0 1
20130224087 20:30:00 51791 0 0
20130224088 20:40:00 32177 0 1
20130224089 20:50:00 27299 1 1
20130224090 21:00:00 69147 0 0
20130224091 21:10:00 91966 1 1
20130224092 21:20:00 27437 0 0
20130224093 21:30:00 74589 0 0
20130224094 21:40:00 57368 0 0
20130224095 21:50:00 08418 0 0
20130224096 22:00:00 30072 1 0
20130224097 22:05:00 64993 0 1
20130224098 22:10:00 70652 0 0
20130224099 22:15:00 06216 0 0
20130224100 22:20:00 68120 0 0
20130224101 22:25:00 15246 0 0
20130224102 22:30:00 90027 1 0
20130224103 22:35:00 19863 0 0
20130224104 22:40:00 18574 0 0
20130224105 22:45:00 77275 1 0
20130224106 22:50:00 92825 0 0
20130224107 22:55:00 26967 0 0
20130224108 23:00:00 46820 0 0
20130224109 23:05:00 33910 1 0
20130224110 23:10:00 79095 0 0
20130224111 23:15:00 51611 0 1
20130224112 23:20:00 24468 1 0
20130224113 23:25:00 28830 1 0
20130224114 23:30:00 44917 1 0
20130224115 23:35:00 38319 1 0
20130224116 23:40:00 70966 0 1
20130224117 23:45:00 38056 0 0
20130224118 23:50:00 77440 1 1
20130224119 23:55:00 18216 0 0
20130224120 00:00:00 36853 0 0
