20130311001 00:05:00 57116 0 1
20130311002 00:10:00 13554 0 1
20130311003 00:15:00 07986 0 0
20130311004 00:20:00 88460 1 0
20130311005 00:25:00 77557 1 1
20130311006 00:30:00 90816 0 0
20130311007 00:35:00 31079 0 0
20130311008 00:40:00 13817 0 0
20130311009 00:45:00 87646 0 1
20130311010 00:50:00 89871 1 0
20130311011 00:55:00 57967 0 0
20130311012 01:00:00 97443 0 1
20130311013 01:05:00 17544 0 1
20130311014 01:10:00 55595 1 1
20130311015 01:15:00 29205 1 0
20130311016 01:20:00 84478 1 0
20130311017 01:25:00 61379 0 0
20130311018 01:30:00 78666 0 1
20130311019 01:35:00 44925 1 0
20130311020 01:40:00 58179 0 0
20130311021 01:45:00 03414 0 1
20130311022 01:50:00 49173 0 0
20130311023 01:55:00 65374 0 0
20130311024 10:00:00 92489 0 0
20130311025 10:10:00 28205 1 0
20130311026 10:20:00 30587 0 0
20130311027 10:30:00 57774 1 1
20130311028 10:40:00 79294 0 0
20130311029 10:50:00 89768 0 0
20130311030 11:00:00 05869 0 0
20130311031 11:10:00 06283 0 0
20130311032 11:20:00 46249 0 0
20130311033 11:30:00 43245 0 0
20130311034 11:40:00 59719 0 0
20130311035 11:50:00 65140 0 0
20130311036 12:00:00 91428 0 0
20130311037 12:10:00 85414 0 1
20130311038 12:20:00 08595 0 1
20130311039 12:30:00 60282 0 1
20130311040 12:40:00 95581 1 0
20130311041 12:50:00 23510 0 0
20130311042 13:00:00 73408 0 0
20130311043 13:10:00 55102 1 0
20130311044 13:20:00 93433 0 1
20130311045 13:30:00 84996 0 1
20130311046 13:40:00 74219 0 0
20130311047 13:50:00 15029 0 0
20130311048 14:00:00 63692 1 0
20130311049 14:10:00 48431 1 0
20130311050 14:20:00 38691 0 0
20130311051 14:30:00 48027 0 0
20130311052 14:40:00 53262 0 1
20130311053 14:50:00 88160 1 0
20130311054 15:00:00 54807 0 0
20130311055 15:10:00 51211 0 1
20130311056 15:20:00 34700 0 1
20130311057 15:30:00 79896 0 0
20130311058 15:40:00 24888 0 1
20130311059 15:50:00 36621 1 0
20130311060 16:00:00 20157 0 0
20130311061 16:10:00 46044 0 1
20130311062 16:20:00 51088 0 1
20130311063 16:30:00 45194 0 0
20130311064 16:40:00 53049 0 0
20130311065 16:50:00 42445 1 1
20130311066 17:00:00 61714 0 0
20130311067 17:10:00 50408 0 0
20130311068 17:20:00 00477 1 1
20130311069 17:30:00 42146 0 0
20130311070 17:40:00 78992 0 1
20130311071 17:50:00 32224 1 1
20130311072 18:00:00 50257 0 0
20130311073 18:10:00 40964 0 0
20130311074 18:20:00 75424 0 1
20130311075 18:30:00 85261 0 0
20130311076 18:40:00 34705 0 0
20130311077 18:50:00 46753 0 0
20130311078 19:00:00 18917 0 0
20130311079 19:10:00 11367 1 0
20130311080 19:20:00 54458 1 0
20130311081 19:30:00 42708 0 0
20130311082 19:40:00 21929 0 1
20130311083 19:50:00 36880 0 1
20130311084 20:00:00 70276 0 0
20130311085 20:10:00 34139 0 0
20130311086 20:20:00 87131 0 1
20130311087 20:30:00 99914 1 0
20130311088 20:40:00 19427 0 0
20130311089 20:50:00 67279 0 0
20130311090 21:00:00 36632 1 0
20130311091 21:10:00 49764 0 0
20130311092 21:20:00 31093 0 0
20130311093 21:30:00 18080 0 1
20130311094 21:40:00 20606 0 1
20130311095 21:50:00 87222 0 1
20130311096 22:00:00 13246 0 0
20130311097 22:05:00 12876 0 0
20130311098 22:10:00 21973 0 0
20130311099 22:15:00 13381 1 0
20130311100 22:20:00 93836 0 0
20130311101 22:25:00 21245 1 0
20130311102 22:30:00 16236 0 0
20130311103 22:35:00 23148 0 0
20130311104 22:40:00 35154 0 0
20130311105 22:45:00 22131 1 1
20130311106 22:50:00 11916 1 0
20130311107 22:55:00 14188 1 1
20130311108 23:00:00 20093 1 0
20130311109 23:05:00 97682 0 0
20130311110 23:10:00 37769 1 0
20130311111 23:15:00 92512 0 0
20130311112 23:20:00 89551 0 1
20130311113 23:25:00 33460 1 0
20130311114 23:30:00 45484 1 1
20130311115 23:35:00 45983 0 0
20130311116 23:40:00 66920 1 0
20130311117 23:45:00 04773 0 1
20130311118 23:50:00 98334 0 1
20130311119 23:55:00 59813 0 0
20130311120 00:00:00 69888 0 1
