20130102001 00:05:00 82410 0 0
20130102002 00:10:00 24645 0 0
20130102003 00:15:00 49482 1 0
20130102004 00:20:00 24413 1 0
20130102005 00:25:00 21630 0 0
20130102006 00:30:00 04648 0 0
20130102007 00:35:00 87368 0 0
20130102008 00:40:00 26157 0 0
20130102009 00:45:00 71224 0 1
20130102010 00:50:00 60101 0 1
20130102011 00:55:00 07153 0 0
20130102012 01:00:00 30959 0 1
20130102013 01:05:00 98812 1 0
20130102014 01:10:00 99633 1 1
20130102015 01:15:00 66951 1 0
20130102016 01:20:00 79146 0 0
20130102017 01:25:00 40946 0 0
20130102018 01:30:00 29457 0 0
20130102019 01:35:00 87694 0 0
20130102020 01:40:00 75461 0 0
20130102021 01:45:00 20141 0 1
20130102022 01:50:00 86725 0 0
20130102023 01:55:00 24909 0 1
20130102024 10:00:00 27581 0 0
20130102025 10:10:00 80653 0 0
20130102026 10:20:00 46484 1 1
20130102027 10:30:00 38697 0 0
20130102028 10:40:00 01963 0 0
20130102029 10:50:00 04245 0 0
20130102030 11:00:00 62523 0 0
20130102031 11:10:00 05554 1 1
20130102032 11:20:00 79289 0 0
20130102033 11:30:00 20375 0 0
20130102034 11:40:00 85361 0 0
20130102035 11:50:00 75331 0 1
20130102036 12:00:00 55094 1 0
20130102037 12:10:00 20348 0 0
20130102038 12:20:00 70560 0 0
20130102039 12:30:00 56929 0 1
20130102040 12:40:00 82729 0 0
20130102041 12:50:00 17229 0 1
20130102042 13:00:00 10853 0 0
20130102043 13:10:00 09427 0 0
20130102044 13:20:00 08896 1 0
20130102045 13:30:00 20702 0 0
20130102046 13:40:00 91676 0 1
20130102047 13:50:00 92246 1 0
20130102048 14:00:00 35030 0 1
20130102049 14:10:00 07576 0 0
20130102050 14:20:00 75561 1 0
20130102051 14:30:00 72790 1 0
20130102052 14:40:00 72676 0 1
20130102053 14:50:00 53556 1 1
20130102054 15:00:00 52997 0 1
20130102055 15:10:00 46934 0 0
20130102056 15:20:00 70985 0 0
20130102057 15:30:00 92311 0 1
20130102058 15:40:00 10377 0 1
20130102059 15:50:00 96170 0 0
20130102060 16:00:00 25049 0 0
20130102061 16:10:00 76136 0 0
20130102062 16:20:00 24063 0 0
20130102063 16:30:00 96323 0 1
20130102064 16:40:00 78293 0 0
20130102065 16:50:00 44055 1 1
20130102066 17:00:00 67260 0 0
20130102067 17:10:00 79009 0 1
20130102068 17:20:00 60178 0 0
20130102069 17:30:00 09597 0 0
20130102070 17:40:00 77964 1 0
20130102071 17:50:00 33664 1 1
20130102072 18:00:00 53879 0 0
20130102073 18:10:00 28400 0 1
20130102074 18:20:00 44986 1 0
20130102075 18:30:00 50963 0 0
20130102076 18:40:00 94242 0 1
20130102077 18:50:00 32831 0 0
20130102078 19:00:00 14101 1 1
20130102079 19:10:00 45225 0 1
20130102080 19:20:00 33617 1 0
20130102081 19:30:00 98293 0 0
20130102082 19:40:00 16539 0 0
20130102083 19:50:00 60839 0 0
20130102084 20:00:00 68346 0 0
20130102085 20:10:00 18172 1 0
20130102086 20:20:00 22572 1 0
20130102087 20:30:00 30853 0 0
20130102088 20:40:00 43915 0 0
20130102089 20:50:00 13740 0 0
20130102090 21:00:00 68688 1 1
20130102091 21:10:00 91745 0 0
20130102092 21:20:00 00548 1 0
20130102093 21:30:00 92520 0 0
20130102094 21:40:00 97815 0 0
20130102095 21:50:00 06509 0 0
20130102096 22:00:00 05789 0 0
20130102097 22:05:00 68717 0 1
20130102098 22:10:00 43809 0 0
20130102099 22:15:00 68905 0 0
20130102100 22:20:00 98213 0 0
20130102101 22:25:00 53585 1 1
20130102102 22:30:00 29301 0 0
20130102103 22:35:00 97721 1 0
20130102104 22:40:00 91727 0 1
20130102105 22:45:00 35020 0 1
20130102106 22:50:00 43928 0 0
20130102107 22:55:00 02794 0 0
20130102108 23:00:00 95706 0 0
20130102109 23:05:00 98175 0 0
20130102110 23:10:00 74862 0 0
20130102111 23:15:00 46931 0 0
20130102112 23:20:00 57272 0 1
20130102113 23:25:00 59912 1 0
20130102114 23:30:00 99048 1 0
20130102115 23:35:00 33956 1 0
20130102116 23:40:00 15702 0 0
20130102117 23:45:00 28791 0 0
20130102118 23:50:00 68001 0 1
20130102119 23:55:00 98825 1 0
20130102120 00:00:00 06812 0 0
