20131023001 00:05:00 43865 0 0
20131023002 00:10:00 37054 0 0
20131023003 00:15:00 67558 0 1
20131023004 00:20:00 54226 0 1
20131023005 00:25:00 62229 1 1
20131023006 00:30:00 53064 0 0
20131023007 00:35:00 96920 1 0
20131023008 00:40:00 72932 0 0
20131023009 00:45:00 84758 0 0
20131023010 00:50:00 37136 0 0
20131023011 00:55:00 56010 0 1
20131023012 01:00:00 80693 0 0
20131023013 01:05:00 91568 0 0
20131023014 01:10:00 49101 0 1
20131023015 01:15:00 81237 0 0
20131023016 01:20:00 05147 0 0
20131023017 01:25:00 51855 0 1
20131023018 01:30:00 04524 0 0
20131023019 01:35:00 59046 0 0
20131023020 01:40:00 63697 1 0
20131023021 01:45:00 14534 0 0
20131023022 01:50:00 86801 1 0
20131023023 01:55:00 71962 0 0
20131023024 10:00:00 71277 0 1
20131023025 10:10:00 64856 0 0
20131023026 10:20:00 37621 0 0
20131023027 10:30:00 84344 0 1
20131023028 10:40:00 52321 0 0
20131023029 10:50:00 42088 0 1
20131023030 11:00:00 32647 0 0
20131023031 11:10:00 77970 1 0
20131023032 11:20:00 39279 0 0
20131023033 11:30:00 99577 1 1
20131023034 11:40:00 20087 1 0
20131023035 11:50:00 41192 1 0
20131023036 12:00:00 25101 0 1
20131023037 12:10:00 26557 0 1
20131023038 12:20:00 08635 0 0
20131023039 12:30:00 23748 0 0
20131023040 12:40:00 62418 0 0
20131023041 12:50:00 57372 0 0
20131023042 13:00:00 83728 0 0
20131023043 13:10:00 06100 0 1
20131023044 13:20:00 99379 1 0
20131023045 13:30:00 13996 0 1
20131023046 13:40:00 34262 0 1
20131023047 13:50:00 22474 1 1
20131023048 14:00:00 10404 0 1
20131023049 14:10:00 96062 0 0
20131023050 14:20:00 59117 0 1
20131023051 14:30:00 54048 0 0
20131023052 14:40:00 51358 0 0
20131023053 14:50:00 67085 0 0
20131023054 15:00:00 52079 0 0
20131023055 15:10:00 34974 0 0
20131023056 15:20:00 80306 0 0
20131023057 15:30:00 22547 1 0
20131023058 15:40:00 85525 1 1
20131023059 15:50:00 18161 1 1
20131023060 16:00:00 11781 1 0
20131023061 16:10:00 75976 0 0
20131023062 16:20:00 48050 0 1
20131023063 16:30:00 60615 1 0
20131023064 16:40:00 49942 1 0
20131023065 16:50:00 47816 0 0
20131023066 17:00:00 76541 0 0
20131023067 17:10:00 63930 0 0
20131023068 17:20:00 43126 0 0
20131023069 17:30:00 61137 1 0
20131023070 17:40:00 58926 0 0
20131023071 17:50:00 82125 0 0
20131023072 18:00:00 82901 0 0
20131023073 18:10:00 48271 0 0
20131023074 18:20:00 88992 1 1
20131023075 18:30:00 79653 0 0
20131023076 18:40:00 40095 1 0
20131023077 18:50:00 93649 0 0
20131023078 19:00:00 47117 0 1
20131023079 19:10:00 46092 0 0
20131023080 19:20:00 52599 1 1
20131023081 19:30:00 92170 0 0
20131023082 19:40:00 67815 0 0
20131023083 19:50:00 26868 0 1
20131023084 20:00:00 86921 0 0
20131023085 20:10:00 27355 0 1
20131023086 20:20:00 13133 1 1
20131023087 20:30:00 31716 0 0
20131023088 20:40:00 67612 1 0
20131023089 20:50:00 04199 0 1
20131023090 21:00:00 03839 0 0
20131023091 21:10:00 97045 0 0
20131023092 21:20:00 04830 0 0
20131023093 21:30:00 48526 0 0
20131023094 21:40:00 28162 0 0
20131023095 21:50:00 91651 0 0
20131023096 22:00:00 46922 0 1
20131023097 22:05:00 91572 0 0
20131023098 22:10:00 29441 0 1
20131023099 22:15:00 73235 0 0
20131023100 22:20:00 45135 0 0
20131023101 22:25:00 37889 0 1
20131023102 22:30:00 99593 1 0
20131023103 22:35:00 79003 0 1
20131023104 22:40:00 59067 0 0
20131023105 22:45:00 93177 0 1
20131023106 22:50:00 91638 0 0
20131023107 22:55:00 41826 0 0
20131023108 23:00:00 31985 0 0
20131023109 23:05:00 40208 0 0
20131023110 23:10:00 68696 1 1
20131023111 23:15:00 21701 0 0
20131023112 23:20:00 26820 0 0
20131023113 23:25:00 00446 1 1
20131023114 23:30:00 71778 1 1
20131023115 23:35:00 28746 0 0
20131023116 23:40:00 93386 1 0
20131023117 23:45:00 92089 0 0
20131023118 23:50:00 05956 0 0
20131023119 23:55:00 98309 0 0
20131023120 00:00:00 43911 0 1
