20130606001 00:05:00 21027 0 0
20130606002 00:10:00 65131 0 1
20130606003 00:15:00 28807 1 0
20130606004 00:20:00 37839 0 0
20130606005 00:25:00 65696 1 1
20130606006 00:30:00 66269 1 0
20130606007 00:35:00 65654 1 0
20130606008 00:40:00 41197 1 0
20130606009 00:45:00 74608 0 0
20130606010 00:50:00 15272 0 1
20130606011 00:55:00 27682 0 0
20130606012 01:00:00 42438 1 0
20130606013 01:05:00 62335 0 1
20130606014 01:10:00 76235 0 0
20130606015 01:15:00 25912 0 0
20130606016 01:20:00 94559 0 1
20130606017 01:25:00 38801 1 0
20130606018 01:30:00 13883 0 1
20130606019 01:35:00 01401 0 0
20130606020 01:40:00 68120 0 0
20130606021 01:45:00 39077 0 1
20130606022 01:50:00 96520 0 0
20130606023 01:55:00 42460 1 0
20130606024 10:00:00 28429 0 0
20130606025 10:10:00 12598 0 0
20130606026 10:20:00 68751 0 0
20130606027 10:30:00 53376 1 0
20130606028 10:40:00 27060 0 1
20130606029 10:50:00 52892 0 0
20130606030 11:00:00 76940 0 0
20130606031 11:10:00 97280 0 0
20130606032 11:20:00 68897 1 0
20130606033 11:30:00 65147 0 0
20130606034 11:40:00 42293 1 0
20130606035 11:50:00 95133 0 1
20130606036 12:00:00 87223 0 1
20130606037 12:10:00 68843 1 0
20130606038 12:20:00 52297 1 0
20130606039 12:30:00 95267 0 0
20130606040 12:40:00 26898 0 1
20130606041 12:50:00 68673 1 0
20130606042 13:00:00 65184 0 0
20130606043 13:10:00 95797 0 1
20130606044 13:20:00 46869 0 0
20130606045 13:30:00 61931 0 0
20130606046 13:40:00 14078 0 0
20130606047 13:50:00 93579 0 0
20130606048 14:00:00 31435 0 0
20130606049 14:10:00 64858 0 1
20130606050 14:20:00 10977 0 1
20130606051 14:30:00 05027 1 0
20130606052 14:40:00 19222 0 1
20130606053 14:50:00 31722 0 1
20130606054 15:00:00 28074 0 0
20130606055 15:10:00 73485 0 0
20130606056 15:20:00 23360 1 0
20130606057 15:30:00 30347 1 0
20130606058 15:40:00 74141 0 1
20130606059 15:50:00 10847 0 0
20130606060 16:00:00 70249 0 0
20130606061 16:10:00 23852 0 0
20130606062 16:20:00 60407 0 0
20130606063 16:30:00 40960 0 0
20130606064 16:40:00 38280 0 0
20130606065 16:50:00 44419 1 0
20130606066 17:00:00 98483 0 0
20130606067 17:10:00 46674 1 0
20130606068 17:20:00 69467 0 0
20130606069 17:30:00 99141 1 1
20130606070 17:40:00 23546 0 0
20130606071 17:50:00 61486 0 0
20130606072 18:00:00 43181 0 1
20130606073 18:10:00 42803 0 0
20130606074 18:20:00 52289 1 0
20130606075 18:30:00 82714 0 0
20130606076 18:40:00 57103 0 0
20130606077 18:50:00 01398 0 0
20130606078 19:00:00 69733 0 1
20130606079 19:10:00 12085 0 0
20130606080 19:20:00 04245 0 0
20130606081 19:30:00 72894 0 0
20130606082 19:40:00 41350 0 0
20130606083 19:50:00 57562 1 0
20130606084 20:00:00 09141 0 1
20130606085 20:10:00 09988 1 1
20130606086 20:20:00 99839 1 0
20130606087 20:30:00 12205 1 0
20130606088 20:40:00 74704 1 0
20130606089 20:50:00 99647 1 0
20130606090 21:00:00 88271 1 0
20130606091 21:10:00 84717 0 1
20130606092 21:20:00 93271 0 0
20130606093 21:30:00 06464 0 1
20130606094 21:40:00 15937 0 0
20130606095 21:50:00 80867 1 0
20130606096 22:00:00 27210 1 0
20130606097 22:05:00 10925 0 0
20130606098 22:10:00 41096 0 0
20130606099 22:15:00 62751 0 0
20130606100 22:20:00 24681 0 0
20130606101 22:25:00 19535 0 1
20130606102 22:30:00 66607 1 0
20130606103 22:35:00 58343 0 1
20130606104 22:40:00 39737 0 1
20130606105 22:45:00 34577 0 1
20130606106 22:50:00 10477 0 1
20130606107 22:55:00 05337 0 1
20130606108 23:00:00 89750 0 0
20130606109 23:05:00 42369 0 0
20130606110 23:10:00 87030 0 1
20130606111 23:15:00 79444 0 1
20130606112 23:20:00 97934 1 0
20130606113 23:25:00 46674 1 0
20130606114 23:30:00 81514 0 0
20130606115 23:35:00 53482 0 0
20130606116 23:40:00 07520 0 0
20130606117 23:45:00 55523 1 0
20130606118 23:50:00 28396 0 0
20130606119 23:55:00 60235 0 0
20130606120 00:00:00 26904 0 0
