20131113001 00:05:00 26530 0 0
20131113002 00:10:00 94738 0 0
20131113003 00:15:00 56821 0 0
20131113004 00:20:00 00050 1 1
20131113005 00:25:00 59941 1 0
20131113006 00:30:00 95318 0 0
20131113007 00:35:00 07963 0 0
20131113008 00:40:00 15794 0 0
20131113009 00:45:00 65463 0 0
20131113010 00:50:00 18970 0 0
20131113011 00:55:00 44889 1 1
20131113012 01:00:00 85865 1 0
20131113013 01:05:00 86704 0 0
20131113014 01:10:00 26781 0 0
20131113015 01:15:00 60265 0 0
20131113016 01:20:00 91370 0 0
20131113017 01:25:00 75668 0 1
20131113018 01:30:00 66054 1 0
20131113019 01:35:00 14006 0 1
20131113020 01:40:00 68333 0 1
20131113021 01:45:00 27667 0 1
20131113022 01:50:00 93719 0 0
20131113023 01:55:00 62513 0 0
20131113024 10:00:00 07006 1 1
20131113025 10:10:00 93214 0 0
20131113026 10:20:00 12848 0 1
20131113027 10:30:00 78540 0 0
20131113028 10:40:00 00924 1 0
20131113029 10:50:00 26523 0 0
20131113030 11:00:00 02424 0 1
20131113031 11:10:00 78903 0 0
20131113032 11:20:00 69887 0 1
20131113033 11:30:00 89168 0 0
20131113034 11:40:00 18261 0 0
20131113035 11:50:00 96359 0 0
20131113036 12:00:00 54540 1 0
20131113037 12:10:00 56039 0 0
20131113038 12:20:00 21879 0 0
20131113039 12:30:00 35642 0 0
20131113040 12:40:00 85611 0 1
20131113041 12:50:00 85219 0 0
20131113042 13:00:00 16054 0 0
20131113043 13:10:00 83057 0 0
20131113044 13:20:00 04739 0 0
20131113045 13:30:00 63499 0 1
20131113046 13:40:00 79193 0 0
20131113047 13:50:00 51709 0 0
20131113048 14:00:00 13071 0 0
20131113049 14:10:00 56623 1 0
20131113050 14:20:00 03043 1 0
20131113051 14:30:00 93129 0 0
20131113052 14:40:00 98339 0 1
20131113053 14:50:00 76593 0 0
20131113054 15:00:00 24551 0 1
20131113055 15:10:00 04615 0 0
20131113056 15:20:00 37143 0 0
20131113057 15:30:00 09930 1 0
20131113058 15:40:00 59745 0 0
20131113059 15:50:00 17886 0 1
20131113060 16:00:00 70358 0 0
20131113061 16:10:00 36589 0 0
20131113062 16:20:00 45191 0 1
20131113063 16:30:00 62026 0 0
20131113064 16:40:00 59778 0 1
20131113065 16:50:00 15433 0 1
20131113066 17:00:00 30394 1 0
20131113067 17:10:00 66958 1 0
20131113068 17:20:00 50234 0 0
20131113069 17:30:00 44141 1 1
20131113070 17:40:00 20941 0 0
20131113071 17:50:00 54344 0 1
20131113072 18:00:00 36677 1 1
20131113073 18:10:00 79576 0 0
20131113074 18:20:00 46518 0 0
20131113075 18:30:00 03631 0 0
20131113076 18:40:00 86651 1 0
20131113077 18:50:00 19300 0 1
20131113078 19:00:00 32857 0 0
20131113079 19:10:00 27418 0 0
20131113080 19:20:00 53395 1 0
20131113081 19:30:00 93084 0 0
20131113082 19:40:00 45434 1 1
20131113083 19:50:00 24947 0 0
20131113084 20:00:00 76854 0 0
20131113085 20:10:00 30812 0 0
20131113086 20:20:00 51088 0 1
20131113087 20:30:00 00682 1 0
20131113088 20:40:00 62264 1 0
20131113089 20:50:00 03859 0 0
20131113090 21:00:00 17691 0 0
20131113091 21:10:00 55756 1 0
20131113092 21:20:00 90850 0 0
20131113093 21:30:00 00567 1 0
20131113094 21:40:00 44223 1 1
20131113095 21:50:00 54533 1 1
20131113096 22:00:00 44968 1 0
20131113097 22:05:00 15955 0 1
20131113098 22:10:00 16859 0 0
20131113099 22:15:00 01453 0 0
20131113100 22:20:00 82126 0 0
20131113101 22:25:00 50766 0 1
20131113102 22:30:00 07506 0 0
20131113103 22:35:00 83773 0 1
20131113104 22:40:00 42653 0 0
20131113105 22:45:00 82803 1 0
20131113106 22:50:00 01963 0 0
20131113107 22:55:00 95871 0 0
20131113108 23:00:00 38564 0 0
20131113109 23:05:00 17970 0 0
20131113110 23:10:00 08464 0 1
20131113111 23:15:00 34890 0 0
20131113112 23:20:00 29727 0 1
20131113113 23:25:00 11393 1 1
20131113114 23:30:00 33312 1 0
20131113115 23:35:00 92029 0 0
20131113116 23:40:00 71161 1 1
20131113117 23:45:00 00644 1 1
20131113118 23:50:00 21015 0 0
20131113119 23:55:00 87732 1 0
20131113120 00:00:00 28439 0 0
