20130129001 00:05:00 55510 1 0
20130129002 00:10:00 09740 0 0
20130129003 00:15:00 61231 0 0
20130129004 00:20:00 87522 0 1
20130129005 00:25:00 41622 0 1
20130129006 00:30:00 21901 0 0
20130129007 00:35:00 65422 0 1
20130129008 00:40:00 38815 1 0
20130129009 00:45:00 43931 0 0
20130129010 00:50:00 42625 0 0
20130129011 00:55:00 66871 1 0
20130129012 01:00:00 05650 0 0
20130129013 01:05:00 28308 0 0
20130129014 01:10:00 83811 1 1
20130129015 01:15:00 88571 1 0
20130129016 01:20:00 69044 0 1
20130129017 01:25:00 78918 0 0
20130129018 01:30:00 61105 1 0
20130129019 01:35:00 87747 1 1
20130129020 01:40:00 71101 1 1
20130129021 01:45:00 29135 0 0
20130129022 01:50:00 37183 0 0
20130129023 01:55:00 55237 1 0
20130129024 10:00:00 04027 1 0
20130129025 10:10:00 19503 0 0
20130129026 10:20:00 44834 1 0
20130129027 10:30:00 85668 0 1
20130129028 10:40:00 71734 1 0
20130129029 10:50:00 08837 1 0
20130129030 11:00:00 81937 0 0
20130129031 11:10:00 91405 0 0
20130129032 11:20:00 83637 0 0
20130129033 11:30:00 45966 0 1
20130129034 11:40:00 71354 0 0
20130129035 11:50:00 24421 1 0
20130129036 12:00:00 63946 0 0
20130129037 12:10:00 22401 1 0
20130129038 12:20:00 23599 0 1
20130129039 12:30:00 44105 1 0
20130129040 12:40:00 20953 0 0
20130129041 12:50:00 93311 1 1
20130129042 13:00:00 25087 0 0
20130129043 13:10:00 82486 0 0
20130129044 13:20:00 55964 1 0
20130129045 13:30:00 48305 0 0
20130129046 13:40:00 54390 0 0
20130129047 13:50:00 67133 0 1
20130129048 14:00:00 39627 0 0
20130129049 14:10:00 85904 0 0
20130129050 14:20:00 74330 0 1
20130129051 14:30:00 64176 0 0
20130129052 14:40:00 61339 0 1
20130129053 14:50:00 46480 1 0
20130129054 15:00:00 78476 0 0
20130129055 15:10:00 19662 0 1
20130129056 15:20:00 76703 1 0
20130129057 15:30:00 24792 0 0
20130129058 15:40:00 34732 0 0
20130129059 15:50:00 00111 1 1
20130129060 16:00:00 47055 0 1
20130129061 16:10:00 85756 0 0
20130129062 16:20:00 83248 0 0
20130129063 16:30:00 56444 0 1
20130129064 16:40:00 51627 0 0
20130129065 16:50:00 85160 0 0
20130129066 17:00:00 83003 0 1
20130129067 17:10:00 79394 0 0
20130129068 17:20:00 46974 0 0
20130129069 17:30:00 03522 0 1
20130129070 17:40:00 18229 0 1
20130129071 17:50:00 63316 1 0
20130129072 18:00:00 89674 0 0
20130129073 18:10:00 71266 0 1
20130129074 18:20:00 26892 0 0
20130129075 18:30:00 77613 1 0
20130129076 18:40:00 44112 1 1
20130129077 18:50:00 98287 0 0
20130129078 19:00:00 06511 0 1
20130129079 19:10:00 87827 1 0
20130129080 19:20:00 71419 0 0
20130129081 19:30:00 65439 0 0
20130129082 19:40:00 68088 0 1
20130129083 19:50:00 30071 1 0
20130129084 20:00:00 90284 0 0
20130129085 20:10:00 37038 0 0
20130129086 20:20:00 64876 0 0
20130129087 20:30:00 22910 1 0
20130129088 20:40:00 99352 1 0
20130129089 20:50:00 09163 0 0
20130129090 21:00:00 96800 0 1
20130129091 21:10:00 10235 0 0
20130129092 21:20:00 78650 0 0
20130129093 21:30:00 25996 0 1
20130129094 21:40:00 38796 0 0
20130129095 21:50:00 05599 1 1
20130129096 22:00:00 53146 0 0
20130129097 22:05:00 61392 0 0
20130129098 22:10:00 97491 0 0
20130129099 22:15:00 39364 1 0
20130129100 22:20:00 70964 0 0
20130129101 22:25:00 27036 0 0
20130129102 22:30:00 34387 1 0
20130129103 22:35:00 47656 0 1
20130129104 22:40:00 97863 0 0
20130129105 22:45:00 61901 0 0
20130129106 22:50:00 31784 0 0
20130129107 22:55:00 95631 0 0
20130129108 23:00:00 91511 0 1
20130129109 23:05:00 84075 0 0
20130129110 23:10:00 57379 0 0
20130129111 23:15:00 05783 0 0
20130129112 23:20:00 91500 0 1
20130129113 23:25:00 44008 1 1
20130129114 23:30:00 90797 0 1
20130129115 23:35:00 45989 0 1
20130129116 23:40:00 48696 0 1
20130129117 23:45:00 30585 0 1
20130129118 23:50:00 45916 0 0
20130129119 23:55:00 32134 0 0
20130129120 00:00:00 91700 0 1
