20130616001 00:05:00 62075 0 0
20130616002 00:10:00 91982 1 0
20130616003 00:15:00 97562 0 0
20130616004 00:20:00 10348 0 0
20130616005 00:25:00 87330 0 1
20130616006 00:30:00 02318 0 0
20130616007 00:35:00 12061 0 0
20130616008 00:40:00 61078 0 0
20130616009 00:45:00 55759 1 0
20130616010 00:50:00 03114 0 1
20130616011 00:55:00 52614 0 0
20130616012 01:00:00 78259 0 0
20130616013 01:05:00 76828 0 1
20130616014 01:10:00 74950 0 0
20130616015 01:15:00 82035 0 0
20130616016 01:20:00 71042 0 0
20130616017 01:25:00 51456 0 0
20130616018 01:30:00 05497 0 0
20130616019 01:35:00 10032 1 0
20130616020 01:40:00 98298 0 0
20130616021 01:45:00 02166 0 1
20130616022 01:50:00 34270 0 0
20130616023 01:55:00 53991 0 1
20130616024 10:00:00 11362 1 0
20130616025 10:10:00 80749 0 0
20130616026 10:20:00 75444 0 1
20130616027 10:30:00 93430 0 0
20130616028 10:40:00 93439 0 0
20130616029 10:50:00 13322 1 1
20130616030 11:00:00 84415 1 0
20130616031 11:10:00 69803 0 0
20130616032 11:20:00 21240 1 0
20130616033 11:30:00 15970 0 0
20130616034 11:40:00 24356 0 0
20130616035 11:50:00 16556 0 1
20130616036 12:00:00 82767 0 1
20130616037 12:10:00 46156 0 0
20130616038 12:20:00 17064 0 0
20130616039 12:30:00 90337 0 1
20130616040 12:40:00 34813 0 0
20130616041 12:50:00 39965 1 0
20130616042 13:00:00 17007 0 1
20130616043 13:10:00 86113 0 1
20130616044 13:20:00 96621 1 0
20130616045 13:30:00 90276 0 0
20130616046 13:40:00 55352 1 0
20130616047 13:50:00 35886 0 1
20130616048 14:00:00 26818 0 1
20130616049 14:10:00 27178 0 0
20130616050 14:20:00 16313 0 1
20130616051 14:30:00 72764 1 0
20130616052 14:40:00 33364 1 0
20130616053 14:50:00 83235 0 0
20130616054 15:00:00 31382 1 0
20130616055 15:10:00 43118 0 1
20130616056 15:20:00 60784 0 0
20130616057 15:30:00 99525 1 1
20130616058 15:40:00 45175 0 0
20130616059 15:50:00 20806 0 0
20130616060 16:00:00 99759 1 0
20130616061 16:10:00 11611 1 1
20130616062 16:20:00 83995 0 1
20130616063 16:30:00 73284 0 0
20130616064 16:40:00 10376 0 0
20130616065 16:50:00 23946 0 0
20130616066 17:00:00 65190 0 0
20130616067 17:10:00 24917 0 0
20130616068 17:20:00 98413 0 0
20130616069 17:30:00 13759 0 0
20130616070 17:40:00 37549 0 0
20130616071 17:50:00 07399 0 1
20130616072 18:00:00 38959 0 1
20130616073 18:10:00 86395 0 0
20130616074 18:20:00 58259 0 0
20130616075 18:30:00 03820 0 0
20130616076 18:40:00 15909 0 1
20130616077 18:50:00 25564 1 0
20130616078 19:00:00 59001 0 1
20130616079 19:10:00 58511 1 1
20130616080 19:20:00 92198 0 0
20130616081 19:30:00 80095 1 0
20130616082 19:40:00 79574 0 0
20130616083 19:50:00 91691 0 0
20130616084 20:00:00 68348 0 0
20130616085 20:10:00 43585 0 1
20130616086 20:20:00 58296 0 0
20130616087 20:30:00 89405 0 0
20130616088 20:40:00 88501 1 0
20130616089 20:50:00 67824 0 0
20130616090 21:00:00 37453 0 0
20130616091 21:10:00 89535 0 1
20130616092 21:20:00 38419 0 0
20130616093 21:30:00 26822 0 1
20130616094 21:40:00 63084 0 0
20130616095 21:50:00 23758 0 0
20130616096 22:00:00 58141 0 1
20130616097 22:05:00 70663 0 1
20130616098 22:10:00 50644 0 1
20130616099 22:15:00 49169 0 0
20130616100 22:20:00 62635 1 0
20130616101 22:25:00 82691 0 0
20130616102 22:30:00 77276 1 0
20130616103 22:35:00 26063 0 0
20130616104 22:40:00 31823 0 0
20130616105 22:45:00 26645 1 0
20130616106 22:50:00 38336 1 1
20130616107 22:55:00 23796 0 0
20130616108 23:00:00 64688 1 1
20130616109 23:05:00 47776 1 1
20130616110 23:10:00 74351 0 0
20130616111 23:15:00 48126 0 0
20130616112 23:20:00 14796 0 0
20130616113 23:25:00 53578 1 0
20130616114 23:30:00 20610 0 0
20130616115 23:35:00 70997 0 1
20130616116 23:40:00 89440 0 1
20130616117 23:45:00 54290 0 0
20130616118 23:50:00 06250 0 0
20130616119 23:55:00 50581 1 0
20130616120 00:00:00 87436 0 0
