20130907001 00:05:00 91133 1 1
20130907002 00:10:00 63098 0 0
20130907003 00:15:00 72404 0 1
20130907004 00:20:00 92904 1 0
20130907005 00:25:00 14990 0 1
20130907006 00:30:00 63431 0 0
20130907007 00:35:00 31293 0 0
20130907008 00:40:00 86598 0 0
20130907009 00:45:00 10149 1 0
20130907010 00:50:00 46182 0 0
20130907011 00:55:00 96710 0 0
20130907012 01:00:00 49885 0 1
20130907013 01:05:00 46305 0 0
20130907014 01:10:00 18231 0 0
20130907015 01:15:00 99703 1 0
20130907016 01:20:00 43410 1 0
20130907017 01:25:00 41889 0 1
20130907018 01:30:00 26690 1 0
20130907019 01:35:00 96803 0 0
20130907020 01:40:00 39524 0 0
20130907021 01:45:00 19434 0 1
20130907022 01:50:00 28307 0 0
20130907023 01:55:00 04729 0 0
20130907024 10:00:00 97136 0 0
20130907025 10:10:00 28682 0 0
20130907026 10:20:00 82258 1 0
20130907027 10:30:00 05831 0 0
20130907028 10:40:00 70280 0 0
20130907029 10:50:00 05584 1 0
20130907030 11:00:00 45480 1 0
20130907031 11:10:00 29934 1 0
20130907032 11:20:00 79603 0 0
20130907033 11:30:00 51198 1 0
20130907034 11:40:00 63662 1 1
20130907035 11:50:00 61283 0 0
20130907036 12:00:00 98122 0 1
20130907037 12:10:00 34845 0 0
20130907038 12:20:00 60387 0 0
20130907039 12:30:00 90536 0 0
20130907040 12:40:00 14804 0 0
20130907041 12:50:00 53932 0 0
20130907042 13:00:00 27778 1 1
20130907043 13:10:00 33660 1 1
20130907044 13:20:00 36301 1 0
20130907045 13:30:00 51383 0 1
20130907046 13:40:00 89520 0 0
20130907047 13:50:00 51699 0 1
20130907048 14:00:00 36177 0 1
20130907049 14:10:00 72400 0 1
20130907050 14:20:00 71655 0 1
20130907051 14:30:00 81670 0 0
20130907052 14:40:00 74261 0 0
20130907053 14:50:00 83872 1 0
20130907054 15:00:00 68659 1 0
20130907055 15:10:00 35404 0 1
20130907056 15:20:00 91512 0 0
20130907057 15:30:00 84867 1 0
20130907058 15:40:00 67137 0 0
20130907059 15:50:00 22069 1 0
20130907060 16:00:00 45306 0 0
20130907061 16:10:00 10039 1 0
20130907062 16:20:00 29580 0 0
20130907063 16:30:00 99276 1 0
20130907064 16:40:00 00224 1 1
20130907065 16:50:00 38715 0 0
20130907066 17:00:00 83136 0 0
20130907067 17:10:00 59311 0 1
20130907068 17:20:00 66609 1 0
20130907069 17:30:00 15795 0 0
20130907070 17:40:00 53527 1 0
20130907071 17:50:00 67805 0 0
20130907072 18:00:00 48134 0 0
20130907073 18:10:00 00315 1 0
20130907074 18:20:00 39320 1 0
20130907075 18:30:00 01163 1 0
20130907076 18:40:00 73121 0 1
20130907077 18:50:00 35772 0 1
20130907078 19:00:00 57556 1 1
20130907079 19:10:00 70444 0 1
20130907080 19:20:00 99661 1 1
20130907081 19:30:00 90474 0 1
20130907082 19:40:00 32172 0 0
20130907083 19:50:00 79422 0 1
20130907084 20:00:00 84331 0 1
20130907085 20:10:00 19541 0 0
20130907086 20:20:00 48788 0 1
20130907087 20:30:00 33800 1 1
20130907088 20:40:00 32541 0 0
20130907089 20:50:00 24851 0 0
20130907090 21:00:00 86742 0 0
20130907091 21:10:00 20355 0 1
20130907092 21:20:00 98450 0 0
20130907093 21:30:00 90455 0 1
20130907094 21:40:00 06347 0 0
20130907095 21:50:00 45677 0 1
20130907096 22:00:00 34050 0 1
20130907097 22:05:00 62740 0 0
20130907098 22:10:00 82664 0 1
20130907099 22:15:00 20489 0 0
20130907100 22:20:00 96619 1 0
20130907101 22:25:00 70063 1 0
20130907102 22:30:00 96854 0 0
20130907103 22:35:00 81593 0 0
20130907104 22:40:00 16355 0 1
20130907105 22:45:00 56757 0 1
20130907106 22:50:00 87490 0 0
20130907107 22:55:00 65467 0 0
20130907108 23:00:00 15719 0 0
20130907109 23:05:00 12912 0 0
20130907110 23:10:00 14088 0 1
20130907111 23:15:00 48898 1 1
20130907112 23:20:00 69137 0 0
20130907113 23:25:00 96282 0 1
20130907114 23:30:00 50698 0 0
20130907115 23:35:00 54104 0 0
20130907116 23:40:00 86354 0 0
20130907117 23:45:00 35722 0 1
20130907118 23:50:00 70049 1 0
20130907119 23:55:00 24219 1 0
20130907120 00:00:00 85992 0 1
