20130328001 00:05:00 79999 1 1
20130328002 00:10:00 38721 0 0
20130328003 00:15:00 76806 0 0
20130328004 00:20:00 96394 0 0
20130328005 00:25:00 86737 0 1
20130328006 00:30:00 29580 0 0
20130328007 00:35:00 46221 0 1
20130328008 00:40:00 77725 1 0
20130328009 00:45:00 98880 1 1
20130328010 00:50:00 99703 1 0
20130328011 00:55:00 91346 0 0
20130328012 01:00:00 21562 0 0
20130328013 01:05:00 05053 1 0
20130328014 01:10:00 31980 0 0
20130328015 01:15:00 58264 0 0
20130328016 01:20:00 12604 0 0
20130328017 01:25:00 76567 0 0
20130328018 01:30:00 95171 0 1
20130328019 01:35:00 56802 0 0
20130328020 01:40:00 90156 0 0
20130328021 01:45:00 29051 0 0
20130328022 01:50:00 41800 0 1
20130328023 01:55:00 72122 0 1
20130328024 10:00:00 33610 1 0
20130328025 10:10:00 05862 0 0
20130328026 10:20:00 68676 1 1
20130328027 10:30:00 73807 0 0
20130328028 10:40:00 04012 1 0
20130328029 10:50:00 89300 0 1
20130328030 11:00:00 64990 0 1
20130328031 11:10:00 16689 1 0
20130328032 11:20:00 13643 0 0
20130328033 11:30:00 35842 0 0
20130328034 11:40:00 87067 0 0
20130328035 11:50:00 68794 0 0
20130328036 12:00:00 57796 1 0
20130328037 12:10:00 16783 0 0
20130328038 12:20:00 44965 1 0
20130328039 12:30:00 92703 0 0
20130328040 12:40:00 98977 1 1
20130328041 12:50:00 75176 0 0
20130328042 13:00:00 71532 0 0
20130328043 13:10:00 59492 0 0
20130328044 13:20:00 61509 0 0
20130328045 13:30:00 36488 0 1
20130328046 13:40:00 41635 0 0
20130328047 13:50:00 62415 0 0
20130328048 14:00:00 81583 0 0
20130328049 14:10:00 21978 0 0
20130328050 14:20:00 18335 0 1
20130328051 14:30:00 53767 0 1
20130328052 14:40:00 79962 1 0
20130328053 14:50:00 06099 1 1
20130328054 15:00:00 26293 1 0
20130328055 15:10:00 25681 0 0
20130328056 15:20:00 01413 0 0
20130328057 15:30:00 05012 1 0
20130328058 15:40:00 01666 0 1
20130328059 15:50:00 40789 0 0
20130328060 16:00:00 08381 0 0
20130328061 16:10:00 37533 0 1
20130328062 16:20:00 83882 1 1
20130328063 16:30:00 36733 0 1
20130328064 16:40:00 85997 0 1
20130328065 16:50:00 29460 0 0
20130328066 17:00:00 60334 0 1
20130328067 17:10:00 23473 0 0
20130328068 17:20:00 95406 0 0
20130328069 17:30:00 91038 0 0
20130328070 17:40:00 74023 0 0
20130328071 17:50:00 30048 1 0
20130328072 18:00:00 62171 0 1
20130328073 18:10:00 81869 1 0
20130328074 18:20:00 67478 0 0
20130328075 18:30:00 27234 1 0
20130328076 18:40:00 38770 0 1
20130328077 18:50:00 24625 0 0
20130328078 19:00:00 68293 0 0
20130328079 19:10:00 03048 1 0
20130328080 19:20:00 43367 1 0
20130328081 19:30:00 16419 0 0
20130328082 19:40:00 08596 0 0
20130328083 19:50:00 62864 0 0
20130328084 20:00:00 41513 0 0
20130328085 20:10:00 81144 1 1
20130328086 20:20:00 46239 0 0
20130328087 20:30:00 19983 1 0
20130328088 20:40:00 10708 0 0
20130328089 20:50:00 10087 1 0
20130328090 21:00:00 00107 1 0
20130328091 21:10:00 95508 1 0
20130328092 21:20:00 42387 0 0
20130328093 21:30:00 07875 0 0
20130328094 21:40:00 29285 1 0
20130328095 21:50:00 12503 0 0
20130328096 22:00:00 76023 0 0
20130328097 22:05:00 49659 0 0
20130328098 22:10:00 90546 0 0
20130328099 22:15:00 90684 0 0
20130328100 22:20:00 85228 0 1
20130328101 22:25:00 95091 0 0
20130328102 22:30:00 98852 1 0
20130328103 22:35:00 35116 0 1
20130328104 22:40:00 73078 0 0
20130328105 22:45:00 91509 0 0
20130328106 22:50:00 87612 0 0
20130328107 22:55:00 17072 0 0
20130328108 23:00:00 36389 1 0
20130328109 23:05:00 76160 0 0
20130328110 23:10:00 09806 0 0
20130328111 23:15:00 55476 1 0
20130328112 23:20:00 18745 0 0
20130328113 23:25:00 26100 0 1
20130328114 23:30:00 66628 1 0
20130328115 23:35:00 60308 0 0
20130328116 23:40:00 77663 1 1
20130328117 23:45:00 61234 0 0
20130328118 23:50:00 30478 0 0
20130328119 23:55:00 71119 1 1
20130328120 00:00:00 42277 1 1
