20130402001 00:05:00 27989 0 1
20130402002 00:10:00 30374 1 0
20130402003 00:15:00 71374 0 0
20130402004 00:20:00 78749 1 0
20130402005 00:25:00 44196 1 0
20130402006 00:30:00 36600 1 1
20130402007 00:35:00 79725 1 0
20130402008 00:40:00 25287 1 0
20130402009 00:45:00 34866 0 1
20130402010 00:50:00 91739 0 0
20130402011 00:55:00 32309 1 0
20130402012 01:00:00 00784 1 0
20130402013 01:05:00 99013 1 0
20130402014 01:10:00 46428 1 0
20130402015 01:15:00 07972 0 0
20130402016 01:20:00 29017 0 0
20130402017 01:25:00 99893 1 0
20130402018 01:30:00 96287 0 0
20130402019 01:35:00 59741 0 0
20130402020 01:40:00 20439 0 0
20130402021 01:45:00 61159 1 0
20130402022 01:50:00 24244 1 1
20130402023 01:55:00 99341 1 0
20130402024 10:00:00 32376 1 0
20130402025 10:10:00 51749 0 0
20130402026 10:20:00 94658 0 0
20130402027 10:30:00 52743 0 0
20130402028 10:40:00 54143 0 0
20130402029 10:50:00 19152 1 0
20130402030 11:00:00 01589 0 0
20130402031 11:10:00 83175 0 0
20130402032 11:20:00 68269 0 0
20130402033 11:30:00 62365 0 0
20130402034 11:40:00 92763 0 0
20130402035 11:50:00 75068 0 0
20130402036 12:00:00 01335 0 1
20130402037 12:10:00 99278 1 0
20130402038 12:20:00 75731 1 0
20130402039 12:30:00 89532 0 0
20130402040 12:40:00 89970 1 0
20130402041 12:50:00 34319 1 0
20130402042 13:00:00 58649 0 0
20130402043 13:10:00 34018 0 0
20130402044 13:20:00 04349 0 0
20130402045 13:30:00 15781 0 0
20130402046 13:40:00 85182 0 0
20130402047 13:50:00 00467 1 0
20130402048 14:00:00 40192 0 0
20130402049 14:10:00 85123 0 0
20130402050 14:20:00 68019 0 0
20130402051 14:30:00 20128 0 0
20130402052 14:40:00 96445 0 1
20130402053 14:50:00 42720 0 0
20130402054 15:00:00 61576 0 0
20130402055 15:10:00 04915 0 0
20130402056 15:20:00 39605 0 0
20130402057 15:30:00 84639 0 0
20130402058 15:40:00 55799 1 1
20130402059 15:50:00 56611 1 1
20130402060 16:00:00 96613 1 0
20130402061 16:10:00 64012 0 0
20130402062 16:20:00 04319 0 0
20130402063 16:30:00 60103 0 0
20130402064 16:40:00 52754 0 0
20130402065 16:50:00 74409 1 0
20130402066 17:00:00 32055 0 1
20130402067 17:10:00 17523 0 0
20130402068 17:20:00 54693 0 0
20130402069 17:30:00 21404 0 1
20130402070 17:40:00 17089 0 0
20130402071 17:50:00 47421 1 0
20130402072 18:00:00 17608 0 0
20130402073 18:10:00 88394 1 0
20130402074 18:20:00 12189 1 0
20130402075 18:30:00 15907 0 0
20130402076 18:40:00 22706 1 0
20130402077 18:50:00 50824 0 0
20130402078 19:00:00 63290 0 0
20130402079 19:10:00 67441 0 1
20130402080 19:20:00 53593 1 0
20130402081 19:30:00 29572 0 0
20130402082 19:40:00 86604 1 0
20130402083 19:50:00 78286 0 0
20130402084 20:00:00 42775 0 1
20130402085 20:10:00 91100 1 1
20130402086 20:20:00 45644 0 1
20130402087 20:30:00 50962 0 0
20130402088 20:40:00 87259 0 0
20130402089 20:50:00 51699 0 1
20130402090 21:00:00 14745 0 0
20130402091 21:10:00 42883 0 1
20130402092 21:20:00 11056 1 0
20130402093 21:30:00 84441 1 1
20130402094 21:40:00 90674 0 0
20130402095 21:50:00 98158 0 0
20130402096 22:00:00 72425 0 0
20130402097 22:05:00 75698 0 0
20130402098 22:10:00 62109 0 0
20130402099 22:15:00 51593 1 0
20130402100 22:20:00 27755 1 1
20130402101 22:25:00 34313 1 1
20130402102 22:30:00 04613 0 0
20130402103 22:35:00 51477 0 1
20130402104 22:40:00 51658 0 0
20130402105 22:45:00 36186 0 0
20130402106 22:50:00 36083 0 0
20130402107 22:55:00 21315 0 0
20130402108 23:00:00 46026 0 0
20130402109 23:05:00 89969 1 1
20130402110 23:10:00 94402 1 0
20130402111 23:15:00 25982 0 0
20130402112 23:20:00 08874 1 0
20130402113 23:25:00 96900 1 1
20130402114 23:30:00 39519 0 0
20130402115 23:35:00 89424 0 1
20130402116 23:40:00 39218 0 0
20130402117 23:45:00 37469 0 0
20130402118 23:50:00 05332 0 1
20130402119 23:55:00 05727 0 1
20130402120 00:00:00 79393 0 1
