20130413001 00:05:00 64088 0 1
20130413002 00:10:00 28614 0 0
20130413003 00:15:00 33650 1 0
20130413004 00:20:00 93076 0 0
20130413005 00:25:00 15242 0 1
20130413006 00:30:00 68569 0 0
20130413007 00:35:00 66648 1 0
20130413008 00:40:00 66981 1 0
20130413009 00:45:00 73263 0 0
20130413010 00:50:00 33839 1 0
20130413011 00:55:00 66565 1 1
20130413012 01:00:00 36062 0 0
20130413013 01:05:00 68242 0 1
20130413014 01:10:00 35489 0 0
20130413015 01:15:00 65609 1 0
20130413016 01:20:00 05150 0 0
20130413017 01:25:00 98444 0 1
20130413018 01:30:00 56847 0 0
20130413019 01:35:00 30558 0 1
20130413020 01:40:00 51715 0 0
20130413021 01:45:00 05022 1 1
20130413022 01:50:00 81128 1 0
20130413023 01:55:00 46053 0 0
20130413024 10:00:00 37472 0 0
20130413025 10:10:00 17292 0 1
20130413026 10:20:00 01551 0 1
20130413027 10:30:00 97751 1 0
20130413028 10:40:00 98122 0 1
20130413029 10:50:00 71283 0 0
20130413030 11:00:00 78120 0 0
20130413031 11:10:00 86751 0 0
20130413032 11:20:00 12931 0 0
20130413033 11:30:00 83145 0 0
20130413034 11:40:00 17644 0 1
20130413035 11:50:00 18120 1 0
20130413036 12:00:00 97860 0 0
20130413037 12:10:00 47599 0 1
20130413038 12:20:00 33416 1 0
20130413039 12:30:00 30714 0 0
20130413040 12:40:00 72134 0 0
20130413041 12:50:00 10539 0 0
20130413042 13:00:00 38494 0 1
20130413043 13:10:00 29960 1 0
20130413044 13:20:00 03285 0 0
20130413045 13:30:00 95330 0 1
20130413046 13:40:00 97164 0 0
20130413047 13:50:00 05148 0 0
20130413048 14:00:00 32789 0 0
20130413049 14:10:00 70291 0 0
20130413050 14:20:00 68234 0 0
20130413051 14:30:00 35036 0 0
20130413052 14:40:00 05238 0 0
20130413053 14:50:00 44481 1 0
20130413054 15:00:00 99550 1 1
20130413055 15:10:00 18152 1 0
20130413056 15:20:00 26738 0 0
20130413057 15:30:00 78220 0 1
20130413058 15:40:00 90675 0 0
20130413059 15:50:00 14369 0 0
20130413060 16:00:00 09672 0 0
20130413061 16:10:00 02424 0 1
20130413062 16:20:00 53502 1 0
20130413063 16:30:00 70554 0 1
20130413064 16:40:00 36639 1 0
20130413065 16:50:00 10951 0 0
20130413066 17:00:00 54600 0 1
20130413067 17:10:00 50495 0 0
20130413068 17:20:00 42661 0 1
20130413069 17:30:00 80304 0 0
20130413070 17:40:00 14554 0 1
20130413071 17:50:00 80239 0 0
20130413072 18:00:00 26948 0 0
20130413073 18:10:00 28442 0 1
20130413074 18:20:00 66771 1 1
20130413075 18:30:00 12713 0 0
20130413076 18:40:00 58476 0 0
20130413077 18:50:00 61504 0 0
20130413078 19:00:00 27998 0 1
20130413079 19:10:00 93509 0 0
20130413080 19:20:00 45043 0 0
20130413081 19:30:00 86437 0 0
20130413082 19:40:00 08845 1 0
20130413083 19:50:00 99024 1 0
20130413084 20:00:00 10211 0 1
20130413085 20:10:00 07090 1 1
20130413086 20:20:00 15081 0 0
20130413087 20:30:00 22576 1 0
20130413088 20:40:00 71476 0 0
20130413089 20:50:00 35973 0 0
20130413090 21:00:00 53406 0 0
20130413091 21:10:00 97961 1 0
20130413092 21:20:00 17479 0 0
20130413093 21:30:00 66551 1 1
20130413094 21:40:00 23527 0 0
20130413095 21:50:00 21661 0 1
20130413096 22:00:00 07078 1 0
20130413097 22:05:00 67286 0 0
20130413098 22:10:00 84810 1 0
20130413099 22:15:00 07552 0 1
20130413100 22:20:00 47282 0 1
20130413101 22:25:00 34400 1 1
20130413102 22:30:00 96315 0 0
20130413103 22:35:00 22659 1 0
20130413104 22:40:00 46880 0 1
20130413105 22:45:00 35768 0 0
20130413106 22:50:00 88768 1 0
20130413107 22:55:00 18340 0 0
20130413108 23:00:00 31784 0 0
20130413109 23:05:00 88094 1 0
20130413110 23:10:00 96604 1 0
20130413111 23:15:00 66734 1 0
20130413112 23:20:00 33187 1 0
20130413113 23:25:00 26583 0 0
20130413114 23:30:00 39042 0 0
20130413115 23:35:00 10127 1 0
20130413116 23:40:00 85805 1 0
20130413117 23:45:00 20186 0 0
20130413118 23:50:00 75277 0 1
20130413119 23:55:00 69396 0 0
20130413120 00:00:00 45936 0 0
