20131116001 00:05:00 97278 0 0
20131116002 00:10:00 97999 1 1
20131116003 00:15:00 29472 0 0
20131116004 00:20:00 74537 0 0
20131116005 00:25:00 80303 0 1
20131116006 00:30:00 98695 0 0
20131116007 00:35:00 14803 0 0
20131116008 00:40:00 29847 0 0
20131116009 00:45:00 84719 0 0
20131116010 00:50:00 05339 0 1
20131116011 00:55:00 69963 1 0
20131116012 01:00:00 15610 0 0
20131116013 01:05:00 13423 0 0
20131116014 01:10:00 19995 1 1
20131116015 01:15:00 06581 0 0
20131116016 01:20:00 23509 0 0
20131116017 01:25:00 04899 0 1
20131116018 01:30:00 81323 0 1
20131116019 01:35:00 63724 0 0
20131116020 01:40:00 59815 0 0
20131116021 01:45:00 60794 0 0
20131116022 01:50:00 63536 0 0
20131116023 01:55:00 16418 0 0
20131116024 10:00:00 37898 0 1
20131116025 10:10:00 60044 1 1
20131116026 10:20:00 22857 1 0
20131116027 10:30:00 40902 0 0
20131116028 10:40:00 36202 0 1
20131116029 10:50:00 04984 0 0
20131116030 11:00:00 46822 0 1
20131116031 11:10:00 29448 0 1
20131116032 11:20:00 44513 1 0
20131116033 11:30:00 74093 0 0
20131116034 11:40:00 29742 0 0
20131116035 11:50:00 05196 0 0
20131116036 12:00:00 11337 1 1
20131116037 12:10:00 02788 0 1
20131116038 12:20:00 91161 1 1
20131116039 12:30:00 25347 0 0
20131116040 12:40:00 51013 0 0
20131116041 12:50:00 03557 0 1
20131116042 13:00:00 11113 1 1
20131116043 13:10:00 07316 0 0
20131116044 13:20:00 28129 0 0
20131116045 13:30:00 31583 0 0
20131116046 13:40:00 67188 0 1
20131116047 13:50:00 00787 1 1
20131116048 14:00:00 00688 1 1
20131116049 14:10:00 12114 1 1
20131116050 14:20:00 68043 0 0
20131116051 14:30:00 13626 0 1
20131116052 14:40:00 20537 0 0
20131116053 14:50:00 59990 1 1
20131116054 15:00:00 29671 0 0
20131116055 15:10:00 50658 0 0
20131116056 15:20:00 88518 1 0
20131116057 15:30:00 88178 1 0
20131116058 15:40:00 59372 0 0
20131116059 15:50:00 65305 0 0
20131116060 16:00:00 90476 0 0
20131116061 16:10:00 64472 1 0
20131116062 16:20:00 18452 0 0
20131116063 16:30:00 43846 0 0
20131116064 16:40:00 98794 0 0
20131116065 16:50:00 89311 0 1
20131116066 17:00:00 05865 0 0
20131116067 17:10:00 22133 1 1
20131116068 17:20:00 72558 0 1
20131116069 17:30:00 07962 0 0
20131116070 17:40:00 26269 1 0
20131116071 17:50:00 86165 0 0
20131116072 18:00:00 78589 0 0
20131116073 18:10:00 88013 1 0
20131116074 18:20:00 56092 0 0
20131116075 18:30:00 93720 0 0
20131116076 18:40:00 44817 1 0
20131116077 18:50:00 59491 0 0
20131116078 19:00:00 52743 0 0
20131116079 19:10:00 96824 0 0
20131116080 19:20:00 12532 0 0
20131116081 19:30:00 93220 0 1
20131116082 19:40:00 54145 0 0
20131116083 19:50:00 38330 1 1
20131116084 20:00:00 07014 1 0
20131116085 20:10:00 46066 0 1
20131116086 20:20:00 31577 0 1
20131116087 20:30:00 97294 0 0
20131116088 20:40:00 82897 1 0
20131116089 20:50:00 76577 0 1
20131116090 21:00:00 81702 0 0
20131116091 21:10:00 34962 0 0
20131116092 21:20:00 35368 1 0
20131116093 21:30:00 99232 1 1
20131116094 21:40:00 30326 1 0
20131116095 21:50:00 77835 1 0
20131116096 22:00:00 71728 1 0
20131116097 22:05:00 74852 0 0
20131116098 22:10:00 39794 0 0
20131116099 22:15:00 04698 0 0
20131116100 22:20:00 80493 0 0
20131116101 22:25:00 83016 0 0
20131116102 22:30:00 86721 0 0
20131116103 22:35:00 77365 1 0
20131116104 22:40:00 17893 0 0
20131116105 22:45:00 54154 0 0
20131116106 22:50:00 80870 1 0
20131116107 22:55:00 19741 0 0
20131116108 23:00:00 28580 0 0
20131116109 23:05:00 85842 1 0
20131116110 23:10:00 71600 0 1
20131116111 23:15:00 33136 1 0
20131116112 23:20:00 31015 0 0
20131116113 23:25:00 82839 1 0
20131116114 23:30:00 63125 0 0
20131116115 23:35:00 95683 0 0
20131116116 23:40:00 04882 0 1
20131116117 23:45:00 92795 0 0
20131116118 23:50:00 23455 0 1
20131116119 23:55:00 48381 0 0
20131116120 00:00:00 91083 0 0
