20130222001 00:05:00 05424 0 1
20130222002 00:10:00 04669 0 1
20130222003 00:15:00 06236 0 0
20130222004 00:20:00 13043 0 0
20130222005 00:25:00 09819 0 0
20130222006 00:30:00 00424 1 1
20130222007 00:35:00 32829 0 0
20130222008 00:40:00 31163 1 0
20130222009 00:45:00 89080 0 1
20130222010 00:50:00 61566 0 1
20130222011 00:55:00 66683 1 0
20130222012 01:00:00 23156 0 0
20130222013 01:05:00 39089 0 0
20130222014 01:10:00 52102 0 0
20130222015 01:15:00 88164 1 0
20130222016 01:20:00 36183 0 0
20130222017 01:25:00 47841 0 0
20130222018 01:30:00 77361 1 0
20130222019 01:35:00 38404 0 1
20130222020 01:40:00 18587 0 0
20130222021 01:45:00 40244 0 1
20130222022 01:50:00 91625 0 0
20130222023 01:55:00 04494 1 1
20130222024 10:00:00 56646 1 1
20130222025 10:10:00 25520 1 0
20130222026 10:20:00 23186 0 0
20130222027 10:30:00 23985 0 0
20130222028 10:40:00 12743 0 0
20130222029 10:50:00 04218 0 0
20130222030 11:00:00 17889 0 1
20130222031 11:10:00 44979 1 1
20130222032 11:20:00 60832 0 0
20130222033 11:30:00 81605 0 0
20130222034 11:40:00 09953 1 0
20130222035 11:50:00 37817 0 0
20130222036 12:00:00 09530 0 0
20130222037 12:10:00 27951 0 0
20130222038 12:20:00 57100 0 1
20130222039 12:30:00 93571 0 0
20130222040 12:40:00 94128 0 0
20130222041 12:50:00 62594 0 0
20130222042 13:00:00 46409 1 0
20130222043 13:10:00 96305 0 0
20130222044 13:20:00 89523 0 0
20130222045 13:30:00 50430 0 0
20130222046 13:40:00 57495 0 0
20130222047 13:50:00 93623 0 0
20130222048 14:00:00 44440 1 1
20130222049 14:10:00 53369 1 0
20130222050 14:20:00 50395 0 0
20130222051 14:30:00 92430 0 0
20130222052 14:40:00 43276 0 0
20130222053 14:50:00 92292 1 1
20130222054 15:00:00 19415 0 0
20130222055 15:10:00 24439 1 0
20130222056 15:20:00 18860 1 0
20130222057 15:30:00 34772 0 1
20130222058 15:40:00 14000 0 1
20130222059 15:50:00 96004 0 1
20130222060 16:00:00 26662 1 1
20130222061 16:10:00 59730 0 0
20130222062 16:20:00 86104 0 0
20130222063 16:30:00 27891 0 0
20130222064 16:40:00 37546 0 0
20130222065 16:50:00 11612 1 0
20130222066 17:00:00 77547 1 0
20130222067 17:10:00 21860 0 0
20130222068 17:20:00 72000 0 1
20130222069 17:30:00 89068 0 0
20130222070 17:40:00 17946 0 0
20130222071 17:50:00 83755 0 1
20130222072 18:00:00 07462 0 0
20130222073 18:10:00 56451 0 0
20130222074 18:20:00 59786 0 0
20130222075 18:30:00 09982 1 0
20130222076 18:40:00 38525 0 1
20130222077 18:50:00 46896 0 0
20130222078 19:00:00 14316 0 0
20130222079 19:10:00 53592 1 0
20130222080 19:20:00 85960 0 0
20130222081 19:30:00 27735 1 0
20130222082 19:40:00 34049 0 0
20130222083 19:50:00 02668 0 1
20130222084 20:00:00 28955 0 1
20130222085 20:10:00 21366 0 1
20130222086 20:20:00 20087 1 0
20130222087 20:30:00 39857 0 0
20130222088 20:40:00 69178 0 0
20130222089 20:50:00 20470 0 0
20130222090 21:00:00 59432 0 0
20130222091 21:10:00 15092 0 0
20130222092 21:20:00 27900 0 1
20130222093 21:30:00 20606 0 1
20130222094 21:40:00 28547 0 0
20130222095 21:50:00 08227 0 1
20130222096 22:00:00 30612 0 0
20130222097 22:05:00 34617 0 0
20130222098 22:10:00 10011 1 1
20130222099 22:15:00 36177 0 1
20130222100 22:20:00 47499 1 1
20130222101 22:25:00 38507 0 0
20130222102 22:30:00 53789 0 0
20130222103 22:35:00 76239 0 0
20130222104 22:40:00 15974 0 0
20130222105 22:45:00 15532 1 0
20130222106 22:50:00 11656 1 1
20130222107 22:55:00 75764 1 0
20130222108 23:00:00 97980 1 0
20130222109 23:05:00 65126 0 0
20130222110 23:10:00 30165 0 0
20130222111 23:15:00 67593 0 0
20130222112 23:20:00 27444 0 1
20130222113 23:25:00 50840 0 0
20130222114 23:30:00 41925 0 0
20130222115 23:35:00 82960 0 0
20130222116 23:40:00 78229 0 1
20130222117 23:45:00 42774 0 1
20130222118 23:50:00 74078 0 0
20130222119 23:55:00 01687 0 0
20130222120 00:00:00 02201 1 0
