20130115001 00:05:00 10574 0 0
20130115002 00:10:00 37468 0 0
20130115003 00:15:00 96499 0 1
20130115004 00:20:00 55578 1 0
20130115005 00:25:00 62088 0 1
20130115006 00:30:00 98378 0 0
20130115007 00:35:00 80750 0 0
20130115008 00:40:00 16067 0 0
20130115009 00:45:00 04312 0 0
20130115010 00:50:00 04728 0 0
20130115011 00:55:00 15267 0 0
20130115012 01:00:00 62646 1 1
20130115013 01:05:00 92191 0 1
20130115014 01:10:00 05790 0 0
20130115015 01:15:00 73958 0 0
20130115016 01:20:00 19580 0 0
20130115017 01:25:00 73239 0 0
20130115018 01:30:00 49958 1 0
20130115019 01:35:00 76043 0 0
20130115020 01:40:00 27362 0 0
20130115021 01:45:00 01134 1 0
20130115022 01:50:00 70058 1 0
20130115023 01:55:00 36979 0 1
20130115024 10:00:00 24364 0 0
20130115025 10:10:00 30943 0 0
20130115026 10:20:00 17781 1 0
20130115027 10:30:00 53955 0 1
20130115028 10:40:00 50677 0 1
20130115029 10:50:00 60048 1 0
20130115030 11:00:00 58844 1 1
20130115031 11:10:00 77547 1 0
20130115032 11:20:00 13701 0 0
20130115033 11:30:00 78348 0 0
20130115034 11:40:00 17282 0 1
20130115035 11:50:00 87429 0 0
20130115036 12:00:00 24719 0 0
20130115037 12:10:00 30723 0 0
20130115038 12:20:00 35629 0 0
20130115039 12:30:00 70882 0 1
20130115040 12:40:00 73291 0 0
20130115041 12:50:00 47167 0 0
20130115042 13:00:00 06601 1 0
20130115043 13:10:00 17265 0 0
20130115044 13:20:00 10724 0 0
20130115045 13:30:00 78063 0 0
20130115046 13:40:00 73376 1 0
20130115047 13:50:00 92325 0 0
20130115048 14:00:00 26779 0 1
20130115049 14:10:00 44923 1 0
20130115050 14:20:00 60648 1 0
20130115051 14:30:00 48267 0 0
20130115052 14:40:00 06956 0 0
20130115053 14:50:00 20138 0 0
20130115054 15:00:00 74278 0 0
20130115055 15:10:00 88182 1 0
20130115056 15:20:00 52697 0 0
20130115057 15:30:00 29991 1 1
20130115058 15:40:00 46699 1 1
20130115059 15:50:00 26414 0 1
20130115060 16:00:00 40660 0 1
20130115061 16:10:00 00502 1 0
20130115062 16:20:00 01717 0 1
20130115063 16:30:00 89901 1 0
20130115064 16:40:00 15511 1 1
20130115065 16:50:00 66160 1 0
20130115066 17:00:00 27159 0 0
20130115067 17:10:00 89156 0 0
20130115068 17:20:00 17871 0 0
20130115069 17:30:00 48995 0 1
20130115070 17:40:00 52876 0 0
20130115071 17:50:00 98986 1 0
20130115072 18:00:00 00057 1 0
20130115073 18:10:00 41233 0 1
20130115074 18:20:00 76689 1 0
20130115075 18:30:00 70306 0 0
20130115076 18:40:00 05876 0 0
20130115077 18:50:00 68462 0 0
20130115078 19:00:00 30003 1 1
20130115079 19:10:00 58442 0 1
20130115080 19:20:00 79034 0 0
20130115081 19:30:00 86922 0 1
20130115082 19:40:00 94320 0 0
20130115083 19:50:00 84685 0 0
20130115084 20:00:00 05334 0 1
20130115085 20:10:00 39799 0 1
20130115086 20:20:00 68333 0 1
20130115087 20:30:00 19286 0 0
20130115088 20:40:00 83969 0 1
20130115089 20:50:00 23159 0 0
20130115090 21:00:00 09008 1 1
20130115091 21:10:00 53584 1 0
20130115092 21:20:00 90428 0 0
20130115093 21:30:00 80759 0 0
20130115094 21:40:00 85304 0 0
20130115095 21:50:00 74464 1 1
20130115096 22:00:00 92366 0 1
20130115097 22:05:00 58562 1 0
20130115098 22:10:00 93481 0 0
20130115099 22:15:00 11571 1 0
20130115100 22:20:00 34019 0 0
20130115101 22:25:00 82769 0 0
20130115102 22:30:00 98251 0 0
20130115103 22:35:00 80548 0 0
20130115104 22:40:00 33761 1 0
20130115105 22:45:00 59372 0 0
20130115106 22:50:00 85067 0 0
20130115107 22:55:00 06462 0 0
20130115108 23:00:00 86504 0 0
20130115109 23:05:00 70596 0 0
20130115110 23:10:00 65481 0 0
20130115111 23:15:00 99594 1 0
20130115112 23:20:00 60932 0 0
20130115113 23:25:00 36501 0 0
20130115114 23:30:00 07936 0 0
20130115115 23:35:00 83584 0 0
20130115116 23:40:00 07212 0 1
20130115117 23:45:00 55524 1 0
20130115118 23:50:00 30932 0 0
20130115119 23:55:00 44978 1 0
20130115120 00:00:00 13913 0 0
