20130310001 00:05:00 43264 0 0
20130310002 00:10:00 30919 0 1
20130310003 00:15:00 05111 0 1
20130310004 00:20:00 85339 0 1
20130310005 00:25:00 69273 0 0
20130310006 00:30:00 41650 0 0
20130310007 00:35:00 40453 1 0
20130310008 00:40:00 03746 0 0
20130310009 00:45:00 39562 0 0
20130310010 00:50:00 27540 0 0
20130310011 00:55:00 33561 1 0
20130310012 01:00:00 58922 0 1
20130310013 01:05:00 12433 0 1
20130310014 01:10:00 08053 1 0
20130310015 01:15:00 22688 1 1
20130310016 01:20:00 45622 0 1
20130310017 01:25:00 06972 0 0
20130310018 01:30:00 54323 0 1
20130310019 01:35:00 71334 0 1
20130310020 01:40:00 10883 0 1
20130310021 01:45:00 55899 1 1
20130310022 01:50:00 28594 0 0
20130310023 01:55:00 80790 0 0
20130310024 10:00:00 74250 0 0
20130310025 10:10:00 33966 1 1
20130310026 10:20:00 75692 0 0
20130310027 10:30:00 18316 0 0
20130310028 10:40:00 49167 0 0
20130310029 10:50:00 80528 0 0
20130310030 11:00:00 69621 1 0
20130310031 11:10:00 60164 0 0
20130310032 11:20:00 01246 0 0
20130310033 11:30:00 26453 0 0
20130310034 11:40:00 69706 0 0
20130310035 11:50:00 47491 1 0
20130310036 12:00:00 88328 1 0
20130310037 12:10:00 28919 0 1
20130310038 12:20:00 13351 1 0
20130310039 12:30:00 23970 0 0
20130310040 12:40:00 52591 1 0
20130310041 12:50:00 04764 0 0
20130310042 13:00:00 18877 1 1
20130310043 13:10:00 58274 0 0
20130310044 13:20:00 29354 0 0
20130310045 13:30:00 65669 1 1
20130310046 13:40:00 58626 0 1
20130310047 13:50:00 66312 1 0
20130310048 14:00:00 32382 1 0
20130310049 14:10:00 86715 0 0
20130310050 14:20:00 25839 0 0
20130310051 14:30:00 86795 0 0
20130310052 14:40:00 41104 1 0
20130310053 14:50:00 48347 0 0
20130310054 15:00:00 42525 0 1
20130310055 15:10:00 85698 0 0
20130310056 15:20:00 73307 1 0
20130310057 15:30:00 73731 1 0
20130310058 15:40:00 02641 0 0
20130310059 15:50:00 66559 1 1
20130310060 16:00:00 58361 0 0
20130310061 16:10:00 66214 1 0
20130310062 16:20:00 51769 0 0
20130310063 16:30:00 15566 1 1
20130310064 16:40:00 04753 0 0
20130310065 16:50:00 41617 0 0
20130310066 17:00:00 91926 1 0
20130310067 17:10:00 12002 0 1
20130310068 17:20:00 10643 0 0
20130310069 17:30:00 61796 0 0
20130310070 17:40:00 89659 0 0
20130310071 17:50:00 66346 1 0
20130310072 18:00:00 89043 0 0
20130310073 18:10:00 86248 0 0
20130310074 18:20:00 80502 0 0
20130310075 18:30:00 77963 1 0
20130310076 18:40:00 28448 0 1
20130310077 18:50:00 60583 0 0
20130310078 19:00:00 57144 0 1
20130310079 19:10:00 22543 1 0
20130310080 19:20:00 76190 0 0
20130310081 19:30:00 73386 1 0
20130310082 19:40:00 88733 1 1
20130310083 19:50:00 82880 1 1
20130310084 20:00:00 73370 1 0
20130310085 20:10:00 24471 1 0
20130310086 20:20:00 83696 0 1
20130310087 20:30:00 00519 1 0
20130310088 20:40:00 52071 0 0
20130310089 20:50:00 15670 0 0
20130310090 21:00:00 99573 1 0
20130310091 21:10:00 39073 0 0
20130310092 21:20:00 08200 0 1
20130310093 21:30:00 08952 0 0
20130310094 21:40:00 82651 0 0
20130310095 21:50:00 00557 1 1
20130310096 22:00:00 57629 0 0
20130310097 22:05:00 39853 0 0
20130310098 22:10:00 29243 1 0
20130310099 22:15:00 00548 1 0
20130310100 22:20:00 73983 0 0
20130310101 22:25:00 84017 0 0
20130310102 22:30:00 51545 1 1
20130310103 22:35:00 51321 0 0
20130310104 22:40:00 45818 0 1
20130310105 22:45:00 34580 0 0
20130310106 22:50:00 02607 0 0
20130310107 22:55:00 07011 1 1
20130310108 23:00:00 09060 1 1
20130310109 23:05:00 58708 0 0
20130310110 23:10:00 80597 0 0
20130310111 23:15:00 92709 0 0
20130310112 23:20:00 82157 0 0
20130310113 23:25:00 16860 0 0
20130310114 23:30:00 15054 0 0
20130310115 23:35:00 26551 0 1
20130310116 23:40:00 28319 0 0
20130310117 23:45:00 22141 1 1
20130310118 23:50:00 64010 0 1
20130310119 23:55:00 43647 0 0
20130310120 00:00:00 36547 0 0
