20130323001 00:05:00 62591 0 0
20130323002 00:10:00 35139 0 0
20130323003 00:15:00 88097 1 0
20130323004 00:20:00 80375 0 0
20130323005 00:25:00 42034 0 0
20130323006 00:30:00 11323 1 1
20130323007 00:35:00 80599 0 1
20130323008 00:40:00 84247 0 0
20130323009 00:45:00 00711 1 1
20130323010 00:50:00 18264 0 0
20130323011 00:55:00 50504 1 0
20130323012 01:00:00 15780 0 0
20130323013 01:05:00 50301 0 0
20130323014 01:10:00 01503 0 0
20130323015 01:15:00 66969 1 1
20130323016 01:20:00 95469 0 0
20130323017 01:25:00 51643 0 0
20130323018 01:30:00 92936 1 0
20130323019 01:35:00 96025 0 0
20130323020 01:40:00 08302 0 0
20130323021 01:45:00 49888 0 1
20130323022 01:50:00 80083 1 0
20130323023 01:55:00 50318 0 0
20130323024 10:00:00 91330 0 1
20130323025 10:10:00 39609 0 0
20130323026 10:20:00 56776 0 1
20130323027 10:30:00 56912 0 0
20130323028 10:40:00 86362 0 0
20130323029 10:50:00 16995 0 1
20130323030 11:00:00 69327 0 0
20130323031 11:10:00 12452 0 0
20130323032 11:20:00 21952 0 0
20130323033 11:30:00 02234 1 0
20130323034 11:40:00 66988 1 1
20130323035 11:50:00 19852 0 0
20130323036 12:00:00 46209 0 0
20130323037 12:10:00 42979 0 1
20130323038 12:20:00 31029 0 0
20130323039 12:30:00 78583 0 0
20130323040 12:40:00 78543 0 0
20130323041 12:50:00 99522 1 1
20130323042 13:00:00 08851 1 0
20130323043 13:10:00 75529 1 0
20130323044 13:20:00 91438 0 0
20130323045 13:30:00 75268 0 0
20130323046 13:40:00 47218 0 0
20130323047 13:50:00 74295 0 0
20130323048 14:00:00 26769 0 0
20130323049 14:10:00 59635 0 0
20130323050 14:20:00 76820 0 0
20130323051 14:30:00 68675 1 0
20130323052 14:40:00 23398 1 0
20130323053 14:50:00 55305 1 0
20130323054 15:00:00 96001 0 1
20130323055 15:10:00 58911 0 1
20130323056 15:20:00 92549 0 0
20130323057 15:30:00 45135 0 0
20130323058 15:40:00 02830 0 0
20130323059 15:50:00 30155 0 1
20130323060 16:00:00 62979 0 1
20130323061 16:10:00 09167 0 0
20130323062 16:20:00 23755 0 1
20130323063 16:30:00 68515 0 1
20130323064 16:40:00 57917 0 0
20130323065 16:50:00 52936 0 0
20130323066 17:00:00 55893 1 0
20130323067 17:10:00 93315 1 0
20130323068 17:20:00 39976 1 0
20130323069 17:30:00 65892 0 0
20130323070 17:40:00 26134 0 0
20130323071 17:50:00 69287 0 0
20130323072 18:00:00 98610 0 0
20130323073 18:10:00 63946 0 0
20130323074 18:20:00 52689 0 0
20130323075 18:30:00 79712 1 0
20130323076 18:40:00 96397 0 0
20130323077 18:50:00 54347 0 0
20130323078 19:00:00 73598 0 0
20130323079 19:10:00 90754 0 0
20130323080 19:20:00 99960 1 0
20130323081 19:30:00 91118 1 1
20130323082 19:40:00 97889 0 1
20130323083 19:50:00 22890 1 0
20130323084 20:00:00 58898 1 1
20130323085 20:10:00 43702 0 0
20130323086 20:20:00 25606 0 1
20130323087 20:30:00 66548 1 0
20130323088 20:40:00 43985 0 0
20130323089 20:50:00 09437 0 0
20130323090 21:00:00 44375 1 0
20130323091 21:10:00 39948 1 0
20130323092 21:20:00 96454 0 1
20130323093 21:30:00 56086 0 0
20130323094 21:40:00 78796 1 0
20130323095 21:50:00 19247 0 0
20130323096 22:00:00 02555 0 1
20130323097 22:05:00 78918 0 0
20130323098 22:10:00 67852 0 0
20130323099 22:15:00 13980 0 0
20130323100 22:20:00 52231 1 0
20130323101 22:25:00 90798 0 0
20130323102 22:30:00 10872 0 0
20130323103 22:35:00 75039 0 0
20130323104 22:40:00 83152 0 0
20130323105 22:45:00 36467 0 0
20130323106 22:50:00 85296 0 0
20130323107 22:55:00 28411 0 1
20130323108 23:00:00 90440 0 1
20130323109 23:05:00 65108 0 0
20130323110 23:10:00 95963 1 0
20130323111 23:15:00 67666 1 1
20130323112 23:20:00 59055 0 1
20130323113 23:25:00 31665 0 1
20130323114 23:30:00 75738 1 0
20130323115 23:35:00 87040 0 1
20130323116 23:40:00 86816 1 0
20130323117 23:45:00 66497 1 0
20130323118 23:50:00 30921 0 0
20130323119 23:55:00 20372 0 0
20130323120 00:00:00 12259 1 0
