20130407001 00:05:00 02291 1 0
20130407002 00:10:00 71565 0 1
20130407003 00:15:00 36319 1 0
20130407004 00:20:00 29191 0 1
20130407005 00:25:00 72418 0 0
20130407006 00:30:00 76116 0 1
20130407007 00:35:00 79835 0 0
20130407008 00:40:00 02285 1 0
20130407009 00:45:00 22062 1 0
20130407010 00:50:00 35063 0 0
20130407011 00:55:00 33781 1 0
20130407012 01:00:00 62672 1 0
20130407013 01:05:00 24878 0 1
20130407014 01:10:00 48913 0 0
20130407015 01:15:00 06870 0 0
20130407016 01:20:00 33474 1 1
20130407017 01:25:00 27835 0 0
20130407018 01:30:00 76848 0 1
20130407019 01:35:00 70139 0 0
20130407020 01:40:00 71203 0 0
20130407021 01:45:00 91397 0 0
20130407022 01:50:00 86698 1 0
20130407023 01:55:00 64989 0 1
20130407024 10:00:00 30436 0 0
20130407025 10:10:00 92611 0 1
20130407026 10:20:00 74788 1 1
20130407027 10:30:00 13210 0 0
20130407028 10:40:00 45790 0 0
20130407029 10:50:00 19599 0 1
20130407030 11:00:00 49815 0 0
20130407031 11:10:00 02877 0 1
20130407032 11:20:00 97088 0 1
20130407033 11:30:00 58625 0 0
20130407034 11:40:00 21994 0 1
20130407035 11:50:00 05166 0 1
20130407036 12:00:00 65199 0 1
20130407037 12:10:00 90543 0 0
20130407038 12:20:00 70115 0 1
20130407039 12:30:00 87927 0 0
20130407040 12:40:00 07730 1 0
20130407041 12:50:00 27351 0 0
20130407042 13:00:00 54822 0 1
20130407043 13:10:00 77551 1 1
20130407044 13:20:00 81594 0 0
20130407045 13:30:00 21199 1 1
20130407046 13:40:00 57072 0 0
20130407047 13:50:00 37327 1 0
20130407048 14:00:00 18520 0 0
20130407049 14:10:00 81074 0 0
20130407050 14:20:00 63291 0 0
20130407051 14:30:00 76970 0 0
20130407052 14:40:00 63845 0 0
20130407053 14:50:00 91708 0 0
20130407054 15:00:00 91617 0 0
20130407055 15:10:00 91024 0 0
20130407056 15:20:00 97438 0 0
20130407057 15:30:00 79374 0 0
20130407058 15:40:00 39746 0 0
20130407059 15:50:00 10151 1 1
20130407060 16:00:00 62141 0 1
20130407061 16:10:00 29128 0 0
20130407062 16:20:00 10967 0 0
20130407063 16:30:00 63846 0 0
20130407064 16:40:00 05416 0 0
20130407065 16:50:00 01161 1 1
20130407066 17:00:00 52573 1 0
20130407067 17:10:00 23159 0 0
20130407068 17:20:00 07988 0 1
20130407069 17:30:00 64396 0 0
20130407070 17:40:00 79777 1 1
20130407071 17:50:00 25161 0 1
20130407072 18:00:00 37259 0 0
20130407073 18:10:00 37687 0 0
20130407074 18:20:00 88079 1 0
20130407075 18:30:00 79186 0 0
20130407076 18:40:00 32634 0 0
20130407077 18:50:00 71462 0 0
20130407078 19:00:00 64184 0 0
20130407079 19:10:00 37048 0 0
20130407080 19:20:00 01396 0 0
20130407081 19:30:00 34841 0 0
20130407082 19:40:00 04709 0 0
20130407083 19:50:00 54431 1 0
20130407084 20:00:00 41484 1 1
20130407085 20:10:00 13364 1 0
20130407086 20:20:00 50541 1 0
20130407087 20:30:00 80208 0 0
20130407088 20:40:00 72720 1 0
20130407089 20:50:00 19994 1 1
20130407090 21:00:00 00166 1 1
20130407091 21:10:00 68216 0 0
20130407092 21:20:00 58905 0 0
20130407093 21:30:00 29760 0 0
20130407094 21:40:00 94343 0 1
20130407095 21:50:00 67569 0 0
20130407096 22:00:00 16641 1 0
20130407097 22:05:00 00364 1 0
20130407098 22:10:00 97635 0 0
20130407099 22:15:00 64787 0 1
20130407100 22:20:00 68143 0 0
20130407101 22:25:00 65276 0 0
20130407102 22:30:00 44882 1 1
20130407103 22:35:00 03373 1 1
20130407104 22:40:00 65677 1 1
20130407105 22:45:00 45772 0 1
20130407106 22:50:00 74228 0 1
20130407107 22:55:00 60044 1 1
20130407108 23:00:00 04493 1 0
20130407109 23:05:00 22469 1 0
20130407110 23:10:00 58163 0 0
20130407111 23:15:00 75238 0 0
20130407112 23:20:00 53679 0 0
20130407113 23:25:00 16473 0 0
20130407114 23:30:00 18728 0 0
20130407115 23:35:00 87497 0 0
20130407116 23:40:00 46926 0 0
20130407117 23:45:00 17449 0 1
20130407118 23:50:00 39540 0 0
20130407119 23:55:00 72874 0 0
20130407120 00:00:00 21163 1 0
