20130706001 00:05:00 13064 0 0
20130706002 00:10:00 45102 0 0
20130706003 00:15:00 24423 1 0
20130706004 00:20:00 89230 0 0
20130706005 00:25:00 90612 0 0
20130706006 00:30:00 05460 0 0
20130706007 00:35:00 75343 0 1
20130706008 00:40:00 49274 0 0
20130706009 00:45:00 97978 1 0
20130706010 00:50:00 35719 0 0
20130706011 00:55:00 02263 1 0
20130706012 01:00:00 27424 0 1
20130706013 01:05:00 12739 0 0
20130706014 01:10:00 50783 0 0
20130706015 01:15:00 39392 1 0
20130706016 01:20:00 39089 0 0
20130706017 01:25:00 32311 1 1
20130706018 01:30:00 18992 0 1
20130706019 01:35:00 97817 0 0
20130706020 01:40:00 41021 0 0
20130706021 01:45:00 08768 0 0
20130706022 01:50:00 35893 0 0
20130706023 01:55:00 61109 1 0
20130706024 10:00:00 81664 0 1
20130706025 10:10:00 44204 1 0
20130706026 10:20:00 17427 0 0
20130706027 10:30:00 29340 0 0
20130706028 10:40:00 54232 0 1
20130706029 10:50:00 67645 1 0
20130706030 11:00:00 44968 1 0
20130706031 11:10:00 51467 0 0
20130706032 11:20:00 28973 0 0
20130706033 11:30:00 18604 0 0
20130706034 11:40:00 35933 0 1
20130706035 11:50:00 09482 0 0
20130706036 12:00:00 49325 0 0
20130706037 12:10:00 89143 0 0
20130706038 12:20:00 60908 0 0
20130706039 12:30:00 95640 0 0
20130706040 12:40:00 36545 0 1
20130706041 12:50:00 07894 0 0
20130706042 13:00:00 08218 0 0
20130706043 13:10:00 76009 0 1
20130706044 13:20:00 00498 1 0
20130706045 13:30:00 65267 0 0
20130706046 13:40:00 65403 0 0
20130706047 13:50:00 17069 0 0
20130706048 14:00:00 07852 0 0
20130706049 14:10:00 98074 0 0
20130706050 14:20:00 08403 0 0
20130706051 14:30:00 30299 0 1
20130706052 14:40:00 63861 0 0
20130706053 14:50:00 20468 0 0
20130706054 15:00:00 21553 0 1
20130706055 15:10:00 03649 0 0
20130706056 15:20:00 28177 0 1
20130706057 15:30:00 53840 0 0
20130706058 15:40:00 48083 0 0
20130706059 15:50:00 33469 1 0
20130706060 16:00:00 21622 0 1
20130706061 16:10:00 78798 1 0
20130706062 16:20:00 57347 0 0
20130706063 16:30:00 97079 0 0
20130706064 16:40:00 09382 0 0
20130706065 16:50:00 23900 0 1
20130706066 17:00:00 91113 1 1
20130706067 17:10:00 38284 0 0
20130706068 17:20:00 82261 1 0
20130706069 17:30:00 41094 0 0
20130706070 17:40:00 06610 1 0
20130706071 17:50:00 09985 1 0
20130706072 18:00:00 99753 1 0
20130706073 18:10:00 44273 1 0
20130706074 18:20:00 16011 0 1
20130706075 18:30:00 48806 1 0
20130706076 18:40:00 55579 1 0
20130706077 18:50:00 47700 1 1
20130706078 19:00:00 13100 1 1
20130706079 19:10:00 85720 0 0
20130706080 19:20:00 17023 0 0
20130706081 19:30:00 93454 0 1
20130706082 19:40:00 98161 0 1
20130706083 19:50:00 95326 0 0
20130706084 20:00:00 93909 1 1
20130706085 20:10:00 82380 0 0
20130706086 20:20:00 24758 0 0
20130706087 20:30:00 59203 0 0
20130706088 20:40:00 27308 0 0
20130706089 20:50:00 75513 1 0
20130706090 21:00:00 97999 1 1
20130706091 21:10:00 39842 0 0
20130706092 21:20:00 11343 1 1
20130706093 21:30:00 53540 1 0
20130706094 21:40:00 15581 1 0
20130706095 21:50:00 02849 0 0
20130706096 22:00:00 05940 0 0
20130706097 22:05:00 53000 0 1
20130706098 22:10:00 04122 0 1
20130706099 22:15:00 62338 0 1
20130706100 22:20:00 77867 1 0
20130706101 22:25:00 93566 0 1
20130706102 22:30:00 56300 0 1
20130706103 22:35:00 96690 1 0
20130706104 22:40:00 64793 0 0
20130706105 22:45:00 74667 0 1
20130706106 22:50:00 19995 1 1
20130706107 22:55:00 36805 0 0
20130706108 23:00:00 50555 1 1
20130706109 23:05:00 59981 1 0
20130706110 23:10:00 97352 0 0
20130706111 23:15:00 10873 0 0
20130706112 23:20:00 06439 0 0
20130706113 23:25:00 61158 1 0
20130706114 23:30:00 01030 1 1
20130706115 23:35:00 39672 0 0
20130706116 23:40:00 17205 0 0
20130706117 23:45:00 61348 0 0
20130706118 23:50:00 08329 0 0
20130706119 23:55:00 45409 1 0
20130706120 00:00:00 23825 0 0
