20131212001 00:05:00 74431 1 0
20131212002 00:10:00 08139 0 0
20131212003 00:15:00 74093 0 0
20131212004 00:20:00 61083 0 0
20131212005 00:25:00 71791 1 0
20131212006 00:30:00 49495 1 0
20131212007 00:35:00 21860 0 0
20131212008 00:40:00 45321 0 0
20131212009 00:45:00 89397 0 0
20131212010 00:50:00 76613 1 0
20131212011 00:55:00 90753 0 0
20131212012 01:00:00 12798 0 0
20131212013 01:05:00 95546 1 0
20131212014 01:10:00 93384 1 0
20131212015 01:15:00 22056 1 0
20131212016 01:20:00 70716 1 0
20131212017 01:25:00 89838 1 1
20131212018 01:30:00 47665 0 1
20131212019 01:35:00 65197 0 0
20131212020 01:40:00 36406 0 0
20131212021 01:45:00 15016 0 0
20131212022 01:50:00 75898 0 1
20131212023 01:55:00 42763 0 0
20131212024 10:00:00 65418 0 0
20131212025 10:10:00 56078 0 0
20131212026 10:20:00 91085 0 0
20131212027 10:30:00 73647 0 0
20131212028 10:40:00 29963 1 0
20131212029 10:50:00 35276 0 0
20131212030 11:00:00 76677 1 1
20131212031 11:10:00 96337 0 1
20131212032 11:20:00 17205 0 0
20131212033 11:30:00 39173 0 0
20131212034 11:40:00 19552 0 1
20131212035 11:50:00 49489 1 0
20131212036 12:00:00 79829 0 0
20131212037 12:10:00 36577 0 1
20131212038 12:20:00 56627 1 0
20131212039 12:30:00 69044 0 1
20131212040 12:40:00 82880 1 1
20131212041 12:50:00 06989 0 1
20131212042 13:00:00 86790 0 0
20131212043 13:10:00 60014 1 0
20131212044 13:20:00 03707 0 1
20131212045 13:30:00 75451 0 0
20131212046 13:40:00 32876 0 0
20131212047 13:50:00 49412 1 0
20131212048 14:00:00 53515 1 1
20131212049 14:10:00 87739 1 0
20131212050 14:20:00 92523 0 0
20131212051 14:30:00 52577 1 1
20131212052 14:40:00 45421 1 0
20131212053 14:50:00 02466 0 1
20131212054 15:00:00 58930 0 0
20131212055 15:10:00 54063 0 0
20131212056 15:20:00 56601 1 0
20131212057 15:30:00 01862 0 0
20131212058 15:40:00 91384 0 0
20131212059 15:50:00 29002 0 1
20131212060 16:00:00 00388 1 1
20131212061 16:10:00 63282 0 1
20131212062 16:20:00 10141 1 1
20131212063 16:30:00 01314 0 0
20131212064 16:40:00 48954 0 0
20131212065 16:50:00 46669 1 1
20131212066 17:00:00 41230 0 0
20131212067 17:10:00 40695 0 0
20131212068 17:20:00 47173 0 0
20131212069 17:30:00 94987 1 0
20131212070 17:40:00 68903 0 0
20131212071 17:50:00 34759 0 0
20131212072 18:00:00 56848 0 1
20131212073 18:10:00 39084 0 0
20131212074 18:20:00 27444 0 1
20131212075 18:30:00 21460 0 0
20131212076 18:40:00 99763 1 0
20131212077 18:50:00 43460 1 0
20131212078 19:00:00 61296 0 0
20131212079 19:10:00 17883 0 1
20131212080 19:20:00 49648 0 0
20131212081 19:30:00 66107 1 0
20131212082 19:40:00 19821 0 0
20131212083 19:50:00 13883 0 1
20131212084 20:00:00 13231 0 0
20131212085 20:10:00 08543 0 0
20131212086 20:20:00 84694 0 0
20131212087 20:30:00 97467 0 0
20131212088 20:40:00 46451 1 0
20131212089 20:50:00 07014 1 0
20131212090 21:00:00 09515 0 1
20131212091 21:10:00 28975 0 0
20131212092 21:20:00 75623 0 0
20131212093 21:30:00 28720 0 0
20131212094 21:40:00 88676 1 1
20131212095 21:50:00 67492 0 0
20131212096 22:00:00 21390 0 0
20131212097 22:05:00 63864 0 0
20131212098 22:10:00 04995 0 1
20131212099 22:15:00 77970 1 0
20131212100 22:20:00 71288 0 1
20131212101 22:25:00 01007 1 1
20131212102 22:30:00 30179 0 0
20131212103 22:35:00 50074 1 0
20131212104 22:40:00 80054 1 0
20131212105 22:45:00 51277 0 1
20131212106 22:50:00 94613 0 0
20131212107 22:55:00 35286 0 0
20131212108 23:00:00 06802 0 0
20131212109 23:05:00 43722 0 1
20131212110 23:10:00 05876 0 0
20131212111 23:15:00 32655 0 1
20131212112 23:20:00 40776 0 1
20131212113 23:25:00 09096 1 0
20131212114 23:30:00 31100 1 1
20131212115 23:35:00 27100 0 1
20131212116 23:40:00 62133 0 1
20131212117 23:45:00 17878 0 1
20131212118 23:50:00 64439 1 0
20131212119 23:55:00 49377 0 1
20131212120 00:00:00 94742 0 0
