20130223001 00:05:00 03458 0 0
20130223002 00:10:00 70991 0 1
20130223003 00:15:00 24297 1 0
20130223004 00:20:00 12132 1 0
20130223005 00:25:00 84319 0 0
20130223006 00:30:00 61564 0 0
20130223007 00:35:00 08954 0 0
20130223008 00:40:00 30291 0 0
20130223009 00:45:00 37316 1 0
20130223010 00:50:00 81616 0 1
20130223011 00:55:00 12579 0 0
20130223012 01:00:00 91775 0 1
20130223013 01:05:00 75151 0 1
20130223014 01:10:00 02202 1 1
20130223015 01:15:00 81478 0 0
20130223016 01:20:00 89481 0 0
20130223017 01:25:00 21340 0 0
20130223018 01:30:00 55027 1 0
20130223019 01:35:00 65782 0 0
20130223020 01:40:00 75494 0 1
20130223021 01:45:00 48460 1 0
20130223022 01:50:00 14266 0 1
20130223023 01:55:00 41421 1 0
20130223024 10:00:00 76085 0 0
20130223025 10:10:00 61393 0 1
20130223026 10:20:00 94176 0 0
20130223027 10:30:00 90840 0 0
20130223028 10:40:00 28259 1 0
20130223029 10:50:00 01606 0 1
20130223030 11:00:00 99138 1 0
20130223031 11:10:00 97464 0 1
20130223032 11:20:00 13842 0 0
20130223033 11:30:00 37439 0 0
20130223034 11:40:00 38779 0 1
20130223035 11:50:00 47099 0 1
20130223036 12:00:00 94570 0 0
20130223037 12:10:00 76080 0 1
20130223038 12:20:00 78431 0 0
20130223039 12:30:00 35501 1 0
20130223040 12:40:00 25086 0 0
20130223041 12:50:00 61523 0 0
20130223042 13:00:00 66602 1 0
20130223043 13:10:00 99766 1 1
20130223044 13:20:00 44513 1 0
20130223045 13:30:00 30874 0 0
20130223046 13:40:00 96923 1 0
20130223047 13:50:00 65019 0 0
20130223048 14:00:00 42503 0 0
20130223049 14:10:00 29826 0 0
20130223050 14:20:00 30060 1 1
20130223051 14:30:00 03272 0 1
20130223052 14:40:00 07702 1 0
20130223053 14:50:00 45312 0 0
20130223054 15:00:00 79579 0 0
20130223055 15:10:00 70073 1 0
20130223056 15:20:00 12849 0 0
20130223057 15:30:00 16465 0 0
20130223058 15:40:00 36760 0 0
20130223059 15:50:00 34327 1 0
20130223060 16:00:00 60387 0 0
20130223061 16:10:00 08008 1 1
20130223062 16:20:00 78149 0 0
20130223063 16:30:00 70126 0 0
20130223064 16:40:00 67376 0 0
20130223065 16:50:00 11590 1 0
20130223066 17:00:00 96306 0 0
20130223067 17:10:00 47437 1 0
20130223068 17:20:00 15143 1 0
20130223069 17:30:00 90218 0 0
20130223070 17:40:00 22009 1 1
20130223071 17:50:00 33183 1 0
20130223072 18:00:00 09363 0 1
20130223073 18:10:00 46661 1 1
20130223074 18:20:00 58534 1 0
20130223075 18:30:00 83083 0 0
20130223076 18:40:00 83229 0 1
20130223077 18:50:00 23144 0 1
20130223078 19:00:00 60898 0 1
20130223079 19:10:00 82407 0 0
20130223080 19:20:00 59163 0 0
20130223081 19:30:00 84367 0 0
20130223082 19:40:00 26910 0 0
20130223083 19:50:00 81505 0 1
20130223084 20:00:00 13429 0 0
20130223085 20:10:00 33452 1 0
20130223086 20:20:00 25696 0 1
20130223087 20:30:00 32636 0 1
20130223088 20:40:00 34703 0 0
20130223089 20:50:00 24704 0 0
20130223090 21:00:00 78606 0 1
20130223091 21:10:00 46426 1 0
20130223092 21:20:00 44920 1 0
20130223093 21:30:00 88646 1 1
20130223094 21:40:00 51660 0 1
20130223095 21:50:00 05339 0 1
20130223096 22:00:00 39060 0 1
20130223097 22:05:00 90135 0 0
20130223098 22:10:00 20280 1 0
20130223099 22:15:00 82053 0 0
20130223100 22:20:00 21995 0 1
20130223101 22:25:00 62103 0 0
20130223102 22:30:00 85275 0 0
20130223103 22:35:00 32101 0 1
20130223104 22:40:00 25971 0 0
20130223105 22:45:00 09819 0 0
20130223106 22:50:00 88516 1 0
20130223107 22:55:00 96466 0 1
20130223108 23:00:00 73786 1 0
20130223109 23:05:00 85747 0 1
20130223110 23:10:00 20819 0 0
20130223111 23:15:00 32912 0 0
20130223112 23:20:00 53013 0 0
20130223113 23:25:00 52284 1 0
20130223114 23:30:00 75475 0 0
20130223115 23:35:00 14453 1 0
20130223116 23:40:00 76298 0 0
20130223117 23:45:00 30292 0 1
20130223118 23:50:00 04423 1 0
20130223119 23:55:00 39366 1 1
20130223120 00:00:00 96177 0 1
