20130216001 00:05:00 63875 0 0
20130216002 00:10:00 48301 0 0
20130216003 00:15:00 26601 1 0
20130216004 00:20:00 66126 1 0
20130216005 00:25:00 85401 0 0
20130216006 00:30:00 91915 1 0
20130216007 00:35:00 00563 1 0
20130216008 00:40:00 84736 0 0
20130216009 00:45:00 41972 0 0
20130216010 00:50:00 57797 1 1
20130216011 00:55:00 33370 1 0
20130216012 01:00:00 32404 0 1
20130216013 01:05:00 22685 1 0
20130216014 01:10:00 94636 0 1
20130216015 01:15:00 85338 0 1
20130216016 01:20:00 29396 0 0
20130216017 01:25:00 75762 1 0
20130216018 01:30:00 26261 1 0
20130216019 01:35:00 11081 1 0
20130216020 01:40:00 87553 0 1
20130216021 01:45:00 34115 0 1
20130216022 01:50:00 03131 0 1
20130216023 01:55:00 87826 1 0
20130216024 10:00:00 37124 0 0
20130216025 10:10:00 70824 0 0
20130216026 10:20:00 78876 1 0
20130216027 10:30:00 71820 0 0
20130216028 10:40:00 24348 0 0
20130216029 10:50:00 13211 0 1
20130216030 11:00:00 66516 1 0
20130216031 11:10:00 21833 0 1
20130216032 11:20:00 41063 0 0
20130216033 11:30:00 80665 0 1
20130216034 11:40:00 49558 0 1
20130216035 11:50:00 88000 1 1
20130216036 12:00:00 31787 0 1
20130216037 12:10:00 89878 1 1
20130216038 12:20:00 66994 1 1
20130216039 12:30:00 08358 0 0
20130216040 12:40:00 50760 0 0
20130216041 12:50:00 79654 0 0
20130216042 13:00:00 02579 0 0
20130216043 13:10:00 43567 0 0
20130216044 13:20:00 70859 0 0
20130216045 13:30:00 76612 1 0
20130216046 13:40:00 25617 0 0
20130216047 13:50:00 31279 0 0
20130216048 14:00:00 79903 1 0
20130216049 14:10:00 83587 0 0
20130216050 14:20:00 76729 1 0
20130216051 14:30:00 79630 0 0
20130216052 14:40:00 42054 0 0
20130216053 14:50:00 54179 0 0
20130216054 15:00:00 95969 1 1
20130216055 15:10:00 45383 0 1
20130216056 15:20:00 56317 0 0
20130216057 15:30:00 07166 0 1
20130216058 15:40:00 81376 0 0
20130216059 15:50:00 44544 1 1
20130216060 16:00:00 06909 0 1
20130216061 16:10:00 83672 0 0
20130216062 16:20:00 66229 1 1
20130216063 16:30:00 17123 1 0
20130216064 16:40:00 78645 0 0
20130216065 16:50:00 60922 0 1
20130216066 17:00:00 23991 0 1
20130216067 17:10:00 98610 0 0
20130216068 17:20:00 24000 0 1
20130216069 17:30:00 16803 0 0
20130216070 17:40:00 91940 1 0
20130216071 17:50:00 10885 0 1
20130216072 18:00:00 96328 0 0
20130216073 18:10:00 36915 0 0
20130216074 18:20:00 55384 1 0
20130216075 18:30:00 05608 0 0
20130216076 18:40:00 47096 0 0
20130216077 18:50:00 53050 0 1
20130216078 19:00:00 26252 1 1
20130216079 19:10:00 24790 0 0
20130216080 19:20:00 09557 0 1
20130216081 19:30:00 83993 0 1
20130216082 19:40:00 79997 1 1
20130216083 19:50:00 01289 0 0
20130216084 20:00:00 17126 1 0
20130216085 20:10:00 40215 0 0
20130216086 20:20:00 47964 0 0
20130216087 20:30:00 92786 0 0
20130216088 20:40:00 00187 1 0
20130216089 20:50:00 93060 0 1
20130216090 21:00:00 17213 0 0
20130216091 21:10:00 12594 0 0
20130216092 21:20:00 88805 1 0
20130216093 21:30:00 05478 0 0
20130216094 21:40:00 73685 0 0
20130216095 21:50:00 30680 0 0
20130216096 22:00:00 83528 0 0
20130216097 22:05:00 10760 0 0
20130216098 22:10:00 14858 0 1
20130216099 22:15:00 67118 0 1
20130216100 22:20:00 79340 0 0
20130216101 22:25:00 45690 0 0
20130216102 22:30:00 77016 1 0
20130216103 22:35:00 44482 1 0
20130216104 22:40:00 22111 1 1
20130216105 22:45:00 10698 0 0
20130216106 22:50:00 65390 0 0
20130216107 22:55:00 92288 1 1
20130216108 23:00:00 81695 0 0
20130216109 23:05:00 16480 0 0
20130216110 23:10:00 03948 0 0
20130216111 23:15:00 04809 0 0
20130216112 23:20:00 21921 0 0
20130216113 23:25:00 88225 1 1
20130216114 23:30:00 84257 0 0
20130216115 23:35:00 86142 0 0
20130216116 23:40:00 22125 1 0
20130216117 23:45:00 48593 0 0
20130216118 23:50:00 49630 0 0
20130216119 23:55:00 71058 0 0
20130216120 00:00:00 97242 0 1
