20130411001 00:05:00 34191 0 1
20130411002 00:10:00 24441 1 1
20130411003 00:15:00 04831 0 0
20130411004 00:20:00 24932 0 0
20130411005 00:25:00 72795 1 0
20130411006 00:30:00 62665 1 1
20130411007 00:35:00 14888 0 1
20130411008 00:40:00 41118 1 1
20130411009 00:45:00 55033 1 1
20130411010 00:50:00 32972 0 0
20130411011 00:55:00 58363 0 1
20130411012 01:00:00 99235 1 0
20130411013 01:05:00 75155 0 1
20130411014 01:10:00 48216 0 0
20130411015 01:15:00 86973 0 0
20130411016 01:20:00 68615 1 0
20130411017 01:25:00 55195 1 0
20130411018 01:30:00 86337 0 1
20130411019 01:35:00 02353 0 1
20130411020 01:40:00 65345 0 0
20130411021 01:45:00 42196 0 0
20130411022 01:50:00 94393 0 1
20130411023 01:55:00 09805 0 0
20130411024 10:00:00 87804 1 0
20130411025 10:10:00 04142 0 0
20130411026 10:20:00 69320 0 0
20130411027 10:30:00 45978 0 0
20130411028 10:40:00 39961 1 0
20130411029 10:50:00 54676 0 1
20130411030 11:00:00 38565 0 1
20130411031 11:10:00 60801 0 0
20130411032 11:20:00 44598 1 0
20130411033 11:30:00 38053 0 0
20130411034 11:40:00 66321 1 0
20130411035 11:50:00 61820 0 0
20130411036 12:00:00 40273 0 0
20130411037 12:10:00 63033 0 1
20130411038 12:20:00 97054 0 0
20130411039 12:30:00 62077 0 1
20130411040 12:40:00 41749 0 0
20130411041 12:50:00 90225 0 1
20130411042 13:00:00 62990 0 1
20130411043 13:10:00 82577 0 1
20130411044 13:20:00 64424 1 1
20130411045 13:30:00 76371 0 0
20130411046 13:40:00 46566 0 1
20130411047 13:50:00 07380 0 0
20130411048 14:00:00 32322 1 1
20130411049 14:10:00 19631 0 0
20130411050 14:20:00 56383 0 1
20130411051 14:30:00 34926 0 0
20130411052 14:40:00 89583 0 0
20130411053 14:50:00 48452 1 0
20130411054 15:00:00 90113 0 1
20130411055 15:10:00 72447 0 1
20130411056 15:20:00 01093 1 0
20130411057 15:30:00 83585 0 1
20130411058 15:40:00 98848 1 1
20130411059 15:50:00 51138 1 0
20130411060 16:00:00 81586 0 0
20130411061 16:10:00 46103 0 0
20130411062 16:20:00 63284 0 0
20130411063 16:30:00 48826 1 0
20130411064 16:40:00 58827 1 0
20130411065 16:50:00 02583 0 0
20130411066 17:00:00 58223 0 1
20130411067 17:10:00 26521 0 0
20130411068 17:20:00 25544 1 1
20130411069 17:30:00 56652 1 0
20130411070 17:40:00 13087 0 0
20130411071 17:50:00 50669 0 1
20130411072 18:00:00 75449 0 1
20130411073 18:10:00 92814 0 0
20130411074 18:20:00 45167 0 0
20130411075 18:30:00 98925 1 0
20130411076 18:40:00 00090 1 1
20130411077 18:50:00 12877 0 1
20130411078 19:00:00 46580 0 0
20130411079 19:10:00 66347 1 0
20130411080 19:20:00 35201 0 0
20130411081 19:30:00 09899 0 1
20130411082 19:40:00 44000 1 1
20130411083 19:50:00 74624 0 0
20130411084 20:00:00 72620 0 0
20130411085 20:10:00 52270 1 0
20130411086 20:20:00 52320 0 0
20130411087 20:30:00 32521 0 0
20130411088 20:40:00 65810 0 0
20130411089 20:50:00 09013 1 0
20130411090 21:00:00 73305 1 0
20130411091 21:10:00 61151 1 1
20130411092 21:20:00 22865 1 0
20130411093 21:30:00 16273 0 0
20130411094 21:40:00 14351 0 0
20130411095 21:50:00 46295 0 0
20130411096 22:00:00 91818 0 1
20130411097 22:05:00 34413 1 0
20130411098 22:10:00 47856 0 0
20130411099 22:15:00 28335 0 1
20130411100 22:20:00 94591 0 0
20130411101 22:25:00 10746 0 0
20130411102 22:30:00 19036 0 0
20130411103 22:35:00 61461 0 0
20130411104 22:40:00 91641 0 0
20130411105 22:45:00 53873 0 0
20130411106 22:50:00 03093 1 0
20130411107 22:55:00 80721 0 0
20130411108 23:00:00 20681 0 0
20130411109 23:05:00 24367 0 0
20130411110 23:10:00 55468 1 0
20130411111 23:15:00 72587 0 0
20130411112 23:20:00 78279 0 0
20130411113 23:25:00 01261 0 0
20130411114 23:30:00 66134 1 0
20130411115 23:35:00 21652 0 0
20130411116 23:40:00 98440 0 1
20130411117 23:45:00 23358 1 0
20130411118 23:50:00 11225 1 1
20130411119 23:55:00 61503 0 0
20130411120 00:00:00 56821 0 0
