20141002001 00:05:00 10062 1 0
20141002002 00:10:00 87498 0 0
20141002003 00:15:00 04920 0 0
20141002004 00:20:00 02141 0 1
20141002005 00:25:00 43935 0 0
20141002006 00:30:00 02292 1 1
20141002007 00:35:00 44673 1 0
20141002008 00:40:00 97846 0 0
20141002009 00:45:00 61223 0 1
20141002010 00:50:00 63676 1 1
20141002011 00:55:00 97455 0 1
20141002012 01:00:00 11026 1 0
20141002013 01:05:00 95051 0 0
20141002014 01:10:00 60028 1 0
20141002015 01:15:00 87221 0 1
20141002016 01:20:00 98951 1 0
20141002017 01:25:00 39303 1 1
20141002018 01:30:00 46458 1 0
20141002019 01:35:00 29725 0 0
20141002020 01:40:00 69529 0 0
20141002021 01:45:00 37231 0 0
20141002022 01:50:00 23733 0 1
20141002023 01:55:00 05592 1 0
20141002024 10:00:00 26066 0 1
20141002025 10:10:00 23419 0 0
20141002026 10:20:00 82332 0 1
20141002027 10:30:00 00906 1 0
20141002028 10:40:00 46667 1 1
20141002029 10:50:00 49306 0 0
20141002030 11:00:00 73556 0 1
20141002031 11:10:00 94748 0 0
20141002032 11:20:00 83788 0 1
20141002033 11:30:00 16639 1 0
20141002034 11:40:00 42533 0 1
20141002035 11:50:00 37851 0 0
20141002036 12:00:00 82775 0 1
20141002037 12:10:00 32744 0 1
20141002038 12:20:00 15829 0 0
20141002039 12:30:00 36571 0 0
20141002040 12:40:00 87647 0 0
20141002041 12:50:00 43582 0 0
20141002042 13:00:00 97467 0 0
20141002043 13:10:00 17890 0 0
20141002044 13:20:00 14524 0 0
20141002045 13:30:00 82160 0 0
20141002046 13:40:00 74524 0 0
20141002047 13:50:00 07428 0 0
20141002048 14:00:00 26307 0 0
20141002049 14:10:00 59815 0 0
20141002050 14:20:00 11432 1 0
20141002051 14:30:00 78089 0 0
20141002052 14:40:00 66958 1 0
20141002053 14:50:00 89821 1 0
20141002054 15:00:00 17265 0 0
20141002055 15:10:00 21974 0 0
20141002056 15:20:00 87667 0 1
20141002057 15:30:00 04733 0 1
20141002058 15:40:00 20614 0 0
20141002059 15:50:00 73204 0 0
20141002060 16:00:00 07007 1 1
20141002061 16:10:00 46345 0 0
20141002062 16:20:00 68151 0 1
20141002063 16:30:00 66252 1 1
20141002064 16:40:00 06728 0 0
20141002065 16:50:00 92365 0 0
20141002066 17:00:00 34124 0 0
20141002067 17:10:00 39372 1 0
20141002068 17:20:00 15266 0 1
20141002069 17:30:00 62414 0 1
20141002070 17:40:00 26660 1 1
20141002071 17:50:00 94346 0 0
20141002072 18:00:00 02964 0 0
20141002073 18:10:00 85393 0 1
20141002074 18:20:00 99258 1 0
20141002075 18:30:00 30130 0 0
20141002076 18:40:00 24763 0 0
20141002077 18:50:00 95954 1 0
20141002078 19:00:00 52570 1 0
20141002079 19:10:00 51153 1 0
20141002080 19:20:00 91901 1 0
20141002081 19:30:00 91667 0 1
20141002082 19:40:00 75915 0 0
20141002083 19:50:00 11184 1 0
20141002084 20:00:00 39611 0 1
20141002085 20:10:00 87471 0 0
20141002086 20:20:00 74435 1 0
20141002087 20:30:00 70531 0 0
20141002088 20:40:00 11647 1 0
20141002089 20:50:00 11588 1 1
20141002090 21:00:00 15878 0 1
20141002091 21:10:00 46578 0 0
20141002092 21:20:00 06031 1 0
20141002093 21:30:00 28603 0 0
20141002094 21:40:00 11922 1 1
20141002095 21:50:00 90469 0 0
20141002096 22:00:00 46810 0 0
20141002097 22:05:00 25044 0 1
20141002098 22:10:00 48240 0 0
20141002099 22:15:00 56041 0 0
20141002100 22:20:00 15975 0 0
20141002101 22:25:00 51900 0 1
20141002102 22:30:00 86931 0 0
20141002103 22:35:00 79124 0 0
20141002104 22:40:00 73536 0 0
20141002105 22:45:00 42166 0 1
20141002106 22:50:00 61249 0 0
20141002107 22:55:00 80381 0 0
20141002108 23:00:00 71600 0 1
20141002109 23:05:00 91715 0 0
20141002110 23:10:00 99521 1 0
20141002111 23:15:00 56315 0 0
20141002112 23:20:00 51199 1 1
20141002113 23:25:00 71470 0 0
20141002114 23:30:00 25687 0 0
20141002115 23:35:00 26885 0 1
20141002116 23:40:00 53224 0 1
20141002117 23:45:00 29385 0 0
20141002118 23:50:00 56724 0 0
20141002119 23:55:00 84669 0 1
20141002120 00:00:00 65850 0 0
