20140829001 00:05:00 33959 1 1
20140829002 00:10:00 90243 0 0
20140829003 00:15:00 15284 0 0
20140829004 00:20:00 55546 1 0
20140829005 00:25:00 36929 0 1
20140829006 00:30:00 33473 1 0
20140829007 00:35:00 75536 1 0
20140829008 00:40:00 63089 0 0
20140829009 00:45:00 87748 1 0
20140829010 00:50:00 28393 0 1
20140829011 00:55:00 88227 1 1
20140829012 01:00:00 60434 0 1
20140829013 01:05:00 68342 0 0
20140829014 01:10:00 46060 0 1
20140829015 01:15:00 59517 1 0
20140829016 01:20:00 73705 1 0
20140829017 01:25:00 70456 0 0
20140829018 01:30:00 95150 0 0
20140829019 01:35:00 14187 1 0
20140829020 01:40:00 84071 0 0
20140829021 01:45:00 43378 1 0
20140829022 01:50:00 18836 1 0
20140829023 01:55:00 87359 0 0
20140829024 10:00:00 25744 0 1
20140829025 10:10:00 36441 0 1
20140829026 10:20:00 70397 0 0
20140829027 10:30:00 95579 1 0
20140829028 10:40:00 87203 0 0
20140829029 10:50:00 88319 1 0
20140829030 11:00:00 95956 1 0
20140829031 11:10:00 82122 0 1
20140829032 11:20:00 50174 0 0
20140829033 11:30:00 58073 0 0
20140829034 11:40:00 35928 0 0
20140829035 11:50:00 63398 1 0
20140829036 12:00:00 89964 1 0
20140829037 12:10:00 42684 0 0
20140829038 12:20:00 18758 0 0
20140829039 12:30:00 38039 0 0
20140829040 12:40:00 51667 0 1
20140829041 12:50:00 39516 0 0
20140829042 13:00:00 91187 1 0
20140829043 13:10:00 22354 1 0
20140829044 13:20:00 62056 0 0
20140829045 13:30:00 11926 1 0
20140829046 13:40:00 92516 0 0
20140829047 13:50:00 16750 0 0
20140829048 14:00:00 46737 0 1
20140829049 14:10:00 85507 1 0
20140829050 14:20:00 47190 0 0
20140829051 14:30:00 03909 0 1
20140829052 14:40:00 91322 0 1
20140829053 14:50:00 64238 0 0
20140829054 15:00:00 80615 0 0
20140829055 15:10:00 92725 0 0
20140829056 15:20:00 53953 0 0
20140829057 15:30:00 21864 0 0
20140829058 15:40:00 79458 0 0
20140829059 15:50:00 89151 0 1
20140829060 16:00:00 24982 0 0
20140829061 16:10:00 08097 1 0
20140829062 16:20:00 30466 0 1
20140829063 16:30:00 82580 0 0
20140829064 16:40:00 52798 0 0
20140829065 16:50:00 32849 0 0
20140829066 17:00:00 47436 1 0
20140829067 17:10:00 31092 0 0
20140829068 17:20:00 50745 0 0
20140829069 17:30:00 98469 0 0
20140829070 17:40:00 20221 1 1
20140829071 17:50:00 27407 0 0
20140829072 18:00:00 83617 0 0
20140829073 18:10:00 34552 0 1
20140829074 18:20:00 80695 0 0
20140829075 18:30:00 97102 0 0
20140829076 18:40:00 55274 1 0
20140829077 18:50:00 76020 0 1
20140829078 19:00:00 28225 1 1
20140829079 19:10:00 00997 1 1
20140829080 19:20:00 83848 1 1
20140829081 19:30:00 78246 0 0
20140829082 19:40:00 26453 0 0
20140829083 19:50:00 44108 1 0
20140829084 20:00:00 16864 0 0
20140829085 20:10:00 68069 0 0
20140829086 20:20:00 30844 0 1
20140829087 20:30:00 45626 0 1
20140829088 20:40:00 94296 0 0
20140829089 20:50:00 73297 0 0
20140829090 21:00:00 66544 1 1
20140829091 21:10:00 13554 0 1
20140829092 21:20:00 98460 0 0
20140829093 21:30:00 97071 0 0
20140829094 21:40:00 77931 1 0
20140829095 21:50:00 05576 1 0
20140829096 22:00:00 30715 0 0
20140829097 22:05:00 68817 1 0
20140829098 22:10:00 62060 0 1
20140829099 22:15:00 75926 0 0
20140829100 22:20:00 84350 0 0
20140829101 22:25:00 71993 0 1
20140829102 22:30:00 91069 0 0
20140829103 22:35:00 98143 0 0
20140829104 22:40:00 79382 0 0
20140829105 22:45:00 29813 0 0
20140829106 22:50:00 08518 0 0
20140829107 22:55:00 03513 0 0
20140829108 23:00:00 60709 0 0
20140829109 23:05:00 14836 0 0
20140829110 23:10:00 00352 1 0
20140829111 23:15:00 95536 1 0
20140829112 23:20:00 01593 0 0
20140829113 23:25:00 48511 0 1
20140829114 23:30:00 92710 0 0
20140829115 23:35:00 15709 0 0
20140829116 23:40:00 37230 0 0
20140829117 23:45:00 05280 0 0
20140829118 23:50:00 55731 1 0
20140829119 23:55:00 18280 0 0
20140829120 00:00:00 34051 0 0
