20140603001 00:05:00 80045 1 0
20140603002 00:10:00 14485 1 0
20140603003 00:15:00 89860 1 0
20140603004 00:20:00 08269 0 0
20140603005 00:25:00 97277 0 1
20140603006 00:30:00 74995 0 1
20140603007 00:35:00 61338 0 1
20140603008 00:40:00 44359 1 0
20140603009 00:45:00 39018 0 0
20140603010 00:50:00 37118 0 1
20140603011 00:55:00 30727 0 1
20140603012 01:00:00 74400 1 1
20140603013 01:05:00 49416 1 0
20140603014 01:10:00 16295 0 0
20140603015 01:15:00 22544 1 1
20140603016 01:20:00 08784 0 0
20140603017 01:25:00 89468 0 0
20140603018 01:30:00 19420 0 0
20140603019 01:35:00 02869 0 0
20140603020 01:40:00 64033 0 1
20140603021 01:45:00 89132 0 0
20140603022 01:50:00 08815 1 0
20140603023 01:55:00 87833 1 1
20140603024 10:00:00 59457 0 0
20140603025 10:10:00 97241 0 0
20140603026 10:20:00 43271 0 0
20140603027 10:30:00 02148 0 0
20140603028 10:40:00 67300 0 1
20140603029 10:50:00 81074 0 0
20140603030 11:00:00 88321 1 0
20140603031 11:10:00 45764 0 0
20140603032 11:20:00 17630 0 0
20140603033 11:30:00 48130 0 0
20140603034 11:40:00 31756 0 0
20140603035 11:50:00 75270 0 0
20140603036 12:00:00 49586 0 0
20140603037 12:10:00 07177 0 1
20140603038 12:20:00 84184 0 0
20140603039 12:30:00 05931 0 0
20140603040 12:40:00 41677 0 1
20140603041 12:50:00 36384 1 0
20140603042 13:00:00 76000 0 1
20140603043 13:10:00 36740 0 0
20140603044 13:20:00 16396 0 0
20140603045 13:30:00 51549 1 0
20140603046 13:40:00 03379 1 0
20140603047 13:50:00 56795 0 0
20140603048 14:00:00 09377 0 1
20140603049 14:10:00 42020 0 1
20140603050 14:20:00 49685 0 0
20140603051 14:30:00 37348 1 0
20140603052 14:40:00 56702 0 0
20140603053 14:50:00 97829 0 0
20140603054 15:00:00 87257 0 0
20140603055 15:10:00 67377 0 1
20140603056 15:20:00 54690 0 0
20140603057 15:30:00 64611 1 1
20140603058 15:40:00 35651 0 0
20140603059 15:50:00 38784 0 0
20140603060 16:00:00 37356 1 0
20140603061 16:10:00 75520 1 0
20140603062 16:20:00 00875 1 0
20140603063 16:30:00 10898 0 1
20140603064 16:40:00 65475 0 0
20140603065 16:50:00 90078 1 0
20140603066 17:00:00 39455 0 1
20140603067 17:10:00 22130 1 0
20140603068 17:20:00 33636 1 1
20140603069 17:30:00 38994 0 1
20140603070 17:40:00 78158 0 0
20140603071 17:50:00 42215 1 0
20140603072 18:00:00 13462 0 0
20140603073 18:10:00 70735 1 0
20140603074 18:20:00 14531 0 0
20140603075 18:30:00 41426 1 0
20140603076 18:40:00 47203 0 0
20140603077 18:50:00 06231 0 0
20140603078 19:00:00 07341 0 0
20140603079 19:10:00 24090 0 1
20140603080 19:20:00 23403 0 0
20140603081 19:30:00 43645 0 0
20140603082 19:40:00 73399 1 1
20140603083 19:50:00 47545 0 1
20140603084 20:00:00 72425 0 0
20140603085 20:10:00 35502 1 0
20140603086 20:20:00 53499 0 1
20140603087 20:30:00 52221 1 1
20140603088 20:40:00 22025 1 0
20140603089 20:50:00 92862 0 0
20140603090 21:00:00 42063 0 0
20140603091 21:10:00 34712 0 0
20140603092 21:20:00 38376 1 0
20140603093 21:30:00 56714 0 0
20140603094 21:40:00 78932 0 0
20140603095 21:50:00 24179 0 0
20140603096 22:00:00 42778 0 1
20140603097 22:05:00 21410 0 0
20140603098 22:10:00 99351 1 0
20140603099 22:15:00 66179 1 0
20140603100 22:20:00 20860 0 0
20140603101 22:25:00 17163 1 0
20140603102 22:30:00 58552 1 1
20140603103 22:35:00 39985 1 0
20140603104 22:40:00 22958 1 0
20140603105 22:45:00 01254 0 0
20140603106 22:50:00 82615 0 0
20140603107 22:55:00 45724 0 0
20140603108 23:00:00 46942 0 0
20140603109 23:05:00 60160 0 0
20140603110 23:10:00 77576 1 0
20140603111 23:15:00 54822 0 1
20140603112 23:20:00 37185 0 0
20140603113 23:25:00 60758 0 0
20140603114 23:30:00 42037 0 0
20140603115 23:35:00 69213 0 0
20140603116 23:40:00 75517 1 0
20140603117 23:45:00 88399 1 1
20140603118 23:50:00 26726 0 0
20140603119 23:55:00 86180 0 0
20140603120 00:00:00 34026 0 0
