20140520001 00:05:00 83412 0 0
20140520002 00:10:00 13953 0 0
20140520003 00:15:00 73588 0 1
20140520004 00:20:00 53558 1 1
20140520005 00:25:00 47680 0 0
20140520006 00:30:00 33277 1 1
20140520007 00:35:00 04343 0 1
20140520008 00:40:00 30616 0 1
20140520009 00:45:00 18595 0 1
20140520010 00:50:00 67649 1 0
20140520011 00:55:00 43772 0 1
20140520012 01:00:00 86408 0 0
20140520013 01:05:00 78270 0 0
20140520014 01:10:00 63318 1 0
20140520015 01:15:00 01378 0 0
20140520016 01:20:00 15085 0 0
20140520017 01:25:00 70246 0 0
20140520018 01:30:00 45398 0 0
20140520019 01:35:00 42808 0 1
20140520020 01:40:00 65082 0 0
20140520021 01:45:00 33911 1 1
20140520022 01:50:00 61243 0 0
20140520023 01:55:00 07685 0 0
20140520024 10:00:00 91931 1 0
20140520025 10:10:00 63947 0 0
20140520026 10:20:00 49742 0 0
20140520027 10:30:00 54569 1 0
20140520028 10:40:00 17050 0 1
20140520029 10:50:00 75157 0 0
20140520030 11:00:00 51537 1 0
20140520031 11:10:00 26653 1 0
20140520032 11:20:00 38444 0 1
20140520033 11:30:00 00929 1 1
20140520034 11:40:00 80796 0 0
20140520035 11:50:00 61933 0 1
20140520036 12:00:00 89750 0 0
20140520037 12:10:00 24926 0 0
20140520038 12:20:00 01818 0 1
20140520039 12:30:00 55688 1 1
20140520040 12:40:00 51850 0 0
20140520041 12:50:00 06136 0 0
20140520042 13:00:00 61021 0 0
20140520043 13:10:00 40702 0 0
20140520044 13:20:00 57528 1 0
20140520045 13:30:00 29539 0 0
20140520046 13:40:00 97840 0 0
20140520047 13:50:00 89516 0 0
20140520048 14:00:00 58588 1 1
20140520049 14:10:00 06812 0 0
20140520050 14:20:00 44221 1 1
20140520051 14:30:00 63829 0 0
20140520052 14:40:00 67477 0 1
20140520053 14:50:00 89951 1 0
20140520054 15:00:00 70920 0 0
20140520055 15:10:00 68442 0 1
20140520056 15:20:00 57080 0 1
20140520057 15:30:00 44707 1 1
20140520058 15:40:00 78793 1 0
20140520059 15:50:00 32958 0 0
20140520060 16:00:00 07526 0 0
20140520061 16:10:00 39368 1 0
20140520062 16:20:00 52665 0 1
20140520063 16:30:00 11110 1 1
20140520064 16:40:00 99888 1 1
20140520065 16:50:00 31899 0 1
20140520066 17:00:00 97452 0 0
20140520067 17:10:00 10737 0 1
20140520068 17:20:00 81266 0 1
20140520069 17:30:00 79829 0 0
20140520070 17:40:00 53015 0 0
20140520071 17:50:00 76996 0 1
20140520072 18:00:00 93556 0 1
20140520073 18:10:00 86965 0 0
20140520074 18:20:00 85860 1 0
20140520075 18:30:00 81805 1 0
20140520076 18:40:00 67903 0 0
20140520077 18:50:00 36507 0 0
20140520078 19:00:00 09287 0 0
20140520079 19:10:00 99419 1 0
20140520080 19:20:00 35209 0 0
20140520081 19:30:00 15881 0 1
20140520082 19:40:00 16951 0 0
20140520083 19:50:00 40806 0 0
20140520084 20:00:00 48573 0 0
20140520085 20:10:00 55967 1 0
20140520086 20:20:00 36138 0 0
20140520087 20:30:00 34765 0 0
20140520088 20:40:00 49340 0 0
20140520089 20:50:00 36517 0 0
20140520090 21:00:00 32233 1 1
20140520091 21:10:00 79665 0 1
20140520092 21:20:00 45140 0 0
20140520093 21:30:00 02595 0 1
20140520094 21:40:00 72070 0 1
20140520095 21:50:00 54123 0 0
20140520096 22:00:00 57082 0 0
20140520097 22:05:00 08447 0 1
20140520098 22:10:00 88182 1 0
20140520099 22:15:00 34631 0 0
20140520100 22:20:00 82771 0 1
20140520101 22:25:00 08968 0 0
20140520102 22:30:00 01456 0 0
20140520103 22:35:00 77684 1 0
20140520104 22:40:00 97219 0 0
20140520105 22:45:00 22527 1 0
20140520106 22:50:00 23995 0 1
20140520107 22:55:00 67259 0 0
20140520108 23:00:00 82611 0 1
20140520109 23:05:00 04086 1 0
20140520110 23:10:00 10508 0 0
20140520111 23:15:00 84701 0 0
20140520112 23:20:00 71882 0 1
20140520113 23:25:00 39650 0 0
20140520114 23:30:00 63939 0 1
20140520115 23:35:00 70242 0 1
20140520116 23:40:00 85242 0 1
20140520117 23:45:00 33114 1 1
20140520118 23:50:00 70796 1 0
20140520119 23:55:00 98606 0 1
20140520120 00:00:00 57370 0 0
