20141111001 00:05:00 07186 0 0
20141111002 00:10:00 03811 0 1
20141111003 00:15:00 22941 1 0
20141111004 00:20:00 41836 0 0
20141111005 00:25:00 85485 0 0
20141111006 00:30:00 34569 0 0
20141111007 00:35:00 50545 1 1
20141111008 00:40:00 11732 1 0
20141111009 00:45:00 58081 0 0
20141111010 00:50:00 76148 0 0
20141111011 00:55:00 53730 0 0
20141111012 01:00:00 23994 0 1
20141111013 01:05:00 33634 1 0
20141111014 01:10:00 58381 0 0
20141111015 01:15:00 39174 0 0
20141111016 01:20:00 81735 0 0
20141111017 01:25:00 01428 0 0
20141111018 01:30:00 03692 0 0
20141111019 01:35:00 23139 0 0
20141111020 01:40:00 66273 1 0
20141111021 01:45:00 58206 0 0
20141111022 01:50:00 22982 1 0
20141111023 01:55:00 87504 0 0
20141111024 10:00:00 79553 0 1
20141111025 10:10:00 23889 0 1
20141111026 10:20:00 46591 0 0
20141111027 10:30:00 28683 0 0
20141111028 10:40:00 06398 0 0
20141111029 10:50:00 84452 1 0
20141111030 11:00:00 68503 0 0
20141111031 11:10:00 71784 1 0
20141111032 11:20:00 06985 0 0
20141111033 11:30:00 75012 0 0
20141111034 11:40:00 15920 0 0
20141111035 11:50:00 16766 0 1
20141111036 12:00:00 34731 0 0
20141111037 12:10:00 58407 0 0
20141111038 12:20:00 91549 0 0
20141111039 12:30:00 67263 0 0
20141111040 12:40:00 94553 0 1
20141111041 12:50:00 12653 0 0
20141111042 13:00:00 74776 1 1
20141111043 13:10:00 19247 0 0
20141111044 13:20:00 07823 0 0
20141111045 13:30:00 15969 0 1
20141111046 13:40:00 28280 1 0
20141111047 13:50:00 53662 0 1
20141111048 14:00:00 35938 0 0
20141111049 14:10:00 70184 0 0
20141111050 14:20:00 63721 0 0
20141111051 14:30:00 03332 1 1
20141111052 14:40:00 96451 0 0
20141111053 14:50:00 96750 0 0
20141111054 15:00:00 29406 0 0
20141111055 15:10:00 79957 1 0
20141111056 15:20:00 04451 1 0
20141111057 15:30:00 17912 0 0
20141111058 15:40:00 55656 1 1
20141111059 15:50:00 84652 0 0
20141111060 16:00:00 65404 0 1
20141111061 16:10:00 04160 0 0
20141111062 16:20:00 28039 0 0
20141111063 16:30:00 07947 0 0
20141111064 16:40:00 35326 1 0
20141111065 16:50:00 80535 0 1
20141111066 17:00:00 86100 0 1
20141111067 17:10:00 89525 0 1
20141111068 17:20:00 97791 1 0
20141111069 17:30:00 64218 0 0
20141111070 17:40:00 91960 1 0
20141111071 17:50:00 01152 1 0
20141111072 18:00:00 69942 1 0
20141111073 18:10:00 76820 0 0
20141111074 18:20:00 77710 1 0
20141111075 18:30:00 13522 0 1
20141111076 18:40:00 14414 1 1
20141111077 18:50:00 11895 1 0
20141111078 19:00:00 65116 0 1
20141111079 19:10:00 16167 1 0
20141111080 19:20:00 92825 0 0
20141111081 19:30:00 30839 0 0
20141111082 19:40:00 55125 1 0
20141111083 19:50:00 61950 0 0
20141111084 20:00:00 95822 0 1
20141111085 20:10:00 11824 1 0
20141111086 20:20:00 12306 0 0
20141111087 20:30:00 26737 0 1
20141111088 20:40:00 24264 1 0
20141111089 20:50:00 94555 0 1
20141111090 21:00:00 28047 0 0
20141111091 21:10:00 00029 1 0
20141111092 21:20:00 87849 1 0
20141111093 21:30:00 46428 1 0
20141111094 21:40:00 03548 0 0
20141111095 21:50:00 82330 0 1
20141111096 22:00:00 41543 0 0
20141111097 22:05:00 48299 0 1
20141111098 22:10:00 88416 1 0
20141111099 22:15:00 46368 0 0
20141111100 22:20:00 14304 0 0
20141111101 22:25:00 85759 0 0
20141111102 22:30:00 14403 1 0
20141111103 22:35:00 13501 0 0
20141111104 22:40:00 78282 0 1
20141111105 22:45:00 68832 1 0
20141111106 22:50:00 34677 0 1
20141111107 22:55:00 39312 1 0
20141111108 23:00:00 61306 0 0
20141111109 23:05:00 30481 0 0
20141111110 23:10:00 21024 0 0
20141111111 23:15:00 58027 0 0
20141111112 23:20:00 30498 0 0
20141111113 23:25:00 83505 0 1
20141111114 23:30:00 11159 1 0
20141111115 23:35:00 94953 1 0
20141111116 23:40:00 84619 0 0
20141111117 23:45:00 31902 0 0
20141111118 23:50:00 28582 0 0
20141111119 23:55:00 42283 1 0
20141111120 00:00:00 08976 0 0
