20140924001 00:05:00 17977 0 1
20140924002 00:10:00 13473 0 0
20140924003 00:15:00 81110 1 1
20140924004 00:20:00 05335 0 1
20140924005 00:25:00 31227 0 1
20140924006 00:30:00 82472 0 0
20140924007 00:35:00 78502 0 0
20140924008 00:40:00 98427 0 0
20140924009 00:45:00 17912 0 0
20140924010 00:50:00 94198 0 0
20140924011 00:55:00 85768 0 0
20140924012 01:00:00 32836 0 0
20140924013 01:05:00 73695 0 0
20140924014 01:10:00 31605 0 0
20140924015 01:15:00 11683 1 0
20140924016 01:20:00 41662 0 1
20140924017 01:25:00 28748 0 0
20140924018 01:30:00 47636 0 1
20140924019 01:35:00 44636 1 1
20140924020 01:40:00 30568 0 0
20140924021 01:45:00 83664 0 1
20140924022 01:50:00 01102 1 0
20140924023 01:55:00 26141 0 1
20140924024 10:00:00 23607 0 0
20140924025 10:10:00 99079 1 0
20140924026 10:20:00 87780 1 0
20140924027 10:30:00 46424 1 1
20140924028 10:40:00 15298 0 0
20140924029 10:50:00 80188 0 1
20140924030 11:00:00 31968 0 0
20140924031 11:10:00 28070 0 1
20140924032 11:20:00 32768 0 0
20140924033 11:30:00 02562 0 0
20140924034 11:40:00 35341 1 0
20140924035 11:50:00 58164 0 0
20140924036 12:00:00 60450 0 0
20140924037 12:10:00 64497 1 0
20140924038 12:20:00 61386 0 0
20140924039 12:30:00 76890 0 0
20140924040 12:40:00 79795 1 0
20140924041 12:50:00 86471 0 0
20140924042 13:00:00 52144 0 1
20140924043 13:10:00 83684 0 0
20140924044 13:20:00 88981 1 0
20140924045 13:30:00 15783 0 0
20140924046 13:40:00 08579 0 0
20140924047 13:50:00 03019 1 0
20140924048 14:00:00 35645 0 0
20140924049 14:10:00 06323 0 1
20140924050 14:20:00 02701 0 0
20140924051 14:30:00 39937 1 0
20140924052 14:40:00 60387 0 0
20140924053 14:50:00 98624 0 0
20140924054 15:00:00 64195 0 0
20140924055 15:10:00 15356 0 0
20140924056 15:20:00 37178 0 0
20140924057 15:30:00 53229 0 1
20140924058 15:40:00 56563 1 0
20140924059 15:50:00 93718 0 0
20140924060 16:00:00 45591 1 0
20140924061 16:10:00 97084 0 0
20140924062 16:20:00 28928 0 0
20140924063 16:30:00 20294 1 0
20140924064 16:40:00 02242 1 1
20140924065 16:50:00 42603 0 0
20140924066 17:00:00 75618 0 0
20140924067 17:10:00 63410 0 0
20140924068 17:20:00 47300 0 1
20140924069 17:30:00 19534 0 0
20140924070 17:40:00 60672 1 0
20140924071 17:50:00 37222 0 1
20140924072 18:00:00 07897 0 0
20140924073 18:10:00 05860 0 0
20140924074 18:20:00 23073 0 0
20140924075 18:30:00 49164 0 0
20140924076 18:40:00 35752 0 0
20140924077 18:50:00 70580 0 0
20140924078 19:00:00 52405 0 0
20140924079 19:10:00 87210 0 0
20140924080 19:20:00 51007 0 1
20140924081 19:30:00 06419 0 0
20140924082 19:40:00 59495 0 0
20140924083 19:50:00 17669 0 1
20140924084 20:00:00 35293 0 0
20140924085 20:10:00 89160 0 0
20140924086 20:20:00 98785 0 0
20140924087 20:30:00 42659 0 0
20140924088 20:40:00 23788 0 1
20140924089 20:50:00 79606 0 1
20140924090 21:00:00 39859 0 0
20140924091 21:10:00 00537 1 0
20140924092 21:20:00 32312 1 0
20140924093 21:30:00 62366 0 1
20140924094 21:40:00 26904 0 0
20140924095 21:50:00 09114 0 1
20140924096 22:00:00 35305 1 0
20140924097 22:05:00 80855 1 1
20140924098 22:10:00 50164 0 0
20140924099 22:15:00 29911 1 1
20140924100 22:20:00 02640 0 0
20140924101 22:25:00 13280 0 0
20140924102 22:30:00 61022 0 1
20140924103 22:35:00 27146 0 0
20140924104 22:40:00 31342 1 0
20140924105 22:45:00 69771 0 1
20140924106 22:50:00 55661 1 1
20140924107 22:55:00 65108 0 0
20140924108 23:00:00 38061 0 0
20140924109 23:05:00 13739 0 0
20140924110 23:10:00 10359 0 0
20140924111 23:15:00 51617 0 0
20140924112 23:20:00 92156 0 0
20140924113 23:25:00 51630 0 0
20140924114 23:30:00 44829 1 0
20140924115 23:35:00 93465 0 0
20140924116 23:40:00 94883 0 1
20140924117 23:45:00 07826 0 0
20140924118 23:50:00 81191 1 1
20140924119 23:55:00 01662 0 1
20140924120 00:00:00 26743 0 0
