20141122001 00:05:00 42283 1 0
20141122002 00:10:00 90549 0 0
20141122003 00:15:00 12415 0 0
20141122004 00:20:00 05755 0 1
20141122005 00:25:00 92857 0 0
20141122006 00:30:00 10946 0 0
20141122007 00:35:00 88411 1 1
20141122008 00:40:00 13439 0 0
20141122009 00:45:00 71674 0 0
20141122010 00:50:00 09733 0 1
20141122011 00:55:00 86163 0 0
20141122012 01:00:00 98399 0 1
20141122013 01:05:00 05021 1 0
20141122014 01:10:00 38752 0 0
20141122015 01:15:00 50144 0 1
20141122016 01:20:00 55302 1 0
20141122017 01:25:00 28218 1 0
20141122018 01:30:00 83176 0 0
20141122019 01:35:00 55214 1 0
20141122020 01:40:00 07080 1 1
20141122021 01:45:00 69143 0 0
20141122022 01:50:00 99064 1 0
20141122023 01:55:00 77865 1 0
20141122024 10:00:00 81512 0 0
20141122025 10:10:00 86637 1 0
20141122026 10:20:00 95151 0 1
20141122027 10:30:00 34740 0 0
20141122028 10:40:00 01812 0 0
20141122029 10:50:00 07680 0 0
20141122030 11:00:00 08086 1 0
20141122031 11:10:00 59902 1 0
20141122032 11:20:00 58085 0 0
20141122033 11:30:00 30578 0 0
20141122034 11:40:00 08708 0 0
20141122035 11:50:00 75266 0 1
20141122036 12:00:00 24930 0 0
20141122037 12:10:00 52623 0 0
20141122038 12:20:00 55358 1 0
20141122039 12:30:00 54785 0 0
20141122040 12:40:00 64351 0 0
20141122041 12:50:00 95896 0 0
20141122042 13:00:00 25046 0 0
20141122043 13:10:00 95136 0 0
20141122044 13:20:00 56316 0 0
20141122045 13:30:00 55999 1 1
20141122046 13:40:00 05550 1 1
20141122047 13:50:00 32635 0 0
20141122048 14:00:00 96206 0 0
20141122049 14:10:00 11948 1 0
20141122050 14:20:00 13087 0 0
20141122051 14:30:00 55210 1 0
20141122052 14:40:00 89107 0 0
20141122053 14:50:00 03822 0 1
20141122054 15:00:00 74809 0 0
20141122055 15:10:00 48208 0 0
20141122056 15:20:00 68719 0 0
20141122057 15:30:00 60978 0 0
20141122058 15:40:00 37585 0 1
20141122059 15:50:00 50930 0 0
20141122060 16:00:00 85879 1 0
20141122061 16:10:00 17494 0 1
20141122062 16:20:00 51309 0 0
20141122063 16:30:00 39150 0 0
20141122064 16:40:00 55351 1 0
20141122065 16:50:00 58161 0 1
20141122066 17:00:00 29115 0 1
20141122067 17:10:00 73296 0 0
20141122068 17:20:00 32222 1 1
20141122069 17:30:00 14549 0 0
20141122070 17:40:00 14575 0 1
20141122071 17:50:00 17490 0 0
20141122072 18:00:00 74680 0 0
20141122073 18:10:00 52141 0 1
20141122074 18:20:00 74034 0 0
20141122075 18:30:00 97698 0 0
20141122076 18:40:00 01208 0 0
20141122077 18:50:00 23416 0 0
20141122078 19:00:00 07894 0 0
20141122079 19:10:00 10731 0 0
20141122080 19:20:00 14143 1 0
20141122081 19:30:00 05905 0 0
20141122082 19:40:00 51679 0 0
20141122083 19:50:00 05372 0 0
20141122084 20:00:00 09071 1 0
20141122085 20:10:00 29928 1 0
20141122086 20:20:00 51567 1 0
20141122087 20:30:00 40712 0 0
20141122088 20:40:00 61914 0 0
20141122089 20:50:00 00402 1 0
20141122090 21:00:00 66137 1 0
20141122091 21:10:00 23044 0 1
20141122092 21:20:00 95563 1 0
20141122093 21:30:00 76853 0 0
20141122094 21:40:00 70835 0 0
20141122095 21:50:00 32572 0 0
20141122096 22:00:00 89635 0 0
20141122097 22:05:00 26930 0 0
20141122098 22:10:00 85091 0 0
20141122099 22:15:00 36418 0 0
20141122100 22:20:00 70515 0 1
20141122101 22:25:00 75582 1 0
20141122102 22:30:00 90624 0 0
20141122103 22:35:00 02472 0 0
20141122104 22:40:00 65662 1 1
20141122105 22:45:00 30193 0 0
20141122106 22:50:00 61528 0 0
20141122107 22:55:00 63007 0 1
20141122108 23:00:00 35201 0 0
20141122109 23:05:00 96155 0 1
20141122110 23:10:00 41715 0 0
20141122111 23:15:00 60577 0 1
20141122112 23:20:00 95168 0 0
20141122113 23:25:00 39339 1 1
20141122114 23:30:00 04218 0 0
20141122115 23:35:00 93403 0 0
20141122116 23:40:00 44656 1 1
20141122117 23:45:00 80970 0 0
20141122118 23:50:00 18592 0 0
20141122119 23:55:00 66303 1 1
20141122120 00:00:00 63734 0 0
