20140411001 00:05:00 02001 1 1
20140411002 00:10:00 20421 0 0
20140411003 00:15:00 24597 0 0
20140411004 00:20:00 54828 0 1
20140411005 00:25:00 18977 0 1
20140411006 00:30:00 90946 1 0
20140411007 00:35:00 50802 0 0
20140411008 00:40:00 85503 1 0
20140411009 00:45:00 65491 0 0
20140411010 00:50:00 25507 1 0
20140411011 00:55:00 51379 0 0
20140411012 01:00:00 71588 0 1
20140411013 01:05:00 01163 1 0
20140411014 01:10:00 54316 0 0
20140411015 01:15:00 82543 0 0
20140411016 01:20:00 89980 1 0
20140411017 01:25:00 80556 0 1
20140411018 01:30:00 57292 0 1
20140411019 01:35:00 05007 1 1
20140411020 01:40:00 61040 0 1
20140411021 01:45:00 65786 0 0
20140411022 01:50:00 78166 0 1
20140411023 01:55:00 85974 0 0
20140411024 10:00:00 84342 0 0
20140411025 10:10:00 85130 0 0
20140411026 10:20:00 25563 1 0
20140411027 10:30:00 79332 0 1
20140411028 10:40:00 01387 0 0
20140411029 10:50:00 88243 1 0
20140411030 11:00:00 78370 0 0
20140411031 11:10:00 09446 0 1
20140411032 11:20:00 92972 1 0
20140411033 11:30:00 33535 1 1
20140411034 11:40:00 86479 0 0
20140411035 11:50:00 31723 0 0
20140411036 12:00:00 81973 0 0
20140411037 12:10:00 07392 0 0
20140411038 12:20:00 07471 0 0
20140411039 12:30:00 14231 0 0
20140411040 12:40:00 78812 1 0
20140411041 12:50:00 05889 0 1
20140411042 13:00:00 06889 0 1
20140411043 13:10:00 31781 0 0
20140411044 13:20:00 89541 0 0
20140411045 13:30:00 68529 0 0
20140411046 13:40:00 71011 0 1
20140411047 13:50:00 81632 0 0
20140411048 14:00:00 96578 0 0
20140411049 14:10:00 99209 1 0
20140411050 14:20:00 51068 0 0
20140411051 14:30:00 40855 0 1
20140411052 14:40:00 10316 0 0
20140411053 14:50:00 76137 0 0
20140411054 15:00:00 33356 1 0
20140411055 15:10:00 35241 0 0
20140411056 15:20:00 77182 1 0
20140411057 15:30:00 93957 1 0
20140411058 15:40:00 36706 0 0
20140411059 15:50:00 79960 1 0
20140411060 16:00:00 35741 0 0
20140411061 16:10:00 32858 0 1
20140411062 16:20:00 30217 0 0
20140411063 16:30:00 99823 1 0
20140411064 16:40:00 27134 0 0
20140411065 16:50:00 61938 0 0
20140411066 17:00:00 33674 1 0
20140411067 17:10:00 00043 1 0
20140411068 17:20:00 07550 0 1
20140411069 17:30:00 00082 1 0
20140411070 17:40:00 92852 0 0
20140411071 17:50:00 93373 1 1
20140411072 18:00:00 29831 0 0
20140411073 18:10:00 30176 0 0
20140411074 18:20:00 82185 0 0
20140411075 18:30:00 59796 0 0
20140411076 18:40:00 18038 0 0
20140411077 18:50:00 26126 0 0
20140411078 19:00:00 61011 0 1
20140411079 19:10:00 99674 1 0
20140411080 19:20:00 62216 1 0
20140411081 19:30:00 33880 1 1
20140411082 19:40:00 61256 0 0
20140411083 19:50:00 52328 0 0
20140411084 20:00:00 83454 0 1
20140411085 20:10:00 34344 1 1
20140411086 20:20:00 16131 1 1
20140411087 20:30:00 18353 0 1
20140411088 20:40:00 92939 1 1
20140411089 20:50:00 90203 0 0
20140411090 21:00:00 60678 1 0
20140411091 21:10:00 25422 0 1
20140411092 21:20:00 10815 0 0
20140411093 21:30:00 80496 0 0
20140411094 21:40:00 22707 1 1
20140411095 21:50:00 88023 1 0
20140411096 22:00:00 31541 0 0
20140411097 22:05:00 17708 1 0
20140411098 22:10:00 70410 0 0
20140411099 22:15:00 10967 0 0
20140411100 22:20:00 92871 0 0
20140411101 22:25:00 81303 0 1
20140411102 22:30:00 53266 0 1
20140411103 22:35:00 70886 0 1
20140411104 22:40:00 53567 1 0
20140411105 22:45:00 75988 0 1
20140411106 22:50:00 28452 0 0
20140411107 22:55:00 18410 0 0
20140411108 23:00:00 95141 0 1
20140411109 23:05:00 86824 1 0
20140411110 23:10:00 55545 1 1
20140411111 23:15:00 87887 1 1
20140411112 23:20:00 61980 0 0
20140411113 23:25:00 61465 0 0
20140411114 23:30:00 18499 0 1
20140411115 23:35:00 60862 0 0
20140411116 23:40:00 38568 0 0
20140411117 23:45:00 71274 0 0
20140411118 23:50:00 30616 0 1
20140411119 23:55:00 87788 1 1
20140411120 00:00:00 27141 0 1
