20140906001 00:05:00 65562 1 0
20140906002 00:10:00 51665 0 1
20140906003 00:15:00 64082 0 0
20140906004 00:20:00 74990 0 1
20140906005 00:25:00 18869 1 0
20140906006 00:30:00 59449 0 1
20140906007 00:35:00 76592 0 0
20140906008 00:40:00 45644 0 1
20140906009 00:45:00 39688 0 1
20140906010 00:50:00 24520 0 0
20140906011 00:55:00 80163 0 0
20140906012 01:00:00 01369 0 0
20140906013 01:05:00 90217 0 0
20140906014 01:10:00 25867 0 0
20140906015 01:15:00 11643 1 0
20140906016 01:20:00 17367 0 0
20140906017 01:25:00 53068 0 0
20140906018 01:30:00 13602 0 0
20140906019 01:35:00 88411 1 1
20140906020 01:40:00 92751 0 0
20140906021 01:45:00 96749 0 0
20140906022 01:50:00 82737 0 1
20140906023 01:55:00 03962 0 0
20140906024 10:00:00 92428 0 0
20140906025 10:10:00 68171 0 1
20140906026 10:20:00 01601 0 0
20140906027 10:30:00 60422 0 1
20140906028 10:40:00 24460 1 0
20140906029 10:50:00 46201 0 0
20140906030 11:00:00 18068 0 0
20140906031 11:10:00 38595 0 1
20140906032 11:20:00 55135 1 0
20140906033 11:30:00 65882 0 1
20140906034 11:40:00 92521 0 0
20140906035 11:50:00 40995 0 1
20140906036 12:00:00 80823 1 0
20140906037 12:10:00 46182 0 0
20140906038 12:20:00 80806 1 0
20140906039 12:30:00 51279 0 0
20140906040 12:40:00 21138 1 0
20140906041 12:50:00 61377 0 1
20140906042 13:00:00 27021 0 0
20140906043 13:10:00 33828 1 1
20140906044 13:20:00 83240 0 0
20140906045 13:30:00 16008 0 1
20140906046 13:40:00 10590 0 0
20140906047 13:50:00 84005 0 1
20140906048 14:00:00 25968 0 0
20140906049 14:10:00 14379 0 0
20140906050 14:20:00 56810 0 0
20140906051 14:30:00 90508 0 0
20140906052 14:40:00 30020 1 1
20140906053 14:50:00 17024 0 0
20140906054 15:00:00 73405 0 0
20140906055 15:10:00 56268 0 0
20140906056 15:20:00 38117 0 1
20140906057 15:30:00 36355 1 1
20140906058 15:40:00 39262 0 1
20140906059 15:50:00 08271 0 0
20140906060 16:00:00 72279 1 0
20140906061 16:10:00 52314 0 0
20140906062 16:20:00 66844 1 1
20140906063 16:30:00 97053 0 0
20140906064 16:40:00 29093 0 0
20140906065 16:50:00 82198 0 0
20140906066 17:00:00 55151 1 1
20140906067 17:10:00 84606 0 1
20140906068 17:20:00 68719 0 0
20140906069 17:30:00 71855 0 1
20140906070 17:40:00 23069 0 0
20140906071 17:50:00 79394 0 0
20140906072 18:00:00 00779 1 1
20140906073 18:10:00 80398 0 0
20140906074 18:20:00 58148 0 0
20140906075 18:30:00 36433 0 1
20140906076 18:40:00 17268 0 0
20140906077 18:50:00 07146 0 0
20140906078 19:00:00 34711 0 1
20140906079 19:10:00 43883 0 1
20140906080 19:20:00 34562 0 0
20140906081 19:30:00 66309 1 0
20140906082 19:40:00 56379 0 0
20140906083 19:50:00 70894 0 0
20140906084 20:00:00 07695 0 0
20140906085 20:10:00 76993 0 1
20140906086 20:20:00 41073 0 0
20140906087 20:30:00 51317 0 0
20140906088 20:40:00 89737 0 1
20140906089 20:50:00 80526 0 0
20140906090 21:00:00 91384 0 0
20140906091 21:10:00 24469 1 0
20140906092 21:20:00 16111 1 1
20140906093 21:30:00 45985 0 0
20140906094 21:40:00 43560 0 0
20140906095 21:50:00 18031 0 0
20140906096 22:00:00 85616 0 1
20140906097 22:05:00 55498 1 0
20140906098 22:10:00 52884 0 1
20140906099 22:15:00 36142 0 0
20140906100 22:20:00 77327 1 0
20140906101 22:25:00 22638 1 0
20140906102 22:30:00 32705 0 0
20140906103 22:35:00 41046 0 0
20140906104 22:40:00 88684 1 0
20140906105 22:45:00 45574 1 0
20140906106 22:50:00 37297 0 0
20140906107 22:55:00 51304 0 0
20140906108 23:00:00 87082 0 0
20140906109 23:05:00 31668 0 1
20140906110 23:10:00 60132 0 0
20140906112 23:20:00 33286 1 0
20140906113 23:25:00 18482 0 0
20140906114 23:30:00 47619 0 0
20140906115 23:35:00 38267 0 0
20140906116 23:40:00 20338 0 1
20140906117 23:45:00 36551 0 1
20140906118 23:50:00 66702 1 0
20140906119 23:55:00 63139 0 0
20140906120 00:00:00 65670 1 0
