20140920001 00:05:00 58752 0 0
20140920002 00:10:00 84322 0 1
20140920003 00:15:00 50951 0 0
20140920004 00:20:00 81012 0 0
20140920005 00:25:00 27461 0 0
20140920006 00:30:00 12352 0 0
20140920007 00:35:00 07696 0 1
20140920008 00:40:00 27364 0 0
20140920009 00:45:00 11443 1 1
20140920010 00:50:00 51007 0 1
20140920011 00:55:00 89100 0 1
20140920012 01:00:00 53180 0 0
20140920013 01:05:00 03316 1 0
20140920014 01:10:00 11912 1 0
20140920015 01:15:00 73108 0 0
20140920016 01:20:00 54752 0 0
20140920017 01:25:00 27164 0 0
20140920018 01:30:00 87995 0 1
20140920019 01:35:00 99629 1 0
20140920020 01:40:00 70762 1 0
20140920021 01:45:00 40911 0 1
20140920022 01:50:00 29450 0 0
20140920023 01:55:00 26028 0 0
20140920024 10:00:00 75873 0 0
20140920025 10:10:00 60729 0 0
20140920026 10:20:00 04003 1 1
20140920027 10:30:00 94698 0 0
20140920028 10:40:00 27207 1 0
20140920029 10:50:00 73204 0 0
20140920030 11:00:00 98566 0 1
20140920031 11:10:00 32335 1 1
20140920032 11:20:00 84704 0 0
20140920033 11:30:00 14805 0 0
20140920034 11:40:00 81684 0 0
20140920035 11:50:00 31151 1 1
20140920036 12:00:00 71373 0 1
20140920037 12:10:00 42247 1 0
20140920038 12:20:00 03447 0 1
20140920039 12:30:00 50126 0 0
20140920040 12:40:00 95174 0 0
20140920041 12:50:00 20152 0 0
20140920042 13:00:00 44554 1 1
20140920043 13:10:00 74940 0 0
20140920044 13:20:00 34622 0 1
20140920045 13:30:00 42024 0 0
20140920046 13:40:00 31318 1 0
20140920047 13:50:00 24674 0 0
20140920048 14:00:00 59828 0 1
20140920049 14:10:00 84151 0 1
20140920050 14:20:00 55223 1 1
20140920051 14:30:00 08425 0 0
20140920052 14:40:00 87225 0 1
20140920053 14:50:00 81712 0 0
20140920054 15:00:00 47087 0 0
20140920055 15:10:00 77607 1 0
20140920056 15:20:00 71723 1 0
20140920057 15:30:00 41678 0 0
20140920058 15:40:00 38451 0 0
20140920059 15:50:00 58164 0 0
20140920060 16:00:00 01220 0 1
20140920061 16:10:00 97413 0 0
20140920062 16:20:00 63155 0 1
20140920063 16:30:00 75857 0 0
20140920064 16:40:00 23282 1 1
20140920065 16:50:00 21235 1 0
20140920066 17:00:00 31528 0 0
20140920067 17:10:00 02768 0 0
20140920068 17:20:00 41287 0 0
20140920069 17:30:00 79796 1 0
20140920070 17:40:00 13839 0 0
20140920071 17:50:00 75335 0 1
20140920072 18:00:00 45563 1 0
20140920073 18:10:00 40379 0 0
20140920074 18:20:00 91448 0 1
20140920075 18:30:00 89751 0 0
20140920076 18:40:00 43631 0 0
20140920077 18:50:00 65431 0 0
20140920078 19:00:00 58455 0 1
20140920079 19:10:00 29095 0 0
20140920080 19:20:00 24712 0 0
20140920081 19:30:00 82560 0 0
20140920082 19:40:00 27406 0 0
20140920083 19:50:00 91404 0 1
20140920084 20:00:00 50480 0 0
20140920085 20:10:00 39077 0 1
20140920086 20:20:00 48449 1 1
20140920087 20:30:00 67918 0 0
20140920088 20:40:00 20481 0 0
20140920089 20:50:00 68466 0 1
20140920090 21:00:00 45061 0 0
20140920091 21:10:00 37161 0 1
20140920092 21:20:00 87354 0 0
20140920093 21:30:00 10020 1 1
20140920094 21:40:00 60978 0 0
20140920095 21:50:00 43451 1 0
20140920096 22:00:00 62187 0 0
20140920097 22:05:00 92627 0 0
20140920098 22:10:00 11372 1 0
20140920099 22:15:00 90717 0 1
20140920100 22:20:00 95247 0 0
20140920101 22:25:00 26599 0 1
20140920102 22:30:00 69193 0 0
20140920103 22:35:00 91135 1 0
20140920104 22:40:00 68635 1 0
20140920105 22:45:00 49132 0 0
20140920106 22:50:00 58288 0 1
20140920107 22:55:00 06660 1 1
20140920108 23:00:00 43967 0 0
20140920109 23:05:00 98837 1 0
20140920110 23:10:00 91646 0 1
20140920111 23:15:00 59619 0 0
20140920112 23:20:00 69907 1 0
20140920113 23:25:00 65436 0 0
20140920114 23:30:00 46271 0 0
20140920115 23:35:00 07340 0 0
20140920116 23:40:00 65230 0 0
20140920117 23:45:00 34998 0 1
20140920118 23:50:00 10877 0 1
20140920119 23:55:00 03569 0 0
20140920120 00:00:00 88312 1 0
