20140810001 00:05:00 05179 0 0
20140810002 00:10:00 35092 0 0
20140810003 00:15:00 81168 1 0
20140810004 00:20:00 46816 0 0
20140810005 00:25:00 93825 0 0
20140810006 00:30:00 88706 1 0
20140810007 00:35:00 48246 0 0
20140810008 00:40:00 95835 0 0
20140810009 00:45:00 33843 1 0
20140810010 00:50:00 69850 0 0
20140810011 00:55:00 11948 1 0
20140810012 01:00:00 46656 1 1
20140810013 01:05:00 34158 0 0
20140810014 01:10:00 16439 0 0
20140810015 01:15:00 98181 0 1
20140810016 01:20:00 87271 0 0
20140810017 01:25:00 68708 0 0
20140810018 01:30:00 84723 0 0
20140810019 01:35:00 82874 1 0
20140810020 01:40:00 36180 0 0
20140810021 01:45:00 10981 0 0
20140810022 01:50:00 24889 0 1
20140810023 01:55:00 19773 0 1
20140810024 10:00:00 66415 1 0
20140810025 10:10:00 77571 1 0
20140810026 10:20:00 27085 0 0
20140810027 10:30:00 38548 0 0
20140810028 10:40:00 48196 0 0
20140810029 10:50:00 07266 0 1
20140810030 11:00:00 09101 0 1
20140810031 11:10:00 43126 0 0
20140810032 11:20:00 34540 0 0
20140810033 11:30:00 40973 0 0
20140810034 11:40:00 03793 0 0
20140810035 11:50:00 23563 0 0
20140810036 12:00:00 35909 0 1
20140810037 12:10:00 43503 0 0
20140810038 12:20:00 05216 0 0
20140810039 12:30:00 55435 1 0
20140810040 12:40:00 99697 1 0
20140810041 12:50:00 70555 0 1
20140810042 13:00:00 97204 0 0
20140810043 13:10:00 64977 0 1
20140810044 13:20:00 33702 1 0
20140810045 13:30:00 02398 0 0
20140810046 13:40:00 20897 0 0
20140810047 13:50:00 08616 0 1
20140810048 14:00:00 01559 0 1
20140810049 14:10:00 34406 1 0
20140810050 14:20:00 38930 0 0
20140810051 14:30:00 10274 0 0
20140810052 14:40:00 89128 0 0
20140810053 14:50:00 18789 0 0
20140810054 15:00:00 85699 0 1
20140810055 15:10:00 16224 0 1
20140810056 15:20:00 26823 0 0
20140810057 15:30:00 28629 0 0
20140810058 15:40:00 60832 0 0
20140810059 15:50:00 82214 1 0
20140810060 16:00:00 93079 0 0
20140810061 16:10:00 14751 0 0
20140810062 16:20:00 50598 1 0
20140810063 16:30:00 20839 0 0
20140810064 16:40:00 44750 1 0
20140810065 16:50:00 71966 0 1
20140810066 17:00:00 05418 0 0
20140810067 17:10:00 05776 0 1
20140810068 17:20:00 68030 0 1
20140810069 17:30:00 23258 1 0
20140810070 17:40:00 87452 0 0
20140810071 17:50:00 44700 1 1
20140810072 18:00:00 94355 0 1
20140810073 18:10:00 01673 0 0
20140810074 18:20:00 56796 0 0
20140810075 18:30:00 90945 1 0
20140810076 18:40:00 60873 0 0
20140810077 18:50:00 35301 1 0
20140810078 19:00:00 06320 0 0
20140810079 19:10:00 48623 0 0
20140810080 19:20:00 91818 0 1
20140810081 19:30:00 76283 0 0
20140810082 19:40:00 21026 0 0
20140810083 19:50:00 47096 0 0
20140810084 20:00:00 27086 0 0
20140810085 20:10:00 88753 1 0
20140810086 20:20:00 43641 0 0
20140810087 20:30:00 02417 0 0
20140810088 20:40:00 63069 0 0
20140810089 20:50:00 99356 1 0
20140810090 21:00:00 02598 0 0
20140810091 21:10:00 80272 0 1
20140810092 21:20:00 43873 0 0
20140810093 21:30:00 32172 0 0
20140810094 21:40:00 17513 0 0
20140810095 21:50:00 63013 0 0
20140810096 22:00:00 09682 0 0
20140810097 22:05:00 71438 0 0
20140810098 22:10:00 82084 0 0
20140810099 22:15:00 09735 0 0
20140810100 22:20:00 86797 0 1
20140810101 22:25:00 67059 0 0
20140810102 22:30:00 24571 0 0
20140810103 22:35:00 56361 0 0
20140810104 22:40:00 42584 0 0
20140810105 22:45:00 88888 1 1
20140810106 22:50:00 52867 0 0
20140810107 22:55:00 63457 0 0
20140810108 23:00:00 16195 1 0
20140810109 23:05:00 44032 1 0
20140810110 23:10:00 94976 1 0
20140810111 23:15:00 65442 0 1
20140810112 23:20:00 64553 0 1
20140810113 23:25:00 06211 0 1
20140810114 23:30:00 35543 1 0
20140810115 23:35:00 48585 0 1
20140810116 23:40:00 26722 0 1
20140810117 23:45:00 78237 0 0
20140810118 23:50:00 38541 0 0
20140810119 23:55:00 91423 0 0
20140810120 00:00:00 14362 0 0
