20140605001 00:05:00 83109 0 0
20140605002 00:10:00 71843 0 0
20140605003 00:15:00 22890 1 0
20140605004 00:20:00 08027 1 0
20140605005 00:25:00 55784 1 0
20140605006 00:30:00 19510 0 0
20140605007 00:35:00 42351 0 0
20140605008 00:40:00 97177 0 1
20140605009 00:45:00 32830 0 0
20140605010 00:50:00 84388 0 1
20140605011 00:55:00 64121 0 1
20140605012 01:00:00 48487 1 0
20140605013 01:05:00 94263 0 0
20140605014 01:10:00 06078 1 0
20140605015 01:15:00 10396 0 0
20140605016 01:20:00 48225 0 1
20140605017 01:25:00 76153 0 0
20140605018 01:30:00 53678 0 0
20140605019 01:35:00 09787 0 1
20140605020 01:40:00 10091 1 0
20140605021 01:45:00 33393 1 1
20140605022 01:50:00 78223 0 1
20140605023 01:55:00 80525 0 1
20140605024 10:00:00 86401 0 0
20140605025 10:10:00 77161 1 1
20140605026 10:20:00 21650 0 0
20140605027 10:30:00 62278 1 0
20140605028 10:40:00 63980 0 0
20140605029 10:50:00 91657 0 0
20140605030 11:00:00 51450 0 0
20140605031 11:10:00 87441 0 1
20140605032 11:20:00 06737 0 1
20140605033 11:30:00 69204 0 0
20140605034 11:40:00 55616 1 1
20140605035 11:50:00 74804 0 0
20140605036 12:00:00 51864 0 0
20140605037 12:10:00 12561 0 0
20140605038 12:20:00 67480 0 0
20140605039 12:30:00 99110 1 1
20140605040 12:40:00 63810 0 0
20140605041 12:50:00 98270 0 0
20140605042 13:00:00 47195 0 0
20140605043 13:10:00 63954 0 0
20140605044 13:20:00 97144 0 1
20140605045 13:30:00 88759 1 0
20140605046 13:40:00 28357 0 0
20140605047 13:50:00 69916 1 0
20140605048 14:00:00 86998 0 1
20140605049 14:10:00 69924 1 0
20140605050 14:20:00 90449 0 1
20140605051 14:30:00 30109 0 0
20140605052 14:40:00 23759 0 0
20140605053 14:50:00 46709 0 0
20140605054 15:00:00 58169 0 0
20140605055 15:10:00 51832 0 0
20140605056 15:20:00 25858 0 1
20140605057 15:30:00 78186 0 0
20140605058 15:40:00 34779 0 1
20140605059 15:50:00 81097 0 0
20140605060 16:00:00 69713 0 0
20140605061 16:10:00 38016 0 0
20140605062 16:20:00 55635 1 0
20140605063 16:30:00 16749 0 0
20140605064 16:40:00 17284 0 0
20140605065 16:50:00 40407 1 0
20140605066 17:00:00 64738 0 0
20140605067 17:10:00 00381 1 0
20140605068 17:20:00 13811 0 1
20140605069 17:30:00 16207 0 0
20140605070 17:40:00 39203 0 0
20140605071 17:50:00 26818 0 1
20140605072 18:00:00 12215 1 0
20140605073 18:10:00 04815 0 0
20140605074 18:20:00 89293 0 0
20140605075 18:30:00 65386 0 0
20140605076 18:40:00 40701 0 0
20140605077 18:50:00 56244 0 1
20140605078 19:00:00 48486 1 0
20140605079 19:10:00 35569 1 0
20140605080 19:20:00 57315 0 0
20140605081 19:30:00 55477 1 1
20140605082 19:40:00 49097 0 0
20140605083 19:50:00 94732 0 0
20140605084 20:00:00 48767 0 1
20140605085 20:10:00 37943 0 0
20140605086 20:20:00 81463 0 0
20140605087 20:30:00 58001 0 1
20140605088 20:40:00 81833 1 1
20140605089 20:50:00 40946 0 0
20140605090 21:00:00 11495 1 0
20140605091 21:10:00 82958 0 0
20140605092 21:20:00 87829 1 0
20140605093 21:30:00 06900 0 1
20140605094 21:40:00 25668 0 1
20140605095 21:50:00 99466 1 1
20140605096 22:00:00 68871 1 0
20140605097 22:05:00 97141 0 1
20140605098 22:10:00 61196 1 0
20140605099 22:15:00 81038 0 0
20140605100 22:20:00 80493 0 0
20140605101 22:25:00 69349 0 0
20140605102 22:30:00 06051 1 0
20140605103 22:35:00 44650 1 0
20140605104 22:40:00 41358 0 0
20140605105 22:45:00 71073 0 0
20140605106 22:50:00 26944 0 1
20140605107 22:55:00 52152 0 0
20140605108 23:00:00 03955 0 1
20140605109 23:05:00 64873 0 0
20140605110 23:10:00 97771 1 1
20140605111 23:15:00 51994 0 1
20140605112 23:20:00 26432 0 0
20140605113 23:25:00 39048 0 0
20140605114 23:30:00 93696 0 1
20140605115 23:35:00 55702 1 0
20140605116 23:40:00 79725 1 0
20140605117 23:45:00 76021 0 0
20140605118 23:50:00 51655 0 1
20140605119 23:55:00 38059 0 0
20140605120 00:00:00 09282 0 1
