20140502001 00:05:00 55880 1 1
20140502002 00:10:00 99458 1 0
20140502003 00:15:00 02978 0 0
20140502004 00:20:00 37525 0 1
20140502005 00:25:00 50090 1 1
20140502006 00:30:00 74885 0 1
20140502007 00:35:00 87406 0 0
20140502008 00:40:00 74277 0 1
20140502009 00:45:00 60064 1 0
20140502010 00:50:00 16322 0 1
20140502011 00:55:00 21028 0 0
20140502012 01:00:00 53227 0 1
20140502013 01:05:00 53663 0 1
20140502014 01:10:00 75386 0 0
20140502015 01:15:00 13532 0 0
20140502016 01:20:00 80974 0 0
20140502017 01:25:00 38175 0 0
20140502018 01:30:00 69844 0 1
20140502019 01:35:00 33045 1 0
20140502020 01:40:00 11669 1 1
20140502021 01:45:00 07177 0 1
20140502022 01:50:00 83654 0 0
20140502023 01:55:00 54187 0 0
20140502024 10:00:00 94525 0 1
20140502025 10:10:00 77366 1 1
20140502026 10:20:00 69403 0 0
20140502027 10:30:00 32272 1 1
20140502028 10:40:00 73549 0 0
20140502029 10:50:00 26583 0 0
20140502030 11:00:00 06685 1 0
20140502031 11:10:00 96566 0 1
20140502032 11:20:00 22877 1 1
20140502033 11:30:00 98093 0 0
20140502034 11:40:00 36943 0 0
20140502035 11:50:00 21818 0 1
20140502036 12:00:00 18198 1 0
20140502037 12:10:00 94676 0 1
20140502038 12:20:00 30477 0 1
20140502039 12:30:00 99397 1 0
20140502040 12:40:00 31918 0 0
20140502041 12:50:00 39588 0 1
20140502042 13:00:00 45067 0 0
20140502043 13:10:00 08020 1 1
20140502044 13:20:00 55996 1 1
20140502045 13:30:00 95893 0 0
20140502046 13:40:00 54716 0 0
20140502047 13:50:00 38608 0 0
20140502048 14:00:00 65229 0 1
20140502049 14:10:00 80776 0 1
20140502050 14:20:00 37841 0 0
20140502051 14:30:00 10450 0 0
20140502052 14:40:00 40613 0 0
20140502053 14:50:00 81399 0 1
20140502054 15:00:00 09286 0 0
20140502055 15:10:00 60284 0 0
20140502056 15:20:00 96020 0 1
20140502057 15:30:00 54171 0 1
20140502058 15:40:00 62717 0 1
20140502059 15:50:00 54778 0 1
20140502060 16:00:00 25513 1 0
20140502061 16:10:00 86467 0 0
20140502062 16:20:00 25505 1 1
20140502063 16:30:00 76734 1 0
20140502064 16:40:00 43275 0 0
20140502065 16:50:00 75289 0 0
20140502066 17:00:00 05771 0 1
20140502067 17:10:00 50765 0 0
20140502068 17:20:00 34074 0 0
20140502069 17:30:00 41326 0 0
20140502070 17:40:00 59552 1 1
20140502071 17:50:00 86199 0 1
20140502072 18:00:00 37482 0 0
20140502073 18:10:00 75991 0 1
20140502074 18:20:00 96976 1 0
20140502075 18:30:00 88598 1 0
20140502076 18:40:00 10647 0 0
20140502077 18:50:00 08213 0 0
20140502078 19:00:00 81089 0 0
20140502079 19:10:00 77426 1 0
20140502080 19:20:00 85414 0 1
20140502081 19:30:00 59830 0 0
20140502082 19:40:00 69517 0 0
20140502083 19:50:00 43820 0 0
20140502084 20:00:00 07187 0 0
20140502085 20:10:00 58473 0 0
20140502086 20:20:00 54883 0 1
20140502087 20:30:00 34509 0 0
20140502088 20:40:00 14746 0 0
20140502089 20:50:00 43467 1 0
20140502090 21:00:00 50075 1 0
20140502091 21:10:00 52260 1 0
20140502092 21:20:00 37973 0 0
20140502093 21:30:00 35620 0 0
20140502094 21:40:00 40265 0 0
20140502095 21:50:00 27291 1 0
20140502096 22:00:00 78924 0 0
20140502097 22:05:00 41553 0 1
20140502098 22:10:00 73204 0 0
20140502099 22:15:00 82755 0 1
20140502100 22:20:00 53518 1 0
20140502101 22:25:00 86929 0 1
20140502102 22:30:00 99687 1 0
20140502103 22:35:00 13702 0 0
20140502104 22:40:00 40791 0 0
20140502105 22:45:00 76650 1 0
20140502106 22:50:00 02246 1 0
20140502107 22:55:00 19173 1 0
20140502108 23:00:00 60776 0 1
20140502109 23:05:00 94528 0 0
20140502110 23:10:00 85669 0 1
20140502111 23:15:00 67582 0 0
20140502112 23:20:00 73071 0 0
20140502113 23:25:00 28834 1 0
20140502114 23:30:00 67767 1 1
20140502115 23:35:00 58429 0 0
20140502116 23:40:00 88921 1 0
20140502117 23:45:00 72694 0 0
20140502118 23:50:00 97915 1 0
20140502119 23:55:00 73352 1 0
20140502120 00:00:00 21170 1 0
