20140221001 00:05:00 21617 0 0
20140221002 00:10:00 53355 1 1
20140221003 00:15:00 51893 0 0
20140221004 00:20:00 00736 1 0
20140221005 00:25:00 92610 0 0
20140221006 00:30:00 55947 1 0
20140221007 00:35:00 66953 1 0
20140221008 00:40:00 00878 1 1
20140221009 00:45:00 81046 0 0
20140221010 00:50:00 55226 1 1
20140221011 00:55:00 63404 0 1
20140221012 01:00:00 21876 0 0
20140221013 01:05:00 06658 1 0
20140221014 01:10:00 90246 0 0
20140221015 01:15:00 16024 0 0
20140221016 01:20:00 81004 0 1
20140221017 01:25:00 00180 1 0
20140221018 01:30:00 88220 1 1
20140221019 01:35:00 53230 0 0
20140221020 01:40:00 65009 0 1
20140221021 01:45:00 76165 0 0
20140221022 01:50:00 81792 0 0
20140221023 01:55:00 63311 1 1
20140221024 10:00:00 48209 0 0
20140221025 10:10:00 64857 0 0
20140221026 10:20:00 90401 0 0
20140221027 10:30:00 24095 0 0
20140221028 10:40:00 26665 1 1
20140221029 10:50:00 12490 0 0
20140221030 11:00:00 62368 0 0
20140221031 11:10:00 23886 0 1
20140221032 11:20:00 99828 1 1
20140221033 11:30:00 13498 0 0
20140221034 11:40:00 32987 0 0
20140221035 11:50:00 53656 0 1
20140221036 12:00:00 68972 0 0
20140221037 12:10:00 53896 0 0
20140221038 12:20:00 04216 0 0
20140221039 12:30:00 91096 0 0
20140221040 12:40:00 09391 0 0
20140221041 12:50:00 56684 1 0
20140221042 13:00:00 56467 0 0
20140221043 13:10:00 50306 0 0
20140221044 13:20:00 98380 0 0
20140221045 13:30:00 48888 1 1
20140221046 13:40:00 00053 1 0
20140221047 13:50:00 52145 0 0
20140221048 14:00:00 39171 0 1
20140221049 14:10:00 59636 0 1
20140221050 14:20:00 62152 0 0
20140221051 14:30:00 43078 0 0
20140221052 14:40:00 37696 0 1
20140221053 14:50:00 38303 1 1
20140221054 15:00:00 07564 0 0
20140221055 15:10:00 71127 1 0
20140221056 15:20:00 73794 1 0
20140221057 15:30:00 08043 1 0
20140221058 15:40:00 79388 0 1
20140221059 15:50:00 89415 0 0
20140221060 16:00:00 97577 0 1
20140221061 16:10:00 08733 0 1
20140221062 16:20:00 76562 0 0
20140221063 16:30:00 90754 0 0
20140221064 16:40:00 36732 0 0
20140221065 16:50:00 94888 0 1
20140221066 17:00:00 57772 1 1
20140221067 17:10:00 68424 0 1
20140221068 17:20:00 99957 1 0
20140221069 17:30:00 27743 1 0
20140221070 17:40:00 35732 0 0
20140221071 17:50:00 33402 1 0
20140221072 18:00:00 66931 1 0
20140221073 18:10:00 28319 0 0
20140221074 18:20:00 18835 1 0
20140221075 18:30:00 63637 1 0
20140221076 18:40:00 09041 1 0
20140221077 18:50:00 27416 0 0
20140221078 19:00:00 98367 0 0
20140221079 19:10:00 13937 0 0
20140221080 19:20:00 76634 1 0
20140221081 19:30:00 02357 0 0
20140221082 19:40:00 13180 1 0
20140221083 19:50:00 46390 0 0
20140221084 20:00:00 19701 0 0
20140221085 20:10:00 26084 0 0
20140221086 20:20:00 73385 1 0
20140221087 20:30:00 54261 0 0
20140221088 20:40:00 88662 1 1
20140221089 20:50:00 37214 0 0
20140221090 21:00:00 85107 0 0
20140221091 21:10:00 92840 0 0
20140221092 21:20:00 21707 0 1
20140221093 21:30:00 55003 1 1
20140221094 21:40:00 23158 0 0
20140221095 21:50:00 41636 0 1
20140221096 22:00:00 60809 0 0
20140221097 22:05:00 63575 0 1
20140221098 22:10:00 87721 1 0
20140221099 22:15:00 99647 1 0
20140221100 22:20:00 53718 0 0
20140221101 22:25:00 63839 0 0
20140221102 22:30:00 45209 0 0
20140221103 22:35:00 74343 0 1
20140221104 22:40:00 42723 0 0
20140221105 22:45:00 76591 0 0
20140221106 22:50:00 93902 1 0
20140221107 22:55:00 55998 1 1
20140221108 23:00:00 04998 0 1
20140221109 23:05:00 71594 0 0
20140221110 23:10:00 49434 1 1
20140221111 23:15:00 90306 0 0
20140221112 23:20:00 86062 0 0
20140221113 23:25:00 52426 0 0
20140221114 23:30:00 90287 0 0
20140221115 23:35:00 17446 0 1
20140221116 23:40:00 44317 1 0
20140221117 23:45:00 77720 1 0
20140221118 23:50:00 16156 1 0
20140221119 23:55:00 50447 0 1
20140221120 00:00:00 58960 0 0
