20140930001 00:05:00 32850 0 0
20140930002 00:10:00 64313 0 1
20140930003 00:15:00 45015 0 0
20140930004 00:20:00 77685 1 0
20140930005 00:25:00 02919 0 1
20140930006 00:30:00 91552 0 1
20140930007 00:35:00 64112 0 1
20140930008 00:40:00 91693 0 0
20140930009 00:45:00 31067 0 0
20140930010 00:50:00 40011 1 1
20140930011 00:55:00 43034 0 0
20140930012 01:00:00 19934 1 0
20140930013 01:05:00 01135 1 0
20140930014 01:10:00 56433 0 1
20140930015 01:15:00 12788 0 1
20140930016 01:20:00 75272 0 1
20140930017 01:25:00 41570 0 0
20140930018 01:30:00 96581 0 0
20140930019 01:35:00 67908 0 0
20140930020 01:40:00 00581 1 0
20140930021 01:45:00 07651 0 0
20140930022 01:50:00 72785 1 0
20140930023 01:55:00 54215 0 0
20140930024 10:00:00 51444 0 1
20140930025 10:10:00 26121 0 1
20140930026 10:20:00 48703 0 0
20140930027 10:30:00 26112 0 1
20140930028 10:40:00 47299 0 1
20140930029 10:50:00 17884 0 1
20140930030 11:00:00 09818 0 1
20140930031 11:10:00 57441 0 1
20140930032 11:20:00 02908 0 0
20140930033 11:30:00 29427 0 0
20140930034 11:40:00 31657 0 0
20140930035 11:50:00 17983 0 0
20140930036 12:00:00 09307 0 0
20140930037 12:10:00 93268 0 0
20140930038 12:20:00 33782 1 0
20140930039 12:30:00 48035 0 0
20140930040 12:40:00 77378 1 0
20140930041 12:50:00 47855 0 1
20140930042 13:00:00 27550 0 1
20140930043 13:10:00 62530 0 0
20140930044 13:20:00 28265 1 0
20140930045 13:30:00 89713 0 0
20140930046 13:40:00 83016 0 0
20140930047 13:50:00 43011 0 1
20140930048 14:00:00 71781 1 0
20140930049 14:10:00 34189 0 0
20140930050 14:20:00 88077 1 1
20140930051 14:30:00 40199 0 1
20140930052 14:40:00 98585 0 1
20140930053 14:50:00 75536 1 0
20140930054 15:00:00 58296 0 0
20140930055 15:10:00 98875 1 0
20140930056 15:20:00 49219 0 0
20140930057 15:30:00 52885 0 1
20140930058 15:40:00 61133 1 1
20140930059 15:50:00 18182 1 0
20140930060 16:00:00 01452 0 0
20140930061 16:10:00 97647 0 0
20140930062 16:20:00 14945 0 0
20140930063 16:30:00 32590 0 0
20140930064 16:40:00 22734 1 0
20140930065 16:50:00 37325 1 0
20140930066 17:00:00 81578 0 0
20140930067 17:10:00 04537 0 0
20140930068 17:20:00 78827 1 0
20140930069 17:30:00 77547 1 0
20140930070 17:40:00 49838 0 1
20140930071 17:50:00 86777 0 1
20140930072 18:00:00 12163 1 0
20140930073 18:10:00 69629 1 0
20140930074 18:20:00 43323 1 1
20140930075 18:30:00 82543 0 0
20140930076 18:40:00 54906 0 0
20140930077 18:50:00 81420 0 0
20140930078 19:00:00 53172 0 0
20140930079 19:10:00 64380 0 0
20140930080 19:20:00 79656 0 1
20140930081 19:30:00 71795 1 0
20140930082 19:40:00 82608 0 0
20140930083 19:50:00 98649 0 0
20140930084 20:00:00 75081 0 0
20140930085 20:10:00 16642 1 0
20140930086 20:20:00 41220 0 1
20140930087 20:30:00 36219 0 0
20140930088 20:40:00 39090 0 1
20140930089 20:50:00 68171 0 1
20140930090 21:00:00 44826 1 0
20140930091 21:10:00 28520 0 0
20140930092 21:20:00 29821 0 0
20140930093 21:30:00 45515 1 1
20140930094 21:40:00 71691 0 0
20140930095 21:50:00 79332 0 1
20140930096 22:00:00 74252 0 1
20140930097 22:05:00 37982 0 0
20140930098 22:10:00 46052 0 0
20140930099 22:15:00 52098 0 0
20140930100 22:20:00 69531 0 0
20140930101 22:25:00 63310 1 0
20140930102 22:30:00 51217 0 0
20140930103 22:35:00 80228 0 1
20140930104 22:40:00 90908 1 0
20140930105 22:45:00 75227 0 1
20140930106 22:50:00 26781 0 0
20140930107 22:55:00 09626 0 1
20140930108 23:00:00 16286 0 0
20140930109 23:05:00 20786 0 0
20140930110 23:10:00 06017 1 0
20140930111 23:15:00 11887 1 1
20140930112 23:20:00 74668 0 1
20140930113 23:25:00 33234 1 0
20140930114 23:30:00 85471 0 0
20140930115 23:35:00 92713 0 0
20140930116 23:40:00 28536 0 0
20140930117 23:45:00 25771 0 1
20140930118 23:50:00 06008 1 1
20140930119 23:55:00 51647 0 0
20140930120 00:00:00 44276 1 0
