20140709001 00:05:00 56455 0 1
20140709002 00:10:00 17028 0 0
20140709003 00:15:00 86232 0 1
20140709004 00:20:00 28726 0 0
20140709005 00:25:00 29581 0 0
20140709006 00:30:00 25972 0 0
20140709007 00:35:00 08220 0 1
20140709008 00:40:00 69410 0 0
20140709009 00:45:00 71296 0 0
20140709010 00:50:00 21028 0 0
20140709011 00:55:00 41397 0 0
20140709012 01:00:00 52999 0 1
20140709013 01:05:00 87801 1 0
20140709014 01:10:00 83600 0 1
20140709015 01:15:00 65304 0 0
20140709016 01:20:00 81795 0 0
20140709017 01:25:00 81218 0 0
20140709018 01:30:00 57170 0 0
20140709019 01:35:00 64005 0 1
20140709020 01:40:00 16436 0 0
20140709021 01:45:00 14299 0 1
20140709022 01:50:00 14816 0 0
20140709023 01:55:00 94239 0 0
20140709024 10:00:00 18446 0 1
20140709025 10:10:00 80851 1 0
20140709026 10:20:00 61885 0 1
20140709027 10:30:00 70038 1 0
20140709028 10:40:00 34314 1 0
20140709029 10:50:00 25666 0 1
20140709030 11:00:00 59272 0 1
20140709031 11:10:00 77221 1 1
20140709032 11:20:00 27810 0 0
20140709033 11:30:00 12123 1 0
20140709034 11:40:00 07318 0 0
20140709035 11:50:00 63160 0 0
20140709036 12:00:00 23911 0 1
20140709037 12:10:00 37129 0 0
20140709038 12:20:00 72881 0 1
20140709039 12:30:00 49702 0 0
20140709040 12:40:00 92583 0 0
20140709041 12:50:00 71040 0 1
20140709042 13:00:00 89191 0 1
20140709043 13:10:00 03070 1 1
20140709044 13:20:00 63150 0 0
20140709045 13:30:00 55943 1 0
20140709046 13:40:00 93022 0 1
20140709047 13:50:00 93723 0 0
20140709048 14:00:00 88618 1 0
20140709049 14:10:00 48020 0 1
20140709050 14:20:00 28251 1 0
20140709051 14:30:00 34763 0 0
20140709052 14:40:00 74727 1 1
20140709053 14:50:00 44559 1 1
20140709054 15:00:00 79245 0 0
20140709055 15:10:00 70790 1 0
20140709056 15:20:00 68937 0 0
20140709057 15:30:00 71798 1 0
20140709058 15:40:00 42049 0 0
20140709059 15:50:00 19937 1 0
20140709060 16:00:00 09491 0 0
20140709061 16:10:00 76333 0 1
20140709062 16:20:00 30590 0 0
20140709063 16:30:00 90958 1 0
20140709064 16:40:00 43053 0 0
20140709065 16:50:00 90573 0 0
20140709066 17:00:00 19456 0 0
20140709067 17:10:00 19585 0 1
20140709068 17:20:00 45407 1 0
20140709069 17:30:00 19405 0 0
20140709070 17:40:00 81649 0 0
20140709071 17:50:00 37046 0 0
20140709072 18:00:00 58708 0 0
20140709073 18:10:00 64273 0 0
20140709074 18:20:00 02219 1 0
20140709075 18:30:00 38146 0 0
20140709076 18:40:00 95246 0 0
20140709077 18:50:00 86107 0 0
20140709078 19:00:00 48843 1 0
20140709079 19:10:00 92781 0 0
20140709080 19:20:00 03593 0 0
20140709081 19:30:00 25050 0 1
20140709082 19:40:00 48678 0 0
20140709083 19:50:00 61800 0 1
20140709084 20:00:00 71698 0 0
20140709085 20:10:00 63080 0 1
20140709086 20:20:00 37944 0 1
20140709087 20:30:00 95842 0 0
20140709088 20:40:00 68453 0 0
20140709089 20:50:00 48824 1 0
20140709090 21:00:00 24930 0 0
20140709091 21:10:00 54365 0 0
20140709092 21:20:00 14863 0 0
20140709093 21:30:00 26434 0 1
20140709094 21:40:00 66831 1 0
20140709095 21:50:00 05529 1 0
20140709096 22:00:00 87273 0 0
20140709097 22:05:00 42251 1 0
20140709098 22:10:00 44254 1 0
20140709099 22:15:00 69034 0 0
20140709100 22:20:00 25533 1 1
20140709101 22:25:00 99310 1 0
20140709102 22:30:00 93720 0 0
20140709103 22:35:00 12849 0 0
20140709104 22:40:00 48860 1 0
20140709105 22:45:00 49566 0 1
20140709106 22:50:00 66193 1 0
20140709107 22:55:00 24153 0 0
20140709108 23:00:00 50505 1 1
20140709109 23:05:00 20432 0 0
20140709110 23:10:00 60710 0 0
20140709111 23:15:00 77222 1 1
20140709112 23:20:00 49800 0 1
20140709113 23:25:00 03329 1 0
20140709114 23:30:00 47753 1 0
20140709115 23:35:00 51190 1 0
20140709116 23:40:00 81706 0 0
20140709117 23:45:00 67632 1 0
20140709118 23:50:00 69721 0 0
20140709119 23:55:00 14443 1 1
20140709120 00:00:00 86591 0 0
