20140217001 00:05:00 29878 0 1
20140217002 00:10:00 63739 0 0
20140217003 00:15:00 30152 0 0
20140217004 00:20:00 49687 0 0
20140217005 00:25:00 61722 0 1
20140217006 00:30:00 67648 1 0
20140217007 00:35:00 22936 1 0
20140217008 00:40:00 64817 0 0
20140217009 00:45:00 97498 0 0
20140217010 00:50:00 35290 0 0
20140217011 00:55:00 26002 0 1
20140217012 01:00:00 89616 0 1
20140217013 01:05:00 35171 0 1
20140217014 01:10:00 71914 0 0
20140217015 01:15:00 31580 0 0
20140217016 01:20:00 46444 1 1
20140217017 01:25:00 61861 0 0
20140217018 01:30:00 56622 1 1
20140217019 01:35:00 32738 0 0
20140217020 01:40:00 23126 0 0
20140217021 01:45:00 08730 0 0
20140217022 01:50:00 80953 0 0
20140217023 01:55:00 09906 1 0
20140217024 10:00:00 69547 0 0
20140217025 10:10:00 36186 0 0
20140217026 10:20:00 14245 0 0
20140217027 10:30:00 22908 1 0
20140217028 10:40:00 10071 1 0
20140217029 10:50:00 38150 0 0
20140217030 11:00:00 84480 1 0
20140217031 11:10:00 13630 0 0
20140217032 11:20:00 89986 1 0
20140217033 11:30:00 23657 0 0
20140217034 11:40:00 25282 1 1
20140217035 11:50:00 47689 0 0
20140217036 12:00:00 20813 0 0
20140217037 12:10:00 45593 1 0
20140217038 12:20:00 02822 0 1
20140217039 12:30:00 57734 1 0
20140217040 12:40:00 68774 0 1
20140217041 12:50:00 24843 0 0
20140217042 13:00:00 34383 1 1
20140217043 13:10:00 97728 1 0
20140217044 13:20:00 73309 1 0
20140217045 13:30:00 56307 0 0
20140217046 13:40:00 53176 0 0
20140217047 13:50:00 64981 0 0
20140217048 14:00:00 79417 0 0
20140217049 14:10:00 99630 1 0
20140217050 14:20:00 42655 0 1
20140217051 14:30:00 76260 0 0
20140217052 14:40:00 78104 0 0
20140217053 14:50:00 86183 0 0
20140217054 15:00:00 50949 0 1
20140217055 15:10:00 17925 0 0
20140217056 15:20:00 16947 0 0
20140217057 15:30:00 37413 0 0
20140217058 15:40:00 90161 0 1
20140217059 15:50:00 28308 0 0
20140217060 16:00:00 43629 0 0
20140217061 16:10:00 04626 0 1
20140217062 16:20:00 65125 0 0
20140217063 16:30:00 93768 0 0
20140217064 16:40:00 24435 1 0
20140217065 16:50:00 51360 0 0
20140217066 17:00:00 72252 1 1
20140217067 17:10:00 34624 0 0
20140217068 17:20:00 34556 0 1
20140217069 17:30:00 15552 1 1
20140217070 17:40:00 10917 0 0
20140217071 17:50:00 52896 0 0
20140217072 18:00:00 77672 1 0
20140217073 18:10:00 37382 1 0
20140217074 18:20:00 30541 0 0
20140217075 18:30:00 27244 1 1
20140217076 18:40:00 33789 1 0
20140217077 18:50:00 98284 0 0
20140217078 19:00:00 99044 1 1
20140217079 19:10:00 21434 0 1
20140217080 19:20:00 99365 1 0
20140217081 19:30:00 50020 1 1
20140217082 19:40:00 45106 0 0
20140217083 19:50:00 48510 0 0
20140217084 20:00:00 30675 0 0
20140217085 20:10:00 72985 0 0
20140217086 20:20:00 29556 0 1
20140217087 20:30:00 55605 1 0
20140217088 20:40:00 71079 0 0
20140217089 20:50:00 52430 0 0
20140217090 21:00:00 29695 0 0
20140217091 21:10:00 63138 0 0
20140217092 21:20:00 58894 1 0
20140217093 21:30:00 24955 0 1
20140217094 21:40:00 42398 0 0
20140217095 21:50:00 08927 0 0
20140217096 22:00:00 27340 0 0
20140217097 22:05:00 49942 1 0
20140217098 22:10:00 43715 0 0
20140217099 22:15:00 24287 1 0
20140217100 22:20:00 47074 0 0
20140217101 22:25:00 92368 0 0
20140217102 22:30:00 78284 0 0
20140217103 22:35:00 84363 0 1
20140217104 22:40:00 09894 0 0
20140217105 22:45:00 12319 0 0
20140217106 22:50:00 94688 0 1
20140217107 22:55:00 47667 0 1
20140217108 23:00:00 68737 0 1
20140217109 23:05:00 80138 0 0
20140217110 23:10:00 10885 0 1
20140217111 23:15:00 21602 0 0
20140217112 23:20:00 63840 0 0
20140217113 23:25:00 86385 0 0
20140217114 23:30:00 46958 0 0
20140217115 23:35:00 12285 1 0
20140217116 23:40:00 52848 0 1
20140217117 23:45:00 15876 0 0
20140217118 23:50:00 22472 1 0
20140217119 23:55:00 58533 1 1
20140217120 00:00:00 61671 1 0
