20140127001 00:05:00 70160 0 0
20140127002 00:10:00 85530 1 0
20140127003 00:15:00 86097 0 0
20140127004 00:20:00 93839 0 0
20140127005 00:25:00 35163 0 0
20140127006 00:30:00 94313 0 1
20140127007 00:35:00 04764 0 0
20140127008 00:40:00 64174 0 0
20140127009 00:45:00 40745 0 0
20140127010 00:50:00 66449 1 1
20140127011 00:55:00 30444 0 1
20140127012 01:00:00 22223 1 1
20140127013 01:05:00 52043 0 0
20140127014 01:10:00 92659 0 0
20140127015 01:15:00 42479 1 0
20140127016 01:20:00 95414 0 1
20140127017 01:25:00 35662 0 1
20140127018 01:30:00 15045 0 0
20140127019 01:35:00 30535 0 1
20140127020 01:40:00 13067 0 0
20140127021 01:45:00 36979 0 1
20140127022 01:50:00 16246 0 0
20140127023 01:55:00 54423 1 0
20140127024 10:00:00 38861 1 0
20140127025 10:10:00 29145 0 0
20140127026 10:20:00 56268 0 0
20140127027 10:30:00 85619 0 0
20140127028 10:40:00 00474 1 1
20140127029 10:50:00 00852 1 0
20140127030 11:00:00 73832 0 0
20140127031 11:10:00 90041 1 0
20140127032 11:20:00 26526 0 0
20140127033 11:30:00 02548 0 0
20140127034 11:40:00 45339 0 1
20140127035 11:50:00 03048 1 0
20140127036 12:00:00 17521 0 0
20140127037 12:10:00 60012 1 0
20140127038 12:20:00 47621 0 0
20140127039 12:30:00 10617 0 0
20140127040 12:40:00 20983 0 0
20140127041 12:50:00 63486 0 0
20140127042 13:00:00 53319 1 0
20140127043 13:10:00 67989 0 1
20140127044 13:20:00 34196 0 0
20140127045 13:30:00 74493 1 0
20140127046 13:40:00 19908 1 0
20140127047 13:50:00 19027 0 0
20140127048 14:00:00 23430 0 0
20140127049 14:10:00 06660 1 1
20140127050 14:20:00 79284 0 0
20140127051 14:30:00 90949 1 1
20140127052 14:40:00 19737 0 1
20140127053 14:50:00 03873 0 0
20140127054 15:00:00 67632 1 0
20140127055 15:10:00 84873 1 0
20140127056 15:20:00 97099 0 1
20140127057 15:30:00 49639 0 0
20140127058 15:40:00 07569 0 0
20140127059 15:50:00 02036 1 0
20140127060 16:00:00 98267 0 0
20140127061 16:10:00 08619 0 0
20140127062 16:20:00 03189 0 0
20140127063 16:30:00 07424 0 1
20140127064 16:40:00 16632 1 0
20140127065 16:50:00 15412 0 0
20140127066 17:00:00 33582 1 0
20140127067 17:10:00 89098 0 0
20140127068 17:20:00 53985 0 0
20140127069 17:30:00 33901 1 0
20140127070 17:40:00 60408 0 0
20140127071 17:50:00 62247 1 0
20140127072 18:00:00 97698 0 0
20140127073 18:10:00 31769 0 0
20140127074 18:20:00 86600 1 1
20140127075 18:30:00 10221 0 1
20140127076 18:40:00 69606 1 1
20140127077 18:50:00 66232 1 1
20140127078 19:00:00 38510 0 0
20140127079 19:10:00 13887 0 1
20140127080 19:20:00 09284 0 0
20140127081 19:30:00 31859 0 0
20140127082 19:40:00 71578 0 0
20140127083 19:50:00 64950 0 0
20140127084 20:00:00 97694 0 0
20140127085 20:10:00 19041 0 0
20140127086 20:20:00 55675 1 0
20140127087 20:30:00 19927 1 0
20140127088 20:40:00 04132 0 0
20140127089 20:50:00 25462 0 0
20140127090 21:00:00 80230 0 0
20140127091 21:10:00 96981 1 0
20140127092 21:20:00 15273 0 0
20140127093 21:30:00 62120 0 0
20140127094 21:40:00 66486 1 0
20140127095 21:50:00 12292 1 1
20140127096 22:00:00 65439 0 0
20140127097 22:05:00 44077 1 1
20140127098 22:10:00 43669 0 1
20140127099 22:15:00 81889 1 1
20140127100 22:20:00 21853 0 0
20140127101 22:25:00 98897 1 0
20140127102 22:30:00 55919 1 1
20140127103 22:35:00 88698 1 0
20140127104 22:40:00 21143 1 0
20140127105 22:45:00 37561 0 0
20140127106 22:50:00 96719 0 0
20140127107 22:55:00 37780 1 0
20140127108 23:00:00 53444 0 1
20140127109 23:05:00 31331 1 1
20140127110 23:10:00 39791 0 0
20140127111 23:15:00 00357 1 0
20140127112 23:20:00 05914 0 0
20140127113 23:25:00 18121 1 1
20140127114 23:30:00 68571 0 0
20140127115 23:35:00 09230 0 0
20140127116 23:40:00 83028 0 0
20140127117 23:45:00 35432 0 0
20140127118 23:50:00 37516 0 0
20140127119 23:55:00 51641 0 0
20140127120 00:00:00 79805 0 0
