20140629001 00:05:00 23663 0 1
20140629002 00:10:00 87801 1 0
20140629003 00:15:00 09101 0 1
20140629004 00:20:00 15561 1 0
20140629005 00:25:00 74465 1 0
20140629006 00:30:00 27666 0 1
20140629007 00:35:00 70093 1 0
20140629008 00:40:00 90260 0 0
20140629009 00:45:00 10987 0 0
20140629010 00:50:00 55518 1 0
20140629011 00:55:00 64564 0 0
20140629012 01:00:00 12007 0 1
20140629013 01:05:00 08220 0 1
20140629014 01:10:00 78554 0 1
20140629015 01:15:00 60287 0 0
20140629016 01:20:00 81636 0 1
20140629017 01:25:00 58978 0 0
20140629018 01:30:00 28597 0 0
20140629019 01:35:00 33461 1 0
20140629020 01:40:00 96782 0 0
20140629021 01:45:00 24868 0 1
20140629022 01:50:00 29660 0 1
20140629023 01:55:00 78918 0 0
20140629024 10:00:00 64008 0 1
20140629025 10:10:00 75770 1 1
20140629026 10:20:00 03552 0 1
20140629027 10:30:00 50909 0 1
20140629028 10:40:00 58944 0 1
20140629029 10:50:00 72667 0 1
20140629030 11:00:00 47594 0 0
20140629031 11:10:00 43441 1 1
20140629032 11:20:00 88360 1 0
20140629033 11:30:00 95330 0 1
20140629034 11:40:00 72297 1 0
20140629035 11:50:00 48910 0 0
20140629036 12:00:00 32032 0 0
20140629037 12:10:00 47432 1 0
20140629038 12:20:00 44935 1 0
20140629039 12:30:00 72041 0 0
20140629040 12:40:00 56815 0 0
20140629041 12:50:00 33250 1 0
20140629042 13:00:00 08278 0 0
20140629043 13:10:00 83093 0 0
20140629044 13:20:00 68388 0 1
20140629045 13:30:00 63881 0 1
20140629046 13:40:00 95299 0 1
20140629047 13:50:00 93739 0 0
20140629048 14:00:00 04112 0 1
20140629049 14:10:00 10193 1 0
20140629050 14:20:00 95649 0 0
20140629051 14:30:00 75007 0 1
20140629052 14:40:00 03102 0 0
20140629053 14:50:00 22921 1 0
20140629054 15:00:00 50080 1 1
20140629055 15:10:00 24866 0 1
20140629056 15:20:00 52359 0 0
20140629057 15:30:00 17315 0 0
20140629058 15:40:00 91184 1 0
20140629059 15:50:00 31176 1 0
20140629060 16:00:00 74867 0 0
20140629061 16:10:00 32022 0 1
20140629062 16:20:00 37672 0 0
20140629063 16:30:00 26494 0 1
20140629064 16:40:00 24352 0 0
20140629065 16:50:00 86495 0 0
20140629066 17:00:00 07434 0 1
20140629067 17:10:00 10956 0 0
20140629068 17:20:00 73854 0 0
20140629069 17:30:00 96881 0 1
20140629070 17:40:00 23725 0 0
20140629071 17:50:00 01764 0 0
20140629072 18:00:00 71098 0 0
20140629073 18:10:00 59901 1 0
20140629074 18:20:00 40333 0 1
20140629075 18:30:00 69059 0 0
20140629076 18:40:00 66367 1 0
20140629077 18:50:00 35351 1 0
20140629078 19:00:00 16194 1 0
20140629079 19:10:00 37013 0 0
20140629080 19:20:00 91893 0 0
20140629081 19:30:00 00907 1 0
20140629082 19:40:00 45663 0 1
20140629083 19:50:00 25585 1 1
20140629084 20:00:00 82998 0 1
20140629085 20:10:00 82923 0 0
20140629086 20:20:00 96264 0 0
20140629087 20:30:00 24421 1 0
20140629088 20:40:00 92472 0 0
20140629089 20:50:00 88000 1 1
20140629090 21:00:00 76272 0 1
20140629091 21:10:00 43245 0 0
20140629092 21:20:00 28802 1 0
20140629093 21:30:00 48032 0 0
20140629094 21:40:00 00347 1 0
20140629095 21:50:00 22289 1 0
20140629096 22:00:00 44513 1 0
20140629097 22:05:00 54180 0 0
20140629098 22:10:00 94008 0 1
20140629099 22:15:00 71794 1 0
20140629100 22:20:00 48212 0 1
20140629101 22:25:00 34922 0 1
20140629102 22:30:00 85471 0 0
20140629103 22:35:00 82774 0 1
20140629104 22:40:00 43479 1 0
20140629105 22:45:00 37478 0 0
20140629106 22:50:00 47461 1 0
20140629107 22:55:00 42751 0 0
20140629108 23:00:00 35993 0 1
20140629109 23:05:00 20853 0 0
20140629110 23:10:00 66135 1 0
20140629111 23:15:00 17261 0 0
20140629112 23:20:00 91328 0 0
20140629113 23:25:00 42841 0 0
20140629114 23:30:00 54929 0 1
20140629115 23:35:00 09531 0 0
20140629116 23:40:00 38446 0 1
20140629117 23:45:00 06727 0 1
20140629118 23:50:00 91523 0 0
20140629119 23:55:00 11152 1 0
20140629120 00:00:00 36739 0 0
