20140513001 00:05:00 84403 1 0
20140513002 00:10:00 81552 0 1
20140513003 00:15:00 42692 0 0
20140513004 00:20:00 25131 0 1
20140513005 00:25:00 91642 0 0
20140513006 00:30:00 83369 1 0
20140513007 00:35:00 42430 1 0
20140513008 00:40:00 86317 0 0
20140513009 00:45:00 25980 0 0
20140513010 00:50:00 61782 0 0
20140513011 00:55:00 56592 1 0
20140513012 01:00:00 58471 0 0
20140513013 01:05:00 37751 1 0
20140513014 01:10:00 52042 0 0
20140513015 01:15:00 23109 0 0
20140513016 01:20:00 68938 0 0
20140513017 01:25:00 94022 0 1
20140513018 01:30:00 02910 0 0
20140513019 01:35:00 66096 1 0
20140513020 01:40:00 39856 0 0
20140513021 01:45:00 95346 0 0
20140513022 01:50:00 79952 1 0
20140513023 01:55:00 55026 1 0
20140513024 10:00:00 15106 1 0
20140513025 10:10:00 04666 0 1
20140513026 10:20:00 16936 0 0
20140513027 10:30:00 91680 0 0
20140513028 10:40:00 90466 0 1
20140513029 10:50:00 73482 0 0
20140513030 11:00:00 27097 0 0
20140513031 11:10:00 12054 0 0
20140513032 11:20:00 01904 0 0
20140513033 11:30:00 04352 0 0
20140513034 11:40:00 35774 0 1
20140513035 11:50:00 52189 0 0
20140513036 12:00:00 28692 0 0
20140513037 12:10:00 25456 0 0
20140513038 12:20:00 90786 0 0
20140513039 12:30:00 84833 1 1
20140513040 12:40:00 70903 0 0
20140513041 12:50:00 02577 0 1
20140513042 13:00:00 20699 0 1
20140513043 13:10:00 87925 0 0
20140513044 13:20:00 53677 0 1
20140513045 13:30:00 92355 0 1
20140513046 13:40:00 33982 1 0
20140513047 13:50:00 96223 0 1
20140513048 14:00:00 83039 0 0
20140513049 14:10:00 25223 1 1
20140513050 14:20:00 71278 0 0
20140513051 14:30:00 36184 0 0
20140513052 14:40:00 27725 1 0
20140513053 14:50:00 69829 0 0
20140513054 15:00:00 62284 1 0
20140513055 15:10:00 84012 0 0
20140513056 15:20:00 95030 0 1
20140513057 15:30:00 31577 0 1
20140513058 15:40:00 23172 0 0
20140513059 15:50:00 14074 0 0
20140513060 16:00:00 45786 0 0
20140513061 16:10:00 09881 0 1
20140513062 16:20:00 63667 1 1
20140513063 16:30:00 02954 0 0
20140513064 16:40:00 30659 0 0
20140513065 16:50:00 81763 0 0
20140513066 17:00:00 81764 0 0
20140513067 17:10:00 12014 0 0
20140513068 17:20:00 27681 0 0
20140513069 17:30:00 37126 0 0
20140513070 17:40:00 87804 1 0
20140513071 17:50:00 35979 0 1
20140513072 18:00:00 22354 1 0
20140513073 18:10:00 85955 0 1
20140513074 18:20:00 62929 0 1
20140513075 18:30:00 42554 0 1
20140513076 18:40:00 37775 1 1
20140513077 18:50:00 28477 0 1
20140513078 19:00:00 66185 1 0
20140513079 19:10:00 77058 1 0
20140513080 19:20:00 76549 0 0
20140513081 19:30:00 95853 0 0
20140513082 19:40:00 18491 0 0
20140513083 19:50:00 56790 0 0
20140513084 20:00:00 45986 0 0
20140513085 20:10:00 23582 0 0
20140513086 20:20:00 09730 0 0
20140513087 20:30:00 58809 1 0
20140513088 20:40:00 56964 0 0
20140513089 20:50:00 33190 1 0
20140513090 21:00:00 93567 0 0
20140513091 21:10:00 38915 0 0
20140513092 21:20:00 15273 0 0
20140513093 21:30:00 53315 1 0
20140513094 21:40:00 07299 0 1
20140513095 21:50:00 48230 0 0
20140513096 22:00:00 33082 1 0
20140513097 22:05:00 55776 1 1
20140513098 22:10:00 04255 0 1
20140513099 22:15:00 07333 0 1
20140513100 22:20:00 72059 0 0
20140513101 22:25:00 68161 0 1
20140513102 22:30:00 71052 0 0
20140513103 22:35:00 27229 1 1
20140513104 22:40:00 02092 1 0
20140513105 22:45:00 50714 0 0
20140513106 22:50:00 81997 0 1
20140513107 22:55:00 05084 1 0
20140513108 23:00:00 64635 1 0
20140513109 23:05:00 94056 0 0
20140513110 23:10:00 58134 0 0
20140513111 23:15:00 82843 1 0
20140513112 23:20:00 18407 0 0
20140513113 23:25:00 39507 0 0
20140513114 23:30:00 18924 0 0
20140513115 23:35:00 59478 0 0
20140513116 23:40:00 59675 0 0
20140513117 23:45:00 26661 1 1
20140513118 23:50:00 93158 0 0
20140513119 23:55:00 87157 0 0
20140513120 00:00:00 95866 0 1
