20140421001 00:05:00 63831 0 0
20140421002 00:10:00 70294 0 0
20140421003 00:15:00 34439 1 0
20140421004 00:20:00 94745 0 0
20140421005 00:25:00 57315 0 0
20140421006 00:30:00 25871 0 0
20140421007 00:35:00 61919 0 1
20140421008 00:40:00 51873 0 0
20140421009 00:45:00 10723 0 0
20140421010 00:50:00 87911 0 1
20140421011 00:55:00 22477 1 1
20140421012 01:00:00 01833 0 1
20140421013 01:05:00 20871 0 0
20140421014 01:10:00 04498 1 0
20140421015 01:15:00 59502 1 0
20140421016 01:20:00 71172 1 0
20140421017 01:25:00 49632 0 0
20140421018 01:30:00 18353 0 1
20140421019 01:35:00 03428 0 0
20140421020 01:40:00 41078 0 0
20140421021 01:45:00 32832 0 0
20140421022 01:50:00 76424 0 1
20140421023 01:55:00 59642 0 0
20140421024 10:00:00 87324 0 0
20140421025 10:10:00 67202 0 1
20140421026 10:20:00 23838 0 1
20140421027 10:30:00 92194 0 0
20140421028 10:40:00 64103 0 0
20140421029 10:50:00 25409 0 0
20140421030 11:00:00 06351 0 0
20140421031 11:10:00 32006 0 1
20140421032 11:20:00 40052 1 0
20140421033 11:30:00 30772 0 1
20140421034 11:40:00 65592 1 0
20140421035 11:50:00 64570 0 0
20140421036 12:00:00 71166 1 1
20140421037 12:10:00 84003 0 1
20140421038 12:20:00 62890 0 0
20140421039 12:30:00 52189 0 0
20140421040 12:40:00 71101 1 1
20140421041 12:50:00 64600 1 1
20140421042 13:00:00 53998 0 1
20140421043 13:10:00 45630 0 0
20140421044 13:20:00 08557 0 1
20140421045 13:30:00 45005 0 1
20140421046 13:40:00 79044 0 1
20140421047 13:50:00 60511 0 1
20140421048 14:00:00 96904 1 0
20140421049 14:10:00 07123 0 0
20140421050 14:20:00 06556 0 1
20140421051 14:30:00 06559 0 1
20140421052 14:40:00 52080 0 1
20140421053 14:50:00 10369 0 0
20140421054 15:00:00 27729 1 0
20140421055 15:10:00 01093 1 0
20140421056 15:20:00 39433 0 1
20140421057 15:30:00 98724 0 0
20140421058 15:40:00 56262 0 1
20140421059 15:50:00 96321 0 0
20140421060 16:00:00 66021 1 0
20140421061 16:10:00 28414 0 1
20140421062 16:20:00 39716 0 0
20140421063 16:30:00 45484 1 1
20140421064 16:40:00 83149 0 0
20140421065 16:50:00 19277 0 1
20140421066 17:00:00 05382 0 0
20140421067 17:10:00 88128 1 0
20140421068 17:20:00 49062 0 0
20140421069 17:30:00 71976 0 0
20140421070 17:40:00 73193 0 0
20140421071 17:50:00 24424 1 1
20140421072 18:00:00 36268 0 0
20140421073 18:10:00 77939 1 1
20140421074 18:20:00 20427 0 0
20140421075 18:30:00 46154 0 0
20140421076 18:40:00 78514 0 0
20140421077 18:50:00 74850 0 0
20140421078 19:00:00 78856 1 0
20140421079 19:10:00 52728 0 0
20140421080 19:20:00 30839 0 0
20140421081 19:30:00 60297 0 0
20140421082 19:40:00 78061 0 0
20140421083 19:50:00 43061 0 0
20140421084 20:00:00 70175 0 0
20140421085 20:10:00 98297 0 0
20140421086 20:20:00 48558 0 1
20140421087 20:30:00 22981 1 0
20140421088 20:40:00 32610 0 0
20140421089 20:50:00 37169 0 0
20140421090 21:00:00 75194 0 0
20140421091 21:10:00 91986 1 0
20140421092 21:20:00 27285 1 0
20140421093 21:30:00 11582 1 0
20140421094 21:40:00 35928 0 0
20140421095 21:50:00 64384 0 0
20140421096 22:00:00 02934 0 0
20140421097 22:05:00 61710 0 0
20140421098 22:10:00 67825 0 0
20140421099 22:15:00 52162 0 0
20140421100 22:20:00 43106 0 0
20140421101 22:25:00 21123 1 0
20140421102 22:30:00 62102 0 0
20140421103 22:35:00 27413 0 0
20140421104 22:40:00 94580 0 0
20140421105 22:45:00 92070 0 1
20140421106 22:50:00 13551 0 1
20140421107 22:55:00 27889 0 1
20140421108 23:00:00 82289 1 0
20140421109 23:05:00 89669 0 1
20140421110 23:10:00 06339 0 1
20140421111 23:15:00 68816 1 0
20140421112 23:20:00 16912 0 0
20140421113 23:25:00 99162 1 0
20140421114 23:30:00 15410 0 0
20140421115 23:35:00 34052 0 0
20140421116 23:40:00 62298 1 0
20140421117 23:45:00 57142 0 0
20140421118 23:50:00 03045 1 0
20140421119 23:55:00 76362 0 0
20140421120 00:00:00 57778 1 1
