20141022001 00:05:00 35002 0 1
20141022002 00:10:00 52337 0 1
20141022003 00:15:00 77155 1 1
20141022004 00:20:00 95861 0 0
20141022005 00:25:00 41899 0 1
20141022006 00:30:00 06619 1 0
20141022007 00:35:00 75149 0 0
20141022008 00:40:00 95086 0 0
20141022009 00:45:00 87284 0 0
20141022010 00:50:00 28882 1 1
20141022011 00:55:00 89478 0 0
20141022012 01:00:00 15619 0 0
20141022013 01:05:00 77298 1 0
20141022014 01:10:00 13318 1 0
20141022015 01:15:00 54670 0 0
20141022016 01:20:00 82185 0 0
20141022017 01:25:00 98709 0 0
20141022018 01:30:00 52070 0 1
20141022019 01:35:00 31451 0 0
20141022020 01:40:00 17776 1 1
20141022021 01:45:00 64455 1 1
20141022022 01:50:00 82621 0 0
20141022023 01:55:00 02541 0 0
20141022024 10:00:00 63471 0 0
20141022025 10:10:00 93851 0 0
20141022026 10:20:00 36244 0 1
20141022027 10:30:00 56904 0 0
20141022028 10:40:00 00597 1 0
20141022029 10:50:00 74980 0 0
20141022030 11:00:00 71547 0 0
20141022031 11:10:00 48006 0 1
20141022032 11:20:00 73863 0 0
20141022033 11:30:00 14570 0 0
20141022034 11:40:00 25797 0 1
20141022035 11:50:00 43978 0 0
20141022036 12:00:00 96288 0 1
20141022037 12:10:00 06334 0 1
20141022038 12:20:00 87867 1 0
20141022039 12:30:00 40200 0 1
20141022040 12:40:00 10113 1 1
20141022041 12:50:00 91965 1 0
20141022042 13:00:00 29847 0 0
20141022043 13:10:00 65120 0 0
20141022044 13:20:00 09136 0 0
20141022045 13:30:00 25746 0 0
20141022046 13:40:00 51538 1 0
20141022047 13:50:00 38119 0 1
20141022048 14:00:00 22649 1 0
20141022049 14:10:00 32641 0 0
20141022050 14:20:00 38832 1 0
20141022051 14:30:00 97608 0 0
20141022052 14:40:00 78247 0 0
20141022053 14:50:00 15814 0 0
20141022054 15:00:00 69197 0 0
20141022055 15:10:00 77326 1 0
20141022056 15:20:00 05814 0 0
20141022057 15:30:00 29438 0 0
20141022058 15:40:00 82733 0 1
20141022059 15:50:00 87626 0 1
20141022060 16:00:00 16568 0 0
20141022061 16:10:00 13897 0 0
20141022062 16:20:00 05862 0 0
20141022063 16:30:00 47025 0 0
20141022064 16:40:00 82797 0 1
20141022065 16:50:00 50863 0 0
20141022066 17:00:00 12336 0 1
20141022067 17:10:00 74815 0 0
20141022068 17:20:00 84345 0 0
20141022069 17:30:00 54571 1 0
20141022070 17:40:00 17178 1 0
20141022071 17:50:00 53407 0 0
20141022072 18:00:00 69448 0 1
20141022073 18:10:00 73402 0 0
20141022074 18:20:00 50345 0 0
20141022075 18:30:00 80693 0 0
20141022076 18:40:00 56213 0 0
20141022077 18:50:00 11281 1 0
20141022078 19:00:00 27348 0 0
20141022079 19:10:00 00287 1 0
20141022080 19:20:00 12510 0 0
20141022081 19:30:00 14273 0 0
20141022082 19:40:00 31682 0 0
20141022083 19:50:00 11641 1 0
20141022084 20:00:00 87104 0 0
20141022085 20:10:00 05368 0 0
20141022086 20:20:00 33965 1 0
20141022087 20:30:00 01493 0 0
20141022088 20:40:00 08942 0 0
20141022089 20:50:00 92383 0 1
20141022090 21:00:00 30271 0 0
20141022091 21:10:00 50487 0 0
20141022092 21:20:00 67156 0 0
20141022093 21:30:00 20959 0 1
20141022094 21:40:00 53934 0 0
20141022095 21:50:00 99956 1 0
20141022096 22:00:00 76629 1 0
20141022097 22:05:00 43285 0 0
20141022098 22:10:00 26960 0 0
20141022099 22:15:00 99189 1 0
20141022100 22:20:00 85826 1 0
20141022101 22:25:00 73672 0 0
20141022102 22:30:00 78741 1 0
20141022103 22:35:00 77458 1 0
20141022104 22:40:00 19166 1 1
20141022105 22:45:00 40693 0 0
20141022106 22:50:00 16039 0 0
20141022107 22:55:00 05709 0 0
20141022108 23:00:00 90482 0 0
20141022109 23:05:00 60427 0 0
20141022110 23:10:00 33109 1 0
20141022111 23:15:00 36968 0 0
20141022112 23:20:00 95572 1 0
20141022113 23:25:00 49452 1 0
20141022114 23:30:00 14427 1 0
20141022115 23:35:00 05121 0 1
20141022116 23:40:00 46868 0 1
20141022117 23:45:00 72898 0 1
20141022118 23:50:00 16475 0 0
20141022119 23:55:00 77132 1 0
20141022120 00:00:00 48995 0 1
