20140415001 00:05:00 97019 0 0
20140415002 00:10:00 52755 0 1
20140415003 00:15:00 47015 0 0
20140415004 00:20:00 98268 0 0
20140415005 00:25:00 72418 0 0
20140415006 00:30:00 12068 0 0
20140415007 00:35:00 82002 0 1
20140415008 00:40:00 13772 0 1
20140415009 00:45:00 83788 0 1
20140415010 00:50:00 91363 0 1
20140415011 00:55:00 91394 0 0
20140415012 01:00:00 66392 1 0
20140415013 01:05:00 69732 0 0
20140415014 01:10:00 01315 0 0
20140415015 01:15:00 47956 0 0
20140415016 01:20:00 36288 0 1
20140415017 01:25:00 49947 1 0
20140415018 01:30:00 34062 0 0
20140415019 01:35:00 48247 0 0
20140415020 01:40:00 93605 0 0
20140415021 01:45:00 13054 0 0
20140415022 01:50:00 21993 0 1
20140415023 01:55:00 79110 0 1
20140415024 10:00:00 63476 0 0
20140415025 10:10:00 84870 1 0
20140415026 10:20:00 40161 0 1
20140415027 10:30:00 37091 0 0
20140415028 10:40:00 15018 0 0
20140415029 10:50:00 12897 0 0
20140415030 11:00:00 01442 0 1
20140415031 11:10:00 88734 1 0
20140415032 11:20:00 26931 0 0
20140415033 11:30:00 80396 0 0
20140415034 11:40:00 58327 0 0
20140415035 11:50:00 56836 0 0
20140415036 12:00:00 10521 0 0
20140415037 12:10:00 33263 1 0
20140415038 12:20:00 74802 0 0
20140415039 12:30:00 29991 1 1
20140415040 12:40:00 38750 0 0
20140415041 12:50:00 15434 0 1
20140415042 13:00:00 62450 0 0
20140415043 13:10:00 88793 1 0
20140415044 13:20:00 34323 1 1
20140415045 13:30:00 43890 0 0
20140415046 13:40:00 81132 1 0
20140415047 13:50:00 22932 1 0
20140415048 14:00:00 63733 0 1
20140415049 14:10:00 40388 0 1
20140415050 14:20:00 87763 1 0
20140415051 14:30:00 15618 0 0
20140415052 14:40:00 96754 0 0
20140415053 14:50:00 01057 1 0
20140415054 15:00:00 90464 0 1
20140415055 15:10:00 21856 0 0
20140415056 15:20:00 04253 0 0
20140415057 15:30:00 92737 0 1
20140415058 15:40:00 78696 0 1
20140415059 15:50:00 94441 1 1
20140415060 16:00:00 63036 0 0
20140415061 16:10:00 02273 1 0
20140415062 16:20:00 48902 0 0
20140415063 16:30:00 67595 0 1
20140415064 16:40:00 43350 1 0
20140415065 16:50:00 64950 0 0
20140415066 17:00:00 00379 1 0
20140415067 17:10:00 38866 1 1
20140415068 17:20:00 79503 0 0
20140415069 17:30:00 14427 1 0
20140415070 17:40:00 19722 0 1
20140415071 17:50:00 75897 0 0
20140415072 18:00:00 36803 0 0
20140415073 18:10:00 15717 0 1
20140415074 18:20:00 45214 0 0
20140415075 18:30:00 57075 0 0
20140415076 18:40:00 60223 0 1
20140415077 18:50:00 52133 0 1
20140415078 19:00:00 31977 0 1
20140415079 19:10:00 33166 1 1
20140415080 19:20:00 10870 0 0
20140415081 19:30:00 09793 0 0
20140415082 19:40:00 03125 0 0
20140415083 19:50:00 24677 0 1
20140415084 20:00:00 36375 1 0
20140415085 20:10:00 81124 1 0
20140415086 20:20:00 38290 0 0
20140415087 20:30:00 76008 0 1
20140415088 20:40:00 24318 0 0
20140415089 20:50:00 10160 1 0
20140415090 21:00:00 19955 1 1
20140415091 21:10:00 86007 0 1
20140415092 21:20:00 38556 0 1
20140415093 21:30:00 69813 0 0
20140415094 21:40:00 90074 1 0
20140415095 21:50:00 03302 1 0
20140415096 22:00:00 21618 0 0
20140415097 22:05:00 59661 0 1
20140415098 22:10:00 26757 0 1
20140415099 22:15:00 37117 0 1
20140415100 22:20:00 62793 0 0
20140415101 22:25:00 59930 1 0
20140415102 22:30:00 95431 0 0
20140415103 22:35:00 96515 0 1
20140415104 22:40:00 68459 0 0
20140415105 22:45:00 62442 0 1
20140415106 22:50:00 01506 0 0
20140415107 22:55:00 29362 0 0
20140415108 23:00:00 77688 1 1
20140415109 23:05:00 69856 0 0
20140415110 23:10:00 83771 0 1
20140415111 23:15:00 96921 1 0
20140415112 23:20:00 09330 0 1
20140415113 23:25:00 33061 1 0
20140415114 23:30:00 13263 0 0
20140415115 23:35:00 53234 0 0
20140415116 23:40:00 36365 1 0
20140415117 23:45:00 91015 0 0
20140415118 23:50:00 65705 0 0
20140415119 23:55:00 12877 0 1
20140415120 00:00:00 50853 0 0
