20140724001 00:05:00 52122 0 1
20140724002 00:10:00 06390 0 0
20140724003 00:15:00 92621 0 0
20140724004 00:20:00 57270 0 0
20140724005 00:25:00 60075 1 0
20140724006 00:30:00 11547 1 0
20140724007 00:35:00 76513 0 0
20140724008 00:40:00 83432 0 0
20140724009 00:45:00 18809 1 0
20140724010 00:50:00 13856 0 0
20140724011 00:55:00 29985 1 0
20140724012 01:00:00 84415 1 0
20140724013 01:05:00 29944 1 1
20140724014 01:10:00 97814 0 0
20140724015 01:15:00 98903 1 0
20140724016 01:20:00 35842 0 0
20140724017 01:25:00 15548 1 0
20140724018 01:30:00 00979 1 1
20140724019 01:35:00 35060 0 1
20140724020 01:40:00 62478 0 0
20140724021 01:45:00 17518 0 0
20140724022 01:50:00 36581 0 0
20140724023 01:55:00 14421 1 0
20140724024 10:00:00 82700 0 1
20140724025 10:10:00 62488 0 1
20140724026 10:20:00 55289 1 0
20140724027 10:30:00 51057 0 0
20140724028 10:40:00 16381 0 0
20140724029 10:50:00 35654 0 0
20140724030 11:00:00 73449 0 1
20140724031 11:10:00 75878 0 1
20140724032 11:20:00 18764 0 0
20140724033 11:30:00 69342 0 0
20140724034 11:40:00 65438 0 0
20140724035 11:50:00 64966 0 1
20140724036 12:00:00 41729 0 0
20140724037 12:10:00 90055 1 1
20140724038 12:20:00 28689 0 0
20140724039 12:30:00 70608 0 0
20140724040 12:40:00 99629 1 0
20140724041 12:50:00 72025 0 0
20140724042 13:00:00 74688 0 1
20140724043 13:10:00 47915 0 0
20140724044 13:20:00 27232 1 1
20140724045 13:30:00 69184 0 0
20140724046 13:40:00 46724 0 0
20140724047 13:50:00 96419 0 0
20140724048 14:00:00 83636 0 1
20140724049 14:10:00 74191 0 1
20140724050 14:20:00 22382 1 0
20140724051 14:30:00 42028 0 0
20140724052 14:40:00 53959 0 1
20140724053 14:50:00 95649 0 0
20140724054 15:00:00 63506 0 0
20140724055 15:10:00 74860 0 0
20140724056 15:20:00 17243 0 0
20140724057 15:30:00 67221 0 1
20140724058 15:40:00 95252 0 1
20140724059 15:50:00 56832 0 0
20140724060 16:00:00 98518 0 0
20140724061 16:10:00 39910 1 0
20140724062 16:20:00 92482 0 0
20140724063 16:30:00 13777 0 1
20140724064 16:40:00 13369 1 0
20140724065 16:50:00 57086 0 0
20140724066 17:00:00 86749 0 0
20140724067 17:10:00 53198 0 0
20140724068 17:20:00 49509 0 0
20140724069 17:30:00 20800 0 1
20140724070 17:40:00 06341 0 0
20140724071 17:50:00 77978 1 0
20140724072 18:00:00 23212 1 1
20140724073 18:10:00 30925 0 0
20140724074 18:20:00 14638 0 0
20140724075 18:30:00 69758 0 0
20140724076 18:40:00 29269 1 0
20140724077 18:50:00 03984 0 0
20140724078 19:00:00 95751 0 0
20140724079 19:10:00 18208 0 0
20140724080 19:20:00 49038 0 0
20140724081 19:30:00 49236 0 0
20140724082 19:40:00 39062 0 0
20140724083 19:50:00 96467 0 0
20140724084 20:00:00 07786 1 0
20140724085 20:10:00 43955 0 1
20140724086 20:20:00 90687 0 0
20140724087 20:30:00 14944 0 1
20140724088 20:40:00 26754 0 0
20140724089 20:50:00 99422 1 1
20140724090 21:00:00 62503 0 0
20140724091 21:10:00 76830 0 0
20140724092 21:20:00 52242 1 1
20140724093 21:30:00 08933 0 1
20140724094 21:40:00 13593 0 0
20140724095 21:50:00 10985 0 0
20140724096 22:00:00 82506 0 0
20140724097 22:05:00 19254 0 0
20140724098 22:10:00 33112 1 1
20140724099 22:15:00 55944 1 1
20140724100 22:20:00 79435 0 0
20140724101 22:25:00 70902 0 0
20140724102 22:30:00 31775 0 1
20140724103 22:35:00 59187 0 0
20140724104 22:40:00 02633 0 1
20140724105 22:45:00 44010 1 1
20140724106 22:50:00 23170 0 0
20140724107 22:55:00 78330 0 1
20140724108 23:00:00 25422 0 1
20140724109 23:05:00 86927 0 0
20140724110 23:10:00 87873 1 0
20140724111 23:15:00 15803 0 0
20140724112 23:20:00 03166 0 1
20140724113 23:25:00 83779 0 1
20140724114 23:30:00 57403 0 0
20140724115 23:35:00 01994 0 1
20140724116 23:40:00 03078 1 0
20140724117 23:45:00 06938 0 0
20140724118 23:50:00 48323 0 1
20140724119 23:55:00 11625 1 0
20140724120 00:00:00 57110 0 1
