20140517001 00:05:00 39604 0 0
20140517002 00:10:00 53879 0 0
20140517003 00:15:00 86919 0 1
20140517004 00:20:00 62240 1 0
20140517005 00:25:00 52639 0 0
20140517006 00:30:00 59985 1 0
20140517007 00:35:00 81449 0 1
20140517008 00:40:00 51013 0 0
20140517009 00:45:00 80586 0 0
20140517010 00:50:00 69709 0 0
20140517011 00:55:00 34347 1 0
20140517012 01:00:00 82954 0 0
20140517013 01:05:00 19751 0 0
20140517014 01:10:00 62008 0 1
20140517015 01:15:00 06824 0 0
20140517016 01:20:00 64949 0 1
20140517017 01:25:00 96749 0 0
20140517018 01:30:00 23522 0 1
20140517019 01:35:00 28559 0 1
20140517020 01:40:00 62289 1 0
20140517021 01:45:00 71876 0 0
20140517022 01:50:00 90546 0 0
20140517023 01:55:00 41804 0 0
20140517024 10:00:00 99249 1 0
20140517025 10:10:00 26955 0 1
20140517026 10:20:00 24965 0 0
20140517027 10:30:00 54114 0 1
20140517028 10:40:00 75614 0 0
20140517029 10:50:00 91873 0 0
20140517030 11:00:00 03341 1 0
20140517031 11:10:00 48402 1 0
20140517032 11:20:00 03340 1 0
20140517033 11:30:00 31131 1 1
20140517034 11:40:00 76389 0 0
20140517035 11:50:00 29811 0 1
20140517036 12:00:00 02934 0 0
20140517037 12:10:00 29772 0 1
20140517038 12:20:00 82830 1 0
20140517039 12:30:00 96163 0 0
20140517040 12:40:00 76529 0 0
20140517041 12:50:00 88784 1 0
20140517042 13:00:00 31458 0 0
20140517043 13:10:00 90586 0 0
20140517044 13:20:00 64283 0 0
20140517045 13:30:00 49297 0 0
20140517046 13:40:00 77248 1 0
20140517047 13:50:00 75538 1 0
20140517048 14:00:00 33412 1 0
20140517049 14:10:00 69128 0 0
20140517050 14:20:00 18723 0 0
20140517051 14:30:00 25128 0 0
20140517052 14:40:00 97715 1 0
20140517053 14:50:00 28145 0 0
20140517054 15:00:00 65821 0 0
20140517055 15:10:00 33527 1 0
20140517056 15:20:00 19951 1 0
20140517057 15:30:00 01856 0 0
20140517058 15:40:00 33149 1 0
20140517059 15:50:00 42349 0 0
20140517060 16:00:00 45434 1 1
20140517061 16:10:00 02490 0 0
20140517062 16:20:00 74913 0 0
20140517063 16:30:00 00480 1 0
20140517064 16:40:00 54525 1 1
20140517065 16:50:00 89280 0 0
20140517066 17:00:00 68852 1 0
20140517067 17:10:00 97506 0 0
20140517068 17:20:00 97604 0 0
20140517069 17:30:00 54143 0 0
20140517070 17:40:00 05895 0 0
20140517071 17:50:00 22585 1 1
20140517072 18:00:00 62917 0 0
20140517073 18:10:00 17470 0 0
20140517074 18:20:00 29808 0 1
20140517075 18:30:00 95303 0 1
20140517076 18:40:00 10064 1 0
20140517077 18:50:00 35265 0 0
20140517078 19:00:00 85923 0 0
20140517079 19:10:00 16058 0 0
20140517080 19:20:00 48921 0 0
20140517081 19:30:00 55139 1 0
20140517082 19:40:00 15041 0 0
20140517083 19:50:00 06850 0 0
20140517084 20:00:00 08708 0 0
20140517085 20:10:00 28038 0 0
20140517086 20:20:00 92825 0 0
20140517087 20:30:00 88948 1 0
20140517088 20:40:00 23993 0 1
20140517089 20:50:00 25053 0 0
20140517090 21:00:00 32450 0 0
20140517091 21:10:00 79479 0 0
20140517092 21:20:00 56973 0 0
20140517093 21:30:00 91129 1 0
20140517094 21:40:00 44056 1 0
20140517095 21:50:00 29638 0 0
20140517096 22:00:00 20149 0 0
20140517097 22:05:00 98971 1 0
20140517098 22:10:00 86599 0 1
20140517099 22:15:00 99999 1 1
20140517100 22:20:00 61806 0 0
20140517101 22:25:00 75133 0 1
20140517102 22:30:00 24310 0 0
20140517103 22:35:00 03847 0 0
20140517104 22:40:00 58255 0 1
20140517105 22:45:00 83196 0 0
20140517106 22:50:00 81445 0 1
20140517107 22:55:00 90225 0 1
20140517108 23:00:00 35858 0 1
20140517109 23:05:00 14106 1 0
20140517110 23:10:00 64157 0 0
20140517111 23:15:00 63145 0 0
20140517112 23:20:00 69054 0 0
20140517113 23:25:00 99938 1 0
20140517114 23:30:00 79938 1 0
20140517115 23:35:00 17423 0 0
20140517116 23:40:00 00761 1 0
20140517117 23:45:00 70115 0 1
20140517118 23:50:00 11992 1 1
20140517119 23:55:00 88792 1 0
20140517120 00:00:00 60014 1 0
