20140515001 00:05:00 90478 0 0
20140515002 00:10:00 36012 0 0
20140515003 00:15:00 24867 0 0
20140515004 00:20:00 69226 0 1
20140515005 00:25:00 40650 0 0
20140515006 00:30:00 69167 0 0
20140515007 00:35:00 42836 0 0
20140515008 00:40:00 53130 0 0
20140515009 00:45:00 95096 0 0
20140515010 00:50:00 79727 1 1
20140515011 00:55:00 38743 0 0
20140515012 01:00:00 26556 0 1
20140515013 01:05:00 32264 1 0
20140515014 01:10:00 53625 0 0
20140515015 01:15:00 47552 0 1
20140515016 01:20:00 76423 0 0
20140515017 01:25:00 70928 0 0
20140515018 01:30:00 12722 0 1
20140515019 01:35:00 54360 0 0
20140515020 01:40:00 12385 0 0
20140515021 01:45:00 05728 0 0
20140515022 01:50:00 41334 0 1
20140515023 01:55:00 32950 0 0
20140515024 10:00:00 05386 0 0
20140515025 10:10:00 85587 1 0
20140515026 10:20:00 30611 0 1
20140515027 10:30:00 67212 0 1
20140515028 10:40:00 11801 1 0
20140515029 10:50:00 23605 0 0
20140515030 11:00:00 18265 0 0
20140515031 11:10:00 06082 1 0
20140515032 11:20:00 36170 0 0
20140515033 11:30:00 36821 0 0
20140515034 11:40:00 03160 0 0
20140515035 11:50:00 47623 0 0
20140515036 12:00:00 33354 1 0
20140515037 12:10:00 12517 0 0
20140515038 12:20:00 29010 0 1
20140515039 12:30:00 47429 1 0
20140515040 12:40:00 76976 0 0
20140515041 12:50:00 81577 0 1
20140515042 13:00:00 83865 1 0
20140515043 13:10:00 75787 1 1
20140515044 13:20:00 73166 0 1
20140515045 13:30:00 05128 0 0
20140515046 13:40:00 38811 1 1
20140515047 13:50:00 14727 0 1
20140515048 14:00:00 42798 0 0
20140515049 14:10:00 42567 0 0
20140515050 14:20:00 38291 0 0
20140515051 14:30:00 57909 0 1
20140515052 14:40:00 09085 1 0
20140515053 14:50:00 45648 0 0
20140515054 15:00:00 02043 1 0
20140515055 15:10:00 93216 0 0
20140515056 15:20:00 22867 1 0
20140515057 15:30:00 53916 0 0
20140515058 15:40:00 83486 0 0
20140515059 15:50:00 55089 1 0
20140515060 16:00:00 05761 0 0
20140515061 16:10:00 24685 0 0
20140515062 16:20:00 55672 1 0
20140515063 16:30:00 10235 0 0
20140515064 16:40:00 36955 0 1
20140515065 16:50:00 15028 0 0
20140515066 17:00:00 45665 0 1
20140515067 17:10:00 82192 0 0
20140515068 17:20:00 85430 0 0
20140515069 17:30:00 05250 0 0
20140515070 17:40:00 48449 1 1
20140515071 17:50:00 92745 0 0
20140515072 18:00:00 11273 1 0
20140515073 18:10:00 95363 0 1
20140515074 18:20:00 20426 0 0
20140515075 18:30:00 64217 0 0
20140515076 18:40:00 38223 0 1
20140515077 18:50:00 87801 1 0
20140515078 19:00:00 07973 0 0
20140515079 19:10:00 13003 0 1
20140515080 19:20:00 28946 0 0
20140515081 19:30:00 80994 0 1
20140515082 19:40:00 53431 0 0
20140515083 19:50:00 85083 0 0
20140515084 20:00:00 04664 0 1
20140515085 20:10:00 88918 1 0
20140515086 20:20:00 28700 0 1
20140515087 20:30:00 57014 0 0
20140515088 20:40:00 35025 0 0
20140515089 20:50:00 99272 1 1
20140515090 21:00:00 96630 1 0
20140515091 21:10:00 77102 1 0
20140515092 21:20:00 01649 0 0
20140515093 21:30:00 64060 0 1
20140515094 21:40:00 23929 0 1
20140515095 21:50:00 22205 1 0
20140515096 22:00:00 36230 0 0
20140515097 22:05:00 95311 0 1
20140515098 22:10:00 73322 1 1
20140515099 22:15:00 44317 1 0
20140515100 22:20:00 59346 0 0
20140515101 22:25:00 80785 0 0
20140515102 22:30:00 15798 0 0
20140515103 22:35:00 62195 0 0
20140515104 22:40:00 25587 1 0
20140515105 22:45:00 62586 0 0
20140515106 22:50:00 19088 0 1
20140515107 22:55:00 78719 1 0
20140515108 23:00:00 18787 0 1
20140515109 23:05:00 78729 1 0
20140515110 23:10:00 65156 0 0
20140515111 23:15:00 04436 1 0
20140515112 23:20:00 29902 1 0
20140515113 23:25:00 31336 1 1
20140515114 23:30:00 17045 0 0
20140515115 23:35:00 27863 0 0
20140515116 23:40:00 43925 0 0
20140515117 23:45:00 05466 0 1
20140515118 23:50:00 03950 0 0
20140515119 23:55:00 41119 1 1
20140515120 00:00:00 89605 0 0
