20141226001 00:05:00 44046 1 0
20141226002 00:10:00 14520 0 0
20141226003 00:15:00 59718 0 0
20141226004 00:20:00 86880 1 1
20141226005 00:25:00 35154 0 0
20141226006 00:30:00 99675 1 0
20141226007 00:35:00 87904 0 0
20141226008 00:40:00 58316 0 0
20141226009 00:45:00 81808 1 1
20141226010 00:50:00 29631 0 0
20141226011 00:55:00 87711 1 1
20141226012 01:00:00 00543 1 0
20141226013 01:05:00 40403 1 0
20141226014 01:10:00 04608 0 0
20141226015 01:15:00 40399 0 1
20141226016 01:20:00 58941 0 0
20141226017 01:25:00 59792 0 0
20141226018 01:30:00 81688 0 1
20141226019 01:35:00 06322 0 1
20141226020 01:40:00 57790 1 0
20141226021 01:45:00 80045 1 0
20141226022 01:50:00 19974 1 0
20141226023 01:55:00 96513 0 0
20141226024 10:00:00 07372 0 0
20141226025 10:10:00 79528 0 0
20141226034 11:40:00 58608 0 0
20141226035 11:50:00 00521 1 0
20141226036 12:00:00 82636 0 1
20141226037 12:10:00 73086 0 0
20141226038 12:20:00 16776 0 1
20141226039 12:30:00 34432 1 0
20141226040 12:40:00 39628 0 0
20141226041 12:50:00 78903 0 0
20141226042 13:00:00 47669 0 1
20141226043 13:10:00 67098 0 0
20141226044 13:20:00 44487 1 0
20141226045 13:30:00 71639 0 0
20141226046 13:40:00 13537 0 0
20141226047 13:50:00 42544 0 1
20141226048 14:00:00 16959 0 1
20141226049 14:10:00 15590 1 0
20141226050 14:20:00 61852 0 0
20141226051 14:30:00 29841 0 0
20141226052 14:40:00 66420 1 0
20141226053 14:50:00 85337 0 1
20141226054 15:00:00 05411 0 1
20141226055 15:10:00 78985 0 0
20141226056 15:20:00 38455 0 1
20141226057 15:30:00 38858 1 1
20141226058 15:40:00 59203 0 0
20141226059 15:50:00 29618 0 0
20141226060 16:00:00 84706 0 0
20141226061 16:10:00 24833 0 1
20141226062 16:20:00 91550 0 1
20141226063 16:30:00 36829 0 0
20141226064 16:40:00 16749 0 0
20141226065 16:50:00 02495 0 0
20141226066 17:00:00 16025 0 0
20141226067 17:10:00 37959 0 1
20141226068 17:20:00 63561 0 0
20141226069 17:30:00 62596 0 0
20141226070 17:40:00 67908 0 0
20141226071 17:50:00 91129 1 0
20141226072 18:00:00 10095 1 0
20141226073 18:10:00 08466 0 1
20141226074 18:20:00 89427 0 0
20141226075 18:30:00 19761 0 0
20141226076 18:40:00 41629 0 0
20141226077 18:50:00 37342 1 0
20141226078 19:00:00 79419 0 0
20141226079 19:10:00 37392 1 0
20141226080 19:20:00 32270 1 0
20141226081 19:30:00 54877 0 1
20141226082 19:40:00 45296 0 0
20141226083 19:50:00 38734 0 0
20141226084 20:00:00 90550 0 1
20141226085 20:10:00 48198 0 0
20141226086 20:20:00 51159 1 0
20141226087 20:30:00 21695 0 0
20141226088 20:40:00 45982 0 0
20141226089 20:50:00 67500 0 1
20141226090 21:00:00 68827 1 0
20141226091 21:10:00 07901 0 0
20141226092 21:20:00 83496 0 0
20141226093 21:30:00 69501 0 0
20141226094 21:40:00 33566 1 1
20141226095 21:50:00 05302 0 0
20141226096 22:00:00 31027 0 0
20141226097 22:05:00 26018 0 0
20141226098 22:10:00 70065 1 0
20141226099 22:15:00 54485 1 0
20141226100 22:20:00 59397 0 0
20141226101 22:25:00 68251 0 0
20141226102 22:30:00 31227 0 1
20141226103 22:35:00 38019 0 0
20141226104 22:40:00 68684 1 0
20141226105 22:45:00 66936 1 0
20141226106 22:50:00 30642 0 0
20141226107 22:55:00 51501 1 0
20141226108 23:00:00 98065 0 0
20141226109 23:05:00 20743 0 0
20141226110 23:10:00 74249 0 0
20141226111 23:15:00 80503 0 0
20141226112 23:20:00 75271 0 0
20141226113 23:25:00 28070 0 1
20141226114 23:30:00 55151 1 1
20141226115 23:35:00 82924 0 0
20141226116 23:40:00 36578 0 0
20141226117 23:45:00 09414 0 1
20141226118 23:50:00 27627 0 0
20141226119 23:55:00 38750 0 0
20141226120 00:00:00 93477 0 1
