20141220001 00:05:00 35969 0 1
20141220002 00:10:00 36528 0 0
20141220003 00:15:00 30757 0 1
20141220004 00:20:00 32323 1 1
20141220005 00:25:00 49795 0 0
20141220006 00:30:00 27690 0 0
20141220007 00:35:00 61817 0 0
20141220008 00:40:00 38326 1 0
20141220009 00:45:00 46316 0 0
20141220010 00:50:00 61942 0 0
20141220011 00:55:00 62773 0 1
20141220012 01:00:00 78513 0 0
20141220013 01:05:00 11609 1 0
20141220014 01:10:00 99635 1 0
20141220015 01:15:00 64742 0 0
20141220016 01:20:00 24316 0 0
20141220017 01:25:00 30893 0 0
20141220018 01:30:00 38955 0 1
20141220019 01:35:00 00122 1 1
20141220020 01:40:00 04324 0 0
20141220021 01:45:00 40584 0 0
20141220022 01:50:00 49995 1 1
20141220023 01:55:00 96610 1 0
20141220024 10:00:00 22612 1 0
20141220025 10:10:00 61565 0 1
20141220026 10:20:00 08403 0 0
20141220027 10:30:00 36703 0 0
20141220028 10:40:00 18579 0 0
20141220029 10:50:00 46521 0 0
20141220030 11:00:00 81164 1 0
20141220031 11:10:00 04071 1 0
20141220032 11:20:00 64241 0 0
20141220033 11:30:00 11276 1 0
20141220034 11:40:00 86463 0 0
20141220035 11:50:00 56367 0 0
20141220036 12:00:00 15351 0 0
20141220037 12:10:00 75680 0 0
20141220038 12:20:00 79790 1 0
20141220039 12:30:00 73279 0 0
20141220040 12:40:00 27979 0 1
20141220041 12:50:00 67644 1 1
20141220042 13:00:00 30810 0 0
20141220043 13:10:00 79515 0 1
20141220044 13:20:00 24935 0 0
20141220045 13:30:00 48436 1 0
20141220046 13:40:00 34001 0 1
20141220047 13:50:00 74492 1 0
20141220048 14:00:00 45297 0 0
20141220049 14:10:00 42972 0 0
20141220050 14:20:00 28065 0 0
20141220051 14:30:00 58229 0 1
20141220052 14:40:00 97081 0 0
20141220053 14:50:00 09866 0 1
20141220054 15:00:00 52125 0 0
20141220055 15:10:00 58684 0 0
20141220056 15:20:00 71541 0 0
20141220057 15:30:00 10552 0 1
20141220058 15:40:00 41319 0 0
20141220059 15:50:00 62094 0 0
20141220060 16:00:00 13387 1 0
20141220061 16:10:00 38867 1 0
20141220062 16:20:00 04385 0 0
20141220063 16:30:00 65517 1 0
20141220064 16:40:00 60543 0 0
20141220065 16:50:00 74896 0 0
20141220066 17:00:00 84726 0 0
20141220067 17:10:00 64024 0 0
20141220068 17:20:00 43463 1 0
20141220069 17:30:00 72421 0 0
20141220070 17:40:00 99972 1 0
20141220071 17:50:00 24828 0 1
20141220072 18:00:00 00326 1 0
20141220073 18:10:00 08116 0 1
20141220074 18:20:00 28217 1 0
20141220075 18:30:00 60430 0 0
20141220076 18:40:00 59509 1 0
20141220077 18:50:00 44617 1 0
20141220078 19:00:00 20457 0 0
20141220079 19:10:00 64941 0 0
20141220080 19:20:00 77841 1 0
20141220081 19:30:00 64644 1 1
20141220082 19:40:00 39957 1 0
20141220083 19:50:00 95682 0 0
20141220084 20:00:00 15041 0 0
20141220085 20:10:00 83949 0 1
20141220086 20:20:00 75662 0 1
20141220087 20:30:00 85639 0 0
20141220088 20:40:00 58147 0 0
20141220089 20:50:00 33543 1 0
20141220090 21:00:00 39208 0 0
20141220091 21:10:00 95676 0 1
20141220092 21:20:00 33065 1 0
20141220093 21:30:00 09676 0 1
20141220094 21:40:00 54249 0 0
20141220095 21:50:00 41001 0 1
20141220096 22:00:00 32299 1 1
20141220097 22:05:00 16530 0 0
20141220098 22:10:00 09692 0 0
20141220099 22:15:00 81787 0 1
20141220100 22:20:00 86355 0 1
20141220101 22:25:00 97426 0 0
20141220102 22:30:00 97584 0 0
20141220103 22:35:00 85664 0 1
20141220104 22:40:00 92489 0 0
20141220105 22:45:00 37044 0 1
20141220106 22:50:00 35352 1 0
20141220107 22:55:00 77872 1 0
20141220108 23:00:00 14277 0 1
20141220109 23:05:00 01510 0 0
20141220110 23:10:00 47577 0 1
20141220111 23:15:00 16966 0 1
20141220112 23:20:00 68111 0 1
20141220113 23:25:00 67850 0 0
20141220114 23:30:00 61649 1 0
20141220115 23:35:00 69942 1 0
20141220116 23:40:00 38974 0 0
20141220117 23:45:00 33170 1 0
20141220118 23:50:00 62396 0 0
20141220119 23:55:00 41460 1 0
20141220120 00:00:00 84490 1 0
