20140806001 00:05:00 47582 0 0
20140806002 00:10:00 12210 1 0
20140806003 00:15:00 30977 0 1
20140806004 00:20:00 10073 1 0
20140806005 00:25:00 90797 0 1
20140806006 00:30:00 07606 0 1
20140806007 00:35:00 49810 0 0
20140806008 00:40:00 79220 0 1
20140806009 00:45:00 65471 0 0
20140806010 00:50:00 92757 0 1
20140806011 00:55:00 57870 0 0
20140806012 01:00:00 64733 0 1
20140806013 01:05:00 12446 0 1
20140806014 01:10:00 30844 0 1
20140806015 01:15:00 76151 0 1
20140806016 01:20:00 06127 0 0
20140806017 01:25:00 13507 0 0
20140806018 01:30:00 38969 0 1
20140806019 01:35:00 49470 1 0
20140806020 01:40:00 10669 0 1
20140806021 01:45:00 25711 0 1
20140806022 01:50:00 32989 0 1
20140806023 01:55:00 49659 0 0
20140806024 10:00:00 92666 0 1
20140806025 10:10:00 73954 0 0
20140806026 10:20:00 88520 1 0
20140806027 10:30:00 64228 0 1
20140806028 10:40:00 60450 0 0
20140806029 10:50:00 92963 1 0
20140806030 11:00:00 07226 0 1
20140806031 11:10:00 73112 0 1
20140806032 11:20:00 14082 0 0
20140806033 11:30:00 06589 0 0
20140806034 11:40:00 43457 1 0
20140806035 11:50:00 76582 0 0
20140806036 12:00:00 44667 1 1
20140806037 12:10:00 94679 0 0
20140806038 12:20:00 33318 1 0
20140806039 12:30:00 96888 0 1
20140806040 12:40:00 14507 0 0
20140806041 12:50:00 08253 0 0
20140806042 13:00:00 10783 0 0
20140806043 13:10:00 99996 1 1
20140806044 13:20:00 10424 0 1
20140806045 13:30:00 30976 0 0
20140806046 13:40:00 02384 0 0
20140806047 13:50:00 26292 1 1
20140806048 14:00:00 63866 0 1
20140806049 14:10:00 75591 1 0
20140806050 14:20:00 06872 0 0
20140806051 14:30:00 39048 0 0
20140806052 14:40:00 55334 1 1
20140806053 14:50:00 69804 0 0
20140806054 15:00:00 08553 0 1
20140806055 15:10:00 31773 0 1
20140806056 15:20:00 75505 1 1
20140806057 15:30:00 71632 0 0
20140806058 15:40:00 55650 1 0
20140806059 15:50:00 10292 0 1
20140806060 16:00:00 48250 0 0
20140806061 16:10:00 58710 0 0
20140806062 16:20:00 67009 0 1
20140806063 16:30:00 40151 0 1
20140806064 16:40:00 40769 0 0
20140806065 16:50:00 05228 0 1
20140806066 17:00:00 96918 1 0
20140806067 17:10:00 39609 0 0
20140806068 17:20:00 25168 0 0
20140806069 17:30:00 12215 1 0
20140806070 17:40:00 37488 0 1
20140806071 17:50:00 79234 0 0
20140806072 18:00:00 16131 1 1
20140806073 18:10:00 41732 0 0
20140806074 18:20:00 56618 1 0
20140806075 18:30:00 38651 0 0
20140806076 18:40:00 99398 1 0
20140806077 18:50:00 60417 0 0
20140806078 19:00:00 77120 1 0
20140806079 19:10:00 33117 1 1
20140806080 19:20:00 64776 0 1
20140806081 19:30:00 28192 0 0
20140806082 19:40:00 31661 0 1
20140806083 19:50:00 06747 0 1
20140806084 20:00:00 73761 1 0
20140806085 20:10:00 42157 0 0
20140806086 20:20:00 76855 0 1
20140806087 20:30:00 40376 0 0
20140806088 20:40:00 59272 0 1
20140806089 20:50:00 75388 0 1
20140806090 21:00:00 64928 0 0
20140806091 21:10:00 88639 1 0
20140806092 21:20:00 11646 1 1
20140806093 21:30:00 84385 0 0
20140806094 21:40:00 22786 1 0
20140806095 21:50:00 00866 1 1
20140806096 22:00:00 39012 0 0
20140806097 22:05:00 60168 0 0
20140806098 22:10:00 79633 0 1
20140806099 22:15:00 29461 0 0
20140806100 22:20:00 01388 0 1
20140806101 22:25:00 14863 0 0
20140806102 22:30:00 92666 0 1
20140806103 22:35:00 10513 0 0
20140806104 22:40:00 37897 0 0
20140806105 22:45:00 40503 0 0
20140806106 22:50:00 62679 1 0
20140806107 22:55:00 43102 0 0
20140806108 23:00:00 49760 0 0
20140806109 23:05:00 43202 0 1
20140806110 23:10:00 66317 1 0
20140806111 23:15:00 91388 0 1
20140806112 23:20:00 18054 0 0
20140806113 23:25:00 15916 0 0
20140806114 23:30:00 86812 1 0
20140806115 23:35:00 03867 0 0
20140806116 23:40:00 33716 1 0
20140806117 23:45:00 78470 0 0
20140806118 23:50:00 25173 0 0
20140806119 23:55:00 21487 0 0
20140806120 00:00:00 33544 1 1
