20140808001 00:05:00 96572 0 0
20140808002 00:10:00 39343 1 1
20140808003 00:15:00 10656 0 1
20140808004 00:20:00 87875 1 0
20140808005 00:25:00 51450 0 0
20140808006 00:30:00 49570 0 0
20140808007 00:35:00 60484 0 1
20140808008 00:40:00 55779 1 1
20140808009 00:45:00 42612 0 0
20140808010 00:50:00 79082 0 0
20140808011 00:55:00 99433 1 1
20140808012 01:00:00 04731 0 0
20140808013 01:05:00 48779 0 1
20140808014 01:10:00 92373 0 1
20140808015 01:15:00 18104 1 0
20140808016 01:20:00 43733 0 1
20140808017 01:25:00 36181 0 1
20140808018 01:30:00 10527 0 0
20140808019 01:35:00 82284 1 0
20140808020 01:40:00 29080 0 1
20140808021 01:45:00 62039 0 0
20140808022 01:50:00 50274 0 0
20140808023 01:55:00 52005 0 1
20140808024 10:00:00 10683 0 0
20140808025 10:10:00 67135 0 0
20140808026 10:20:00 51111 1 1
20140808027 10:30:00 01343 0 1
20140808028 10:40:00 19934 1 0
20140808029 10:50:00 45865 0 0
20140808030 11:00:00 09593 0 0
20140808031 11:10:00 15028 0 0
20140808032 11:20:00 87569 0 0
20140808033 11:30:00 62203 1 0
20140808034 11:40:00 59012 0 0
20140808035 11:50:00 80478 0 0
20140808036 12:00:00 91151 1 1
20140808037 12:10:00 92869 0 0
20140808038 12:20:00 88192 1 0
20140808039 12:30:00 67172 0 0
20140808040 12:40:00 91624 0 0
20140808041 12:50:00 91569 0 0
20140808042 13:00:00 75539 1 0
20140808043 13:10:00 64628 1 0
20140808044 13:20:00 32629 0 0
20140808045 13:30:00 45199 0 1
20140808046 13:40:00 26433 0 1
20140808047 13:50:00 29596 0 0
20140808048 14:00:00 52358 0 0
20140808049 14:10:00 10400 0 1
20140808050 14:20:00 93508 0 0
20140808051 14:30:00 68424 0 1
20140808052 14:40:00 80115 0 1
20140808053 14:50:00 58374 0 0
20140808054 15:00:00 30388 1 1
20140808055 15:10:00 54353 0 1
20140808056 15:20:00 88028 1 0
20140808057 15:30:00 42308 0 0
20140808058 15:40:00 11393 1 1
20140808059 15:50:00 90481 0 0
20140808060 16:00:00 25364 0 0
20140808061 16:10:00 42359 0 0
20140808062 16:20:00 37577 0 1
20140808063 16:30:00 96517 0 0
20140808064 16:40:00 96416 0 0
20140808065 16:50:00 14004 0 1
20140808066 17:00:00 07257 0 0
20140808067 17:10:00 37155 0 1
20140808068 17:20:00 66853 1 0
20140808069 17:30:00 62358 0 0
20140808070 17:40:00 65861 0 0
20140808071 17:50:00 28763 0 0
20140808072 18:00:00 56755 0 1
20140808073 18:10:00 17509 0 0
20140808074 18:20:00 16531 0 0
20140808075 18:30:00 46586 0 0
20140808076 18:40:00 08079 1 0
20140808077 18:50:00 22058 1 0
20140808078 19:00:00 27953 0 0
20140808079 19:10:00 07326 0 0
20140808080 19:20:00 27664 0 1
20140808081 19:30:00 20658 0 0
20140808082 19:40:00 63383 1 1
20140808083 19:50:00 91013 0 0
20140808084 20:00:00 11701 1 0
20140808085 20:10:00 24442 1 1
20140808086 20:20:00 23086 0 0
20140808087 20:30:00 03807 0 0
20140808088 20:40:00 75451 0 0
20140808089 20:50:00 52419 0 0
20140808090 21:00:00 71107 1 0
20140808091 21:10:00 63302 1 0
20140808092 21:20:00 69177 0 1
20140808093 21:30:00 77973 1 0
20140808094 21:40:00 20519 0 0
20140808095 21:50:00 72644 0 1
20140808096 22:00:00 04545 0 1
20140808097 22:05:00 52681 0 0
20140808098 22:10:00 54875 0 0
20140808099 22:15:00 63377 1 1
20140808100 22:20:00 07523 0 0
20140808101 22:25:00 52378 0 0
20140808102 22:30:00 49706 0 0
20140808103 22:35:00 61183 1 0
20140808104 22:40:00 13062 0 0
20140808105 22:45:00 82356 0 0
20140808106 22:50:00 10528 0 0
20140808107 22:55:00 99247 1 0
20140808108 23:00:00 30812 0 0
20140808109 23:05:00 36151 0 1
20140808110 23:10:00 26756 0 0
20140808111 23:15:00 29984 1 0
20140808112 23:20:00 22063 1 0
20140808113 23:25:00 60641 1 0
20140808114 23:30:00 78734 1 0
20140808115 23:35:00 53751 0 0
20140808116 23:40:00 18355 0 1
20140808117 23:45:00 14625 0 0
20140808118 23:50:00 59934 1 0
20140808119 23:55:00 13093 0 0
20140808120 00:00:00 78801 1 0
