20140527001 00:05:00 97945 1 0
20140527002 00:10:00 76859 0 0
20140527003 00:15:00 64360 0 0
20140527004 00:20:00 24342 0 0
20140527005 00:25:00 43373 1 1
20140527006 00:30:00 84707 0 1
20140527007 00:35:00 99936 1 0
20140527008 00:40:00 79894 0 0
20140527009 00:45:00 35379 1 0
20140527010 00:50:00 18057 0 0
20140527011 00:55:00 46373 0 1
20140527012 01:00:00 20649 0 0
20140527013 01:05:00 47165 0 0
20140527014 01:10:00 81961 0 0
20140527015 01:15:00 65309 0 0
20140527016 01:20:00 08682 0 0
20140527017 01:25:00 03206 0 0
20140527018 01:30:00 46283 0 0
20140527019 01:35:00 55520 1 0
20140527020 01:40:00 33712 1 0
20140527021 01:45:00 90284 0 0
20140527022 01:50:00 94700 0 1
20140527023 01:55:00 38618 0 0
20140527024 10:00:00 89087 0 0
20140527025 10:10:00 32901 0 0
20140527026 10:20:00 48851 1 0
20140527027 10:30:00 00952 1 0
20140527028 10:40:00 59228 0 1
20140527029 10:50:00 67224 0 1
20140527030 11:00:00 44717 1 1
20140527031 11:10:00 47865 0 0
20140527032 11:20:00 56478 0 0
20140527033 11:30:00 10579 0 0
20140527034 11:40:00 40118 0 1
20140527035 11:50:00 50490 0 0
20140527036 12:00:00 44062 1 0
20140527037 12:10:00 89376 0 0
20140527038 12:20:00 53961 0 0
20140527039 12:30:00 20353 0 1
20140527040 12:40:00 76991 0 1
20140527041 12:50:00 10488 0 1
20140527042 13:00:00 09810 0 0
20140527043 13:10:00 61468 0 0
20140527044 13:20:00 53290 0 0
20140527045 13:30:00 65217 0 0
20140527046 13:40:00 23699 0 1
20140527047 13:50:00 81096 0 0
20140527048 14:00:00 07323 0 1
20140527049 14:10:00 43280 0 0
20140527050 14:20:00 74474 1 1
20140527051 14:30:00 22415 1 0
20140527052 14:40:00 40020 1 1
20140527053 14:50:00 08868 1 1
20140527054 15:00:00 09363 0 1
20140527055 15:10:00 64108 0 0
20140527056 15:20:00 29490 0 0
20140527057 15:30:00 35057 0 0
20140527058 15:40:00 22173 1 0
20140527059 15:50:00 78873 1 0
20140527060 16:00:00 64566 0 1
20140527061 16:10:00 25179 0 0
20140527062 16:20:00 92629 0 0
20140527063 16:30:00 44092 1 0
20140527064 16:40:00 84768 0 0
20140527065 16:50:00 18768 0 0
20140527066 17:00:00 62885 0 1
20140527067 17:10:00 02676 0 1
20140527068 17:20:00 88223 1 1
20140527069 17:30:00 55578 1 0
20140527070 17:40:00 50912 0 0
20140527071 17:50:00 29495 0 0
20140527072 18:00:00 17966 0 1
20140527073 18:10:00 21903 0 0
20140527074 18:20:00 49360 0 0
20140527075 18:30:00 41666 0 1
20140527076 18:40:00 92337 0 1
20140527077 18:50:00 32059 0 0
20140527078 19:00:00 06510 0 0
20140527079 19:10:00 87690 0 0
20140527080 19:20:00 04764 0 0
20140527081 19:30:00 43141 0 1
20140527082 19:40:00 52029 0 0
20140527083 19:50:00 10654 0 0
20140527084 20:00:00 77040 1 1
20140527085 20:10:00 89302 0 0
20140527086 20:20:00 52280 1 0
20140527087 20:30:00 25526 1 0
20140527088 20:40:00 41811 0 1
20140527089 20:50:00 76006 0 1
20140527090 21:00:00 20323 0 1
20140527091 21:10:00 52310 0 0
20140527092 21:20:00 95900 1 1
20140527093 21:30:00 61116 1 1
20140527094 21:40:00 75464 0 1
20140527095 21:50:00 91768 0 0
20140527096 22:00:00 51409 0 0
20140527097 22:05:00 05091 1 0
20140527098 22:10:00 57188 0 1
20140527099 22:15:00 28435 0 0
20140527100 22:20:00 98838 1 1
20140527101 22:25:00 52781 0 0
20140527102 22:30:00 43979 0 1
20140527103 22:35:00 98034 0 0
20140527104 22:40:00 56490 0 0
20140527105 22:45:00 04678 0 0
20140527106 22:50:00 12717 0 1
20140527107 22:55:00 24012 0 0
20140527108 23:00:00 75727 1 1
20140527109 23:05:00 91642 0 0
20140527110 23:10:00 72033 0 1
20140527111 23:15:00 02481 0 0
20140527112 23:20:00 92784 0 0
20140527113 23:25:00 02960 0 0
20140527114 23:30:00 76787 1 1
20140527115 23:35:00 44695 1 0
20140527116 23:40:00 96170 0 0
20140527117 23:45:00 90790 0 0
20140527118 23:50:00 85804 1 0
20140527119 23:55:00 51712 0 0
20140527120 00:00:00 26099 0 1
