20141124001 00:05:00 37663 0 1
20141124002 00:10:00 88347 1 0
20141124003 00:15:00 97400 0 1
20141124004 00:20:00 45452 1 0
20141124005 00:25:00 83950 0 0
20141124006 00:30:00 88516 1 0
20141124007 00:35:00 17372 0 0
20141124008 00:40:00 95770 0 1
20141124009 00:45:00 87394 0 0
20141124010 00:50:00 84913 0 0
20141124011 00:55:00 36589 0 0
20141124012 01:00:00 29499 0 1
20141124013 01:05:00 44960 1 0
20141124014 01:10:00 55160 1 0
20141124015 01:15:00 78996 0 1
20141124016 01:20:00 10895 0 0
20141124017 01:25:00 03297 0 0
20141124018 01:30:00 01475 0 0
20141124019 01:35:00 72329 0 0
20141124020 01:40:00 72773 1 1
20141124021 01:45:00 30208 0 0
20141124022 01:50:00 48721 0 0
20141124023 01:55:00 85915 0 0
20141124024 10:00:00 41935 0 0
20141124025 10:10:00 05332 0 1
20141124026 10:20:00 47282 0 1
20141124027 10:30:00 70591 0 0
20141124028 10:40:00 53152 0 0
20141124029 10:50:00 19619 0 0
20141124030 11:00:00 36608 1 0
20141124031 11:10:00 73243 0 0
20141124032 11:20:00 94951 1 0
20141124033 11:30:00 47878 0 1
20141124034 11:40:00 51010 0 1
20141124035 11:50:00 65561 1 0
20141124036 12:00:00 44839 1 0
20141124037 12:10:00 75598 1 0
20141124038 12:20:00 23585 0 1
20141124039 12:30:00 50582 1 0
20141124040 12:40:00 15846 0 0
20141124041 12:50:00 21625 0 0
20141124042 13:00:00 00782 1 0
20141124043 13:10:00 42194 0 0
20141124044 13:20:00 43109 0 0
20141124045 13:30:00 63346 1 0
20141124046 13:40:00 86329 0 0
20141124047 13:50:00 59930 1 0
20141124048 14:00:00 89593 0 0
20141124049 14:10:00 35391 1 0
20141124050 14:20:00 33090 1 1
20141124051 14:30:00 74071 0 0
20141124052 14:40:00 70640 0 0
20141124053 14:50:00 17712 1 0
20141124054 15:00:00 10779 0 1
20141124055 15:10:00 94015 0 0
20141124056 15:20:00 96757 0 1
20141124057 15:30:00 04160 0 0
20141124058 15:40:00 12648 0 0
20141124059 15:50:00 43077 0 1
20141124060 16:00:00 40742 0 0
20141124061 16:10:00 87005 0 1
20141124062 16:20:00 69329 0 0
20141124063 16:30:00 09473 0 0
20141124064 16:40:00 59047 0 0
20141124065 16:50:00 29874 0 0
20141124066 17:00:00 68340 0 0
20141124067 17:10:00 93178 0 0
20141124068 17:20:00 79353 0 1
20141124069 17:30:00 08869 1 0
20141124070 17:40:00 48142 0 0
20141124071 17:50:00 03266 0 1
20141124072 18:00:00 45166 0 1
20141124073 18:10:00 14273 0 0
20141124074 18:20:00 74897 0 0
20141124075 18:30:00 78797 1 1
20141124076 18:40:00 13219 0 0
20141124077 18:50:00 35208 0 0
20141124078 19:00:00 16040 0 1
20141124079 19:10:00 16299 0 1
20141124080 19:20:00 76777 1 1
20141124081 19:30:00 96212 0 1
20141124082 19:40:00 57363 0 1
20141124083 19:50:00 54306 0 0
20141124084 20:00:00 95872 0 0
20141124085 20:10:00 41537 0 0
20141124086 20:20:00 58142 0 0
20141124087 20:30:00 62388 0 1
20141124088 20:40:00 24648 0 0
20141124089 20:50:00 56681 1 0
20141124090 21:00:00 45715 0 0
20141124091 21:10:00 06445 0 1
20141124092 21:20:00 44221 1 1
20141124093 21:30:00 63895 0 0
20141124094 21:40:00 05629 0 0
20141124095 21:50:00 20075 1 0
20141124096 22:00:00 79495 0 0
20141124097 22:05:00 38370 1 0
20141124098 22:10:00 29490 0 0
20141124099 22:15:00 67810 0 0
20141124100 22:20:00 83329 1 0
20141124101 22:25:00 28828 1 1
20141124102 22:30:00 17798 1 0
20141124103 22:35:00 89644 0 1
20141124104 22:40:00 23297 1 0
20141124105 22:45:00 47729 1 0
20141124106 22:50:00 06424 0 1
20141124107 22:55:00 34954 0 0
20141124108 23:00:00 88342 1 0
20141124109 23:05:00 75998 0 1
20141124110 23:10:00 98486 0 0
20141124111 23:15:00 29256 1 0
20141124112 23:20:00 94505 0 1
20141124113 23:25:00 26156 0 0
20141124114 23:30:00 19238 0 0
20141124115 23:35:00 29930 1 0
20141124116 23:40:00 69971 1 0
20141124117 23:45:00 16071 0 0
20141124118 23:50:00 16207 0 0
20141124119 23:55:00 56745 0 0
20141124120 00:00:00 44964 1 0
