20141115001 00:05:00 75057 0 0
20141115002 00:10:00 42767 0 1
20141115003 00:15:00 13716 0 0
20141115004 00:20:00 87099 0 1
20141115005 00:25:00 92681 0 0
20141115006 00:30:00 77679 1 0
20141115007 00:35:00 45540 1 0
20141115008 00:40:00 76975 0 0
20141115009 00:45:00 40085 1 0
20141115010 00:50:00 97952 1 0
20141115011 00:55:00 61259 0 0
20141115012 01:00:00 52661 0 1
20141115013 01:05:00 51109 1 0
20141115014 01:10:00 67717 1 1
20141115015 01:15:00 97216 0 0
20141115016 01:20:00 03211 0 1
20141115017 01:25:00 06071 1 0
20141115018 01:30:00 82834 1 0
20141115019 01:35:00 33458 1 0
20141115020 01:40:00 11102 1 0
20141115021 01:45:00 42402 1 0
20141115022 01:50:00 33302 1 0
20141115023 01:55:00 88244 1 1
20141115024 10:00:00 75896 0 0
20141115025 10:10:00 71036 0 0
20141115026 10:20:00 03564 0 0
20141115027 10:30:00 86223 0 1
20141115028 10:40:00 89566 0 1
20141115029 10:50:00 63282 0 1
20141115030 11:00:00 01876 0 0
20141115031 11:10:00 23816 0 0
20141115032 11:20:00 16562 0 0
20141115033 11:30:00 15304 0 0
20141115034 11:40:00 58834 1 0
20141115035 11:50:00 68964 0 0
20141115036 12:00:00 00858 1 1
20141115037 12:10:00 07109 0 0
20141115038 12:20:00 54665 0 1
20141115039 12:30:00 42400 1 1
20141115040 12:40:00 38490 0 0
20141115041 12:50:00 09769 0 0
20141115042 13:00:00 78158 0 0
20141115043 13:10:00 77478 1 0
20141115044 13:20:00 02097 1 0
20141115045 13:30:00 20902 0 0
20141115046 13:40:00 76805 0 0
20141115047 13:50:00 96482 0 0
20141115048 14:00:00 67724 1 0
20141115049 14:10:00 97570 0 0
20141115050 14:20:00 57700 1 1
20141115051 14:30:00 61014 0 0
20141115052 14:40:00 22088 1 1
20141115053 14:50:00 34538 0 0
20141115054 15:00:00 56024 0 0
20141115055 15:10:00 74129 0 0
20141115056 15:20:00 82792 0 0
20141115057 15:30:00 38911 0 1
20141115058 15:40:00 06715 0 0
20141115059 15:50:00 60260 0 0
20141115060 16:00:00 97073 0 0
20141115061 16:10:00 64203 0 0
20141115062 16:20:00 98980 1 0
20141115063 16:30:00 81045 0 0
20141115064 16:40:00 58449 0 1
20141115065 16:50:00 63329 1 0
20141115066 17:00:00 81483 0 0
20141115067 17:10:00 68753 0 0
20141115068 17:20:00 55329 1 0
20141115069 17:30:00 09816 0 0
20141115070 17:40:00 23524 0 0
20141115071 17:50:00 99845 1 0
20141115072 18:00:00 61573 0 0
20141115073 18:10:00 07579 0 0
20141115074 18:20:00 75010 0 1
20141115075 18:30:00 10474 0 1
20141115076 18:40:00 34597 0 0
20141115077 18:50:00 93330 1 1
20141115078 19:00:00 92074 0 0
20141115079 19:10:00 92354 0 0
20141115080 19:20:00 81421 0 0
20141115081 19:30:00 35642 0 0
20141115082 19:40:00 22394 1 0
20141115083 19:50:00 81366 0 1
20141115084 20:00:00 68611 1 1
20141115085 20:10:00 51731 0 0
20141115086 20:20:00 08971 0 0
20141115087 20:30:00 98821 1 0
20141115088 20:40:00 47708 1 0
20141115089 20:50:00 46638 1 0
20141115090 21:00:00 82267 1 0
20141115091 21:10:00 92171 0 1
20141115092 21:20:00 23676 0 1
20141115093 21:30:00 34483 1 0
20141115094 21:40:00 88232 1 1
20141115095 21:50:00 84746 0 0
20141115096 22:00:00 97718 1 0
20141115097 22:05:00 51999 0 1
20141115098 22:10:00 35605 0 0
20141115099 22:15:00 96647 1 0
20141115100 22:20:00 14871 0 0
20141115101 22:25:00 77302 1 0
20141115102 22:30:00 13780 0 0
20141115103 22:35:00 15885 0 1
20141115104 22:40:00 62402 0 0
20141115105 22:45:00 85788 0 1
20141115106 22:50:00 15939 0 1
20141115107 22:55:00 01032 1 0
20141115108 23:00:00 34333 1 1
20141115109 23:05:00 41880 0 1
20141115110 23:10:00 40474 1 1
20141115111 23:15:00 49114 0 1
20141115112 23:20:00 12875 0 0
20141115113 23:25:00 80466 0 1
20141115114 23:30:00 65425 0 0
20141115115 23:35:00 30270 0 0
20141115116 23:40:00 74041 0 0
20141115117 23:45:00 23715 0 0
20141115118 23:50:00 61800 0 1
20141115119 23:55:00 80749 0 0
20141115120 00:00:00 19783 0 0
