20140524001 00:05:00 12186 1 0
20140524002 00:10:00 88529 1 0
20140524003 00:15:00 33784 1 0
20140524004 00:20:00 64894 0 0
20140524005 00:25:00 99481 1 0
20140524006 00:30:00 61366 0 1
20140524007 00:35:00 99123 1 0
20140524008 00:40:00 66829 1 0
20140524009 00:45:00 83886 1 1
20140524010 00:50:00 61438 0 0
20140524011 00:55:00 80929 0 1
20140524012 01:00:00 59375 0 0
20140524013 01:05:00 58766 0 1
20140524014 01:10:00 66097 1 0
20140524015 01:15:00 43901 0 0
20140524016 01:20:00 56266 0 1
20140524017 01:25:00 56164 0 0
20140524018 01:30:00 00051 1 0
20140524019 01:35:00 10502 0 0
20140524020 01:40:00 91534 0 0
20140524021 01:45:00 88744 1 1
20140524022 01:50:00 55311 1 1
20140524023 01:55:00 17714 1 0
20140524024 10:00:00 31332 1 1
20140524025 10:10:00 08940 0 0
20140524026 10:20:00 98045 0 0
20140524027 10:30:00 54373 0 1
20140524028 10:40:00 78354 0 0
20140524029 10:50:00 83026 0 0
20140524030 11:00:00 51900 0 1
20140524031 11:10:00 92215 1 0
20140524032 11:20:00 93224 0 1
20140524033 11:30:00 95379 0 0
20140524034 11:40:00 88391 1 0
20140524035 11:50:00 14345 0 0
20140524036 12:00:00 21311 0 1
20140524037 12:10:00 81390 0 0
20140524038 12:20:00 14763 0 0
20140524039 12:30:00 22280 1 0
20140524040 12:40:00 11224 1 1
20140524041 12:50:00 54620 0 0
20140524042 13:00:00 08027 1 0
20140524043 13:10:00 22729 1 0
20140524044 13:20:00 01025 1 0
20140524045 13:30:00 91721 0 0
20140524046 13:40:00 11282 1 1
20140524047 13:50:00 93541 0 0
20140524048 14:00:00 09780 0 0
20140524049 14:10:00 15934 0 0
20140524050 14:20:00 44719 1 0
20140524051 14:30:00 60341 0 0
20140524052 14:40:00 28108 0 0
20140524053 14:50:00 42020 0 1
20140524054 15:00:00 78894 1 0
20140524055 15:10:00 81187 1 0
20140524056 15:20:00 80945 0 0
20140524057 15:30:00 02045 1 0
20140524058 15:40:00 67841 0 0
20140524059 15:50:00 45622 0 1
20140524060 16:00:00 41624 0 0
20140524061 16:10:00 34290 0 0
20140524062 16:20:00 63258 0 0
20140524063 16:30:00 30266 0 1
20140524064 16:40:00 42083 0 0
20140524065 16:50:00 53412 0 0
20140524066 17:00:00 88422 1 1
20140524067 17:10:00 17736 1 0
20140524068 17:20:00 56234 0 0
20140524069 17:30:00 69872 0 0
20140524070 17:40:00 85910 0 0
20140524071 17:50:00 13134 1 0
20140524072 18:00:00 70468 0 0
20140524073 18:10:00 34087 0 0
20140524074 18:20:00 25431 0 0
20140524075 18:30:00 81495 0 0
20140524076 18:40:00 89220 0 1
20140524077 18:50:00 61217 0 0
20140524078 19:00:00 55840 1 0
20140524079 19:10:00 35719 0 0
20140524080 19:20:00 11439 1 0
20140524081 19:30:00 08232 0 1
20140524082 19:40:00 42626 0 1
20140524083 19:50:00 73590 0 0
20140524084 20:00:00 32617 0 0
20140524085 20:10:00 98276 0 0
20140524086 20:20:00 73859 0 0
20140524087 20:30:00 23453 0 0
20140524088 20:40:00 43453 1 0
20140524089 20:50:00 39117 0 1
20140524090 21:00:00 19614 0 0
20140524091 21:10:00 81233 0 1
20140524092 21:20:00 48021 0 0
20140524093 21:30:00 74125 0 0
20140524094 21:40:00 34594 0 0
20140524095 21:50:00 16549 0 0
20140524096 22:00:00 61544 0 1
20140524097 22:05:00 78757 1 1
20140524098 22:10:00 21336 0 1
20140524099 22:15:00 53009 0 1
20140524100 22:20:00 14202 0 1
20140524101 22:25:00 73083 0 0
20140524102 22:30:00 41847 0 0
20140524103 22:35:00 51263 0 0
20140524104 22:40:00 07763 1 0
20140524105 22:45:00 34272 0 1
20140524106 22:50:00 57246 0 0
20140524107 22:55:00 04879 0 0
20140524108 23:00:00 14835 0 0
20140524109 23:05:00 56082 0 0
20140524110 23:10:00 57154 0 0
20140524111 23:15:00 61767 0 1
20140524112 23:20:00 68276 0 0
20140524113 23:25:00 19019 0 0
20140524114 23:30:00 45734 0 0
20140524115 23:35:00 08192 0 0
20140524116 23:40:00 93734 0 0
20140524117 23:45:00 51103 1 0
20140524118 23:50:00 55122 1 1
20140524119 23:55:00 61263 0 0
20140524120 00:00:00 77553 1 1
