20140106001 00:05:00 09520 0 0
20140106002 00:10:00 62692 1 0
20140106003 00:15:00 93619 0 0
20140106004 00:20:00 22880 1 1
20140106005 00:25:00 28589 0 0
20140106006 00:30:00 18046 0 0
20140106007 00:35:00 60583 0 0
20140106008 00:40:00 91756 0 0
20140106009 00:45:00 61481 0 0
20140106010 00:50:00 77084 1 0
20140106011 00:55:00 24357 0 0
20140106012 01:00:00 70751 1 0
20140106013 01:05:00 36634 1 0
20140106014 01:10:00 10836 0 0
20140106015 01:15:00 42053 0 0
20140106016 01:20:00 12792 0 0
20140106017 01:25:00 30000 1 1
20140106018 01:30:00 17558 0 1
20140106019 01:35:00 58005 0 1
20140106020 01:40:00 91230 0 0
20140106021 01:45:00 71962 0 0
20140106022 01:50:00 76105 0 0
20140106023 01:55:00 97550 0 1
20140106024 10:00:00 37646 0 1
20140106025 10:10:00 01874 0 0
20140106026 10:20:00 31507 0 0
20140106027 10:30:00 83128 0 0
20140106028 10:40:00 35033 0 1
20140106029 10:50:00 54220 0 1
20140106030 11:00:00 19521 0 0
20140106031 11:10:00 30485 0 0
20140106032 11:20:00 12599 0 1
20140106033 11:30:00 61315 0 0
20140106034 11:40:00 96500 0 1
20140106035 11:50:00 30484 0 1
20140106036 12:00:00 56990 0 1
20140106037 12:10:00 42366 0 1
20140106038 12:20:00 15985 0 0
20140106039 12:30:00 38696 0 1
20140106040 12:40:00 44153 1 0
20140106041 12:50:00 08497 0 0
20140106042 13:00:00 91573 0 0
20140106043 13:10:00 26339 0 1
20140106044 13:20:00 88334 1 1
20140106045 13:30:00 60362 0 0
20140106046 13:40:00 24278 1 0
20140106047 13:50:00 28224 1 1
20140106048 14:00:00 85393 0 1
20140106049 14:10:00 28456 0 0
20140106050 14:20:00 67329 0 0
20140106051 14:30:00 20562 0 0
20140106052 14:40:00 50924 0 0
20140106053 14:50:00 13712 0 0
20140106054 15:00:00 84096 0 0
20140106055 15:10:00 61349 0 0
20140106056 15:20:00 74241 0 0
20140106057 15:30:00 34460 1 0
20140106058 15:40:00 15633 0 1
20140106059 15:50:00 84700 0 1
20140106060 16:00:00 14374 0 0
20140106061 16:10:00 48915 0 0
20140106062 16:20:00 54475 1 0
20140106063 16:30:00 59867 0 0
20140106064 16:40:00 96313 0 1
20140106065 16:50:00 74092 0 0
20140106066 17:00:00 92778 0 1
20140106067 17:10:00 50185 0 0
20140106068 17:20:00 49656 0 1
20140106069 17:30:00 60907 0 0
20140106070 17:40:00 06297 0 0
20140106071 17:50:00 81352 0 0
20140106072 18:00:00 55826 1 0
20140106073 18:10:00 44188 1 1
20140106074 18:20:00 77940 1 0
20140106075 18:30:00 48352 0 0
20140106076 18:40:00 67198 0 0
20140106077 18:50:00 41018 0 0
20140106078 19:00:00 35780 0 0
20140106079 19:10:00 62908 0 0
20140106080 19:20:00 25163 0 0
20140106081 19:30:00 45488 1 1
20140106082 19:40:00 95276 0 0
20140106083 19:50:00 00408 1 0
20140106084 20:00:00 25266 1 1
20140106085 20:10:00 06167 0 0
20140106086 20:20:00 74788 1 1
20140106087 20:30:00 25157 0 0
20140106088 20:40:00 44405 1 0
20140106089 20:50:00 16488 0 1
20140106090 21:00:00 96359 0 0
20140106091 21:10:00 10417 0 0
20140106092 21:20:00 77785 1 0
20140106093 21:30:00 78873 1 0
20140106094 21:40:00 08643 0 0
20140106095 21:50:00 90814 0 0
20140106096 22:00:00 47057 0 0
20140106097 22:05:00 38634 0 0
20140106098 22:10:00 16372 0 0
20140106099 22:15:00 10765 0 0
20140106100 22:20:00 30428 0 0
20140106101 22:25:00 85831 1 0
20140106102 22:30:00 20955 0 1
20140106103 22:35:00 04545 0 1
20140106104 22:40:00 00002 1 1
20140106105 22:45:00 18101 1 1
20140106106 22:50:00 75161 0 1
20140106107 22:55:00 58419 0 0
20140106108 23:00:00 71249 0 0
20140106109 23:05:00 84037 0 0
20140106110 23:10:00 51533 1 1
20140106111 23:15:00 33952 1 0
20140106112 23:20:00 11270 1 0
20140106113 23:25:00 06747 0 1
20140106114 23:30:00 75015 0 0
20140106115 23:35:00 35204 0 0
20140106116 23:40:00 73289 0 0
20140106117 23:45:00 76287 0 0
20140106118 23:50:00 10544 0 1
20140106119 23:55:00 61285 0 0
20140106120 00:00:00 31908 0 0
