20140416001 00:05:00 12316 0 0
20140416002 00:10:00 70731 1 0
20140416003 00:15:00 37954 0 0
20140416004 00:20:00 89413 0 0
20140416005 00:25:00 78680 0 0
20140416006 00:30:00 59686 0 1
20140416007 00:35:00 03035 1 0
20140416008 00:40:00 82887 1 1
20140416009 00:45:00 35948 0 0
20140416010 00:50:00 00109 1 0
20140416011 00:55:00 68333 0 1
20140416012 01:00:00 79591 0 0
20140416013 01:05:00 32204 1 0
20140416014 01:10:00 40483 1 0
20140416015 01:15:00 89538 0 0
20140416016 01:20:00 74891 0 0
20140416017 01:25:00 24056 0 0
20140416018 01:30:00 34118 0 1
20140416019 01:35:00 24964 0 0
20140416020 01:40:00 69481 0 0
20140416021 01:45:00 65219 0 0
20140416022 01:50:00 07593 0 0
20140416023 01:55:00 99817 1 0
20140416024 10:00:00 25690 0 0
20140416025 10:10:00 43757 0 1
20140416026 10:20:00 86276 0 0
20140416027 10:30:00 73535 0 1
20140416028 10:40:00 15728 0 0
20140416029 10:50:00 46121 0 1
20140416030 11:00:00 17908 0 0
20140416031 11:10:00 76217 0 0
20140416032 11:20:00 22136 1 0
20140416033 11:30:00 76026 0 0
20140416034 11:40:00 73143 0 0
20140416035 11:50:00 54737 0 1
20140416036 12:00:00 29594 0 0
20140416037 12:10:00 39097 0 0
20140416038 12:20:00 43202 0 1
20140416039 12:30:00 62281 1 0
20140416040 12:40:00 40579 0 0
20140416041 12:50:00 92957 1 0
20140416042 13:00:00 07175 0 0
20140416043 13:10:00 06805 0 0
20140416044 13:20:00 31006 0 1
20140416045 13:30:00 47942 0 0
20140416046 13:40:00 42619 0 0
20140416047 13:50:00 87514 0 0
20140416048 14:00:00 78258 0 0
20140416049 14:10:00 32266 1 1
20140416050 14:20:00 83839 1 0
20140416051 14:30:00 68823 1 0
20140416052 14:40:00 36810 0 0
20140416053 14:50:00 51270 0 0
20140416054 15:00:00 85630 0 0
20140416055 15:10:00 70201 0 0
20140416056 15:20:00 78516 0 0
20140416057 15:30:00 66691 1 0
20140416058 15:40:00 38611 0 1
20140416059 15:50:00 20033 1 1
20140416060 16:00:00 23279 1 0
20140416061 16:10:00 45877 0 1
20140416062 16:20:00 46383 0 1
20140416063 16:30:00 85908 0 0
20140416064 16:40:00 05080 1 1
20140416065 16:50:00 46313 0 1
20140416066 17:00:00 73913 0 0
20140416067 17:10:00 44211 1 1
20140416068 17:20:00 07522 0 1
20140416069 17:30:00 96395 0 0
20140416070 17:40:00 68277 0 1
20140416071 17:50:00 22309 1 0
20140416072 18:00:00 67073 0 0
20140416073 18:10:00 42544 0 1
20140416074 18:20:00 15892 0 0
20140416075 18:30:00 83850 1 0
20140416076 18:40:00 27103 0 0
20140416077 18:50:00 70072 1 0
20140416078 19:00:00 83379 1 0
20140416079 19:10:00 46052 0 0
20140416080 19:20:00 26384 0 0
20140416081 19:30:00 04504 0 0
20140416082 19:40:00 97823 0 0
20140416083 19:50:00 73315 1 0
20140416084 20:00:00 52254 1 0
20140416085 20:10:00 90700 0 1
20140416086 20:20:00 26799 0 1
20140416087 20:30:00 74366 0 1
20140416088 20:40:00 91722 0 1
20140416089 20:50:00 87328 0 0
20140416090 21:00:00 75310 0 0
20140416091 21:10:00 22091 1 0
20140416092 21:20:00 54738 0 0
20140416093 21:30:00 58168 0 0
20140416094 21:40:00 80201 0 0
20140416095 21:50:00 90788 0 1
20140416096 22:00:00 03000 1 1
20140416097 22:05:00 59709 0 0
20140416098 22:10:00 72030 0 1
20140416099 22:15:00 86315 0 0
20140416100 22:20:00 25888 0 1
20140416101 22:25:00 28402 0 0
20140416102 22:30:00 36456 0 0
20140416103 22:35:00 74837 0 0
20140416104 22:40:00 94849 0 0
20140416105 22:45:00 05561 1 0
20140416106 22:50:00 21122 1 1
20140416107 22:55:00 68832 1 0
20140416108 23:00:00 83461 0 0
20140416109 23:05:00 85200 0 1
20140416110 23:10:00 27089 0 0
20140416111 23:15:00 67154 0 0
20140416112 23:20:00 81039 0 0
20140416113 23:25:00 37158 0 0
20140416114 23:30:00 48257 0 0
20140416115 23:35:00 93199 0 1
20140416116 23:40:00 40284 0 0
20140416117 23:45:00 55528 1 0
20140416118 23:50:00 35037 0 0
20140416119 23:55:00 40689 0 0
20140416120 00:00:00 32514 0 0
