20140316001 00:05:00 56518 1 0
20140316002 00:10:00 62899 0 1
20140316003 00:15:00 53859 0 0
20140316004 00:20:00 36668 1 1
20140316005 00:25:00 12648 0 0
20140316006 00:30:00 87530 0 0
20140316007 00:35:00 63274 0 0
20140316008 00:40:00 92014 0 0
20140316009 00:45:00 60275 0 0
20140316010 00:50:00 86089 0 0
20140316011 00:55:00 99155 1 1
20140316012 01:00:00 96966 1 1
20140316013 01:05:00 84114 0 1
20140316014 01:10:00 03854 0 0
20140316015 01:15:00 92926 1 0
20140316016 01:20:00 32230 1 0
20140316017 01:25:00 82930 0 0
20140316018 01:30:00 48366 0 1
20140316019 01:35:00 44163 1 0
20140316020 01:40:00 93815 0 0
20140316021 01:45:00 51671 0 0
20140316022 01:50:00 57183 0 0
20140316023 01:55:00 32465 0 0
20140316024 10:00:00 89797 0 1
20140316025 10:10:00 79150 0 0
20140316026 10:20:00 04905 0 0
20140316027 10:30:00 72196 0 0
20140316028 10:40:00 00518 1 0
20140316029 10:50:00 27431 0 0
20140316030 11:00:00 01501 0 0
20140316031 11:10:00 42601 0 0
20140316032 11:20:00 25920 0 0
20140316033 11:30:00 45759 0 0
20140316034 11:40:00 17121 1 1
20140316035 11:50:00 34021 0 0
20140316036 12:00:00 19646 0 1
20140316037 12:10:00 46230 0 0
20140316038 12:20:00 39642 0 0
20140316039 12:30:00 58017 0 0
20140316040 12:40:00 18924 0 0
20140316041 12:50:00 41995 0 1
20140316042 13:00:00 96091 0 0
20140316043 13:10:00 31730 0 0
20140316044 13:20:00 79718 1 0
20140316045 13:30:00 36596 0 0
20140316046 13:40:00 97965 1 0
20140316047 13:50:00 00730 1 0
20140316048 14:00:00 00402 1 0
20140316049 14:10:00 26222 1 1
20140316050 14:20:00 32126 0 0
20140316051 14:30:00 44637 1 0
20140316052 14:40:00 01866 0 1
20140316053 14:50:00 22714 1 0
20140316054 15:00:00 75955 0 1
20140316055 15:10:00 66244 1 1
20140316056 15:20:00 94764 0 0
20140316057 15:30:00 12075 0 0
20140316058 15:40:00 07248 0 0
20140316059 15:50:00 56513 1 0
20140316060 16:00:00 89887 1 1
20140316061 16:10:00 35699 0 1
20140316062 16:20:00 43953 0 0
20140316063 16:30:00 36542 0 0
20140316064 16:40:00 94147 0 0
20140316065 16:50:00 51233 0 1
20140316066 17:00:00 30057 1 0
20140316067 17:10:00 81052 0 0
20140316068 17:20:00 23117 0 1
20140316069 17:30:00 55665 1 1
20140316070 17:40:00 00570 1 0
20140316071 17:50:00 16340 0 0
20140316072 18:00:00 81629 0 0
20140316073 18:10:00 16536 0 0
20140316074 18:20:00 17707 1 1
20140316075 18:30:00 75098 0 0
20140316076 18:40:00 81876 1 0
20140316077 18:50:00 02964 0 0
20140316078 19:00:00 17363 0 1
20140316079 19:10:00 76928 0 0
20140316080 19:20:00 05059 1 0
20140316081 19:30:00 08006 1 1
20140316082 19:40:00 48060 0 1
20140316083 19:50:00 96576 0 0
20140316084 20:00:00 40536 0 0
20140316085 20:10:00 52709 0 0
20140316086 20:20:00 15251 0 0
20140316087 20:30:00 19015 0 0
20140316088 20:40:00 25127 0 0
20140316089 20:50:00 56436 0 0
20140316090 21:00:00 30011 1 1
20140316091 21:10:00 35060 0 1
20140316092 21:20:00 82585 0 1
20140316093 21:30:00 28080 0 1
20140316094 21:40:00 73648 0 0
20140316095 21:50:00 63095 0 0
20140316096 22:00:00 76461 0 0
20140316097 22:05:00 26894 0 0
20140316098 22:10:00 38804 1 0
20140316099 22:15:00 64069 0 0
20140316100 22:20:00 56995 0 1
20140316101 22:25:00 38706 0 0
20140316102 22:30:00 52250 1 0
20140316103 22:35:00 86223 0 1
20140316104 22:40:00 43246 0 0
20140316105 22:45:00 49044 0 1
20140316106 22:50:00 25922 0 1
20140316107 22:55:00 96192 0 0
20140316108 23:00:00 96910 1 0
20140316109 23:05:00 67162 0 0
20140316110 23:10:00 15356 0 0
20140316111 23:15:00 39303 1 1
20140316112 23:20:00 05215 0 0
20140316113 23:25:00 54864 0 0
20140316114 23:30:00 60581 0 0
20140316115 23:35:00 96534 0 0
20140316116 23:40:00 15026 0 0
20140316117 23:45:00 13532 0 0
20140316118 23:50:00 78108 0 0
20140316119 23:55:00 50064 1 0
20140316120 00:00:00 47679 0 0
