20140124001 00:05:00 24839 0 0
20140124002 00:10:00 61903 0 0
20140124003 00:15:00 51622 0 1
20140124004 00:20:00 03990 0 1
20140124005 00:25:00 00066 1 1
20140124006 00:30:00 85873 1 0
20140124007 00:35:00 54530 1 0
20140124008 00:40:00 82634 0 0
20140124009 00:45:00 11331 1 1
20140124010 00:50:00 61449 0 1
20140124011 00:55:00 25526 1 0
20140124012 01:00:00 18573 0 0
20140124013 01:05:00 03878 0 1
20140124014 01:10:00 70197 0 0
20140124015 01:15:00 17325 0 0
20140124016 01:20:00 21375 0 0
20140124017 01:25:00 97630 0 0
20140124018 01:30:00 03273 0 0
20140124019 01:35:00 16242 0 1
20140124020 01:40:00 20254 1 0
20140124021 01:45:00 81030 0 1
20140124022 01:50:00 66422 1 1
20140124023 01:55:00 10715 0 0
20140124024 10:00:00 97214 0 0
20140124025 10:10:00 83370 1 0
20140124026 10:20:00 12160 1 0
20140124027 10:30:00 96483 0 0
20140124028 10:40:00 49860 0 0
20140124029 10:50:00 00646 1 1
20140124030 11:00:00 54501 1 0
20140124031 11:10:00 78751 1 0
20140124032 11:20:00 40639 0 0
20140124033 11:30:00 53556 1 1
20140124034 11:40:00 05945 0 0
20140124035 11:50:00 99921 1 0
20140124036 12:00:00 11335 1 1
20140124037 12:10:00 84587 0 0
20140124038 12:20:00 56053 0 0
20140124039 12:30:00 12389 0 0
20140124040 12:40:00 44471 1 0
20140124041 12:50:00 33397 1 0
20140124042 13:00:00 05174 0 0
20140124043 13:10:00 75816 0 0
20140124044 13:20:00 82916 0 0
20140124045 13:30:00 79740 1 0
20140124046 13:40:00 73196 0 0
20140124047 13:50:00 22433 1 1
20140124048 14:00:00 21432 0 0
20140124049 14:10:00 23709 0 0
20140124050 14:20:00 88917 1 0
20140124051 14:30:00 23284 1 0
20140124052 14:40:00 98699 0 1
20140124053 14:50:00 72554 0 1
20140124054 15:00:00 55410 1 0
20140124055 15:10:00 70508 0 0
20140124056 15:20:00 35826 0 0
20140124057 15:30:00 56342 0 0
20140124058 15:40:00 56204 0 0
20140124059 15:50:00 34825 0 0
20140124060 16:00:00 33469 1 0
20140124061 16:10:00 69531 0 0
20140124062 16:20:00 55363 1 1
20140124063 16:30:00 90508 0 0
20140124064 16:40:00 49454 1 1
20140124065 16:50:00 62840 0 0
20140124066 17:00:00 33121 1 1
20140124067 17:10:00 49866 0 1
20140124068 17:20:00 83262 0 1
20140124069 17:30:00 53391 1 0
20140124070 17:40:00 96580 0 0
20140124071 17:50:00 18063 0 0
20140124072 18:00:00 15859 0 0
20140124073 18:10:00 72078 0 0
20140124074 18:20:00 51815 0 0
20140124075 18:30:00 46958 0 0
20140124076 18:40:00 32214 1 0
20140124077 18:50:00 25676 0 1
20140124078 19:00:00 55686 1 1
20140124079 19:10:00 20948 0 0
20140124080 19:20:00 83131 0 1
20140124081 19:30:00 00861 1 0
20140124082 19:40:00 40112 0 1
20140124083 19:50:00 51351 0 0
20140124084 20:00:00 40113 0 1
20140124085 20:10:00 76822 0 1
20140124086 20:20:00 65733 0 1
20140124087 20:30:00 00894 1 0
20140124088 20:40:00 86572 0 0
20140124089 20:50:00 13564 0 0
20140124090 21:00:00 97967 1 0
20140124091 21:10:00 31979 0 1
20140124092 21:20:00 74841 0 0
20140124093 21:30:00 79684 0 0
20140124094 21:40:00 21802 0 0
20140124095 21:50:00 46624 1 0
20140124096 22:00:00 97172 0 0
20140124097 22:05:00 81748 0 0
20140124098 22:10:00 31588 0 1
20140124099 22:15:00 34339 1 1
20140124100 22:20:00 98653 0 0
20140124101 22:25:00 98916 1 0
20140124102 22:30:00 89533 0 1
20140124103 22:35:00 13854 0 0
20140124104 22:40:00 73457 0 0
20140124105 22:45:00 31808 0 1
20140124106 22:50:00 85391 0 0
20140124107 22:55:00 43948 0 0
20140124108 23:00:00 06713 0 0
20140124109 23:05:00 00786 1 0
20140124110 23:10:00 23767 0 1
20140124111 23:15:00 86491 0 0
20140124112 23:20:00 19553 0 1
20140124113 23:25:00 38242 0 1
20140124114 23:30:00 76871 0 0
20140124115 23:35:00 50365 0 0
20140124116 23:40:00 27340 0 0
20140124117 23:45:00 58209 0 0
20140124118 23:50:00 41680 0 0
20140124119 23:55:00 57901 0 0
20140124120 00:00:00 83448 0 1
