20140213001 00:05:00 15165 1 0
20140213002 00:10:00 70785 1 0
20140213003 00:15:00 28563 0 0
20140213004 00:20:00 47883 0 1
20140213005 00:25:00 02503 0 0
20140213006 00:30:00 53102 0 0
20140213007 00:35:00 83098 0 0
20140213008 00:40:00 58342 0 0
20140213009 00:45:00 18615 0 0
20140213010 00:50:00 27319 0 0
20140213011 00:55:00 90273 0 0
20140213012 01:00:00 17532 0 0
20140213013 01:05:00 62911 0 1
20140213014 01:10:00 58802 1 0
20140213015 01:15:00 18606 0 1
20140213016 01:20:00 60642 1 0
20140213017 01:25:00 01902 0 0
20140213018 01:30:00 74358 0 0
20140213019 01:35:00 56960 0 0
20140213020 01:40:00 15661 0 1
20140213021 01:45:00 02280 1 0
20140213022 01:50:00 75547 1 0
20140213023 01:55:00 17955 0 1
20140213024 10:00:00 66224 1 1
20140213025 10:10:00 65195 0 0
20140213026 10:20:00 89867 1 0
20140213027 10:30:00 19722 0 1
20140213028 10:40:00 63028 0 0
20140213029 10:50:00 37388 1 1
20140213030 11:00:00 20518 0 0
20140213031 11:10:00 11974 1 0
20140213032 11:20:00 31097 0 0
20140213033 11:30:00 07762 1 0
20140213034 11:40:00 84188 0 1
20140213035 11:50:00 93393 1 1
20140213036 12:00:00 16487 0 0
20140213037 12:10:00 10066 1 1
20140213038 12:20:00 79012 0 0
20140213039 12:30:00 24634 0 0
20140213040 12:40:00 45566 1 1
20140213041 12:50:00 39617 0 0
20140213042 13:00:00 71237 0 0
20140213043 13:10:00 90360 0 0
20140213044 13:20:00 70173 0 0
20140213045 13:30:00 89436 0 0
20140213046 13:40:00 63918 0 0
20140213047 13:50:00 09246 0 0
20140213048 14:00:00 58875 1 0
20140213049 14:10:00 43271 0 0
20140213050 14:20:00 59406 0 0
20140213051 14:30:00 73605 0 0
20140213052 14:40:00 56520 1 0
20140213053 14:50:00 77259 1 0
20140213054 15:00:00 59747 0 1
20140213055 15:10:00 00649 1 0
20140213056 15:20:00 39896 0 0
20140213057 15:30:00 52277 1 1
20140213058 15:40:00 59122 0 1
20140213059 15:50:00 64573 0 0
20140213060 16:00:00 02717 0 1
20140213061 16:10:00 22509 1 0
20140213062 16:20:00 65162 0 0
20140213063 16:30:00 58094 0 0
20140213064 16:40:00 05615 0 0
20140213065 16:50:00 29333 0 1
20140213066 17:00:00 11931 1 0
20140213067 17:10:00 27984 0 0
20140213068 17:20:00 53969 0 1
20140213069 17:30:00 65912 0 0
20140213070 17:40:00 52122 0 1
20140213071 17:50:00 87656 0 1
20140213072 18:00:00 46843 0 0
20140213073 18:10:00 89889 1 1
20140213074 18:20:00 87246 0 0
20140213075 18:30:00 00592 1 0
20140213076 18:40:00 94589 0 0
20140213077 18:50:00 39579 0 0
20140213078 19:00:00 62370 0 0
20140213079 19:10:00 85631 0 0
20140213080 19:20:00 45271 0 0
20140213081 19:30:00 21791 0 0
20140213082 19:40:00 27014 0 0
20140213083 19:50:00 28369 0 0
20140213084 20:00:00 51037 0 0
20140213085 20:10:00 96563 0 0
20140213086 20:20:00 26565 0 1
20140213087 20:30:00 32103 0 0
20140213088 20:40:00 50494 0 1
20140213089 20:50:00 87513 0 0
20140213090 21:00:00 61050 0 1
20140213091 21:10:00 77097 1 0
20140213092 21:20:00 04887 0 1
20140213093 21:30:00 93325 1 0
20140213094 21:40:00 73183 0 0
20140213095 21:50:00 01570 0 0
20140213096 22:00:00 37861 0 0
20140213097 22:05:00 98577 0 1
20140213098 22:10:00 93393 1 1
20140213099 22:15:00 02756 0 0
20140213100 22:20:00 28499 0 1
20140213101 22:25:00 18500 0 1
20140213102 22:30:00 85304 0 0
20140213103 22:35:00 61597 0 0
20140213104 22:40:00 13003 0 1
20140213105 22:45:00 58847 1 0
20140213106 22:50:00 89244 0 1
20140213107 22:55:00 99798 1 0
20140213108 23:00:00 25611 0 1
20140213109 23:05:00 23047 0 0
20140213110 23:10:00 10849 0 0
20140213111 23:15:00 34316 1 0
20140213112 23:20:00 02491 0 0
20140213113 23:25:00 14662 0 1
20140213114 23:30:00 70302 0 0
20140213115 23:35:00 27265 1 0
20140213116 23:40:00 13449 0 1
20140213117 23:45:00 77475 1 0
20140213118 23:50:00 65993 0 1
20140213119 23:55:00 95841 0 0
20140213120 00:00:00 71089 0 0
