20151120001 00:05:00 61119 1 1
20151120002 00:10:00 81961 0 0
20151120003 00:15:00 19733 0 1
20151120004 00:20:00 07038 1 0
20151120005 00:25:00 47722 1 1
20151120006 00:30:00 84160 0 0
20151120007 00:35:00 34077 0 1
20151120008 00:40:00 93405 0 0
20151120009 00:45:00 72683 0 0
20151120010 00:50:00 49691 0 0
20151120011 00:55:00 32369 1 0
20151120012 01:00:00 28422 0 1
20151120013 01:05:00 15980 0 0
20151120014 01:10:00 41749 0 0
20151120015 01:15:00 16757 0 1
20151120016 01:20:00 95115 0 1
20151120017 01:25:00 57957 0 0
20151120018 01:30:00 16436 0 0
20151120019 01:35:00 87759 1 0
20151120020 01:40:00 95288 0 1
20151120021 01:45:00 39129 0 0
20151120022 01:50:00 00265 1 0
20151120023 01:55:00 39685 0 0
20151120024 10:00:00 92606 0 1
20151120025 10:10:00 43877 0 1
20151120026 10:20:00 69203 0 0
20151120027 10:30:00 58618 0 0
20151120028 10:40:00 61844 0 1
20151120029 10:50:00 47639 0 0
20151120030 11:00:00 99424 1 1
20151120031 11:10:00 51288 0 1
20151120032 11:20:00 39111 0 1
20151120033 11:30:00 53027 0 0
20151120034 11:40:00 61691 1 0
20151120035 11:50:00 30583 0 0
20151120036 12:00:00 30684 0 0
20151120037 12:10:00 16358 0 0
20151120038 12:20:00 16905 0 0
20151120039 12:30:00 31168 1 0
20151120040 12:40:00 52850 0 0
20151120041 12:50:00 94595 0 1
20151120042 13:00:00 44267 1 0
20151120043 13:10:00 82164 0 0
20151120044 13:20:00 89456 0 0
20151120045 13:30:00 23294 1 0
20151120046 13:40:00 88630 1 0
20151120047 13:50:00 05685 0 0
20151120048 14:00:00 37620 0 0
20151120049 14:10:00 93603 0 0
20151120050 14:20:00 10808 0 1
20151120051 14:30:00 54067 0 0
20151120052 14:40:00 85461 0 0
20151120053 14:50:00 72807 0 0
20151120054 15:00:00 18383 0 1
20151120055 15:10:00 86683 1 0
20151120056 15:20:00 74828 0 1
20151120057 15:30:00 93670 0 0
20151120058 15:40:00 53102 0 0
20151120059 15:50:00 87505 0 1
20151120060 16:00:00 11995 1 1
20151120061 16:10:00 22050 1 1
20151120062 16:20:00 46604 1 0
20151120063 16:30:00 82966 0 1
20151120064 16:40:00 01850 0 0
20151120065 16:50:00 09032 1 0
20151120066 17:00:00 18234 0 0
20151120067 17:10:00 74644 0 1
20151120068 17:20:00 44513 1 0
20151120069 17:30:00 89005 0 1
20151120070 17:40:00 53028 0 0
20151120071 17:50:00 47755 1 1
20151120072 18:00:00 18733 0 1
20151120073 18:10:00 44972 1 0
20151120074 18:20:00 38988 0 1
20151120075 18:30:00 12860 0 0
20151120076 18:40:00 95990 1 1
20151120077 18:50:00 48164 0 0
20151120078 19:00:00 21288 1 1
20151120079 19:10:00 20917 0 0
20151120080 19:20:00 18372 0 0
20151120081 19:30:00 17416 0 0
20151120082 19:40:00 08362 0 0
20151120083 19:50:00 38003 0 1
20151120084 20:00:00 14537 0 0
20151120085 20:10:00 28687 0 0
20151120086 20:20:00 42908 0 0
20151120087 20:30:00 22751 1 0
20151120088 20:40:00 20495 0 0
20151120089 20:50:00 92604 0 0
20151120090 21:00:00 61568 0 0
20151120091 21:10:00 74047 0 0
20151120092 21:20:00 18184 1 0
20151120093 21:30:00 69119 0 1
20151120094 21:40:00 46913 0 0
20151120095 21:50:00 63645 1 0
20151120096 22:00:00 88637 1 0
20151120097 22:05:00 38027 0 0
20151120098 22:10:00 53614 0 0
20151120099 22:15:00 08683 0 0
20151120100 22:20:00 93587 0 0
20151120101 22:25:00 45110 0 1
20151120102 22:30:00 84255 0 1
20151120103 22:35:00 86564 0 0
20151120104 22:40:00 65709 0 0
20151120105 22:45:00 78337 0 1
20151120106 22:50:00 69068 0 0
20151120107 22:55:00 22225 1 1
20151120108 23:00:00 06522 0 1
20151120109 23:05:00 74218 0 0
20151120110 23:10:00 43581 0 0
20151120111 23:15:00 52523 1 0
20151120112 23:20:00 42249 1 0
20151120113 23:25:00 15170 1 0
20151120114 23:30:00 85264 0 0
20151120115 23:35:00 00026 1 0
20151120116 23:40:00 51853 0 0
20151120117 23:45:00 00664 1 1
20151120118 23:50:00 82020 0 1
20151120119 23:55:00 95171 0 1
20151120120 00:00:00 45018 0 0
