20151221001 00:05:00 32810 0 0
20151221002 00:10:00 57492 0 0
20151221003 00:15:00 80320 0 0
20151221004 00:20:00 85012 0 0
20151221005 00:25:00 05164 0 0
20151221006 00:30:00 11592 1 0
20151221007 00:35:00 70710 1 0
20151221008 00:40:00 86290 0 0
20151221009 00:45:00 18239 0 0
20151221010 00:50:00 60378 0 0
20151221011 00:55:00 01890 0 0
20151221012 01:00:00 29842 0 0
20151221013 01:05:00 52325 0 0
20151221014 01:10:00 76551 0 1
20151221015 01:15:00 34661 0 1
20151221016 01:20:00 11878 1 1
20151221017 01:25:00 90742 0 0
20151221018 01:30:00 01834 0 0
20151221019 01:35:00 77197 1 0
20151221020 01:40:00 95852 0 0
20151221021 01:45:00 49985 1 0
20151221022 01:50:00 40287 0 0
20151221023 01:55:00 89004 0 1
20151221024 10:00:00 40949 0 1
20151221025 10:10:00 73913 0 0
20151221026 10:20:00 54090 0 1
20151221027 10:30:00 78966 0 1
20151221028 10:40:00 15207 0 0
20151221029 10:50:00 50131 0 1
20151221030 11:00:00 19209 0 0
20151221031 11:10:00 66194 1 0
20151221032 11:20:00 33493 1 0
20151221033 11:30:00 63801 0 0
20151221034 11:40:00 11538 1 0
20151221035 11:50:00 34496 1 0
20151221036 12:00:00 51127 1 0
20151221037 12:10:00 05636 0 1
20151221038 12:20:00 56192 0 0
20151221039 12:30:00 38347 1 0
20151221040 12:40:00 22736 1 0
20151221041 12:50:00 98640 0 0
20151221042 13:00:00 50503 1 0
20151221043 13:10:00 23131 0 1
20151221044 13:20:00 71953 0 0
20151221045 13:30:00 14401 1 0
20151221046 13:40:00 96196 0 0
20151221047 13:50:00 37234 0 0
20151221048 14:00:00 30611 0 1
20151221049 14:10:00 41686 0 1
20151221050 14:20:00 90283 0 0
20151221051 14:30:00 94287 0 0
20151221052 14:40:00 18364 0 0
20151221053 14:50:00 11657 1 0
20151221054 15:00:00 85574 1 0
20151221055 15:10:00 76541 0 0
20151221056 15:20:00 07697 0 0
20151221057 15:30:00 85459 0 0
20151221058 15:40:00 96109 0 0
20151221059 15:50:00 67110 0 1
20151221060 16:00:00 52654 0 0
20151221061 16:10:00 69985 1 0
20151221062 16:20:00 04620 0 0
20151221063 16:30:00 02620 0 0
20151221064 16:40:00 47376 0 0
20151221065 16:50:00 36996 0 1
20151221066 17:00:00 63806 0 0
20151221067 17:10:00 96558 0 1
20151221068 17:20:00 20161 0 1
20151221069 17:30:00 49989 1 1
20151221070 17:40:00 18279 0 0
20151221071 17:50:00 69106 0 0
20151221072 18:00:00 97697 0 0
20151221073 18:10:00 91219 0 0
20151221074 18:20:00 84539 0 0
20151221075 18:30:00 99983 1 0
20151221076 18:40:00 21627 0 0
20151221077 18:50:00 02514 0 0
20151221078 19:00:00 37436 0 0
20151221079 19:10:00 00085 1 0
20151221080 19:20:00 13899 0 1
20151221081 19:30:00 93602 0 0
20151221082 19:40:00 70424 0 1
20151221083 19:50:00 98638 0 0
20151221084 20:00:00 47690 0 0
20151221085 20:10:00 92337 0 1
20151221086 20:20:00 90673 0 0
20151221087 20:30:00 89616 0 1
20151221088 20:40:00 82896 1 0
20151221089 20:50:00 36907 0 0
20151221090 21:00:00 62625 1 0
20151221091 21:10:00 41043 0 0
20151221092 21:20:00 44367 1 0
20151221093 21:30:00 33687 1 0
20151221094 21:40:00 78333 0 1
20151221095 21:50:00 43897 0 0
20151221096 22:00:00 05627 0 0
20151221097 22:05:00 18803 1 0
20151221098 22:10:00 24387 0 0
20151221099 22:15:00 37501 0 0
20151221100 22:20:00 21217 1 0
20151221101 22:25:00 53626 0 1
20151221102 22:30:00 84749 0 0
20151221103 22:35:00 31292 0 1
20151221104 22:40:00 96453 0 0
20151221105 22:45:00 36155 0 1
20151221106 22:50:00 79491 0 0
20151221107 22:55:00 21769 0 0
20151221108 23:00:00 14878 0 1
20151221109 23:05:00 85100 0 1
20151221110 23:10:00 54084 0 0
20151221111 23:15:00 12113 1 1
20151221112 23:20:00 58511 1 1
20151221113 23:25:00 63405 0 0
20151221114 23:30:00 89154 0 0
20151221115 23:35:00 32672 0 0
20151221116 23:40:00 13367 1 0
20151221117 23:45:00 67544 0 1
20151221118 23:50:00 51590 1 0
20151221119 23:55:00 34492 1 0
20151221120 00:00:00 82335 0 1
