20151103001 00:05:00 26385 0 0
20151103002 00:10:00 92201 1 0
20151103003 00:15:00 24127 0 0
20151103004 00:20:00 85777 0 1
20151103005 00:25:00 10199 1 1
20151103006 00:30:00 44051 1 0
20151103007 00:35:00 82824 1 0
20151103008 00:40:00 32420 0 0
20151103009 00:45:00 35766 0 1
20151103010 00:50:00 74949 0 1
20151103011 00:55:00 48629 0 0
20151103012 01:00:00 06110 0 1
20151103013 01:05:00 10009 1 1
20151103014 01:10:00 69965 1 0
20151103015 01:15:00 51498 0 0
20151103016 01:20:00 34559 0 1
20151103017 01:25:00 78666 0 1
20151103018 01:30:00 98722 0 1
20151103019 01:35:00 12115 1 1
20151103020 01:40:00 20496 0 0
20151103021 01:45:00 22536 1 0
20151103022 01:50:00 89294 0 0
20151103023 01:55:00 07434 0 1
20151103024 10:00:00 93443 0 1
20151103025 10:10:00 85109 0 0
20151103026 10:20:00 78042 0 0
20151103027 10:30:00 98854 1 0
20151103028 10:40:00 06241 0 0
20151103029 10:50:00 57915 0 0
20151103030 11:00:00 88141 1 1
20151103031 11:10:00 62019 0 0
20151103032 11:20:00 01444 0 1
20151103033 11:30:00 89179 0 0
20151103034 11:40:00 50643 0 0
20151103035 11:50:00 26561 0 0
20151103036 12:00:00 38336 1 1
20151103037 12:10:00 81721 0 0
20151103038 12:20:00 51356 0 0
20151103039 12:30:00 39069 0 0
20151103040 12:40:00 09025 1 0
20151103041 12:50:00 66146 1 0
20151103042 13:00:00 21318 0 0
20151103043 13:10:00 93425 0 0
20151103044 13:20:00 17207 0 0
20151103045 13:30:00 23582 0 0
20151103046 13:40:00 60228 0 1
20151103047 13:50:00 17767 1 1
20151103048 14:00:00 34294 0 0
20151103049 14:10:00 87865 1 0
20151103050 14:20:00 75127 0 0
20151103051 14:30:00 02973 0 0
20151103052 14:40:00 30665 0 1
20151103053 14:50:00 06130 0 0
20151103054 15:00:00 27409 0 0
20151103055 15:10:00 79904 1 0
20151103056 15:20:00 95130 0 0
20151103057 15:30:00 43165 0 0
20151103058 15:40:00 10196 1 0
20151103059 15:50:00 66471 1 0
20151103060 16:00:00 64899 0 1
20151103061 16:10:00 16875 0 0
20151103062 16:20:00 28324 0 0
20151103063 16:30:00 66303 1 1
20151103064 16:40:00 59341 0 0
20151103065 16:50:00 28575 0 1
20151103066 17:00:00 97260 0 0
20151103067 17:10:00 01199 1 1
20151103068 17:20:00 84428 1 0
20151103069 17:30:00 94189 0 0
20151103070 17:40:00 44314 1 0
20151103071 17:50:00 02909 0 1
20151103072 18:00:00 27512 0 0
20151103073 18:10:00 42554 0 1
20151103074 18:20:00 56146 0 0
20151103075 18:30:00 78731 1 0
20151103076 18:40:00 98919 1 1
20151103077 18:50:00 86998 0 1
20151103078 19:00:00 99712 1 0
20151103079 19:10:00 56713 0 0
20151103080 19:20:00 99020 1 1
20151103081 19:30:00 32860 0 0
20151103082 19:40:00 95731 0 0
20151103083 19:50:00 96944 1 1
20151103084 20:00:00 45263 0 0
20151103085 20:10:00 28025 0 0
20151103086 20:20:00 94828 0 1
20151103087 20:30:00 63847 0 0
20151103088 20:40:00 85188 0 1
20151103089 20:50:00 80566 0 1
20151103090 21:00:00 60586 0 0
20151103091 21:10:00 75096 0 0
20151103092 21:20:00 47555 0 1
20151103093 21:30:00 33981 1 0
20151103094 21:40:00 58442 0 1
20151103095 21:50:00 99301 1 0
20151103096 22:00:00 55833 1 1
20151103097 22:05:00 94058 0 0
20151103098 22:10:00 52388 0 1
20151103099 22:15:00 24550 0 1
20151103100 22:20:00 47152 0 0
20151103101 22:25:00 84713 0 0
20151103102 22:30:00 00981 1 0
20151103103 22:35:00 55811 1 1
20151103104 22:40:00 40722 0 1
20151103105 22:45:00 14994 0 1
20151103106 22:50:00 06587 0 0
20151103107 22:55:00 60824 0 0
20151103108 23:00:00 86675 1 0
20151103109 23:05:00 84104 0 0
20151103110 23:10:00 88368 1 0
20151103111 23:15:00 83937 0 0
20151103112 23:20:00 76309 0 0
20151103113 23:25:00 08737 0 1
20151103114 23:30:00 28474 0 1
20151103115 23:35:00 96273 0 0
20151103116 23:40:00 67237 0 0
20151103117 23:45:00 40933 0 1
20151103118 23:50:00 58549 1 0
20151103119 23:55:00 01695 0 0
20151103120 00:00:00 43036 0 0
