20150206001 00:05:00 06230 0 0
20150206002 00:10:00 33600 1 1
20150206003 00:15:00 46284 0 0
20150206004 00:20:00 24995 0 1
20150206005 00:25:00 03707 0 1
20150206006 00:30:00 75112 0 1
20150206007 00:35:00 03344 1 1
20150206008 00:40:00 05780 0 0
20150206009 00:45:00 84058 0 0
20150206010 00:50:00 93048 0 0
20150206011 00:55:00 42953 0 0
20150206012 01:00:00 78605 0 0
20150206013 01:05:00 83044 0 1
20150206014 01:10:00 82391 0 0
20150206015 01:15:00 81563 0 0
20150206016 01:20:00 01717 0 1
20150206017 01:25:00 19138 1 0
20150206018 01:30:00 31013 0 0
20150206019 01:35:00 37890 0 0
20150206020 01:40:00 88954 1 0
20150206021 01:45:00 67402 0 0
20150206022 01:50:00 23600 0 1
20150206023 01:55:00 93369 1 0
20150206024 10:00:00 16540 0 0
20150206025 10:10:00 97185 0 0
20150206026 10:20:00 71801 0 0
20150206027 10:30:00 32956 0 0
20150206028 10:40:00 80003 1 1
20150206029 10:50:00 96189 0 0
20150206030 11:00:00 66999 1 1
20150206031 11:10:00 84991 0 1
20150206032 11:20:00 45946 0 0
20150206033 11:30:00 52791 0 0
20150206034 11:40:00 20982 0 0
20150206035 11:50:00 54446 1 1
20150206036 12:00:00 14380 0 0
20150206037 12:10:00 53146 0 0
20150206038 12:20:00 31898 0 1
20150206039 12:30:00 59026 0 0
20150206040 12:40:00 30149 0 0
20150206041 12:50:00 69625 1 0
20150206042 13:00:00 94619 0 0
20150206043 13:10:00 42112 0 1
20150206044 13:20:00 33115 1 1
20150206045 13:30:00 44104 1 0
20150206046 13:40:00 44690 1 0
20150206047 13:50:00 88235 1 0
20150206048 14:00:00 56224 0 1
20150206049 14:10:00 23268 1 0
20150206050 14:20:00 38950 0 0
20150206051 14:30:00 14149 1 0
20150206052 14:40:00 39617 0 0
20150206053 14:50:00 97409 0 0
20150206054 15:00:00 33397 1 0
20150206055 15:10:00 91947 1 0
20150206056 15:20:00 50274 0 0
20150206057 15:30:00 62474 0 1
20150206058 15:40:00 62239 1 0
20150206059 15:50:00 64111 0 1
20150206060 16:00:00 63014 0 0
20150206061 16:10:00 07742 1 0
20150206062 16:20:00 13948 0 0
20150206063 16:30:00 89770 0 1
20150206064 16:40:00 56934 0 0
20150206065 16:50:00 66650 1 0
20150206066 17:00:00 16469 0 0
20150206067 17:10:00 31542 0 0
20150206068 17:20:00 90310 0 0
20150206069 17:30:00 21938 0 0
20150206070 17:40:00 07538 0 0
20150206071 17:50:00 42777 0 1
20150206072 18:00:00 78333 0 1
20150206073 18:10:00 80763 0 0
20150206074 18:20:00 73015 0 0
20150206075 18:30:00 54369 0 0
20150206076 18:40:00 53937 0 0
20150206077 18:50:00 16983 0 0
20150206078 19:00:00 92386 0 0
20150206079 19:10:00 34074 0 0
20150206080 19:20:00 23079 0 0
20150206081 19:30:00 95459 0 0
20150206082 19:40:00 31271 0 0
20150206083 19:50:00 35586 1 0
20150206084 20:00:00 21299 1 1
20150206085 20:10:00 33697 1 0
20150206086 20:20:00 76003 0 1
20150206087 20:30:00 80251 0 0
20150206088 20:40:00 88733 1 1
20150206089 20:50:00 29107 0 0
20150206090 21:00:00 75827 0 0
20150206091 21:10:00 46872 0 0
20150206092 21:20:00 22589 1 0
20150206093 21:30:00 77367 1 0
20150206094 21:40:00 36965 0 0
20150206095 21:50:00 66622 1 1
20150206096 22:00:00 43733 0 1
20150206097 22:05:00 43244 0 1
20150206098 22:10:00 60096 1 0
20150206099 22:15:00 77297 1 0
20150206100 22:20:00 79704 1 0
20150206101 22:25:00 58696 0 1
20150206102 22:30:00 86397 0 0
20150206103 22:35:00 54374 0 0
20150206104 22:40:00 11113 1 1
20150206105 22:45:00 50331 0 1
20150206106 22:50:00 56367 0 0
20150206107 22:55:00 56624 1 0
20150206108 23:00:00 43661 0 1
20150206109 23:05:00 75754 1 0
20150206110 23:10:00 37210 0 0
20150206111 23:15:00 38317 1 0
20150206112 23:20:00 72528 0 0
20150206113 23:25:00 34663 0 1
20150206114 23:30:00 58755 0 1
20150206115 23:35:00 97278 0 0
20150206116 23:40:00 86413 0 0
20150206117 23:45:00 22516 1 0
20150206118 23:50:00 80015 1 0
20150206119 23:55:00 75988 0 1
20150206120 00:00:00 13344 1 1
