20151010001 00:05:00 77973 1 0
20151010002 00:10:00 49165 0 0
20151010003 00:15:00 79915 1 0
20151010004 00:20:00 58279 0 0
20151010005 00:25:00 53608 0 0
20151010006 00:30:00 98375 0 0
20151010007 00:35:00 81147 1 0
20151010008 00:40:00 94862 0 0
20151010009 00:45:00 16024 0 0
20151010010 00:50:00 82801 1 0
20151010011 00:55:00 31057 0 0
20151010012 01:00:00 99334 1 1
20151010013 01:05:00 84133 0 1
20151010014 01:10:00 97179 0 0
20151010015 01:15:00 82671 0 0
20151010016 01:20:00 30848 0 1
20151010017 01:25:00 34108 0 0
20151010018 01:30:00 92011 0 1
20151010019 01:35:00 14019 0 0
20151010020 01:40:00 86020 0 1
20151010021 01:45:00 52643 0 0
20151010022 01:50:00 34752 0 0
20151010023 01:55:00 64445 1 1
20151010024 10:00:00 03693 0 0
20151010025 10:10:00 01605 0 0
20151010026 10:20:00 51136 1 0
20151010027 10:30:00 60137 0 0
20151010028 10:40:00 86841 1 0
20151010029 10:50:00 28084 0 0
20151010030 11:00:00 11527 1 0
20151010031 11:10:00 10690 0 0
20151010032 11:20:00 71981 0 0
20151010033 11:30:00 77778 1 1
20151010034 11:40:00 81525 0 1
20151010035 11:50:00 55900 1 1
20151010036 12:00:00 61923 0 0
20151010037 12:10:00 27168 0 0
20151010038 12:20:00 30352 1 0
20151010039 12:30:00 80276 0 0
20151010040 12:40:00 43411 1 1
20151010041 12:50:00 27570 0 0
20151010042 13:00:00 91073 0 0
20151010043 13:10:00 12785 0 0
20151010044 13:20:00 45916 0 0
20151010045 13:30:00 04829 0 0
20151010046 13:40:00 08810 1 0
20151010047 13:50:00 44271 1 0
20151010048 14:00:00 51198 1 0
20151010049 14:10:00 88441 1 1
20151010050 14:20:00 52849 0 0
20151010051 14:30:00 54212 0 1
20151010052 14:40:00 11274 1 0
20151010053 14:50:00 91799 0 1
20151010054 15:00:00 61636 1 1
20151010055 15:10:00 47712 1 0
20151010056 15:20:00 55946 1 0
20151010057 15:30:00 00758 1 0
20151010058 15:40:00 76217 0 0
20151010059 15:50:00 57719 1 0
20151010060 16:00:00 57903 0 0
20151010061 16:10:00 33482 1 0
20151010062 16:20:00 12694 0 0
20151010063 16:30:00 51510 1 0
20151010064 16:40:00 32367 1 0
20151010065 16:50:00 36467 0 0
20151010066 17:00:00 47156 0 0
20151010067 17:10:00 26852 0 0
20151010068 17:20:00 28902 0 0
20151010069 17:30:00 04432 1 0
20151010070 17:40:00 80461 0 0
20151010071 17:50:00 76191 0 1
20151010072 18:00:00 67649 1 0
20151010073 18:10:00 97815 0 0
20151010074 18:20:00 77135 1 0
20151010075 18:30:00 21596 0 0
20151010076 18:40:00 12453 0 0
20151010077 18:50:00 61008 0 1
20151010078 19:00:00 81029 0 0
20151010079 19:10:00 70058 1 0
20151010080 19:20:00 54071 0 0
20151010081 19:30:00 33320 1 0
20151010082 19:40:00 21567 0 0
20151010083 19:50:00 69783 0 0
20151010084 20:00:00 88693 1 0
20151010085 20:10:00 62163 0 0
20151010086 20:20:00 22876 1 0
20151010087 20:30:00 32353 1 1
20151010088 20:40:00 47047 0 0
20151010089 20:50:00 23569 0 0
20151010090 21:00:00 75673 0 0
20151010091 21:10:00 69605 1 0
20151010092 21:20:00 44994 1 1
20151010093 21:30:00 56209 0 0
20151010094 21:40:00 34496 1 0
20151010095 21:50:00 90215 0 0
20151010096 22:00:00 59165 0 0
20151010097 22:05:00 87054 0 0
20151010098 22:10:00 58718 0 0
20151010099 22:15:00 81304 0 0
20151010100 22:20:00 87481 0 0
20151010101 22:25:00 28504 0 0
20151010102 22:30:00 56275 0 0
20151010103 22:35:00 04180 0 0
20151010104 22:40:00 78602 0 0
20151010105 22:45:00 42555 0 1
20151010106 22:50:00 53077 0 1
20151010107 22:55:00 47507 0 0
20151010108 23:00:00 42768 0 0
20151010109 23:05:00 43320 1 0
20151010110 23:10:00 76904 0 0
20151010111 23:15:00 44014 1 0
20151010112 23:20:00 48617 0 0
20151010113 23:25:00 01700 0 1
20151010114 23:30:00 04170 0 0
20151010115 23:35:00 85858 1 1
20151010116 23:40:00 44511 1 1
20151010117 23:45:00 00714 1 0
20151010118 23:50:00 51161 1 1
20151010119 23:55:00 45921 0 0
20151010120 00:00:00 38140 0 0
