20150521001 00:05:00 40414 1 1
20150521002 00:10:00 53162 0 0
20150521003 00:15:00 90331 0 1
20150521004 00:20:00 80983 0 0
20150521005 00:25:00 07445 0 1
20150521006 00:30:00 56295 0 0
20150521007 00:35:00 71226 0 1
20150521008 00:40:00 47466 1 1
20150521009 00:45:00 85241 0 0
20150521010 00:50:00 17697 0 0
20150521011 00:55:00 84491 1 0
20150521012 01:00:00 89380 0 0
20150521013 01:05:00 16247 0 0
20150521014 01:10:00 47695 0 0
20150521015 01:15:00 54819 0 0
20150521016 01:20:00 48853 1 0
20150521017 01:25:00 06757 0 1
20150521018 01:30:00 59100 0 1
20150521019 01:35:00 71118 1 1
20150521020 01:40:00 96997 1 1
20150521021 01:45:00 87780 1 0
20150521022 01:50:00 50692 0 0
20150521023 01:55:00 88022 1 1
20150521024 10:00:00 41556 0 1
20150521025 10:10:00 53475 0 0
20150521026 10:20:00 75891 0 0
20150521027 10:30:00 51019 0 0
20150521028 10:40:00 98498 0 0
20150521029 10:50:00 84703 0 0
20150521030 11:00:00 16791 0 0
20150521031 11:10:00 91762 0 0
20150521032 11:20:00 56215 0 0
20150521033 11:30:00 45265 0 0
20150521034 11:40:00 88971 1 0
20150521035 11:50:00 01512 0 0
20150521036 12:00:00 25677 0 1
20150521037 12:10:00 29302 0 0
20150521038 12:20:00 38406 0 0
20150521039 12:30:00 27125 0 0
20150521040 12:40:00 92290 1 0
20150521041 12:50:00 08173 0 0
20150521042 13:00:00 72966 0 1
20150521043 13:10:00 01679 0 0
20150521044 13:20:00 40876 0 0
20150521045 13:30:00 55694 1 0
20150521046 13:40:00 53177 0 1
20150521047 13:50:00 50632 0 0
20150521048 14:00:00 12314 0 0
20150521049 14:10:00 28044 0 1
20150521050 14:20:00 66351 1 0
20150521051 14:30:00 97270 0 0
20150521052 14:40:00 01850 0 0
20150521053 14:50:00 90195 0 0
20150521054 15:00:00 95857 0 0
20150521055 15:10:00 49170 0 0
20150521056 15:20:00 73717 1 1
20150521057 15:30:00 71230 0 0
20150521058 15:40:00 38950 0 0
20150521059 15:50:00 22104 1 0
20150521060 16:00:00 02218 1 0
20150521061 16:10:00 15418 0 0
20150521062 16:20:00 55026 1 0
20150521063 16:30:00 34966 0 1
20150521064 16:40:00 77763 1 0
20150521065 16:50:00 12419 0 0
20150521066 17:00:00 23897 0 0
20150521067 17:10:00 07308 0 0
20150521068 17:20:00 12788 0 1
20150521069 17:30:00 72707 1 1
20150521070 17:40:00 34782 0 0
20150521071 17:50:00 60444 0 1
20150521072 18:00:00 64925 0 0
20150521073 18:10:00 99577 1 1
20150521074 18:20:00 99234 1 0
20150521075 18:30:00 67382 0 0
20150521076 18:40:00 01718 0 0
20150521077 18:50:00 09540 0 0
20150521078 19:00:00 43516 0 0
20150521079 19:10:00 98453 0 0
20150521080 19:20:00 75268 0 0
20150521081 19:30:00 29987 1 0
20150521082 19:40:00 02607 0 0
20150521083 19:50:00 33978 1 0
20150521084 20:00:00 83513 0 0
20150521085 20:10:00 55779 1 1
20150521086 20:20:00 28945 0 0
20150521087 20:30:00 49447 1 1
20150521088 20:40:00 37573 0 0
20150521089 20:50:00 91576 0 0
20150521090 21:00:00 40363 0 1
20150521091 21:10:00 15267 0 0
20150521092 21:20:00 42278 1 0
20150521093 21:30:00 02639 0 0
20150521094 21:40:00 72992 0 1
20150521095 21:50:00 70624 0 0
20150521096 22:00:00 06054 1 0
20150521097 22:05:00 22096 1 0
20150521098 22:10:00 86919 0 1
20150521099 22:15:00 44786 1 0
20150521100 22:20:00 20138 0 0
20150521101 22:25:00 70137 0 0
20150521102 22:30:00 27405 0 0
20150521103 22:35:00 79008 0 1
20150521104 22:40:00 34846 0 0
20150521105 22:45:00 76976 0 0
20150521106 22:50:00 26533 0 1
20150521107 22:55:00 76809 0 0
20150521108 23:00:00 32798 0 0
20150521109 23:05:00 19683 0 0
20150521110 23:10:00 10712 0 0
20150521111 23:15:00 78314 0 0
20150521112 23:20:00 64949 0 1
20150521113 23:25:00 08869 1 0
20150521114 23:30:00 60618 1 0
20150521115 23:35:00 06032 1 0
20150521116 23:40:00 17162 1 0
20150521117 23:45:00 14804 0 0
20150521118 23:50:00 59655 0 1
20150521119 23:55:00 65902 0 0
20150521120 00:00:00 72102 0 0
