20150228001 00:05:00 16289 0 0
20150228002 00:10:00 89421 0 0
20150228003 00:15:00 82045 0 0
20150228004 00:20:00 57381 0 0
20150228005 00:25:00 76702 1 0
20150228006 00:30:00 34506 0 0
20150228007 00:35:00 11464 1 1
20150228008 00:40:00 91467 0 0
20150228009 00:45:00 53908 0 0
20150228010 00:50:00 80520 0 0
20150228011 00:55:00 86259 0 0
20150228012 01:00:00 40658 0 0
20150228013 01:05:00 41428 1 0
20150228014 01:10:00 87886 1 1
20150228015 01:15:00 15400 0 1
20150228016 01:20:00 09003 1 1
20150228017 01:25:00 21076 0 0
20150228018 01:30:00 12975 0 0
20150228019 01:35:00 81960 0 0
20150228020 01:40:00 90645 0 0
20150228021 01:45:00 32289 1 0
20150228022 01:50:00 08730 0 0
20150228023 01:55:00 43862 0 0
20150228024 10:00:00 41037 0 0
20150228025 10:10:00 22006 1 1
20150228026 10:20:00 46548 0 0
20150228027 10:30:00 23374 1 0
20150228028 10:40:00 21197 1 0
20150228029 10:50:00 03847 0 0
20150228030 11:00:00 49596 0 0
20150228031 11:10:00 97172 0 0
20150228032 11:20:00 35481 0 0
20150228033 11:30:00 03536 0 0
20150228034 11:40:00 16889 0 1
20150228035 11:50:00 82430 0 0
20150228036 12:00:00 10189 1 0
20150228037 12:10:00 49683 0 0
20150228038 12:20:00 08603 0 0
20150228039 12:30:00 01898 0 1
20150228040 12:40:00 90798 0 0
20150228041 12:50:00 28210 1 0
20150228042 13:00:00 50744 0 1
20150228043 13:10:00 56581 1 0
20150228044 13:20:00 56818 0 1
20150228045 13:30:00 61120 1 0
20150228046 13:40:00 42290 1 0
20150228047 13:50:00 76307 0 0
20150228048 14:00:00 34525 0 1
20150228049 14:10:00 72221 1 1
20150228050 14:20:00 53829 0 0
20150228051 14:30:00 04475 1 0
20150228052 14:40:00 18754 0 0
20150228053 14:50:00 75014 0 0
20150228054 15:00:00 09700 0 1
20150228055 15:10:00 81997 0 1
20150228056 15:20:00 94257 0 0
20150228057 15:30:00 34998 0 1
20150228058 15:40:00 09117 0 1
20150228059 15:50:00 72694 0 0
20150228060 16:00:00 23809 0 0
20150228061 16:10:00 15988 0 1
20150228062 16:20:00 63155 0 1
20150228063 16:30:00 62085 0 0
20150228064 16:40:00 67571 0 0
20150228065 16:50:00 12764 0 0
20150228066 17:00:00 91672 0 0
20150228067 17:10:00 65370 0 0
20150228068 17:20:00 68878 1 1
20150228069 17:30:00 14955 0 1
20150228070 17:40:00 76296 0 0
20150228071 17:50:00 59369 0 0
20150228072 18:00:00 89613 0 0
20150228073 18:10:00 35363 1 1
20150228074 18:20:00 33796 1 0
20150228075 18:30:00 93260 0 0
20150228076 18:40:00 40031 1 0
20150228077 18:50:00 14388 0 1
20150228078 19:00:00 26902 0 0
20150228079 19:10:00 45057 0 0
20150228080 19:20:00 48465 1 0
20150228081 19:30:00 64106 0 0
20150228082 19:40:00 68574 0 0
20150228083 19:50:00 70989 0 1
20150228084 20:00:00 77932 1 0
20150228085 20:10:00 50111 0 1
20150228086 20:20:00 82017 0 0
20150228087 20:30:00 48283 0 0
20150228088 20:40:00 30510 0 0
20150228089 20:50:00 95751 0 0
20150228090 21:00:00 90714 0 0
20150228091 21:10:00 20838 0 1
20150228092 21:20:00 24574 0 0
20150228093 21:30:00 62980 0 0
20150228094 21:40:00 95607 0 0
20150228095 21:50:00 03391 1 0
20150228096 22:00:00 52452 0 0
20150228097 22:05:00 01217 0 0
20150228098 22:10:00 03975 0 0
20150228099 22:15:00 45762 0 0
20150228100 22:20:00 48016 0 0
20150228101 22:25:00 67555 0 1
20150228102 22:30:00 81684 0 0
20150228103 22:35:00 25322 0 1
20150228104 22:40:00 35833 0 1
20150228105 22:45:00 92718 0 0
20150228106 22:50:00 87470 0 0
20150228107 22:55:00 58684 0 0
20150228108 23:00:00 54707 0 1
20150228109 23:05:00 10037 1 0
20150228110 23:10:00 30220 0 1
20150228111 23:15:00 91571 0 0
20150228112 23:20:00 84201 0 0
20150228113 23:25:00 05900 0 1
20150228114 23:30:00 30183 0 0
20150228115 23:35:00 84569 0 0
20150228116 23:40:00 27308 0 0
20150228117 23:45:00 87663 0 1
20150228118 23:50:00 59935 1 0
20150228119 23:55:00 92746 0 0
20150228120 00:00:00 74137 0 0
