20150811001 00:05:00 24380 0 0
20150811002 00:10:00 87402 0 0
20150811003 00:15:00 84333 0 1
20150811004 00:20:00 57749 1 0
20150811005 00:25:00 76802 0 0
20150811006 00:30:00 18959 0 1
20150811007 00:35:00 00784 1 0
20150811008 00:40:00 59211 0 1
20150811009 00:45:00 71725 1 0
20150811010 00:50:00 68667 1 1
20150811011 00:55:00 14670 0 0
20150811012 01:00:00 97323 0 1
20150811013 01:05:00 90443 0 1
20150811014 01:10:00 56757 0 1
20150811015 01:15:00 98788 0 1
20150811016 01:20:00 20193 0 0
20150811017 01:25:00 38474 0 1
20150811018 01:30:00 59369 0 0
20150811019 01:35:00 17622 0 1
20150811020 01:40:00 54498 1 0
20150811021 01:45:00 48940 0 0
20150811022 01:50:00 31879 0 0
20150811023 01:55:00 61327 0 0
20150811024 10:00:00 22890 1 0
20150811025 10:10:00 44917 1 0
20150811026 10:20:00 79541 0 0
20150811027 10:30:00 63819 0 0
20150811028 10:40:00 59853 0 0
20150811029 10:50:00 25080 0 1
20150811030 11:00:00 32069 0 0
20150811031 11:10:00 23781 0 0
20150811032 11:20:00 85736 0 0
20150811033 11:30:00 35347 1 0
20150811034 11:40:00 17402 0 0
20150811035 11:50:00 20119 0 1
20150811036 12:00:00 03300 1 1
20150811037 12:10:00 17487 0 0
20150811038 12:20:00 38785 0 0
20150811039 12:30:00 48595 0 1
20150811040 12:40:00 75230 0 0
20150811041 12:50:00 74091 0 0
20150811042 13:00:00 14065 0 0
20150811043 13:10:00 61519 0 0
20150811044 13:20:00 08517 0 0
20150811045 13:30:00 03091 1 0
20150811046 13:40:00 62130 0 0
20150811047 13:50:00 62296 1 0
20150811048 14:00:00 24172 0 0
20150811049 14:10:00 63592 0 0
20150811050 14:20:00 98599 0 1
20150811051 14:30:00 98156 0 0
20150811052 14:40:00 42449 1 1
20150811053 14:50:00 38708 0 0
20150811054 15:00:00 98239 0 0
20150811055 15:10:00 32543 0 0
20150811056 15:20:00 96594 0 0
20150811057 15:30:00 97324 0 0
20150811058 15:40:00 78248 0 0
20150811059 15:50:00 55579 1 0
20150811060 16:00:00 92098 0 0
20150811061 16:10:00 58549 1 0
20150811062 16:20:00 11484 1 1
20150811063 16:30:00 97211 0 1
20150811064 16:40:00 69038 0 0
20150811065 16:50:00 51555 1 1
20150811066 17:00:00 05441 0 1
20150811067 17:10:00 08570 0 0
20150811068 17:20:00 14919 0 1
20150811069 17:30:00 61122 1 1
20150811070 17:40:00 73195 0 0
20150811071 17:50:00 99166 1 1
20150811072 18:00:00 52729 0 0
20150811073 18:10:00 26747 0 1
20150811074 18:20:00 83710 0 0
20150811075 18:30:00 53872 0 0
20150811076 18:40:00 32502 0 0
20150811077 18:50:00 19394 0 0
20150811078 19:00:00 87496 0 0
20150811079 19:10:00 91570 0 0
20150811080 19:20:00 47502 0 0
20150811081 19:30:00 13968 0 0
20150811082 19:40:00 57611 0 1
20150811083 19:50:00 38125 0 0
20150811084 20:00:00 46756 0 0
20150811085 20:10:00 50912 0 0
20150811086 20:20:00 34876 0 0
20150811087 20:30:00 49237 0 0
20150811088 20:40:00 26800 0 1
20150811089 20:50:00 54660 0 1
20150811090 21:00:00 36184 0 0
20150811091 21:10:00 77520 1 0
20150811092 21:20:00 07797 1 1
20150811093 21:30:00 51826 0 0
20150811094 21:40:00 62856 0 0
20150811095 21:50:00 44647 1 0
20150811096 22:00:00 37651 0 0
20150811097 22:05:00 10747 0 1
20150811098 22:10:00 67400 0 1
20150811099 22:15:00 93743 0 0
20150811100 22:20:00 81742 0 0
20150811101 22:25:00 18508 0 0
20150811102 22:30:00 60446 0 1
20150811103 22:35:00 89793 0 0
20150811104 22:40:00 89513 0 0
20150811105 22:45:00 79042 0 0
20150811106 22:50:00 80300 0 1
20150811107 22:55:00 75798 1 0
20150811108 23:00:00 79361 0 0
20150811109 23:05:00 84540 0 0
20150811110 23:10:00 49813 0 0
20150811111 23:15:00 55838 1 1
20150811112 23:20:00 74210 0 0
20150811113 23:25:00 10999 0 1
20150811114 23:30:00 28769 0 0
20150811115 23:35:00 12957 0 0
20150811116 23:40:00 99559 1 1
20150811117 23:45:00 11356 1 0
20150811118 23:50:00 81329 0 0
20150811119 23:55:00 80012 1 0
20150811120 00:00:00 75651 0 0
