20150829001 00:05:00 38023 0 0
20150829002 00:10:00 30382 1 0
20150829003 00:15:00 33090 1 1
20150829004 00:20:00 56430 0 0
20150829005 00:25:00 63194 0 0
20150829006 00:30:00 62810 0 0
20150829007 00:35:00 17182 1 0
20150829008 00:40:00 18376 0 0
20150829009 00:45:00 55367 1 0
20150829010 00:50:00 49549 0 0
20150829011 00:55:00 98932 1 0
20150829012 01:00:00 07490 0 0
20150829013 01:05:00 87401 0 0
20150829014 01:10:00 90724 0 0
20150829015 01:15:00 56667 1 1
20150829016 01:20:00 61230 0 0
20150829017 01:25:00 59385 0 0
20150829018 01:30:00 97710 1 0
20150829019 01:35:00 95464 0 1
20150829020 01:40:00 26350 0 0
20150829024 10:00:00 08524 0 0
20150829025 10:10:00 92774 0 1
20150829026 10:20:00 55559 1 1
20150829027 10:30:00 94851 0 0
20150829028 10:40:00 85313 0 1
20150829029 10:50:00 71420 0 0
20150829030 11:00:00 35990 0 1
20150829031 11:10:00 91913 1 0
20150829032 11:20:00 67727 1 1
20150829033 11:30:00 20957 0 0
20150829034 11:40:00 88584 1 0
20150829035 11:50:00 19851 0 0
20150829036 12:00:00 38180 0 0
20150829037 12:10:00 44357 1 0
20150829038 12:20:00 61882 0 1
20150829039 12:30:00 51360 0 0
20150829040 12:40:00 54868 0 1
20150829041 12:50:00 90931 1 0
20150829042 13:00:00 23236 1 0
20150829043 13:10:00 53342 1 0
20150829044 13:20:00 45588 1 1
20150829045 13:30:00 77348 1 0
20150829046 13:40:00 50066 1 1
20150829047 13:50:00 04782 0 0
20150829048 14:00:00 25702 0 0
20150829049 14:10:00 85531 1 0
20150829050 14:20:00 84735 0 0
20150829051 14:30:00 23426 0 0
20150829052 14:40:00 28194 0 0
20150829053 14:50:00 22137 1 0
20150829054 15:00:00 09588 0 1
20150829055 15:10:00 47267 0 0
20150829056 15:20:00 65200 0 1
20150829057 15:30:00 36647 1 0
20150829058 15:40:00 96241 0 0
20150829059 15:50:00 29119 0 1
20150829060 16:00:00 09735 0 0
20150829061 16:10:00 94718 0 0
20150829062 16:20:00 35364 1 0
20150829063 16:30:00 12491 0 0
20150829064 16:40:00 89909 1 1
20150829065 16:50:00 01345 0 0
20150829066 17:00:00 24257 1 0
20150829067 17:10:00 82146 0 0
20150829068 17:20:00 24502 0 0
20150829069 17:30:00 69633 1 1
20150829070 17:40:00 46530 0 0
20150829071 17:50:00 70804 0 0
20150829072 18:00:00 93005 0 1
20150829073 18:10:00 40088 1 1
20150829074 18:20:00 66348 1 0
20150829075 18:30:00 69749 0 0
20150829076 18:40:00 77307 1 0
20150829077 18:50:00 80779 0 1
20150829078 19:00:00 33213 1 0
20150829079 19:10:00 15397 0 0
20150829080 19:20:00 11347 1 0
20150829081 19:30:00 40817 0 0
20150829082 19:40:00 74907 0 0
20150829083 19:50:00 25213 1 0
20150829084 20:00:00 69441 0 1
20150829085 20:10:00 40824 0 0
20150829086 20:20:00 71190 1 0
20150829087 20:30:00 48811 1 1
20150829088 20:40:00 25046 0 0
20150829089 20:50:00 68037 0 0
20150829090 21:00:00 25584 1 0
20150829091 21:10:00 87291 0 0
20150829092 21:20:00 21769 0 0
20150829093 21:30:00 07694 0 0
20150829094 21:40:00 66396 1 0
20150829095 21:50:00 06514 0 0
20150829096 22:00:00 41045 0 0
20150829100 22:20:00 87377 0 1
20150829101 22:25:00 02374 0 0
20150829102 22:30:00 43070 0 1
20150829103 22:35:00 52387 0 0
20150829104 22:40:00 49980 1 0
20150829105 22:45:00 51658 0 0
20150829106 22:50:00 00947 1 0
20150829107 22:55:00 77180 1 0
20150829108 23:00:00 54877 0 1
20150829109 23:05:00 27796 1 0
20150829111 23:15:00 65656 1 1
20150829112 23:20:00 91515 0 1
20150829113 23:25:00 05820 0 0
20150829114 23:30:00 15667 0 1
20150829115 23:35:00 12071 0 0
20150829116 23:40:00 19417 0 0
20150829117 23:45:00 34054 0 0
20150829118 23:50:00 97293 0 0
20150829119 23:55:00 97725 1 0
20150829120 00:00:00 14009 0 1
