20151012001 00:05:00 08385 0 0
20151012002 00:10:00 90292 0 1
20151012003 00:15:00 93239 0 0
20151012004 00:20:00 44820 1 0
20151012005 00:25:00 89465 0 0
20151012006 00:30:00 38756 0 0
20151012007 00:35:00 61210 0 0
20151012008 00:40:00 86273 0 0
20151012009 00:45:00 73614 0 0
20151012010 00:50:00 32727 0 1
20151012011 00:55:00 54182 0 0
20151012012 01:00:00 08289 0 0
20151012013 01:05:00 82602 0 0
20151012014 01:10:00 82747 0 1
20151012015 01:15:00 74683 0 0
20151012016 01:20:00 42436 1 0
20151012017 01:25:00 52550 1 1
20151012018 01:30:00 99700 1 1
20151012019 01:35:00 51722 0 1
20151012020 01:40:00 34491 1 0
20151012021 01:45:00 50021 1 0
20151012022 01:50:00 39633 0 1
20151012023 01:55:00 55096 1 0
20151012024 10:00:00 59246 0 0
20151012025 10:10:00 94636 0 1
20151012026 10:20:00 73874 0 0
20151012027 10:30:00 80322 0 1
20151012028 10:40:00 06229 0 1
20151012029 10:50:00 69280 0 0
20151012030 11:00:00 26645 1 0
20151012031 11:10:00 57901 0 0
20151012032 11:20:00 42275 1 0
20151012033 11:30:00 89180 0 0
20151012034 11:40:00 55708 1 0
20151012035 11:50:00 89832 1 0
20151012036 12:00:00 03953 0 0
20151012037 12:10:00 62078 0 0
20151012038 12:20:00 78521 0 0
20151012039 12:30:00 06553 0 1
20151012040 12:40:00 48637 0 0
20151012041 12:50:00 47266 0 1
20151012042 13:00:00 43556 0 1
20151012043 13:10:00 93374 1 0
20151012044 13:20:00 22348 1 0
20151012045 13:30:00 85934 0 0
20151012046 13:40:00 69379 0 0
20151012047 13:50:00 22963 1 0
20151012048 14:00:00 46902 0 0
20151012049 14:10:00 75212 0 1
20151012050 14:20:00 99564 1 0
20151012051 14:30:00 49525 0 1
20151012052 14:40:00 06107 0 0
20151012053 14:50:00 12863 0 0
20151012054 15:00:00 21219 1 0
20151012055 15:10:00 76896 0 0
20151012056 15:20:00 85663 0 1
20151012057 15:30:00 14417 1 0
20151012058 15:40:00 74398 0 0
20151012059 15:50:00 07660 0 1
20151012060 16:00:00 35612 0 0
20151012061 16:10:00 31361 1 0
20151012062 16:20:00 90680 0 0
20151012063 16:30:00 75181 0 1
20151012064 16:40:00 16325 0 0
20151012065 16:50:00 41279 0 0
20151012066 17:00:00 10976 0 0
20151012067 17:10:00 20083 1 0
20151012068 17:20:00 34635 0 0
20151012069 17:30:00 71741 1 0
20151012070 17:40:00 21537 0 0
20151012071 17:50:00 01450 0 0
20151012072 18:00:00 12511 0 1
20151012073 18:10:00 34548 0 0
20151012074 18:20:00 47537 0 0
20151012075 18:30:00 27957 0 0
20151012076 18:40:00 21200 1 1
20151012077 18:50:00 39083 0 0
20151012078 19:00:00 33502 1 0
20151012079 19:10:00 29123 0 0
20151012080 19:20:00 01626 0 1
20151012081 19:30:00 14861 0 0
20151012082 19:40:00 91597 0 0
20151012083 19:50:00 44820 1 0
20151012084 20:00:00 76085 0 0
20151012085 20:10:00 91747 0 1
20151012086 20:20:00 23973 0 0
20151012087 20:30:00 57714 1 0
20151012088 20:40:00 95166 0 1
20151012089 20:50:00 91261 0 0
20151012090 21:00:00 36846 0 0
20151012091 21:10:00 20434 0 1
20151012092 21:20:00 20483 0 0
20151012093 21:30:00 21459 0 0
20151012094 21:40:00 10220 0 1
20151012095 21:50:00 05237 0 0
20151012096 22:00:00 86780 0 0
20151012097 22:05:00 52732 0 0
20151012098 22:10:00 67454 0 1
20151012099 22:15:00 36612 1 0
20151012100 22:20:00 60952 0 0
20151012101 22:25:00 94333 0 1
20151012102 22:30:00 71783 1 0
20151012103 22:35:00 86562 0 0
20151012104 22:40:00 68471 0 0
20151012105 22:45:00 30569 0 0
20151012106 22:50:00 91796 0 0
20151012107 22:55:00 81378 0 0
20151012108 23:00:00 08349 0 0
20151012109 23:05:00 84255 0 1
20151012110 23:10:00 03071 1 0
20151012111 23:15:00 48589 0 0
20151012112 23:20:00 40997 0 1
20151012113 23:25:00 72932 0 0
20151012114 23:30:00 50042 1 0
20151012115 23:35:00 40507 0 0
20151012116 23:40:00 98600 0 1
20151012117 23:45:00 84804 1 0
20151012118 23:50:00 23493 0 0
20151012119 23:55:00 24004 0 1
20151012120 00:00:00 72685 0 0
