20150709001 00:05:00 30091 1 0
20150709002 00:10:00 31752 0 0
20150709003 00:15:00 51552 1 1
20150709004 00:20:00 31679 0 0
20150709005 00:25:00 04587 0 0
20150709006 00:30:00 28957 0 0
20150709007 00:35:00 78959 0 1
20150709008 00:40:00 01162 1 0
20150709009 00:45:00 93457 0 0
20150709010 00:50:00 34017 0 0
20150709011 00:55:00 41583 0 0
20150709012 01:00:00 20846 0 0
20150709013 01:05:00 47144 0 1
20150709014 01:10:00 05862 0 0
20150709015 01:15:00 14955 0 1
20150709016 01:20:00 62466 0 1
20150709017 01:25:00 01999 0 1
20150709018 01:30:00 12072 0 0
20150709019 01:35:00 36649 1 0
20150709020 01:40:00 58883 1 1
20150709021 01:45:00 08250 0 0
20150709022 01:50:00 90776 0 1
20150709023 01:55:00 32378 1 0
20150709024 10:00:00 33808 1 1
20150709025 10:10:00 90993 1 1
20150709026 10:20:00 62230 1 0
20150709027 10:30:00 65569 1 0
20150709028 10:40:00 96683 1 0
20150709029 10:50:00 17398 0 0
20150709030 11:00:00 50793 0 0
20150709031 11:10:00 74434 1 1
20150709032 11:20:00 80751 0 0
20150709033 11:30:00 66891 1 0
20150709034 11:40:00 02486 0 0
20150709035 11:50:00 81037 0 0
20150709036 12:00:00 80868 1 1
20150709037 12:10:00 48705 0 0
20150709038 12:20:00 96072 0 0
20150709039 12:30:00 06140 0 0
20150709040 12:40:00 84871 1 0
20150709041 12:50:00 06745 0 0
20150709042 13:00:00 37051 0 0
20150709043 13:10:00 67547 0 0
20150709044 13:20:00 07551 0 1
20150709045 13:30:00 74958 0 0
20150709046 13:40:00 24553 0 1
20150709047 13:50:00 24433 1 1
20150709048 14:00:00 57502 1 0
20150709049 14:10:00 66784 1 0
20150709050 14:20:00 23016 0 0
20150709051 14:30:00 86850 1 0
20150709052 14:40:00 88748 1 0
20150709053 14:50:00 66347 1 0
20150709054 15:00:00 12827 0 0
20150709055 15:10:00 93218 0 0
20150709056 15:20:00 40613 0 0
20150709057 15:30:00 98141 0 1
20150709058 15:40:00 25916 0 0
20150709059 15:50:00 22878 1 1
20150709060 16:00:00 95678 0 0
20150709061 16:10:00 34723 0 0
20150709062 16:20:00 41888 0 1
20150709063 16:30:00 27033 0 1
20150709064 16:40:00 84553 0 1
20150709065 16:50:00 54092 0 0
20150709066 17:00:00 40269 0 0
20150709067 17:10:00 35963 0 0
20150709068 17:20:00 41261 0 0
20150709069 17:30:00 19474 0 1
20150709070 17:40:00 02393 0 1
20150709071 17:50:00 38632 0 0
20150709072 18:00:00 95179 0 0
20150709073 18:10:00 89516 0 0
20150709074 18:20:00 03301 1 0
20150709075 18:30:00 49484 1 1
20150709076 18:40:00 66141 1 1
20150709077 18:50:00 75182 0 0
20150709078 19:00:00 55152 1 0
20150709079 19:10:00 15437 0 0
20150709080 19:20:00 64010 0 1
20150709081 19:30:00 15728 0 0
20150709082 19:40:00 01022 1 1
20150709083 19:50:00 39123 0 0
20150709084 20:00:00 59214 0 0
20150709085 20:10:00 01051 1 0
20150709086 20:20:00 30312 1 0
20150709087 20:30:00 61564 0 0
20150709088 20:40:00 75069 0 0
20150709089 20:50:00 75187 0 0
20150709090 21:00:00 25502 1 0
20150709091 21:10:00 27086 0 0
20150709092 21:20:00 28631 0 0
20150709093 21:30:00 08292 0 1
20150709094 21:40:00 25127 0 0
20150709095 21:50:00 67681 1 0
20150709096 22:00:00 81064 0 0
20150709097 22:05:00 57182 0 0
20150709098 22:10:00 11854 1 0
20150709099 22:15:00 59903 1 0
20150709100 22:20:00 89277 0 1
20150709101 22:25:00 80593 0 0
20150709102 22:30:00 03680 0 0
20150709103 22:35:00 58344 0 1
20150709104 22:40:00 95664 0 1
20150709105 22:45:00 73777 1 1
20150709106 22:50:00 73533 0 1
20150709107 22:55:00 79330 0 1
20150709108 23:00:00 43941 0 0
20150709109 23:05:00 10906 0 0
20150709110 23:10:00 65164 0 0
20150709111 23:15:00 39133 0 1
20150709112 23:20:00 10102 1 0
20150709113 23:25:00 57359 0 0
20150709114 23:30:00 21260 1 0
20150709115 23:35:00 35382 1 0
20150709116 23:40:00 26098 0 0
20150709117 23:45:00 77911 1 1
20150709118 23:50:00 08981 0 0
20150709119 23:55:00 59775 0 1
20150709120 00:00:00 72765 1 0
