20151202001 00:05:00 14227 0 1
20151202002 00:10:00 31322 1 1
20151202003 00:15:00 76812 0 0
20151202004 00:20:00 41664 0 1
20151202005 00:25:00 10229 0 1
20151202006 00:30:00 15477 0 1
20151202007 00:35:00 61217 0 0
20151202008 00:40:00 54455 1 1
20151202009 00:45:00 30699 0 1
20151202010 00:50:00 59817 0 0
20151202011 00:55:00 95132 0 0
20151202012 01:00:00 91927 1 0
20151202013 01:05:00 47930 0 0
20151202014 01:10:00 61015 0 0
20151202015 01:15:00 82357 0 0
20151202016 01:20:00 37794 1 0
20151202017 01:25:00 08428 0 0
20151202018 01:30:00 69812 0 0
20151202019 01:35:00 82420 0 0
20151202020 01:40:00 23575 0 1
20151202021 01:45:00 81040 0 1
20151202022 01:50:00 19122 1 1
20151202023 01:55:00 04481 1 0
20151202024 10:00:00 01225 0 1
20151202025 10:10:00 66529 1 0
20151202026 10:20:00 59903 1 0
20151202027 10:30:00 32406 0 0
20151202028 10:40:00 59614 0 0
20151202029 10:50:00 33177 1 1
20151202030 11:00:00 17414 0 1
20151202031 11:10:00 32240 1 0
20151202032 11:20:00 39952 1 0
20151202033 11:30:00 64099 0 1
20151202034 11:40:00 73134 0 0
20151202035 11:50:00 99769 1 0
20151202036 12:00:00 37094 0 0
20151202037 12:10:00 31459 0 0
20151202038 12:20:00 78491 0 0
20151202039 12:30:00 43653 0 0
20151202040 12:40:00 32309 1 0
20151202041 12:50:00 67859 0 0
20151202042 13:00:00 11535 1 1
20151202043 13:10:00 63448 0 1
20151202044 13:20:00 09429 0 0
20151202045 13:30:00 03171 0 1
20151202046 13:40:00 33703 1 0
20151202047 13:50:00 84499 1 1
20151202048 14:00:00 58306 0 0
20151202049 14:10:00 15676 0 1
20151202050 14:20:00 73665 0 1
20151202051 14:30:00 93775 0 1
20151202052 14:40:00 38216 0 0
20151202053 14:50:00 28985 0 0
20151202054 15:00:00 64421 1 0
20151202055 15:10:00 99550 1 1
20151202056 15:20:00 49736 0 0
20151202057 15:30:00 63613 1 0
20151202058 15:40:00 68838 1 1
20151202059 15:50:00 93966 1 1
20151202060 16:00:00 95610 0 0
20151202061 16:10:00 10709 0 0
20151202062 16:20:00 69605 1 0
20151202063 16:30:00 86358 0 0
20151202064 16:40:00 22489 1 0
20151202065 16:50:00 93690 0 0
20151202066 17:00:00 50525 1 1
20151202067 17:10:00 46332 0 1
20151202068 17:20:00 45580 1 0
20151202069 17:30:00 33659 1 0
20151202070 17:40:00 08362 0 0
20151202071 17:50:00 06214 0 0
20151202072 18:00:00 58668 0 1
20151202073 18:10:00 34067 0 0
20151202074 18:20:00 75018 0 0
20151202075 18:30:00 79741 1 0
20151202076 18:40:00 60615 1 0
20151202077 18:50:00 91589 0 0
20151202078 19:00:00 00801 1 0
20151202079 19:10:00 44581 1 0
20151202080 19:20:00 77980 1 0
20151202081 19:30:00 43354 1 0
20151202082 19:40:00 51095 0 0
20151202083 19:50:00 71980 0 0
20151202084 20:00:00 38733 0 1
20151202085 20:10:00 07207 0 0
20151202086 20:20:00 20162 0 0
20151202087 20:30:00 28209 1 0
20151202088 20:40:00 16828 0 1
20151202089 20:50:00 27914 0 0
20151202090 21:00:00 77273 1 0
20151202091 21:10:00 58760 0 0
20151202092 21:20:00 61433 0 1
20151202093 21:30:00 48412 1 0
20151202094 21:40:00 68373 0 1
20151202095 21:50:00 44593 1 0
20151202096 22:00:00 42987 0 0
20151202097 22:05:00 90254 0 0
20151202098 22:10:00 16410 0 0
20151202099 22:15:00 68830 1 0
20151202100 22:20:00 42188 0 1
20151202101 22:25:00 23639 0 0
20151202102 22:30:00 55695 1 0
20151202103 22:35:00 97271 0 0
20151202104 22:40:00 80825 1 0
20151202105 22:45:00 62822 0 1
20151202106 22:50:00 09273 0 0
20151202107 22:55:00 28827 1 0
20151202108 23:00:00 41690 0 0
20151202109 23:05:00 05776 0 1
20151202110 23:10:00 52740 0 0
20151202111 23:15:00 46359 0 0
20151202112 23:20:00 55893 1 0
20151202113 23:25:00 61209 0 0
20151202114 23:30:00 63431 0 0
20151202115 23:35:00 75236 0 0
20151202116 23:40:00 08911 0 1
20151202117 23:45:00 00427 1 0
20151202118 23:50:00 48188 0 1
20151202119 23:55:00 75920 0 0
20151202120 00:00:00 48304 0 0
