20150411001 00:05:00 92489 0 0
20150411002 00:10:00 59612 0 0
20150411003 00:15:00 12435 0 0
20150411004 00:20:00 64299 0 1
20150411005 00:25:00 73683 0 0
20150411006 00:30:00 59158 0 0
20150411007 00:35:00 47893 0 0
20150411008 00:40:00 41845 0 0
20150411009 00:45:00 84109 0 0
20150411010 00:50:00 85930 0 0
20150411012 01:00:00 28120 0 0
20150411013 01:05:00 00204 1 0
20150411014 01:10:00 97713 1 0
20150411015 01:15:00 65502 1 0
20150411016 01:20:00 53124 0 0
20150411017 01:25:00 36749 0 0
20150411018 01:30:00 81349 0 0
20150411019 01:35:00 59343 0 1
20150411020 01:40:00 96097 0 0
20150411021 01:45:00 65687 1 0
20150411022 01:50:00 45621 0 0
20150411023 01:55:00 31465 0 0
20150411024 10:00:00 06837 0 0
20150411025 10:10:00 95321 0 0
20150411026 10:20:00 46580 0 0
20150411027 10:30:00 91526 0 0
20150411028 10:40:00 36317 1 0
20150411029 10:50:00 65633 1 1
20150411030 11:00:00 07775 1 1
20150411031 11:10:00 86347 0 0
20150411032 11:20:00 01068 1 0
20150411033 11:30:00 18693 0 0
20150411034 11:40:00 69717 0 1
20150411035 11:50:00 78989 0 1
20150411036 12:00:00 07633 0 1
20150411037 12:10:00 85890 1 0
20150411038 12:20:00 11157 1 0
20150411039 12:30:00 29558 0 1
20150411040 12:40:00 23622 0 1
20150411041 12:50:00 62960 0 0
20150411042 13:00:00 21809 0 0
20150411043 13:10:00 56976 0 0
20150411044 13:20:00 75877 0 1
20150411045 13:30:00 34920 0 0
20150411046 13:40:00 35886 0 1
20150411047 13:50:00 58450 0 0
20150411048 14:00:00 53021 0 0
20150411049 14:10:00 49848 0 1
20150411050 14:20:00 84251 0 0
20150411051 14:30:00 94082 0 0
20150411052 14:40:00 03962 0 0
20150411053 14:50:00 28244 1 1
20150411054 15:00:00 60906 0 0
20150411055 15:10:00 90315 0 0
20150411056 15:20:00 97638 0 0
20150411057 15:30:00 17407 0 0
20150411058 15:40:00 71425 0 0
20150411059 15:50:00 81504 0 0
20150411060 16:00:00 95824 0 0
20150411061 16:10:00 67409 0 0
20150411062 16:20:00 65259 0 0
20150411063 16:30:00 09494 0 1
20150411064 16:40:00 71718 1 0
20150411065 16:50:00 27525 0 1
20150411066 17:00:00 30157 0 0
20150411067 17:10:00 75406 0 0
20150411068 17:20:00 76482 0 0
20150411069 17:30:00 73832 0 0
20150411070 17:40:00 67870 0 0
20150411071 17:50:00 91178 1 0
20150411072 18:00:00 87629 0 0
20150411073 18:10:00 17634 0 0
20150411074 18:20:00 57909 0 1
20150411075 18:30:00 26145 0 0
20150411076 18:40:00 30610 0 0
20150411077 18:50:00 26883 0 1
20150411078 19:00:00 24047 0 0
20150411079 19:10:00 16761 0 0
20150411080 19:20:00 94763 0 0
20150411081 19:30:00 53107 0 0
20150411082 19:40:00 20793 0 0
20150411083 19:50:00 60405 0 0
20150411084 20:00:00 37132 0 0
20150411085 20:10:00 80099 1 1
20150411086 20:20:00 71474 0 1
20150411087 20:30:00 73775 1 1
20150411088 20:40:00 86026 0 0
20150411089 20:50:00 14472 1 0
20150411090 21:00:00 24802 0 0
20150411091 21:10:00 40721 0 0
20150411092 21:20:00 32077 0 1
20150411093 21:30:00 04422 1 1
20150411094 21:40:00 45784 0 0
20150411095 21:50:00 59474 0 1
20150411096 22:00:00 66841 1 0
20150411098 22:10:00 56356 0 0
20150411099 22:15:00 10480 0 0
20150411100 22:20:00 29471 0 0
20150411101 22:25:00 66568 1 0
20150411102 22:30:00 65492 0 0
20150411103 22:35:00 36004 0 1
20150411104 22:40:00 32947 0 0
20150411105 22:45:00 65999 0 1
20150411106 22:50:00 45941 0 0
20150411107 22:55:00 56335 0 1
20150411108 23:00:00 70669 0 1
20150411109 23:05:00 76466 0 1
20150411110 23:10:00 04700 0 1
20150411111 23:15:00 53135 0 0
20150411112 23:20:00 00668 1 1
20150411113 23:25:00 32376 1 0
20150411114 23:30:00 07679 0 0
20150411115 23:35:00 58115 0 1
20150411116 23:40:00 98587 0 0
20150411117 23:45:00 85601 0 0
20150411118 23:50:00 00518 1 0
20150411119 23:55:00 23775 0 1
20150411120 00:00:00 71759 1 0
