20150303001 00:05:00 14609 0 0
20150303002 00:10:00 26540 0 0
20150303003 00:15:00 06223 0 1
20150303004 00:20:00 59182 0 0
20150303005 00:25:00 60894 0 0
20150303006 00:30:00 39558 0 1
20150303007 00:35:00 23458 0 0
20150303008 00:40:00 22334 1 1
20150303009 00:45:00 84531 0 0
20150303010 00:50:00 47707 1 1
20150303011 00:55:00 09054 1 0
20150303012 01:00:00 44370 1 0
20150303013 01:05:00 17125 1 0
20150303014 01:10:00 32054 0 0
20150303015 01:15:00 23914 0 0
20150303016 01:20:00 46068 0 0
20150303017 01:25:00 67380 0 0
20150303018 01:30:00 70224 0 1
20150303019 01:35:00 47315 0 0
20150303020 01:40:00 84143 0 0
20150303021 01:45:00 71622 0 1
20150303022 01:50:00 57533 1 1
20150303023 01:55:00 23791 0 0
20150303024 10:00:00 75169 0 0
20150303025 10:10:00 50879 0 0
20150303026 10:20:00 26810 0 0
20150303027 10:30:00 95249 0 0
20150303028 10:40:00 02307 0 0
20150303029 10:50:00 52261 1 0
20150303030 11:00:00 35223 0 1
20150303031 11:10:00 16487 0 0
20150303032 11:20:00 22503 1 0
20150303033 11:30:00 15360 0 0
20150303034 11:40:00 48284 0 0
20150303035 11:50:00 24208 1 0
20150303036 12:00:00 26644 1 1
20150303037 12:10:00 58901 0 0
20150303038 12:20:00 89941 1 0
20150303039 12:30:00 31174 1 0
20150303040 12:40:00 79777 1 1
20150303041 12:50:00 25418 0 0
20150303042 13:00:00 23837 0 0
20150303043 13:10:00 61757 0 1
20150303044 13:20:00 47529 0 0
20150303045 13:30:00 41759 0 0
20150303046 13:40:00 85918 0 0
20150303047 13:50:00 01225 0 1
20150303048 14:00:00 76934 0 0
20150303049 14:10:00 49890 0 0
20150303050 14:20:00 62376 0 0
20150303051 14:30:00 30796 0 0
20150303052 14:40:00 49417 1 0
20150303053 14:50:00 14541 0 0
20150303054 15:00:00 82014 0 0
20150303055 15:10:00 85995 0 1
20150303056 15:20:00 25678 0 0
20150303057 15:30:00 00729 1 0
20150303058 15:40:00 53493 0 0
20150303059 15:50:00 01419 0 0
20150303060 16:00:00 15424 0 1
20150303061 16:10:00 20845 0 0
20150303062 16:20:00 44019 1 0
20150303063 16:30:00 88733 1 1
20150303064 16:40:00 99041 1 0
20150303065 16:50:00 84721 0 0
20150303066 17:00:00 37578 0 0
20150303067 17:10:00 21033 0 1
20150303068 17:20:00 93098 0 0
20150303069 17:30:00 25538 1 0
20150303070 17:40:00 94481 1 0
20150303071 17:50:00 63384 1 0
20150303072 18:00:00 54523 1 0
20150303073 18:10:00 30417 0 0
20150303074 18:20:00 12207 1 0
20150303075 18:30:00 38782 0 0
20150303076 18:40:00 26706 0 0
20150303077 18:50:00 70348 0 0
20150303078 19:00:00 31037 0 0
20150303079 19:10:00 49423 1 0
20150303080 19:20:00 57257 0 0
20150303081 19:30:00 81169 1 0
20150303082 19:40:00 12256 1 0
20150303083 19:50:00 73559 0 1
20150303084 20:00:00 30067 1 0
20150303085 20:10:00 11282 1 1
20150303086 20:20:00 99699 1 1
20150303087 20:30:00 44038 1 0
20150303088 20:40:00 91316 0 0
20150303089 20:50:00 42651 0 0
20150303090 21:00:00 45965 0 0
20150303091 21:10:00 40047 1 0
20150303092 21:20:00 25264 1 0
20150303093 21:30:00 99772 1 1
20150303094 21:40:00 85174 0 0
20150303095 21:50:00 28823 1 0
20150303096 22:00:00 51330 0 1
20150303097 22:05:00 34048 0 0
20150303098 22:10:00 27562 0 0
20150303099 22:15:00 87384 0 0
20150303100 22:20:00 01404 0 1
20150303101 22:25:00 70561 0 0
20150303102 22:30:00 41188 1 1
20150303103 22:35:00 18839 1 0
20150303104 22:40:00 22716 1 0
20150303105 22:45:00 92830 0 0
20150303106 22:50:00 89753 0 0
20150303107 22:55:00 67531 0 0
20150303108 23:00:00 76911 0 1
20150303109 23:05:00 83622 0 1
20150303110 23:10:00 06860 0 0
20150303111 23:15:00 08998 0 1
20150303112 23:20:00 93841 0 0
20150303113 23:25:00 16904 0 0
20150303114 23:30:00 33685 1 0
20150303115 23:35:00 46318 0 0
20150303116 23:40:00 05303 0 1
20150303117 23:45:00 59975 1 0
20150303118 23:50:00 59241 0 0
20150303119 23:55:00 13539 0 0
20150303120 00:00:00 39379 1 0
