20151015001 00:05:00 56823 0 0
20151015002 00:10:00 35178 0 0
20151015003 00:15:00 39789 0 0
20151015004 00:20:00 19961 1 0
20151015005 00:25:00 18460 0 0
20151015006 00:30:00 14617 0 0
20151015007 00:35:00 76722 1 1
20151015008 00:40:00 86946 0 0
20151015009 00:45:00 24349 0 0
20151015010 00:50:00 21277 1 1
20151015011 00:55:00 25890 0 0
20151015012 01:00:00 95684 0 0
20151015013 01:05:00 34500 0 1
20151015014 01:10:00 74525 0 1
20151015015 01:15:00 80952 0 0
20151015016 01:20:00 72730 1 0
20151015017 01:25:00 26891 0 0
20151015018 01:30:00 18609 0 0
20151015019 01:35:00 44549 1 0
20151015020 01:40:00 16260 0 0
20151015021 01:45:00 35331 1 1
20151015022 01:50:00 49990 1 1
20151015023 01:55:00 52062 0 0
20151015024 10:00:00 07985 0 0
20151015025 10:10:00 79994 1 1
20151015026 10:20:00 76867 0 0
20151015027 10:30:00 77642 1 0
20151015028 10:40:00 85871 1 0
20151015029 10:50:00 22490 1 0
20151015030 11:00:00 19810 0 0
20151015031 11:10:00 42538 0 0
20151015032 11:20:00 92639 0 0
20151015033 11:30:00 19760 0 0
20151015034 11:40:00 88845 1 0
20151015035 11:50:00 31581 0 0
20151015036 12:00:00 54725 0 0
20151015037 12:10:00 24854 0 0
20151015038 12:20:00 62866 0 1
20151015039 12:30:00 06141 0 1
20151015040 12:40:00 39463 0 0
20151015041 12:50:00 75956 0 0
20151015042 13:00:00 74852 0 0
20151015043 13:10:00 64539 0 0
20151015044 13:20:00 01026 1 0
20151015045 13:30:00 30526 0 0
20151015046 13:40:00 08717 0 1
20151015047 13:50:00 27433 0 1
20151015048 14:00:00 50807 0 0
20151015049 14:10:00 28690 0 0
20151015050 14:20:00 60526 0 0
20151015051 14:30:00 25613 0 0
20151015052 14:40:00 79074 0 0
20151015053 14:50:00 52979 0 1
20151015054 15:00:00 09229 0 1
20151015055 15:10:00 09410 0 0
20151015056 15:20:00 31508 0 0
20151015057 15:30:00 03128 0 0
20151015058 15:40:00 75347 0 0
20151015059 15:50:00 43333 1 1
20151015060 16:00:00 59119 0 1
20151015061 16:10:00 19223 0 1
20151015062 16:20:00 39608 0 0
20151015063 16:30:00 51139 1 0
20151015064 16:40:00 97509 0 0
20151015065 16:50:00 44178 1 0
20151015066 17:00:00 37275 0 0
20151015067 17:10:00 17459 0 0
20151015068 17:20:00 14674 0 0
20151015069 17:30:00 84861 1 0
20151015070 17:40:00 72778 1 1
20151015071 17:50:00 91633 0 1
20151015072 18:00:00 93999 1 1
20151015073 18:10:00 97910 1 0
20151015074 18:20:00 53762 0 0
20151015075 18:30:00 47854 0 0
20151015076 18:40:00 32540 0 0
20151015077 18:50:00 89104 0 0
20151015078 19:00:00 85560 1 0
20151015079 19:10:00 25936 0 0
20151015080 19:20:00 16046 0 0
20151015081 19:30:00 94673 0 0
20151015082 19:40:00 95721 0 0
20151015083 19:50:00 27422 0 1
20151015084 20:00:00 81718 0 0
20151015085 20:10:00 32018 0 0
20151015086 20:20:00 28014 0 0
20151015087 20:30:00 79435 0 0
20151015088 20:40:00 79841 0 0
20151015089 20:50:00 61901 0 0
20151015090 21:00:00 04977 0 1
20151015091 21:10:00 34430 1 0
20151015092 21:20:00 90315 0 0
20151015093 21:30:00 27591 0 0
20151015094 21:40:00 02251 1 0
20151015095 21:50:00 05183 0 0
20151015096 22:00:00 25637 0 0
20151015097 22:05:00 77308 1 0
20151015098 22:10:00 69074 0 0
20151015099 22:15:00 73454 0 1
20151015100 22:20:00 64463 1 0
20151015101 22:25:00 30847 0 0
20151015102 22:30:00 69308 0 0
20151015103 22:35:00 21059 0 0
20151015104 22:40:00 29562 0 0
20151015105 22:45:00 68785 0 0
20151015106 22:50:00 36234 0 0
20151015107 22:55:00 18614 0 0
20151015108 23:00:00 28377 0 1
20151015109 23:05:00 13792 0 0
20151015110 23:10:00 14253 0 0
20151015111 23:15:00 95333 0 1
20151015112 23:20:00 02582 0 0
20151015113 23:25:00 46911 0 1
20151015114 23:30:00 37119 0 1
20151015115 23:35:00 36554 0 1
20151015116 23:40:00 79450 0 0
20151015117 23:45:00 01737 0 1
20151015118 23:50:00 77241 1 0
20151015119 23:55:00 18871 1 0
20151015120 00:00:00 91199 1 1
