20151013001 00:05:00 32622 0 1
20151013002 00:10:00 36016 0 0
20151013003 00:15:00 24215 1 0
20151013004 00:20:00 97436 0 0
20151013005 00:25:00 05538 1 0
20151013006 00:30:00 89334 0 1
20151013007 00:35:00 26800 0 1
20151013008 00:40:00 71822 0 1
20151013009 00:45:00 90759 0 0
20151013010 00:50:00 33335 1 1
20151013011 00:55:00 48324 0 0
20151013012 01:00:00 92992 1 1
20151013013 01:05:00 11826 1 0
20151013014 01:10:00 15722 0 1
20151013015 01:15:00 32681 0 0
20151013016 01:20:00 14810 0 0
20151013017 01:25:00 18347 0 0
20151013018 01:30:00 63024 0 0
20151013019 01:35:00 76158 0 0
20151013020 01:40:00 03567 0 0
20151013021 01:45:00 67871 0 0
20151013022 01:50:00 60385 0 0
20151013023 01:55:00 83102 0 0
20151013024 10:00:00 27342 0 0
20151013025 10:10:00 80930 0 0
20151013026 10:20:00 09469 0 0
20151013027 10:30:00 26721 0 0
20151013028 10:40:00 81809 1 0
20151013029 10:50:00 58313 0 1
20151013030 11:00:00 41950 0 0
20151013031 11:10:00 57089 0 0
20151013032 11:20:00 04475 1 0
20151013033 11:30:00 77492 1 0
20151013034 11:40:00 98435 0 0
20151013035 11:50:00 94983 1 0
20151013036 12:00:00 17918 0 0
20151013037 12:10:00 91881 0 1
20151013038 12:20:00 49349 0 0
20151013039 12:30:00 78844 1 1
20151013040 12:40:00 23286 1 0
20151013041 12:50:00 22450 1 0
20151013042 13:00:00 15707 0 1
20151013043 13:10:00 07848 0 1
20151013044 13:20:00 52216 1 0
20151013045 13:30:00 04921 0 0
20151013046 13:40:00 20203 1 0
20151013047 13:50:00 23701 0 0
20151013048 14:00:00 89768 0 0
20151013049 14:10:00 29436 0 0
20151013050 14:20:00 08715 0 0
20151013051 14:30:00 58766 0 1
20151013052 14:40:00 72407 0 0
20151013053 14:50:00 71469 0 0
20151013054 15:00:00 50922 0 1
20151013055 15:10:00 06109 0 0
20151013056 15:20:00 96167 0 0
20151013057 15:30:00 20410 0 0
20151013058 15:40:00 01591 0 0
20151013059 15:50:00 50898 0 1
20151013060 16:00:00 62533 0 1
20151013061 16:10:00 10236 0 0
20151013062 16:20:00 03163 0 0
20151013063 16:30:00 14847 0 0
20151013064 16:40:00 95078 0 0
20151013065 16:50:00 32018 0 0
20151013066 17:00:00 90959 1 1
20151013067 17:10:00 72342 0 0
20151013068 17:20:00 11080 1 1
20151013069 17:30:00 57559 1 1
20151013070 17:40:00 66658 1 0
20151013071 17:50:00 33099 1 1
20151013072 18:00:00 44126 1 0
20151013073 18:10:00 92357 0 0
20151013074 18:20:00 24878 0 1
20151013075 18:30:00 97016 0 0
20151013076 18:40:00 99770 1 1
20151013077 18:50:00 50809 0 0
20151013078 19:00:00 56957 0 0
20151013079 19:10:00 67454 0 1
20151013080 19:20:00 59126 0 0
20151013081 19:30:00 27743 1 0
20151013082 19:40:00 81978 0 0
20151013083 19:50:00 67829 0 0
20151013084 20:00:00 79471 0 0
20151013085 20:10:00 74773 1 1
20151013086 20:20:00 05530 1 0
20151013087 20:30:00 08362 0 0
20151013088 20:40:00 29284 1 0
20151013089 20:50:00 60589 0 0
20151013090 21:00:00 61236 0 0
20151013091 21:10:00 98432 0 0
20151013092 21:20:00 94504 0 0
20151013093 21:30:00 52788 0 1
20151013094 21:40:00 89337 0 1
20151013095 21:50:00 17383 0 1
20151013096 22:00:00 11533 1 1
20151013097 22:05:00 88829 1 0
20151013098 22:10:00 22705 1 0
20151013099 22:15:00 97096 0 0
20151013100 22:20:00 40923 0 0
20151013101 22:25:00 42186 0 0
20151013102 22:30:00 77385 1 0
20151013103 22:35:00 14925 0 0
20151013104 22:40:00 21749 0 0
20151013105 22:45:00 68102 0 0
20151013106 22:50:00 41060 0 1
20151013107 22:55:00 47277 0 1
20151013108 23:00:00 85486 0 0
20151013109 23:05:00 30763 0 0
20151013110 23:10:00 07717 1 1
20151013111 23:15:00 64644 1 1
20151013112 23:20:00 83177 0 1
20151013113 23:25:00 14536 0 0
20151013114 23:30:00 43535 0 1
20151013115 23:35:00 78297 0 0
20151013116 23:40:00 68870 1 0
20151013117 23:45:00 68103 0 0
20151013118 23:50:00 67627 1 0
20151013119 23:55:00 64884 0 1
20151013120 00:00:00 59638 0 0
