20150529004 00:20:00 95795 0 0
20150529005 00:25:00 22556 1 1
20150529008 00:40:00 15035 0 0
20150529009 00:45:00 34876 0 0
20150529010 00:50:00 80801 1 0
20150529011 00:55:00 37698 0 0
20150529012 01:00:00 44317 1 0
20150529014 01:10:00 11115 1 1
20150529016 01:20:00 73316 1 0
20150529017 01:25:00 26592 0 0
20150529019 01:35:00 21742 0 0
20150529021 01:45:00 11884 1 1
20150529022 01:50:00 20535 0 1
20150529023 01:55:00 90670 0 0
20150529024 10:00:00 19327 0 0
20150529025 10:10:00 43624 0 0
20150529026 10:20:00 34731 0 0
20150529027 10:30:00 78404 0 1
20150529028 10:40:00 85751 0 0
20150529029 10:50:00 74121 0 1
20150529030 11:00:00 16052 0 0
20150529031 11:10:00 00364 1 0
20150529032 11:20:00 45540 1 0
20150529033 11:30:00 15262 0 1
20150529034 11:40:00 68253 0 0
20150529035 11:50:00 36291 0 0
20150529036 12:00:00 61625 1 0
20150529037 12:10:00 26912 0 0
20150529038 12:20:00 69355 0 1
20150529039 12:30:00 76611 1 1
20150529040 12:40:00 30599 0 1
20150529041 12:50:00 60513 0 0
20150529042 13:00:00 66244 1 1
20150529043 13:10:00 98780 0 0
20150529044 13:20:00 48181 0 1
20150529045 13:30:00 67961 0 0
20150529046 13:40:00 63406 0 0
20150529047 13:50:00 06483 0 0
20150529048 14:00:00 25977 0 1
20150529049 14:10:00 48787 0 1
20150529050 14:20:00 57005 0 1
20150529051 14:30:00 01208 0 0
20150529052 14:40:00 88742 1 0
20150529053 14:50:00 90450 0 0
20150529054 15:00:00 94264 0 0
20150529055 15:10:00 97037 0 0
20150529056 15:20:00 02961 0 0
20150529057 15:30:00 77013 1 0
20150529058 15:40:00 98983 1 0
20150529059 15:50:00 38418 0 0
20150529060 16:00:00 22115 1 1
20150529061 16:10:00 21819 0 0
20150529062 16:20:00 74823 0 0
20150529063 16:30:00 16630 1 0
20150529064 16:40:00 51850 0 0
20150529065 16:50:00 43248 0 0
20150529066 17:00:00 31748 0 0
20150529067 17:10:00 26918 0 0
20150529068 17:20:00 52599 1 1
20150529069 17:30:00 48097 0 0
20150529070 17:40:00 85034 0 0
20150529071 17:50:00 84924 0 0
20150529072 18:00:00 94162 0 0
20150529073 18:10:00 21811 0 1
20150529074 18:20:00 36510 0 0
20150529075 18:30:00 35629 0 0
20150529076 18:40:00 73841 0 0
20150529077 18:50:00 02234 1 0
20150529078 19:00:00 85374 0 0
20150529079 19:10:00 73447 0 1
20150529080 19:20:00 73768 1 0
20150529081 19:30:00 04574 0 0
20150529082 19:40:00 99058 1 0
20150529083 19:50:00 98198 0 0
20150529084 20:00:00 46443 1 1
20150529085 20:10:00 37819 0 0
20150529086 20:20:00 18393 0 1
20150529087 20:30:00 72702 1 0
20150529088 20:40:00 78737 1 1
20150529089 20:50:00 88693 1 0
20150529090 21:00:00 31569 0 0
20150529091 21:10:00 20204 1 0
20150529092 21:20:00 25370 0 0
20150529093 21:30:00 25338 0 1
20150529094 21:40:00 01036 1 0
20150529095 21:50:00 28096 0 0
20150529096 22:00:00 31462 0 0
20150529097 22:05:00 58313 0 1
20150529098 22:10:00 00743 1 0
20150529099 22:15:00 77713 1 0
20150529100 22:20:00 50710 0 0
20150529101 22:25:00 34587 0 0
20150529102 22:30:00 07712 1 0
20150529103 22:35:00 01650 0 0
20150529104 22:40:00 02708 0 0
20150529105 22:45:00 89757 0 1
20150529106 22:50:00 94319 0 0
20150529107 22:55:00 61552 0 1
20150529108 23:00:00 52758 0 0
20150529109 23:05:00 89613 0 0
20150529110 23:10:00 98790 0 0
20150529111 23:15:00 28194 0 0
20150529112 23:20:00 84722 0 1
20150529113 23:25:00 71892 0 0
20150529114 23:30:00 18265 0 0
20150529115 23:35:00 24514 0 0
20150529116 23:40:00 11700 1 1
20150529117 23:45:00 43696 0 1
20150529118 23:50:00 36882 0 1
20150529119 23:55:00 58044 0 1
20150529120 00:00:00 05450 0 0
