20150408001 00:05:00 03157 0 0
20150408002 00:10:00 00375 1 0
20150408003 00:15:00 27689 0 0
20150408004 00:20:00 42337 0 1
20150408005 00:25:00 88965 1 0
20150408006 00:30:00 28132 0 0
20150408007 00:35:00 45756 0 0
20150408008 00:40:00 83916 0 0
20150408009 00:45:00 26008 0 1
20150408010 00:50:00 50331 0 1
20150408011 00:55:00 71086 0 0
20150408012 01:00:00 91635 0 0
20150408013 01:05:00 43669 0 1
20150408014 01:10:00 77341 1 0
20150408015 01:15:00 12841 0 0
20150408016 01:20:00 45319 0 0
20150408017 01:25:00 87713 1 0
20150408018 01:30:00 49500 0 1
20150408019 01:35:00 07268 0 0
20150408020 01:40:00 68366 0 1
20150408021 01:45:00 42684 0 0
20150408022 01:50:00 28265 1 0
20150408023 01:55:00 92452 0 0
20150408024 10:00:00 68986 0 0
20150408025 10:10:00 56631 1 0
20150408026 10:20:00 29651 0 0
20150408027 10:30:00 50040 1 1
20150408028 10:40:00 48076 0 0
20150408029 10:50:00 55905 1 0
20150408030 11:00:00 87461 0 0
20150408031 11:10:00 33416 1 0
20150408032 11:20:00 02911 0 1
20150408033 11:30:00 03895 0 0
20150408034 11:40:00 52578 1 0
20150408035 11:50:00 64712 0 0
20150408036 12:00:00 02816 0 0
20150408037 12:10:00 42804 0 0
20150408038 12:20:00 19068 0 0
20150408039 12:30:00 81886 1 1
20150408040 12:40:00 75442 0 1
20150408041 12:50:00 69815 0 0
20150408042 13:00:00 85495 0 0
20150408043 13:10:00 05208 0 0
20150408044 13:20:00 28626 0 1
20150408045 13:30:00 12437 0 0
20150408046 13:40:00 88182 1 0
20150408047 13:50:00 92405 0 0
20150408048 14:00:00 34058 0 0
20150408049 14:10:00 09916 1 0
20150408050 14:20:00 90621 0 0
20150408051 14:30:00 22951 1 0
20150408052 14:40:00 01742 0 0
20150408053 14:50:00 22568 1 0
20150408054 15:00:00 48383 0 1
20150408055 15:10:00 37040 0 1
20150408056 15:20:00 47059 0 0
20150408057 15:30:00 23451 0 0
20150408058 15:40:00 71356 0 0
20150408059 15:50:00 75798 1 0
20150408060 16:00:00 06503 0 0
20150408061 16:10:00 47336 0 1
20150408062 16:20:00 90570 0 0
20150408063 16:30:00 23912 0 0
20150408064 16:40:00 50276 0 0
20150408065 16:50:00 41742 0 0
20150408066 17:00:00 59494 0 1
20150408067 17:10:00 66236 1 0
20150408068 17:20:00 21577 0 1
20150408069 17:30:00 69537 0 0
20150408070 17:40:00 71311 0 1
20150408071 17:50:00 62357 0 0
20150408072 18:00:00 67237 0 0
20150408073 18:10:00 76041 0 0
20150408074 18:20:00 91410 0 0
20150408075 18:30:00 35512 1 0
20150408076 18:40:00 83534 0 0
20150408077 18:50:00 84542 0 0
20150408078 19:00:00 76487 0 0
20150408079 19:10:00 75161 0 1
20150408080 19:20:00 96769 0 0
20150408081 19:30:00 11796 1 0
20150408082 19:40:00 24450 1 0
20150408083 19:50:00 65967 0 0
20150408084 20:00:00 99275 1 0
20150408085 20:10:00 62083 0 0
20150408086 20:20:00 96071 0 0
20150408087 20:30:00 76668 1 1
20150408088 20:40:00 92922 1 1
20150408089 20:50:00 82414 0 1
20150408090 21:00:00 78857 1 0
20150408091 21:10:00 01990 0 1
20150408092 21:20:00 11835 1 0
20150408093 21:30:00 43210 0 0
20150408094 21:40:00 46384 0 0
20150408095 21:50:00 47234 0 0
20150408096 22:00:00 46307 0 0
20150408097 22:05:00 46305 0 0
20150408098 22:10:00 65830 0 0
20150408099 22:15:00 08805 1 0
20150408100 22:20:00 66862 1 0
20150408102 22:30:00 52720 0 0
20150408103 22:35:00 42333 0 1
20150408104 22:40:00 39656 0 1
20150408105 22:45:00 81933 0 1
20150408106 22:50:00 56179 0 0
20150408107 22:55:00 42975 0 0
20150408108 23:00:00 29910 1 0
20150408109 23:05:00 15804 0 0
20150408110 23:10:00 96769 0 0
20150408111 23:15:00 01664 0 1
20150408112 23:20:00 81796 0 0
20150408113 23:25:00 32169 0 0
20150408114 23:30:00 64198 0 0
20150408115 23:35:00 51225 0 1
20150408116 23:40:00 26445 0 1
20150408117 23:45:00 84475 1 0
20150408118 23:50:00 26431 0 0
20150408119 23:55:00 01022 1 1
20150408120 00:00:00 29924 1 0
