20150902001 00:05:00 79188 0 1
20150902002 00:10:00 15699 0 1
20150902003 00:15:00 67150 0 0
20150902004 00:20:00 11991 1 1
20150902006 00:30:00 70624 0 0
20150902007 00:35:00 79668 0 1
20150902008 00:40:00 82172 0 0
20150902009 00:45:00 74346 0 0
20150902010 00:50:00 49469 1 0
20150902011 00:55:00 09006 1 1
20150902012 01:00:00 32672 0 0
20150902013 01:05:00 01875 0 0
20150902014 01:10:00 60586 0 0
20150902015 01:15:00 57756 1 0
20150902016 01:20:00 38033 0 1
20150902017 01:25:00 57518 1 0
20150902018 01:30:00 85807 1 0
20150902019 01:35:00 85932 0 0
20150902020 01:40:00 84985 0 0
20150902021 01:45:00 05090 1 1
20150902022 01:50:00 90741 0 0
20150902023 01:55:00 20643 0 0
20150902024 10:00:00 62638 1 0
20150902025 10:10:00 56905 0 0
20150902026 10:20:00 70724 1 0
20150902027 10:30:00 97041 0 0
20150902028 10:40:00 46577 0 1
20150902029 10:50:00 02431 0 0
20150902030 11:00:00 12427 0 0
20150902031 11:10:00 51414 0 1
20150902032 11:20:00 54809 0 0
20150902033 11:30:00 46077 0 1
20150902034 11:40:00 69676 1 1
20150902035 11:50:00 86056 0 0
20150902036 12:00:00 44190 1 0
20150902037 12:10:00 28512 0 0
20150902038 12:20:00 30220 0 1
20150902039 12:30:00 68388 0 1
20150902040 12:40:00 87590 0 0
20150902041 12:50:00 23073 0 0
20150902042 13:00:00 57151 0 1
20150902043 13:10:00 16457 0 0
20150902044 13:20:00 04359 0 0
20150902045 13:30:00 98136 0 0
20150902046 13:40:00 93503 0 0
20150902047 13:50:00 95901 1 0
20150902048 14:00:00 76993 0 1
20150902049 14:10:00 75105 0 0
20150902050 14:20:00 05298 0 0
20150902051 14:30:00 08246 0 0
20150902052 14:40:00 25178 0 0
20150902053 14:50:00 85188 0 1
20150902054 15:00:00 05391 0 0
20150902055 15:10:00 35657 0 0
20150902056 15:20:00 12510 0 0
20150902057 15:30:00 45693 0 0
20150902058 15:40:00 61799 0 1
20150902059 15:50:00 97456 0 0
20150902060 16:00:00 41362 0 0
20150902061 16:10:00 71099 0 1
20150902062 16:20:00 65294 0 0
20150902063 16:30:00 57270 0 0
20150902064 16:40:00 81223 0 1
20150902065 16:50:00 12000 0 1
20150902066 17:00:00 12995 0 1
20150902067 17:10:00 94411 1 1
20150902068 17:20:00 19560 0 0
20150902069 17:30:00 31071 0 0
20150902070 17:40:00 76247 0 0
20150902071 17:50:00 87085 0 0
20150902072 18:00:00 37589 0 0
20150902073 18:10:00 82971 0 0
20150902074 18:20:00 66920 1 0
20150902075 18:30:00 80019 1 0
20150902076 18:40:00 62258 1 0
20150902077 18:50:00 47567 0 0
20150902078 19:00:00 66021 1 0
20150902079 19:10:00 90248 0 0
20150902080 19:20:00 72385 0 0
20150902081 19:30:00 90542 0 0
20150902082 19:40:00 33916 1 0
20150902083 19:50:00 37768 1 0
20150902084 20:00:00 65456 0 0
20150902085 20:10:00 11793 1 0
20150902086 20:20:00 59730 0 0
20150902087 20:30:00 93032 0 0
20150902088 20:40:00 38287 0 0
20150902089 20:50:00 58130 0 0
20150902090 21:00:00 49261 0 0
20150902091 21:10:00 36281 0 0
20150902092 21:20:00 60275 0 0
20150902093 21:30:00 10626 0 1
20150902094 21:40:00 37649 0 0
20150902095 21:50:00 28711 0 1
20150902096 22:00:00 76726 1 0
20150902097 22:05:00 97020 0 1
20150902098 22:10:00 40713 0 0
20150902099 22:15:00 49253 0 0
20150902100 22:20:00 64056 0 0
20150902101 22:25:00 57638 0 0
20150902102 22:30:00 87762 1 0
20150902103 22:35:00 71326 0 0
20150902104 22:40:00 26666 1 1
20150902105 22:45:00 41035 0 0
20150902106 22:50:00 77055 1 1
20150902107 22:55:00 64260 0 0
20150902108 23:00:00 43593 0 0
20150902109 23:05:00 21856 0 0
20150902110 23:10:00 01945 0 0
20150902111 23:15:00 87195 0 0
20150902112 23:20:00 99515 1 1
20150902113 23:25:00 27397 0 0
20150902114 23:30:00 95689 0 0
20150902115 23:35:00 43712 0 0
20150902116 23:40:00 24676 0 1
20150902118 23:50:00 48236 0 0
20150902119 23:55:00 67718 1 0
20150902120 00:00:00 09477 0 1
