20150731001 00:05:00 15900 0 1
20150731002 00:10:00 67594 0 0
20150731003 00:15:00 80444 0 1
20150731004 00:20:00 23791 0 0
20150731005 00:25:00 17415 0 0
20150731006 00:30:00 12818 0 1
20150731007 00:35:00 47644 0 1
20150731008 00:40:00 85066 0 1
20150731009 00:45:00 12316 0 0
20150731010 00:50:00 26625 1 0
20150731011 00:55:00 01036 1 0
20150731012 01:00:00 37955 0 1
20150731013 01:05:00 46059 0 0
20150731014 01:10:00 21300 0 1
20150731015 01:15:00 96269 0 0
20150731016 01:20:00 67956 0 0
20150731017 01:25:00 66634 1 0
20150731018 01:30:00 84641 0 0
20150731019 01:35:00 46907 0 0
20150731020 01:40:00 05642 0 0
20150731021 01:45:00 08370 0 0
20150731022 01:50:00 39184 0 0
20150731023 01:55:00 20292 1 1
20150731024 10:00:00 67274 0 0
20150731025 10:10:00 68071 0 0
20150731026 10:20:00 19852 0 0
20150731027 10:30:00 67534 0 0
20150731028 10:40:00 50065 1 0
20150731029 10:50:00 85142 0 0
20150731030 11:00:00 53388 1 1
20150731031 11:10:00 29227 1 1
20150731032 11:20:00 83197 0 0
20150731033 11:30:00 08784 0 0
20150731034 11:40:00 59331 0 1
20150731035 11:50:00 18590 0 0
20150731036 12:00:00 39263 0 0
20150731037 12:10:00 13349 1 0
20150731038 12:20:00 86372 0 0
20150731039 12:30:00 58706 0 0
20150731040 12:40:00 70527 0 0
20150731041 12:50:00 57693 0 0
20150731042 13:00:00 65199 0 1
20150731043 13:10:00 67155 0 1
20150731044 13:20:00 26868 0 1
20150731045 13:30:00 43502 0 0
20150731046 13:40:00 42722 0 1
20150731047 13:50:00 54446 1 1
20150731048 14:00:00 98478 0 0
20150731049 14:10:00 60838 0 1
20150731050 14:20:00 46158 0 0
20150731051 14:30:00 79499 0 1
20150731052 14:40:00 30804 0 0
20150731053 14:50:00 87200 0 1
20150731054 15:00:00 03880 0 1
20150731055 15:10:00 39032 0 0
20150731056 15:20:00 35777 0 1
20150731057 15:30:00 44625 1 0
20150731058 15:40:00 07225 0 1
20150731059 15:50:00 20210 1 0
20150731060 16:00:00 86407 0 0
20150731061 16:10:00 78392 0 0
20150731062 16:20:00 33483 1 0
20150731063 16:30:00 50832 0 0
20150731064 16:40:00 82323 0 1
20150731065 16:50:00 47057 0 0
20150731066 17:00:00 33347 1 0
20150731067 17:10:00 05117 0 1
20150731068 17:20:00 28304 0 0
20150731069 17:30:00 07249 0 0
20150731070 17:40:00 18114 1 1
20150731071 17:50:00 66074 1 0
20150731072 18:00:00 18105 1 0
20150731073 18:10:00 46966 0 1
20150731074 18:20:00 53779 0 1
20150731075 18:30:00 65325 0 0
20150731076 18:40:00 56638 1 0
20150731077 18:50:00 16515 0 1
20150731078 19:00:00 30077 1 1
20150731079 19:10:00 97746 1 0
20150731080 19:20:00 20416 0 0
20150731081 19:30:00 35627 0 0
20150731082 19:40:00 14331 0 1
20150731083 19:50:00 37304 1 0
20150731084 20:00:00 50544 1 1
20150731085 20:10:00 90859 0 0
20150731086 20:20:00 79619 0 0
20150731087 20:30:00 41763 0 0
20150731088 20:40:00 99532 1 0
20150731089 20:50:00 41624 0 0
20150731090 21:00:00 47205 0 0
20150731091 21:10:00 77139 1 0
20150731092 21:20:00 34755 0 1
20150731093 21:30:00 31135 1 0
20150731094 21:40:00 22709 1 0
20150731095 21:50:00 82473 0 0
20150731096 22:00:00 72491 0 0
20150731097 22:05:00 50459 0 0
20150731098 22:10:00 91856 0 0
20150731099 22:15:00 65339 0 1
20150731100 22:20:00 49460 1 0
20150731101 22:25:00 26098 0 0
20150731103 22:35:00 88497 1 0
20150731106 22:50:00 45257 0 0
20150731107 22:55:00 82635 0 0
20150731108 23:00:00 07688 0 1
20150731109 23:05:00 90284 0 0
20150731111 23:15:00 92682 0 0
20150731113 23:25:00 42228 1 1
20150731116 23:40:00 94629 0 0
20150731120 00:00:00 57077 0 1
