20150911001 00:05:00 35490 0 0
20150911002 00:10:00 51497 0 0
20150911003 00:15:00 20059 1 0
20150911004 00:20:00 87811 1 1
20150911005 00:25:00 23447 0 1
20150911006 00:30:00 74408 1 0
20150911007 00:35:00 29708 0 0
20150911008 00:40:00 53318 1 0
20150911009 00:45:00 00269 1 0
20150911010 00:50:00 35086 0 0
20150911011 00:55:00 89883 1 1
20150911012 01:00:00 39243 0 0
20150911013 01:05:00 94613 0 0
20150911014 01:10:00 19852 0 0
20150911015 01:15:00 29279 1 0
20150911016 01:20:00 58949 0 1
20150911017 01:25:00 37148 0 0
20150911018 01:30:00 64421 1 0
20150911019 01:35:00 45268 0 0
20150911020 01:40:00 53297 0 0
20150911021 01:45:00 23633 0 1
20150911022 01:50:00 87137 0 0
20150911023 01:55:00 51294 0 0
20150911024 10:00:00 69014 0 0
20150911025 10:10:00 84200 0 1
20150911026 10:20:00 59653 0 0
20150911027 10:30:00 64078 0 0
20150911028 10:40:00 34601 0 0
20150911029 10:50:00 45990 0 1
20150911030 11:00:00 46650 1 0
20150911031 11:10:00 54068 0 0
20150911032 11:20:00 24722 0 1
20150911033 11:30:00 13990 0 1
20150911034 11:40:00 56644 1 1
20150911035 11:50:00 21664 0 1
20150911036 12:00:00 55480 1 0
20150911037 12:10:00 70925 0 0
20150911038 12:20:00 68897 1 0
20150911039 12:30:00 71833 0 1
20150911040 12:40:00 46539 0 0
20150911041 12:50:00 45366 0 1
20150911042 13:00:00 60391 0 0
20150911043 13:10:00 90003 1 1
20150911044 13:20:00 24887 0 1
20150911045 13:30:00 07408 0 0
20150911046 13:40:00 46163 0 0
20150911047 13:50:00 69009 0 1
20150911048 14:00:00 52606 0 1
20150911049 14:10:00 76037 0 0
20150911050 14:20:00 01607 0 0
20150911051 14:30:00 50441 0 1
20150911052 14:40:00 31285 0 0
20150911053 14:50:00 29613 0 0
20150911054 15:00:00 35171 0 1
20150911055 15:10:00 12035 0 0
20150911056 15:20:00 53618 0 0
20150911057 15:30:00 93153 0 0
20150911058 15:40:00 82857 1 0
20150911059 15:50:00 31389 1 0
20150911060 16:00:00 29380 0 0
20150911061 16:10:00 80855 1 1
20150911062 16:20:00 08239 0 0
20150911063 16:30:00 93937 1 0
20150911064 16:40:00 59512 1 0
20150911065 16:50:00 43992 0 1
20150911066 17:00:00 21760 0 0
20150911067 17:10:00 54381 0 0
20150911068 17:20:00 00237 1 0
20150911069 17:30:00 27610 0 0
20150911070 17:40:00 08718 0 0
20150911071 17:50:00 83602 0 0
20150911072 18:00:00 04173 0 0
20150911073 18:10:00 83241 0 0
20150911074 18:20:00 78326 0 0
20150911075 18:30:00 81641 0 0
20150911076 18:40:00 54738 0 0
20150911077 18:50:00 79075 0 0
20150911078 19:00:00 11575 1 1
20150911079 19:10:00 20177 0 1
20150911080 19:20:00 21721 0 0
20150911081 19:30:00 54982 0 0
20150911082 19:40:00 34772 0 1
20150911083 19:50:00 49238 0 0
20150911084 20:00:00 04803 0 0
20150911085 20:10:00 77214 1 0
20150911086 20:20:00 27954 0 0
20150911087 20:30:00 73645 0 0
20150911088 20:40:00 20738 0 0
20150911089 20:50:00 82820 1 0
20150911090 21:00:00 77611 1 1
20150911091 21:10:00 82589 0 0
20150911092 21:20:00 56064 0 0
20150911093 21:30:00 08470 0 0
20150911094 21:40:00 80083 1 0
20150911095 21:50:00 76002 0 1
20150911096 22:00:00 45699 0 1
20150911097 22:05:00 40477 1 1
20150911098 22:10:00 63146 0 0
20150911099 22:15:00 41267 0 0
20150911100 22:20:00 12846 0 0
20150911101 22:25:00 33139 1 0
20150911102 22:30:00 96186 0 0
20150911103 22:35:00 25792 0 0
20150911104 22:40:00 43161 0 1
20150911105 22:45:00 37848 0 1
20150911106 22:50:00 45205 0 0
20150911107 22:55:00 63906 0 0
20150911108 23:00:00 71260 0 0
20150911109 23:05:00 71807 0 0
20150911110 23:10:00 42582 0 0
20150911111 23:15:00 26281 1 0
20150911112 23:20:00 75470 0 0
20150911113 23:25:00 79362 0 0
20150911114 23:30:00 76545 0 1
20150911115 23:35:00 06666 1 1
20150911116 23:40:00 59841 0 0
20150911117 23:45:00 20610 0 0
20150911118 23:50:00 56075 0 0
20150911119 23:55:00 84446 1 1
20150911120 00:00:00 36416 0 0
