20150327001 00:05:00 44592 1 0
20150327002 00:10:00 16000 0 1
20150327003 00:15:00 00181 1 1
20150327004 00:20:00 84912 0 0
20150327005 00:25:00 85556 1 1
20150327006 00:30:00 68314 0 0
20150327007 00:35:00 32343 1 1
20150327008 00:40:00 54166 0 1
20150327009 00:45:00 39411 0 1
20150327010 00:50:00 47891 0 0
20150327011 00:55:00 81858 1 1
20150327012 01:00:00 18148 1 0
20150327013 01:05:00 77038 1 0
20150327014 01:10:00 33687 1 0
20150327015 01:15:00 16467 0 0
20150327016 01:20:00 59181 0 1
20150327017 01:25:00 69734 0 0
20150327018 01:30:00 01828 0 1
20150327019 01:35:00 03067 1 0
20150327020 01:40:00 35038 0 0
20150327021 01:45:00 24220 1 1
20150327022 01:50:00 33505 1 1
20150327023 01:55:00 54420 1 0
20150327024 10:00:00 44439 1 0
20150327025 10:10:00 15483 0 0
20150327026 10:20:00 49222 0 1
20150327027 10:30:00 46874 0 0
20150327028 10:40:00 99881 1 1
20150327029 10:50:00 17475 0 0
20150327030 11:00:00 12910 0 0
20150327031 11:10:00 44509 1 0
20150327032 11:20:00 06257 0 0
20150327033 11:30:00 83587 0 0
20150327034 11:40:00 19216 0 0
20150327035 11:50:00 50851 0 0
20150327036 12:00:00 39214 0 0
20150327037 12:10:00 61928 0 0
20150327038 12:20:00 91381 0 0
20150327039 12:30:00 14229 0 1
20150327040 12:40:00 00683 1 0
20150327041 12:50:00 41266 0 1
20150327042 13:00:00 66173 1 0
20150327043 13:10:00 10692 0 0
20150327044 13:20:00 81185 1 0
20150327045 13:30:00 98049 0 0
20150327046 13:40:00 82644 0 1
20150327047 13:50:00 35714 0 0
20150327048 14:00:00 32713 0 0
20150327049 14:10:00 36740 0 0
20150327050 14:20:00 39527 0 0
20150327051 14:30:00 98686 0 1
20150327052 14:40:00 28149 0 0
20150327053 14:50:00 40604 0 0
20150327054 15:00:00 18071 0 0
20150327055 15:10:00 27510 0 0
20150327056 15:20:00 48244 0 1
20150327057 15:30:00 58985 0 0
20150327058 15:40:00 85609 0 0
20150327059 15:50:00 95520 1 0
20150327060 16:00:00 21545 0 1
20150327061 16:10:00 11219 1 0
20150327062 16:20:00 37687 0 0
20150327063 16:30:00 85188 0 1
20150327064 16:40:00 44344 1 1
20150327065 16:50:00 41697 0 0
20150327066 17:00:00 34317 1 0
20150327067 17:10:00 75170 0 0
20150327068 17:20:00 27722 1 1
20150327069 17:30:00 64948 0 0
20150327070 17:40:00 52967 0 0
20150327071 17:50:00 71901 0 0
20150327072 18:00:00 01147 1 0
20150327073 18:10:00 59389 0 0
20150327074 18:20:00 50749 0 0
20150327075 18:30:00 76063 0 0
20150327076 18:40:00 44133 1 1
20150327077 18:50:00 62859 0 0
20150327078 19:00:00 82651 0 0
20150327079 19:10:00 00145 1 0
20150327080 19:20:00 87460 0 0
20150327081 19:30:00 26151 0 1
20150327082 19:40:00 58840 1 0
20150327083 19:50:00 42402 1 0
20150327084 20:00:00 13466 0 1
20150327085 20:10:00 05147 0 0
20150327086 20:20:00 68418 0 0
20150327087 20:30:00 02976 0 0
20150327088 20:40:00 83781 0 0
20150327089 20:50:00 63480 0 0
20150327090 21:00:00 52325 0 0
20150327091 21:10:00 92890 0 0
20150327092 21:20:00 65811 0 1
20150327093 21:30:00 13668 0 1
20150327094 21:40:00 16609 1 0
20150327095 21:50:00 99972 1 0
20150327096 22:00:00 52290 1 0
20150327097 22:05:00 98750 0 0
20150327098 22:10:00 41081 0 0
20150327099 22:15:00 33564 1 0
20150327100 22:20:00 14064 0 0
20150327101 22:25:00 03603 0 0
20150327102 22:30:00 56639 1 0
20150327103 22:35:00 65447 0 1
20150327104 22:40:00 22477 1 1
20150327105 22:45:00 23551 0 1
20150327106 22:50:00 29924 1 0
20150327107 22:55:00 25497 0 0
20150327108 23:00:00 26446 0 1
20150327109 23:05:00 67645 1 0
20150327110 23:10:00 38176 0 0
20150327111 23:15:00 88840 1 0
20150327112 23:20:00 16180 1 0
20150327113 23:25:00 36874 0 0
20150327114 23:30:00 04654 0 0
20150327115 23:35:00 35094 0 0
20150327116 23:40:00 81110 1 1
20150327117 23:45:00 91271 0 0
20150327118 23:50:00 15514 1 0
20150327119 23:55:00 11110 1 1
20150327120 00:00:00 56544 1 1
