20150502001 00:05:00 53666 0 1
20150502002 00:10:00 38485 0 0
20150502003 00:15:00 16033 0 1
20150502004 00:20:00 86446 0 1
20150502005 00:25:00 50957 0 0
20150502006 00:30:00 08697 0 0
20150502007 00:35:00 67597 0 0
20150502008 00:40:00 96868 0 1
20150502009 00:45:00 12685 0 0
20150502010 00:50:00 91543 0 0
20150502011 00:55:00 18430 0 0
20150502012 01:00:00 67854 0 0
20150502013 01:05:00 38322 1 1
20150502014 01:10:00 12826 0 0
20150502015 01:15:00 24758 0 0
20150502016 01:20:00 17587 0 0
20150502017 01:25:00 07383 0 1
20150502018 01:30:00 06969 0 1
20150502019 01:35:00 47548 0 0
20150502020 01:40:00 11569 1 0
20150502021 01:45:00 93268 0 0
20150502022 01:50:00 06793 0 0
20150502023 01:55:00 43071 0 0
20150502024 10:00:00 70191 0 1
20150502025 10:10:00 38792 0 0
20150502026 10:20:00 28774 0 1
20150502027 10:30:00 99564 1 0
20150502028 10:40:00 04355 0 1
20150502029 10:50:00 84763 0 0
20150502030 11:00:00 08327 0 0
20150502031 11:10:00 66350 1 0
20150502032 11:20:00 37738 1 0
20150502033 11:30:00 05541 1 0
20150502034 11:40:00 37195 0 0
20150502035 11:50:00 91186 1 0
20150502036 12:00:00 99465 1 0
20150502037 12:10:00 67890 0 0
20150502038 12:20:00 52726 0 0
20150502039 12:30:00 73660 0 1
20150502040 12:40:00 32549 0 0
20150502041 12:50:00 57100 0 1
20150502042 13:00:00 11056 1 0
20150502043 13:10:00 99991 1 1
20150502044 13:20:00 03737 0 1
20150502045 13:30:00 05750 0 0
20150502046 13:40:00 67002 0 1
20150502047 13:50:00 15890 0 0
20150502048 14:00:00 73429 0 0
20150502049 14:10:00 17990 0 1
20150502050 14:20:00 93440 0 1
20150502051 14:30:00 86883 1 1
20150502052 14:40:00 21367 0 0
20150502053 14:50:00 61858 0 1
20150502054 15:00:00 07546 0 0
20150502055 15:10:00 97114 0 1
20150502056 15:20:00 92021 0 0
20150502057 15:30:00 90349 0 0
20150502058 15:40:00 41320 0 0
20150502059 15:50:00 12053 0 0
20150502060 16:00:00 51351 0 0
20150502061 16:10:00 66204 1 0
20150502062 16:20:00 42334 0 1
20150502063 16:30:00 21726 0 0
20150502064 16:40:00 53804 0 0
20150502065 16:50:00 64807 0 0
20150502066 17:00:00 48075 0 0
20150502067 17:10:00 09461 0 0
20150502068 17:20:00 28819 1 0
20150502069 17:30:00 82409 0 0
20150502070 17:40:00 78638 0 0
20150502071 17:50:00 45672 0 0
20150502072 18:00:00 75606 0 1
20150502073 18:10:00 49822 0 1
20150502074 18:20:00 15269 0 0
20150502075 18:30:00 44020 1 1
20150502076 18:40:00 28738 0 0
20150502077 18:50:00 16292 0 1
20150502078 19:00:00 68956 0 0
20150502079 19:10:00 00981 1 0
20150502080 19:20:00 22700 1 1
20150502081 19:30:00 77372 1 0
20150502082 19:40:00 84231 0 0
20150502083 19:50:00 86885 1 1
20150502084 20:00:00 98900 1 1
20150502085 20:10:00 32343 1 1
20150502086 20:20:00 24088 0 1
20150502087 20:30:00 75329 0 0
20150502088 20:40:00 83368 1 0
20150502089 20:50:00 35527 1 0
20150502090 21:00:00 93926 1 0
20150502091 21:10:00 13830 0 0
20150502092 21:20:00 35520 1 0
20150502093 21:30:00 44706 1 0
20150502094 21:40:00 21190 1 0
20150502095 21:50:00 61672 1 0
20150502096 22:00:00 92305 0 0
20150502097 22:05:00 16600 1 1
20150502098 22:10:00 36015 0 0
20150502099 22:15:00 41076 0 0
20150502100 22:20:00 73288 0 1
20150502101 22:25:00 58053 0 0
20150502102 22:30:00 13235 0 0
20150502103 22:35:00 84383 0 1
20150502104 22:40:00 11324 1 0
20150502105 22:45:00 87833 1 1
20150502106 22:50:00 88228 1 1
20150502107 22:55:00 55467 1 0
20150502108 23:00:00 24713 0 0
20150502109 23:05:00 29291 1 0
20150502110 23:10:00 73192 0 0
20150502111 23:15:00 15490 0 0
20150502112 23:20:00 60442 0 1
20150502113 23:25:00 31879 0 0
20150502114 23:30:00 44495 1 0
20150502115 23:35:00 93916 1 0
20150502116 23:40:00 88253 1 0
20150502117 23:45:00 02335 0 1
20150502118 23:50:00 56785 0 0
20150502119 23:55:00 41275 0 0
20150502120 00:00:00 77938 1 0
