20150518001 00:05:00 88908 1 0
20150518002 00:10:00 94395 0 0
20150518003 00:15:00 98544 0 1
20150518004 00:20:00 99333 1 1
20150518005 00:25:00 54629 0 0
20150518006 00:30:00 19969 1 1
20150518007 00:35:00 01917 0 0
20150518008 00:40:00 86669 1 1
20150518009 00:45:00 83923 0 0
20150518010 00:50:00 67122 0 1
20150518011 00:55:00 04322 0 1
20150518012 01:00:00 18182 1 0
20150518013 01:05:00 96550 0 1
20150518014 01:10:00 92971 1 0
20150518015 01:15:00 13562 0 0
20150518016 01:20:00 22147 1 0
20150518017 01:25:00 98037 0 0
20150518018 01:30:00 09181 0 1
20150518019 01:35:00 70786 1 0
20150518020 01:40:00 31675 0 0
20150518021 01:45:00 36904 0 0
20150518022 01:50:00 34466 1 1
20150518023 01:55:00 12062 0 0
20150518024 10:00:00 87452 0 0
20150518025 10:10:00 56708 0 0
20150518026 10:20:00 41618 0 0
20150518027 10:30:00 82886 1 1
20150518028 10:40:00 30743 0 0
20150518029 10:50:00 61902 0 0
20150518030 11:00:00 09410 0 0
20150518031 11:10:00 55497 1 0
20150518032 11:20:00 83798 0 0
20150518033 11:30:00 34812 0 0
20150518034 11:40:00 26904 0 0
20150518035 11:50:00 20052 1 0
20150518036 12:00:00 06228 0 1
20150518037 12:10:00 70392 0 0
20150518038 12:20:00 72171 0 1
20150518039 12:30:00 54130 0 0
20150518040 12:40:00 19563 0 0
20150518041 12:50:00 68455 0 1
20150518042 13:00:00 49103 0 0
20150518043 13:10:00 23771 0 1
20150518044 13:20:00 75342 0 0
20150518045 13:30:00 35034 0 0
20150518046 13:40:00 57038 0 0
20150518047 13:50:00 55180 1 0
20150518048 14:00:00 10182 1 0
20150518049 14:10:00 73611 0 1
20150518050 14:20:00 56144 0 1
20150518051 14:30:00 46234 0 0
20150518052 14:40:00 26893 0 0
20150518053 14:50:00 95642 0 0
20150518054 15:00:00 91225 0 1
20150518055 15:10:00 96274 0 0
20150518056 15:20:00 68168 0 0
20150518057 15:30:00 20532 0 0
20150518058 15:40:00 40125 0 0
20150518059 15:50:00 71427 0 0
20150518060 16:00:00 17626 0 1
20150518061 16:10:00 18891 1 0
20150518062 16:20:00 06197 0 0
20150518063 16:30:00 78326 0 0
20150518064 16:40:00 55227 1 1
20150518065 16:50:00 32598 0 0
20150518066 17:00:00 26078 0 0
20150518067 17:10:00 46211 0 1
20150518068 17:20:00 84960 0 0
20150518069 17:30:00 70502 0 0
20150518070 17:40:00 21656 0 1
20150518071 17:50:00 79709 1 0
20150518072 18:00:00 40585 0 1
20150518073 18:10:00 19845 0 0
20150518074 18:20:00 73457 0 0
20150518075 18:30:00 80485 0 0
20150518076 18:40:00 05964 0 0
20150518077 18:50:00 34825 0 0
20150518078 19:00:00 89529 0 0
20150518079 19:10:00 59543 1 0
20150518080 19:20:00 76468 0 0
20150518081 19:30:00 85080 0 1
20150518082 19:40:00 60225 0 1
20150518083 19:50:00 58943 0 0
20150518084 20:00:00 41265 0 0
20150518085 20:10:00 34490 1 0
20150518086 20:20:00 79177 0 1
20150518087 20:30:00 17710 1 0
20150518088 20:40:00 33928 1 0
20150518089 20:50:00 00595 1 1
20150518090 21:00:00 08128 0 0
20150518091 21:10:00 39500 0 1
20150518092 21:20:00 29002 0 1
20150518093 21:30:00 84359 0 0
20150518094 21:40:00 21207 1 0
20150518095 21:50:00 26547 0 0
20150518096 22:00:00 46284 0 0
20150518097 22:05:00 79931 1 0
20150518098 22:10:00 91334 0 1
20150518099 22:15:00 26198 0 0
20150518100 22:20:00 54198 0 0
20150518101 22:25:00 34513 0 0
20150518102 22:30:00 25239 1 0
20150518103 22:35:00 55843 1 0
20150518104 22:40:00 75504 1 0
20150518105 22:45:00 89649 0 0
20150518106 22:50:00 13138 1 0
20150518107 22:55:00 34255 0 1
20150518108 23:00:00 23412 0 0
20150518109 23:05:00 73969 0 1
20150518110 23:10:00 16287 0 0
20150518111 23:15:00 77980 1 0
20150518112 23:20:00 52081 0 0
20150518113 23:25:00 08336 0 1
20150518114 23:30:00 19011 0 1
20150518115 23:35:00 95829 0 0
20150518116 23:40:00 20491 0 0
20150518117 23:45:00 43581 0 0
20150518118 23:50:00 71778 1 1
20150518119 23:55:00 47278 0 0
20150518120 00:00:00 84094 0 0
