20150517001 00:05:00 20463 0 0
20150517002 00:10:00 25771 0 1
20150517003 00:15:00 29153 0 0
20150517004 00:20:00 68206 0 0
20150517005 00:25:00 89803 1 0
20150517006 00:30:00 17902 0 0
20150517007 00:35:00 46320 0 0
20150517008 00:40:00 86167 0 0
20150517009 00:45:00 64706 0 0
20150517010 00:50:00 36418 0 0
20150517011 00:55:00 54569 1 0
20150517012 01:00:00 38060 0 1
20150517013 01:05:00 76705 1 0
20150517014 01:10:00 60303 0 1
20150517015 01:15:00 64215 0 0
20150517016 01:20:00 99316 1 0
20150517017 01:25:00 52625 0 0
20150517018 01:30:00 31202 0 1
20150517019 01:35:00 91625 0 0
20150517020 01:40:00 13974 0 0
20150517021 01:45:00 55334 1 1
20150517022 01:50:00 54062 0 0
20150517023 01:55:00 19104 1 0
20150517024 10:00:00 23375 1 0
20150517025 10:10:00 23667 0 1
20150517026 10:20:00 36051 0 0
20150517027 10:30:00 80337 0 1
20150517028 10:40:00 52515 1 1
20150517029 10:50:00 05877 0 1
20150517030 11:00:00 46097 0 0
20150517031 11:10:00 07112 0 1
20150517032 11:20:00 29765 0 0
20150517033 11:30:00 15153 1 0
20150517034 11:40:00 56028 0 0
20150517035 11:50:00 16833 0 1
20150517036 12:00:00 50277 0 1
20150517037 12:10:00 43174 0 0
20150517038 12:20:00 27502 0 0
20150517039 12:30:00 59681 0 0
20150517040 12:40:00 10168 1 0
20150517041 12:50:00 15526 1 0
20150517042 13:00:00 76552 0 1
20150517043 13:10:00 58698 0 0
20150517044 13:20:00 26490 0 0
20150517045 13:30:00 81024 0 0
20150517046 13:40:00 70546 0 0
20150517047 13:50:00 67603 1 0
20150517048 14:00:00 61275 0 0
20150517049 14:10:00 42318 0 0
20150517050 14:20:00 46180 0 0
20150517051 14:30:00 85920 0 0
20150517052 14:40:00 87003 0 1
20150517053 14:50:00 81703 0 0
20150517054 15:00:00 89699 0 1
20150517055 15:10:00 25537 1 0
20150517056 15:20:00 21610 0 0
20150517057 15:30:00 54208 0 0
20150517058 15:40:00 09625 0 0
20150517059 15:50:00 77694 1 0
20150517060 16:00:00 71882 0 1
20150517061 16:10:00 49641 0 0
20150517062 16:20:00 28379 0 0
20150517063 16:30:00 01121 1 1
20150517064 16:40:00 47176 0 0
20150517065 16:50:00 74944 0 1
20150517066 17:00:00 25353 0 1
20150517067 17:10:00 28716 0 0
20150517068 17:20:00 94450 1 0
20150517069 17:30:00 31722 0 1
20150517070 17:40:00 73849 0 0
20150517071 17:50:00 38170 0 0
20150517072 18:00:00 51419 0 0
20150517073 18:10:00 38212 0 1
20150517074 18:20:00 07375 0 0
20150517075 18:30:00 87552 0 1
20150517076 18:40:00 47655 0 1
20150517077 18:50:00 29120 0 0
20150517078 19:00:00 51608 0 0
20150517079 19:10:00 13461 0 0
20150517080 19:20:00 30406 0 0
20150517081 19:30:00 11094 1 0
20150517082 19:40:00 52884 0 1
20150517083 19:50:00 41041 0 0
20150517084 20:00:00 16033 0 1
20150517085 20:10:00 29718 0 0
20150517086 20:20:00 96254 0 0
20150517087 20:30:00 62314 0 0
20150517088 20:40:00 95512 1 0
20150517089 20:50:00 42425 1 0
20150517090 21:00:00 16528 0 0
20150517091 21:10:00 76137 0 0
20150517092 21:20:00 88135 1 0
20150517093 21:30:00 52747 0 1
20150517094 21:40:00 57165 0 0
20150517095 21:50:00 77492 1 0
20150517096 22:00:00 73840 0 0
20150517097 22:05:00 02812 0 0
20150517098 22:10:00 72828 0 1
20150517099 22:15:00 01661 0 1
20150517100 22:20:00 97846 0 0
20150517101 22:25:00 70634 0 0
20150517102 22:30:00 89721 0 0
20150517103 22:35:00 34527 0 0
20150517104 22:40:00 60087 1 0
20150517105 22:45:00 85371 0 0
20150517106 22:50:00 67556 0 1
20150517107 22:55:00 08795 0 0
20150517108 23:00:00 91990 1 1
20150517109 23:05:00 33058 1 0
20150517110 23:10:00 90242 0 1
20150517111 23:15:00 33501 1 0
20150517112 23:20:00 60487 0 0
20150517113 23:25:00 07306 0 0
20150517114 23:30:00 14026 0 0
20150517115 23:35:00 18491 0 0
20150517116 23:40:00 47064 0 0
20150517117 23:45:00 49754 0 0
20150517118 23:50:00 12978 0 0
20150517119 23:55:00 57146 0 0
20150517120 00:00:00 98735 0 0
