20150704001 00:05:00 90775 0 1
20150704002 00:10:00 90205 0 0
20150704003 00:15:00 96930 1 0
20150704004 00:20:00 97338 0 1
20150704005 00:25:00 39467 0 0
20150704006 00:30:00 78563 0 0
20150704007 00:35:00 25006 0 1
20150704008 00:40:00 33425 1 0
20150704009 00:45:00 51665 0 1
20150704010 00:50:00 74014 0 0
20150704011 00:55:00 35442 0 1
20150704012 01:00:00 27522 0 1
20150704013 01:05:00 11606 1 1
20150704014 01:10:00 88740 1 0
20150704015 01:15:00 88439 1 0
20150704016 01:20:00 55820 1 0
20150704017 01:25:00 59088 0 1
20150704018 01:30:00 99040 1 1
20150704019 01:35:00 10615 0 0
20150704020 01:40:00 37409 0 0
20150704021 01:45:00 35703 0 0
20150704022 01:50:00 61678 1 0
20150704023 01:55:00 78027 0 0
20150704024 10:00:00 53135 0 0
20150704025 10:10:00 18407 0 0
20150704026 10:20:00 99625 1 0
20150704027 10:30:00 13669 0 1
20150704028 10:40:00 86000 0 1
20150704029 10:50:00 55250 1 0
20150704030 11:00:00 49945 1 0
20150704031 11:10:00 66334 1 1
20150704032 11:20:00 58216 0 0
20150704033 11:30:00 14001 0 1
20150704034 11:40:00 57893 0 0
20150704035 11:50:00 92811 0 1
20150704036 12:00:00 30304 1 0
20150704037 12:10:00 14094 0 0
20150704038 12:20:00 30162 0 0
20150704039 12:30:00 50271 0 0
20150704040 12:40:00 43520 0 0
20150704041 12:50:00 21120 1 0
20150704042 13:00:00 24239 1 0
20150704043 13:10:00 54996 0 1
20150704044 13:20:00 65947 0 0
20150704045 13:30:00 27514 0 0
20150704046 13:40:00 25527 1 0
20150704047 13:50:00 11934 1 0
20150704048 14:00:00 44543 1 0
20150704049 14:10:00 13215 0 0
20150704050 14:20:00 41754 0 0
20150704051 14:30:00 39402 0 0
20150704052 14:40:00 49434 1 1
20150704053 14:50:00 91563 0 0
20150704054 15:00:00 73143 0 0
20150704055 15:10:00 59356 0 0
20150704056 15:20:00 63390 1 0
20150704057 15:30:00 23234 1 0
20150704058 15:40:00 76707 1 1
20150704059 15:50:00 10731 0 0
20150704060 16:00:00 88942 1 0
20150704061 16:10:00 24597 0 0
20150704062 16:20:00 19105 1 0
20150704063 16:30:00 73976 0 0
20150704064 16:40:00 38280 0 0
20150704065 16:50:00 85312 0 0
20150704066 17:00:00 00947 1 0
20150704067 17:10:00 56545 1 1
20150704068 17:20:00 75943 0 0
20150704069 17:30:00 87325 0 0
20150704070 17:40:00 87620 0 0
20150704071 17:50:00 97751 1 0
20150704072 18:00:00 74831 0 0
20150704073 18:10:00 05802 0 0
20150704074 18:20:00 73809 0 0
20150704075 18:30:00 50027 1 0
20150704076 18:40:00 42369 0 0
20150704077 18:50:00 23514 0 0
20150704078 19:00:00 97439 0 0
20150704079 19:10:00 53195 0 0
20150704080 19:20:00 92114 0 1
20150704081 19:30:00 80326 0 0
20150704082 19:40:00 58424 0 1
20150704083 19:50:00 71922 0 1
20150704084 20:00:00 86904 0 0
20150704085 20:10:00 71873 0 0
20150704086 20:20:00 58944 0 1
20150704087 20:30:00 46553 0 1
20150704088 20:40:00 20465 0 0
20150704089 20:50:00 31057 0 0
20150704090 21:00:00 81764 0 0
20150704091 21:10:00 09911 1 1
20150704092 21:20:00 70088 1 1
20150704093 21:30:00 37026 0 0
20150704094 21:40:00 90741 0 0
20150704095 21:50:00 38086 0 0
20150704096 22:00:00 07637 0 0
20150704097 22:05:00 72665 0 1
20150704098 22:10:00 98545 0 1
20150704099 22:15:00 81316 0 0
20150704100 22:20:00 99258 1 0
20150704101 22:25:00 48039 0 0
20150704102 22:30:00 50951 0 0
20150704103 22:35:00 64589 0 0
20150704104 22:40:00 28894 1 0
20150704105 22:45:00 47779 1 1
20150704106 22:50:00 90938 1 0
20150704107 22:55:00 73460 0 0
20150704108 23:00:00 72421 0 0
20150704109 23:05:00 53831 0 0
20150704110 23:10:00 52465 0 0
20150704111 23:15:00 97660 0 1
20150704112 23:20:00 61452 0 0
20150704113 23:25:00 39644 0 1
20150704114 23:30:00 34619 0 0
20150704115 23:35:00 02977 0 1
20150704116 23:40:00 19903 1 0
20150704117 23:45:00 95492 0 0
20150704118 23:50:00 78063 0 0
20150704119 23:55:00 31298 0 0
20150704120 00:00:00 15293 0 0
