20150526001 00:05:00 42607 0 0
20150526002 00:10:00 65570 1 0
20150526003 00:15:00 61484 0 1
20150526004 00:20:00 29856 0 0
20150526005 00:25:00 60294 0 0
20150526006 00:30:00 27511 0 1
20150526007 00:35:00 51065 0 0
20150526008 00:40:00 28800 1 1
20150526009 00:45:00 93462 0 0
20150526010 00:50:00 59611 0 1
20150526011 00:55:00 88522 1 1
20150526012 01:00:00 18756 0 0
20150526013 01:05:00 69469 0 0
20150526014 01:10:00 59497 0 0
20150526015 01:15:00 40839 0 0
20150526016 01:20:00 69649 1 0
20150526017 01:25:00 58286 0 0
20150526018 01:30:00 58878 1 1
20150526019 01:35:00 54750 0 0
20150526020 01:40:00 76471 0 0
20150526021 01:45:00 31995 0 1
20150526022 01:50:00 84405 1 0
20150526023 01:55:00 21299 1 1
20150526024 10:00:00 89282 0 1
20150526025 10:10:00 58758 0 0
20150526026 10:20:00 92394 0 0
20150526027 10:30:00 85717 0 1
20150526028 10:40:00 66496 1 0
20150526029 10:50:00 94931 1 0
20150526030 11:00:00 68442 0 1
20150526031 11:10:00 04481 1 0
20150526032 11:20:00 13624 0 0
20150526033 11:30:00 34747 0 1
20150526034 11:40:00 91617 0 0
20150526035 11:50:00 93015 0 0
20150526036 12:00:00 33612 1 0
20150526037 12:10:00 53617 0 0
20150526038 12:20:00 60576 0 0
20150526039 12:30:00 19641 0 0
20150526040 12:40:00 56122 0 1
20150526041 12:50:00 85197 0 0
20150526042 13:00:00 82799 0 1
20150526043 13:10:00 93973 1 0
20150526044 13:20:00 65881 0 1
20150526045 13:30:00 86257 0 0
20150526046 13:40:00 82744 0 1
20150526047 13:50:00 60677 1 1
20150526048 14:00:00 13349 1 0
20150526049 14:10:00 29949 1 1
20150526050 14:20:00 83773 0 1
20150526051 14:30:00 21649 0 0
20150526052 14:40:00 26562 0 0
20150526053 14:50:00 87578 0 0
20150526054 15:00:00 76799 1 1
20150526055 15:10:00 28022 0 1
20150526056 15:20:00 56056 0 0
20150526057 15:30:00 05935 0 0
20150526058 15:40:00 78079 0 0
20150526059 15:50:00 32514 0 0
20150526060 16:00:00 39385 1 0
20150526061 16:10:00 51692 0 0
20150526062 16:20:00 50350 0 0
20150526063 16:30:00 97493 0 0
20150526064 16:40:00 96652 1 0
20150526065 16:50:00 82177 0 1
20150526066 17:00:00 86864 1 0
20150526067 17:10:00 40176 0 0
20150526068 17:20:00 85982 0 0
20150526069 17:30:00 26023 0 0
20150526070 17:40:00 65147 0 0
20150526071 17:50:00 12515 0 1
20150526072 18:00:00 88374 1 0
20150526073 18:10:00 90412 0 0
20150526074 18:20:00 24156 0 0
20150526075 18:30:00 04001 1 1
20150526076 18:40:00 23603 0 0
20150526077 18:50:00 57507 1 0
20150526078 19:00:00 24575 0 1
20150526079 19:10:00 20734 0 0
20150526080 19:20:00 08382 0 0
20150526081 19:30:00 04052 1 0
20150526082 19:40:00 17427 0 0
20150526083 19:50:00 66936 1 0
20150526084 20:00:00 46983 0 0
20150526085 20:10:00 43165 0 0
20150526086 20:20:00 62824 0 0
20150526087 20:30:00 77286 1 0
20150526088 20:40:00 71016 0 0
20150526089 20:50:00 99036 1 0
20150526090 21:00:00 43999 0 1
20150526091 21:10:00 75195 0 0
20150526092 21:20:00 91762 0 0
20150526093 21:30:00 74773 1 1
20150526094 21:40:00 19248 0 0
20150526095 21:50:00 35241 0 0
20150526096 22:00:00 86763 0 0
20150526097 22:05:00 22371 1 0
20150526098 22:10:00 68727 0 1
20150526099 22:15:00 92865 0 0
20150526100 22:20:00 76457 0 0
20150526101 22:25:00 13210 0 0
20150526102 22:30:00 47998 0 1
20150526103 22:35:00 19853 0 0
20150526104 22:40:00 77328 1 0
20150526105 22:45:00 14328 0 0
20150526107 22:55:00 46523 0 0
20150526108 23:00:00 89895 1 0
20150526109 23:05:00 26604 1 0
20150526110 23:10:00 82545 0 1
20150526111 23:15:00 00607 1 0
20150526112 23:20:00 03341 1 0
20150526113 23:25:00 23078 0 0
20150526114 23:30:00 95782 0 0
20150526115 23:35:00 20487 0 0
20150526116 23:40:00 52945 0 0
20150526117 23:45:00 15292 0 1
20150526118 23:50:00 46083 0 0
20150526119 23:55:00 11838 1 1
20150526120 00:00:00 86468 0 0
