20150330001 00:05:00 19032 0 0
20150330002 00:10:00 96398 0 0
20150330003 00:15:00 91874 0 0
20150330004 00:20:00 07973 0 0
20150330005 00:25:00 42488 1 1
20150330006 00:30:00 57154 0 0
20150330007 00:35:00 44119 1 1
20150330008 00:40:00 25615 0 0
20150330009 00:45:00 38827 1 0
20150330010 00:50:00 68990 0 1
20150330011 00:55:00 94766 0 1
20150330012 01:00:00 99356 1 0
20150330013 01:05:00 93399 1 1
20150330014 01:10:00 21708 0 0
20150330015 01:15:00 01558 0 1
20150330016 01:20:00 79032 0 0
20150330017 01:25:00 44282 1 1
20150330018 01:30:00 81158 1 0
20150330019 01:35:00 41057 0 0
20150330020 01:40:00 38514 0 0
20150330021 01:45:00 47636 0 1
20150330022 01:50:00 36286 0 0
20150330023 01:55:00 46604 1 0
20150330024 10:00:00 97358 0 0
20150330025 10:10:00 64606 1 1
20150330026 10:20:00 58832 1 0
20150330027 10:30:00 72809 0 0
20150330028 10:40:00 66587 1 0
20150330029 10:50:00 78264 0 0
20150330030 11:00:00 67671 1 0
20150330031 11:10:00 78194 0 0
20150330032 11:20:00 16184 1 0
20150330033 11:30:00 50782 0 0
20150330034 11:40:00 36803 0 0
20150330035 11:50:00 56323 0 1
20150330036 12:00:00 12316 0 0
20150330037 12:10:00 13584 0 0
20150330038 12:20:00 02258 1 0
20150330039 12:30:00 11713 1 0
20150330040 12:40:00 06823 0 0
20150330041 12:50:00 66932 1 0
20150330042 13:00:00 54876 0 0
20150330043 13:10:00 40665 0 1
20150330044 13:20:00 25041 0 0
20150330045 13:30:00 16992 0 1
20150330046 13:40:00 95408 0 0
20150330047 13:50:00 44451 1 0
20150330048 14:00:00 77527 1 0
20150330049 14:10:00 45964 0 0
20150330050 14:20:00 26548 0 0
20150330051 14:30:00 27785 1 0
20150330052 14:40:00 59756 0 0
20150330053 14:50:00 74529 0 0
20150330054 15:00:00 50389 0 0
20150330055 15:10:00 29060 0 1
20150330056 15:20:00 47915 0 0
20150330057 15:30:00 37961 0 0
20150330058 15:40:00 36340 1 0
20150330059 15:50:00 09468 0 0
20150330060 16:00:00 39195 0 0
20150330061 16:10:00 45266 0 1
20150330062 16:20:00 83186 0 0
20150330063 16:30:00 16743 0 0
20150330064 16:40:00 98044 0 1
20150330065 16:50:00 09499 0 1
20150330066 17:00:00 56617 1 0
20150330067 17:10:00 45750 0 0
20150330068 17:20:00 41003 0 1
20150330069 17:30:00 19023 0 0
20150330070 17:40:00 01342 0 0
20150330071 17:50:00 97450 0 0
20150330072 18:00:00 12105 1 0
20150330073 18:10:00 76999 0 1
20150330074 18:20:00 12876 0 0
20150330075 18:30:00 44640 1 0
20150330076 18:40:00 46506 0 0
20150330077 18:50:00 88967 1 0
20150330078 19:00:00 93510 0 0
20150330079 19:10:00 19528 0 0
20150330080 19:20:00 69878 0 1
20150330081 19:30:00 46366 0 1
20150330082 19:40:00 12658 0 0
20150330083 19:50:00 05128 0 0
20150330084 20:00:00 63494 0 1
20150330085 20:10:00 68968 0 0
20150330086 20:20:00 04255 0 1
20150330087 20:30:00 54574 1 0
20150330088 20:40:00 06048 1 0
20150330089 20:50:00 18326 0 0
20150330090 21:00:00 10097 1 0
20150330091 21:10:00 57785 1 0
20150330092 21:20:00 29335 0 1
20150330093 21:30:00 77254 1 0
20150330094 21:40:00 38880 1 1
20150330095 21:50:00 93323 1 1
20150330096 22:00:00 85887 1 1
20150330097 22:05:00 20272 1 1
20150330098 22:10:00 05415 0 0
20150330099 22:15:00 10482 0 0
20150330100 22:20:00 58702 0 0
20150330101 22:25:00 49499 1 1
20150330102 22:30:00 85479 0 0
20150330103 22:35:00 48274 0 0
20150330104 22:40:00 16638 1 0
20150330105 22:45:00 61562 0 0
20150330106 22:50:00 37962 0 0
20150330107 22:55:00 60205 0 0
20150330108 23:00:00 32427 0 0
20150330109 23:05:00 96583 0 0
20150330110 23:10:00 89714 0 0
20150330111 23:15:00 88412 1 0
20150330112 23:20:00 90091 1 0
20150330113 23:25:00 01920 0 0
20150330114 23:30:00 33760 1 0
20150330115 23:35:00 57711 1 1
20150330116 23:40:00 72545 0 1
20150330117 23:45:00 22878 1 1
20150330118 23:50:00 33119 1 1
20150330119 23:55:00 66390 1 0
20150330120 00:00:00 15366 0 1
