20150304001 00:05:00 06522 0 1
20150304002 00:10:00 36625 1 0
20150304003 00:15:00 32347 1 0
20150304004 00:20:00 44160 1 0
20150304005 00:25:00 61421 0 0
20150304006 00:30:00 72723 1 0
20150304007 00:35:00 06188 0 1
20150304008 00:40:00 68209 0 0
20150304009 00:45:00 70051 1 0
20150304010 00:50:00 55985 1 0
20150304011 00:55:00 24142 0 0
20150304012 01:00:00 78323 0 1
20150304013 01:05:00 72901 0 0
20150304014 01:10:00 88685 1 0
20150304015 01:15:00 57519 1 0
20150304016 01:20:00 76845 0 0
20150304017 01:25:00 21525 0 1
20150304018 01:30:00 04272 0 1
20150304019 01:35:00 13044 0 1
20150304020 01:40:00 73378 1 0
20150304021 01:45:00 44465 1 0
20150304022 01:50:00 10123 1 0
20150304023 01:55:00 73570 0 0
20150304024 10:00:00 85379 0 0
20150304025 10:10:00 69445 0 1
20150304026 10:20:00 82976 0 0
20150304027 10:30:00 12283 1 0
20150304028 10:40:00 59708 0 0
20150304029 10:50:00 32740 0 0
20150304030 11:00:00 90284 0 0
20150304031 11:10:00 11109 1 0
20150304032 11:20:00 87911 0 1
20150304033 11:30:00 72608 0 0
20150304034 11:40:00 94844 0 1
20150304035 11:50:00 81544 0 1
20150304036 12:00:00 82099 0 1
20150304037 12:10:00 16304 0 0
20150304038 12:20:00 68467 0 0
20150304039 12:30:00 23309 1 0
20150304040 12:40:00 28771 0 1
20150304041 12:50:00 04307 0 0
20150304042 13:00:00 15323 0 1
20150304043 13:10:00 91573 0 0
20150304044 13:20:00 07676 0 1
20150304045 13:30:00 59382 0 0
20150304046 13:40:00 34032 0 0
20150304047 13:50:00 93343 1 1
20150304048 14:00:00 03603 0 0
20150304049 14:10:00 25497 0 0
20150304050 14:20:00 18896 1 0
20150304051 14:30:00 13530 0 0
20150304052 14:40:00 23989 0 1
20150304053 14:50:00 21592 0 0
20150304054 15:00:00 30246 0 0
20150304055 15:10:00 39317 1 0
20150304056 15:20:00 27461 0 0
20150304057 15:30:00 51783 0 0
20150304058 15:40:00 10042 1 0
20150304059 15:50:00 00392 1 0
20150304060 16:00:00 91054 0 0
20150304061 16:10:00 25026 0 0
20150304062 16:20:00 05437 0 0
20150304063 16:30:00 34665 0 1
20150304064 16:40:00 70639 0 0
20150304065 16:50:00 68230 0 0
20150304066 17:00:00 60217 0 0
20150304067 17:10:00 67674 1 0
20150304068 17:20:00 99796 1 0
20150304069 17:30:00 36243 0 0
20150304070 17:40:00 89361 0 0
20150304071 17:50:00 49716 0 0
20150304072 18:00:00 06467 0 0
20150304073 18:10:00 14283 0 0
20150304074 18:20:00 68618 1 0
20150304075 18:30:00 57620 0 0
20150304076 18:40:00 58577 1 1
20150304077 18:50:00 41224 0 1
20150304078 19:00:00 95202 0 1
20150304079 19:10:00 04362 0 0
20150304080 19:20:00 96362 0 0
20150304081 19:30:00 61355 0 1
20150304082 19:40:00 80652 0 0
20150304083 19:50:00 12269 1 0
20150304084 20:00:00 67855 0 1
20150304085 20:10:00 01655 0 1
20150304086 20:20:00 38879 1 0
20150304087 20:30:00 58138 0 0
20150304088 20:40:00 01493 0 0
20150304089 20:50:00 59647 0 0
20150304090 21:00:00 93961 1 0
20150304091 21:10:00 98264 0 0
20150304092 21:20:00 04888 0 1
20150304093 21:30:00 77292 1 1
20150304094 21:40:00 21991 0 1
20150304095 21:50:00 62682 1 0
20150304096 22:00:00 31542 0 0
20150304097 22:05:00 92914 1 0
20150304100 22:20:00 47038 0 0
20150304101 22:25:00 11834 1 0
20150304102 22:30:00 99514 1 0
20150304103 22:35:00 98456 0 0
20150304104 22:40:00 71419 0 0
20150304105 22:45:00 01906 0 0
20150304106 22:50:00 67993 0 1
20150304107 22:55:00 81398 0 0
20150304108 23:00:00 82281 1 0
20150304109 23:05:00 77330 1 1
20150304110 23:10:00 53524 1 0
20150304111 23:15:00 38787 0 1
20150304112 23:20:00 65739 0 0
20150304113 23:25:00 79190 0 0
20150304114 23:30:00 45261 0 0
20150304115 23:35:00 30245 0 0
20150304116 23:40:00 85544 1 1
20150304117 23:45:00 67127 0 0
20150304118 23:50:00 82796 0 0
20150304119 23:55:00 51655 0 1
20150304120 00:00:00 40007 1 1
