20150324001 00:05:00 89142 0 0
20150324002 00:10:00 31891 0 0
20150324003 00:15:00 80957 0 0
20150324004 00:20:00 25432 0 0
20150324005 00:25:00 42367 0 0
20150324006 00:30:00 19838 0 1
20150324007 00:35:00 25945 0 0
20150324008 00:40:00 99940 1 0
20150324009 00:45:00 99132 1 0
20150324010 00:50:00 30316 1 0
20150324011 00:55:00 53422 0 1
20150324013 01:05:00 10456 0 0
20150324014 01:10:00 50883 0 1
20150324015 01:15:00 56840 0 0
20150324016 01:20:00 53357 1 0
20150324017 01:25:00 06778 0 1
20150324018 01:30:00 84591 0 0
20150324019 01:35:00 54970 0 0
20150324020 01:40:00 68102 0 0
20150324021 01:45:00 14289 0 0
20150324022 01:50:00 53038 0 0
20150324023 01:55:00 13492 0 0
20150324024 10:00:00 96876 0 0
20150324025 10:10:00 47068 0 0
20150324026 10:20:00 45265 0 0
20150324027 10:30:00 54753 0 0
20150324028 10:40:00 17305 0 0
20150324029 10:50:00 07223 0 1
20150324030 11:00:00 04097 1 0
20150324031 11:10:00 34880 0 1
20150324032 11:20:00 51482 0 0
20150324033 11:30:00 36246 0 0
20150324034 11:40:00 64156 0 0
20150324035 11:50:00 44819 1 0
20150324036 12:00:00 51472 0 0
20150324037 12:10:00 81862 1 0
20150324038 12:20:00 05690 0 0
20150324039 12:30:00 52752 0 0
20150324040 12:40:00 91986 1 0
20150324041 12:50:00 05998 0 1
20150324042 13:00:00 24448 1 1
20150324043 13:10:00 12817 0 0
20150324044 13:20:00 55055 1 1
20150324045 13:30:00 91794 0 0
20150324046 13:40:00 48490 1 0
20150324047 13:50:00 29211 1 1
20150324048 14:00:00 77112 1 1
20150324049 14:10:00 86776 0 1
20150324050 14:20:00 66185 1 0
20150324051 14:30:00 27237 1 0
20150324052 14:40:00 55617 1 0
20150324053 14:50:00 46301 0 0
20150324054 15:00:00 90462 0 0
20150324055 15:10:00 80385 0 0
20150324056 15:20:00 63552 0 1
20150324057 15:30:00 00440 1 1
20150324058 15:40:00 11424 1 1
20150324059 15:50:00 45796 0 0
20150324060 16:00:00 47863 0 0
20150324061 16:10:00 11041 1 0
20150324062 16:20:00 03928 0 0
20150324063 16:30:00 58106 0 0
20150324064 16:40:00 57432 0 0
20150324065 16:50:00 00389 1 0
20150324066 17:00:00 18270 0 0
20150324067 17:10:00 44880 1 1
20150324068 17:20:00 45950 0 0
20150324069 17:30:00 26673 1 0
20150324070 17:40:00 73658 0 0
20150324071 17:50:00 97010 0 1
20150324072 18:00:00 15612 0 0
20150324073 18:10:00 41987 0 0
20150324074 18:20:00 71062 0 0
20150324075 18:30:00 55555 1 1
20150324076 18:40:00 39325 1 0
20150324077 18:50:00 35358 1 0
20150324078 19:00:00 36356 1 0
20150324079 19:10:00 33517 1 0
20150324080 19:20:00 78775 1 1
20150324081 19:30:00 43578 0 0
20150324082 19:40:00 63522 0 1
20150324083 19:50:00 51635 0 0
20150324084 20:00:00 59127 0 0
20150324085 20:10:00 26561 0 0
20150324086 20:20:00 32979 0 1
20150324087 20:30:00 20084 1 0
20150324088 20:40:00 26297 1 0
20150324089 20:50:00 64946 0 0
20150324090 21:00:00 23450 0 0
20150324091 21:10:00 14034 0 0
20150324092 21:20:00 46995 0 1
20150324093 21:30:00 50338 0 1
20150324094 21:40:00 88368 1 0
20150324095 21:50:00 61648 1 0
20150324096 22:00:00 18487 0 0
20150324097 22:05:00 39266 0 1
20150324098 22:10:00 28856 1 0
20150324099 22:15:00 16507 0 0
20150324100 22:20:00 72919 0 1
20150324101 22:25:00 14069 0 0
20150324102 22:30:00 65746 0 0
20150324103 22:35:00 01231 0 0
20150324104 22:40:00 46658 1 0
20150324105 22:45:00 48434 1 1
20150324106 22:50:00 12348 0 0
20150324107 22:55:00 25382 0 0
20150324108 23:00:00 19455 0 1
20150324109 23:05:00 90870 0 0
20150324110 23:10:00 23998 0 1
20150324111 23:15:00 76845 0 0
20150324112 23:20:00 40490 1 0
20150324113 23:25:00 70828 0 1
20150324114 23:30:00 91225 0 1
20150324115 23:35:00 59103 0 0
20150324116 23:40:00 78870 1 0
20150324117 23:45:00 46649 1 0
20150324118 23:50:00 08503 0 0
20150324119 23:55:00 96869 0 0
20150324120 00:00:00 85429 0 0
