20151008001 00:05:00 75483 0 0
20151008002 00:10:00 46719 0 0
20151008003 00:15:00 51288 0 1
20151008004 00:20:00 76158 0 0
20151008005 00:25:00 76108 0 0
20151008006 00:30:00 90437 0 0
20151008007 00:35:00 64681 1 0
20151008008 00:40:00 24388 0 1
20151008009 00:45:00 16062 0 0
20151008010 00:50:00 79646 0 1
20151008011 00:55:00 45729 0 0
20151008012 01:00:00 30909 0 1
20151008013 01:05:00 09832 0 0
20151008014 01:10:00 87428 0 0
20151008015 01:15:00 42907 0 0
20151008016 01:20:00 53075 0 0
20151008017 01:25:00 67085 0 0
20151008018 01:30:00 29969 1 1
20151008019 01:35:00 58110 0 1
20151008020 01:40:00 12904 0 0
20151008021 01:45:00 39168 0 0
20151008022 01:50:00 58448 0 1
20151008023 01:55:00 92490 0 0
20151008024 10:00:00 71312 0 0
20151008025 10:10:00 61196 1 0
20151008026 10:20:00 22036 1 0
20151008027 10:30:00 36052 0 0
20151008028 10:40:00 38666 0 1
20151008029 10:50:00 56131 0 1
20151008030 11:00:00 99776 1 1
20151008031 11:10:00 72004 0 1
20151008032 11:20:00 21220 1 1
20151008033 11:30:00 65979 0 1
20151008034 11:40:00 70184 0 0
20151008035 11:50:00 01847 0 0
20151008036 12:00:00 67394 0 0
20151008037 12:10:00 51967 0 0
20151008038 12:20:00 26994 0 1
20151008039 12:30:00 99896 1 0
20151008040 12:40:00 48275 0 0
20151008041 12:50:00 24027 0 0
20151008042 13:00:00 64776 0 1
20151008043 13:10:00 36409 0 0
20151008044 13:20:00 70622 0 1
20151008045 13:30:00 75419 0 0
20151008046 13:40:00 50604 0 0
20151008047 13:50:00 35536 1 0
20151008048 14:00:00 17136 1 0
20151008049 14:10:00 81566 0 1
20151008050 14:20:00 43251 0 0
20151008051 14:30:00 92486 0 0
20151008052 14:40:00 32038 0 0
20151008053 14:50:00 21692 0 0
20151008054 15:00:00 08344 0 1
20151008055 15:10:00 49435 1 0
20151008056 15:20:00 81698 0 0
20151008057 15:30:00 10569 0 0
20151008058 15:40:00 83245 0 0
20151008059 15:50:00 63080 0 1
20151008060 16:00:00 57556 1 1
20151008061 16:10:00 12328 0 0
20151008062 16:20:00 47824 0 0
20151008063 16:30:00 26404 0 1
20151008064 16:40:00 33926 1 0
20151008065 16:50:00 64775 0 1
20151008066 17:00:00 07000 1 1
20151008067 17:10:00 49647 0 0
20151008068 17:20:00 15347 0 0
20151008069 17:30:00 84885 1 1
20151008070 17:40:00 14923 0 0
20151008071 17:50:00 07559 0 1
20151008072 18:00:00 10388 0 1
20151008073 18:10:00 57200 0 1
20151008074 18:20:00 60712 0 0
20151008075 18:30:00 48699 0 1
20151008076 18:40:00 77036 1 0
20151008077 18:50:00 94195 0 0
20151008078 19:00:00 26708 0 0
20151008079 19:10:00 61678 1 0
20151008080 19:20:00 30263 0 0
20151008081 19:30:00 80118 0 1
20151008082 19:40:00 28706 0 0
20151008083 19:50:00 42334 0 1
20151008084 20:00:00 31932 0 0
20151008085 20:10:00 51013 0 0
20151008086 20:20:00 83338 1 1
20151008087 20:30:00 42838 0 1
20151008088 20:40:00 48456 1 0
20151008089 20:50:00 06958 0 0
20151008090 21:00:00 38692 0 0
20151008091 21:10:00 58062 0 0
20151008092 21:20:00 25441 0 1
20151008093 21:30:00 59801 0 0
20151008094 21:40:00 54960 0 0
20151008095 21:50:00 83895 1 0
20151008096 22:00:00 45456 1 0
20151008097 22:05:00 62852 0 0
20151008098 22:10:00 78751 1 0
20151008099 22:15:00 00624 1 0
20151008100 22:20:00 34855 0 1
20151008101 22:25:00 96494 0 1
20151008102 22:30:00 85885 1 1
20151008103 22:35:00 13728 0 0
20151008104 22:40:00 92449 0 1
20151008105 22:45:00 49684 0 0
20151008106 22:50:00 63655 1 1
20151008107 22:55:00 72297 1 0
20151008108 23:00:00 29389 0 0
20151008109 23:05:00 03906 0 0
20151008110 23:10:00 15518 1 0
20151008111 23:15:00 21373 0 1
20151008112 23:20:00 21462 0 0
20151008113 23:25:00 24976 0 0
20151008114 23:30:00 87746 1 0
20151008115 23:35:00 35791 0 0
20151008116 23:40:00 09369 0 0
20151008117 23:45:00 56678 1 0
20151008118 23:50:00 41552 0 1
20151008119 23:55:00 36396 1 0
20151008120 00:00:00 53009 0 1
