20150325001 00:05:00 54208 0 0
20150325002 00:10:00 55057 1 0
20150325003 00:15:00 79618 0 0
20150325004 00:20:00 73538 0 0
20150325005 00:25:00 23216 1 0
20150325006 00:30:00 30390 1 0
20150325007 00:35:00 00547 1 0
20150325008 00:40:00 48364 0 0
20150325009 00:45:00 44334 1 1
20150325010 00:50:00 56510 1 0
20150325011 00:55:00 43188 0 1
20150325012 01:00:00 93279 0 0
20150325013 01:05:00 71570 0 0
20150325014 01:10:00 83091 0 0
20150325015 01:15:00 28906 0 0
20150325016 01:20:00 63057 0 0
20150325017 01:25:00 29726 0 0
20150325018 01:30:00 20178 0 0
20150325019 01:35:00 87830 1 0
20150325020 01:40:00 12027 0 0
20150325021 01:45:00 36086 0 0
20150325022 01:50:00 54413 1 0
20150325023 01:55:00 81575 0 1
20150325024 10:00:00 47014 0 0
20150325025 10:10:00 83935 0 0
20150325026 10:20:00 54233 0 1
20150325027 10:30:00 67477 0 1
20150325028 10:40:00 55393 1 1
20150325029 10:50:00 83977 0 1
20150325030 11:00:00 01167 1 0
20150325031 11:10:00 19857 0 0
20150325032 11:20:00 22077 1 1
20150325033 11:30:00 96099 0 1
20150325034 11:40:00 77329 1 0
20150325035 11:50:00 69363 0 1
20150325036 12:00:00 61121 1 1
20150325037 12:10:00 71157 1 0
20150325038 12:20:00 00806 1 0
20150325039 12:30:00 19657 0 0
20150325040 12:40:00 91777 0 1
20150325041 12:50:00 17375 0 0
20150325042 13:00:00 51835 0 0
20150325043 13:10:00 67407 0 0
20150325044 13:20:00 33993 1 1
20150325045 13:30:00 25723 0 0
20150325046 13:40:00 70001 1 1
20150325047 13:50:00 31913 0 0
20150325048 14:00:00 08552 0 1
20150325049 14:10:00 98361 0 0
20150325050 14:20:00 83582 0 0
20150325051 14:30:00 79883 0 1
20150325052 14:40:00 53672 0 0
20150325053 14:50:00 18624 0 0
20150325054 15:00:00 43385 1 0
20150325055 15:10:00 56518 1 0
20150325056 15:20:00 90411 0 1
20150325057 15:30:00 99379 1 0
20150325058 15:40:00 46293 0 0
20150325059 15:50:00 59645 0 0
20150325060 16:00:00 14286 0 0
20150325061 16:10:00 57491 0 0
20150325062 16:20:00 53132 0 0
20150325063 16:30:00 91752 0 0
20150325064 16:40:00 11805 1 0
20150325065 16:50:00 42068 0 0
20150325066 17:00:00 36977 0 1
20150325067 17:10:00 39165 0 0
20150325068 17:20:00 74866 0 1
20150325069 17:30:00 41635 0 0
20150325070 17:40:00 34697 0 0
20150325071 17:50:00 35522 1 1
20150325072 18:00:00 00965 1 0
20150325073 18:10:00 52426 0 0
20150325074 18:20:00 56966 0 1
20150325075 18:30:00 87418 0 0
20150325076 18:40:00 11396 1 0
20150325077 18:50:00 20691 0 0
20150325078 19:00:00 17424 0 1
20150325079 19:10:00 38066 0 1
20150325080 19:20:00 33485 1 0
20150325081 19:30:00 15821 0 0
20150325082 19:40:00 27351 0 0
20150325083 19:50:00 74854 0 0
20150325084 20:00:00 55276 1 0
20150325085 20:10:00 95393 0 1
20150325086 20:20:00 03393 1 1
20150325087 20:30:00 07032 1 0
20150325088 20:40:00 54107 0 0
20150325089 20:50:00 15433 0 1
20150325090 21:00:00 21093 0 0
20150325091 21:10:00 92059 0 0
20150325092 21:20:00 50517 1 0
20150325093 21:30:00 33368 1 0
20150325094 21:40:00 72869 0 0
20150325095 21:50:00 15097 0 0
20150325096 22:00:00 84801 1 0
20150325097 22:05:00 24194 0 0
20150325098 22:10:00 39849 0 0
20150325099 22:15:00 53325 1 0
20150325100 22:20:00 43272 0 1
20150325101 22:25:00 96822 0 1
20150325102 22:30:00 82536 0 0
20150325103 22:35:00 30664 0 1
20150325104 22:40:00 16228 0 1
20150325105 22:45:00 49041 0 0
20150325106 22:50:00 27668 0 1
20150325107 22:55:00 14132 1 0
20150325108 23:00:00 98031 0 0
20150325109 23:05:00 98422 0 1
20150325110 23:10:00 28989 0 1
20150325111 23:15:00 49205 0 0
20150325112 23:20:00 68160 0 0
20150325113 23:25:00 61798 0 0
20150325114 23:30:00 49950 1 0
20150325115 23:35:00 26337 0 1
20150325116 23:40:00 86190 0 0
20150325117 23:45:00 80364 0 0
20150325118 23:50:00 15552 1 1
20150325119 23:55:00 87953 0 0
20150325120 00:00:00 28085 0 0
