20150128001 00:05:00 77698 1 0
20150128002 00:10:00 03004 1 1
20150128003 00:15:00 74704 1 0
20150128004 00:20:00 10819 0 0
20150128005 00:25:00 07178 0 0
20150128006 00:30:00 26460 0 0
20150128007 00:35:00 21557 0 1
20150128008 00:40:00 22220 1 1
20150128009 00:45:00 63366 1 1
20150128010 00:50:00 49445 1 1
20150128011 00:55:00 77188 1 1
20150128012 01:00:00 61429 0 0
20150128013 01:05:00 60419 0 0
20150128014 01:10:00 78492 0 0
20150128015 01:15:00 19353 0 1
20150128016 01:20:00 70301 0 0
20150128017 01:25:00 67333 0 1
20150128018 01:30:00 74923 0 0
20150128019 01:35:00 26263 1 0
20150128020 01:40:00 89034 0 0
20150128021 01:45:00 76534 0 0
20150128022 01:50:00 14592 0 0
20150128023 01:55:00 55977 1 1
20150128024 10:00:00 97972 1 0
20150128025 10:10:00 70629 0 0
20150128026 10:20:00 08386 0 0
20150128027 10:30:00 75801 0 0
20150128028 10:40:00 06492 0 0
20150128029 10:50:00 30198 0 0
20150128030 11:00:00 65611 1 1
20150128031 11:10:00 90935 1 0
20150128032 11:20:00 53211 0 1
20150128033 11:30:00 08470 0 0
20150128034 11:40:00 30111 0 1
20150128035 11:50:00 95699 0 1
20150128036 12:00:00 52195 0 0
20150128037 12:10:00 30162 0 0
20150128038 12:20:00 60031 1 0
20150128039 12:30:00 70602 0 0
20150128040 12:40:00 60847 0 0
20150128041 12:50:00 82944 0 1
20150128042 13:00:00 80225 0 1
20150128043 13:10:00 29431 0 0
20150128044 13:20:00 72861 0 0
20150128045 13:30:00 47949 0 1
20150128046 13:40:00 34279 0 0
20150128047 13:50:00 41550 0 1
20150128048 14:00:00 73077 0 1
20150128049 14:10:00 84060 0 1
20150128050 14:20:00 49419 1 0
20150128051 14:30:00 34106 0 0
20150128052 14:40:00 33251 1 0
20150128053 14:50:00 59114 0 1
20150128054 15:00:00 99069 1 0
20150128055 15:10:00 13355 1 1
20150128056 15:20:00 72619 0 0
20150128057 15:30:00 67719 1 0
20150128058 15:40:00 51979 0 1
20150128059 15:50:00 70205 0 0
20150128060 16:00:00 18001 0 1
20150128061 16:10:00 62400 0 1
20150128062 16:20:00 36563 0 0
20150128063 16:30:00 41279 0 0
20150128064 16:40:00 74185 0 0
20150128065 16:50:00 01914 0 0
20150128066 17:00:00 99271 1 0
20150128067 17:10:00 81839 1 0
20150128068 17:20:00 11968 1 0
20150128069 17:30:00 65764 0 0
20150128070 17:40:00 48481 1 0
20150128071 17:50:00 74595 0 1
20150128072 18:00:00 48440 1 1
20150128073 18:10:00 22265 1 0
20150128074 18:20:00 16141 1 1
20150128075 18:30:00 89841 1 0
20150128076 18:40:00 66787 1 1
20150128077 18:50:00 92375 0 0
20150128078 19:00:00 59938 1 0
20150128079 19:10:00 03823 0 0
20150128080 19:20:00 39295 0 0
20150128081 19:30:00 43474 1 1
20150128082 19:40:00 71570 0 0
20150128083 19:50:00 54863 0 0
20150128084 20:00:00 13689 0 0
20150128085 20:10:00 08842 1 0
20150128086 20:20:00 09174 0 0
20150128087 20:30:00 19812 0 0
20150128088 20:40:00 03866 0 1
20150128089 20:50:00 85882 1 1
20150128090 21:00:00 91831 0 0
20150128091 21:10:00 22960 1 0
20150128092 21:20:00 67554 0 1
20150128093 21:30:00 47841 0 0
20150128094 21:40:00 53106 0 0
20150128095 21:50:00 00641 1 0
20150128096 22:00:00 29150 0 0
20150128097 22:05:00 84831 1 0
20150128098 22:10:00 13074 0 0
20150128099 22:15:00 69934 1 0
20150128100 22:20:00 05739 0 0
20150128101 22:25:00 15861 0 0
20150128102 22:30:00 11418 1 0
20150128103 22:35:00 85323 0 1
20150128104 22:40:00 72213 1 0
20150128105 22:45:00 87643 0 0
20150128106 22:50:00 46039 0 0
20150128107 22:55:00 87229 0 1
20150128108 23:00:00 64556 0 1
20150128109 23:05:00 96609 1 0
20150128110 23:10:00 04218 0 0
20150128111 23:15:00 48088 0 1
20150128112 23:20:00 78212 0 1
20150128113 23:25:00 50397 0 0
20150128114 23:30:00 93327 1 0
20150128115 23:35:00 72753 1 0
20150128116 23:40:00 95813 0 0
20150128117 23:45:00 95317 0 0
20150128118 23:50:00 49387 0 0
20150128119 23:55:00 96521 0 0
20150128120 00:00:00 77888 1 1
