20151203001 00:05:00 67798 1 0
20151203002 00:10:00 65558 1 1
20151203003 00:15:00 61038 0 0
20151203004 00:20:00 79119 0 1
20151203005 00:25:00 61726 0 0
20151203006 00:30:00 49228 0 1
20151203007 00:35:00 82216 1 0
20151203008 00:40:00 37232 0 1
20151203009 00:45:00 33276 1 0
20151203010 00:50:00 57115 0 1
20151203011 00:55:00 90635 0 0
20151203012 01:00:00 71527 0 0
20151203013 01:05:00 40826 0 0
20151203014 01:10:00 61073 0 0
20151203015 01:15:00 14959 0 1
20151203016 01:20:00 10312 0 0
20151203017 01:25:00 13378 1 0
20151203018 01:30:00 75939 0 1
20151203019 01:35:00 70997 0 1
20151203020 01:40:00 93990 1 1
20151203021 01:45:00 28876 1 0
20151203022 01:50:00 08224 0 1
20151203023 01:55:00 83785 0 0
20151203024 10:00:00 05321 0 0
20151203025 10:10:00 76494 0 1
20151203026 10:20:00 53865 0 0
20151203027 10:30:00 68547 0 0
20151203028 10:40:00 59244 0 1
20151203029 10:50:00 68408 0 0
20151203030 11:00:00 66054 1 0
20151203031 11:10:00 84453 1 0
20151203032 11:20:00 23290 1 0
20151203033 11:30:00 79797 1 1
20151203034 11:40:00 41135 1 0
20151203035 11:50:00 41956 0 0
20151203036 12:00:00 60714 0 0
20151203037 12:10:00 66260 1 0
20151203038 12:20:00 36675 1 0
20151203039 12:30:00 40794 0 0
20151203040 12:40:00 41340 0 0
20151203041 12:50:00 52785 0 0
20151203042 13:00:00 66128 1 0
20151203043 13:10:00 84556 0 1
20151203044 13:20:00 59740 0 0
20151203045 13:30:00 64923 0 0
20151203046 13:40:00 29411 0 1
20151203047 13:50:00 93943 1 0
20151203048 14:00:00 06127 0 0
20151203049 14:10:00 32208 1 0
20151203050 14:20:00 64973 0 0
20151203051 14:30:00 26116 0 1
20151203052 14:40:00 23315 1 0
20151203053 14:50:00 62765 0 0
20151203054 15:00:00 51888 0 1
20151203055 15:10:00 26601 1 0
20151203056 15:20:00 23823 0 0
20151203057 15:30:00 07074 1 0
20151203058 15:40:00 16342 0 0
20151203059 15:50:00 98987 1 0
20151203060 16:00:00 51701 0 0
20151203061 16:10:00 75437 0 0
20151203062 16:20:00 59123 0 0
20151203063 16:30:00 95263 0 0
20151203064 16:40:00 46229 0 1
20151203065 16:50:00 60406 0 0
20151203066 17:00:00 44873 1 0
20151203067 17:10:00 54681 0 0
20151203068 17:20:00 83146 0 0
20151203069 17:30:00 66946 1 0
20151203070 17:40:00 37847 0 0
20151203071 17:50:00 99601 1 0
20151203072 18:00:00 19166 1 1
20151203073 18:10:00 89824 1 0
20151203074 18:20:00 46472 1 0
20151203075 18:30:00 92046 0 0
20151203076 18:40:00 73072 0 0
20151203077 18:50:00 30544 0 1
20151203078 19:00:00 39154 0 0
20151203079 19:10:00 69312 0 0
20151203080 19:20:00 20233 1 1
20151203081 19:30:00 56481 0 0
20151203082 19:40:00 82364 0 0
20151203083 19:50:00 86735 0 0
20151203084 20:00:00 25346 0 0
20151203085 20:10:00 51942 0 0
20151203086 20:20:00 65419 0 0
20151203087 20:30:00 22810 1 0
20151203088 20:40:00 06821 0 0
20151203089 20:50:00 07351 0 0
20151203090 21:00:00 39079 0 0
20151203091 21:10:00 54729 0 0
20151203092 21:20:00 94683 0 0
20151203093 21:30:00 94840 0 0
20151203094 21:40:00 80185 0 0
20151203095 21:50:00 05192 0 0
20151203096 22:00:00 49088 0 1
20151203097 22:05:00 34522 0 1
20151203098 22:10:00 79991 1 1
20151203099 22:15:00 72899 0 1
20151203100 22:20:00 73147 0 0
20151203101 22:25:00 66248 1 0
20151203102 22:30:00 52553 1 1
20151203103 22:35:00 40926 0 0
20151203104 22:40:00 92251 1 0
20151203105 22:45:00 90557 0 1
20151203106 22:50:00 02713 0 0
20151203107 22:55:00 58282 0 1
20151203108 23:00:00 32132 0 0
20151203109 23:05:00 41394 0 0
20151203110 23:10:00 98883 1 1
20151203111 23:15:00 24268 1 0
20151203112 23:20:00 61460 0 0
20151203113 23:25:00 47157 0 0
20151203114 23:30:00 63353 1 1
20151203115 23:35:00 36585 0 1
20151203116 23:40:00 09646 0 1
20151203117 23:45:00 80722 0 1
20151203119 23:55:00 70918 0 0
20151203120 00:00:00 05708 0 0
