20150530001 00:05:00 43064 0 0
20150530002 00:10:00 01296 0 0
20150530003 00:15:00 95090 0 1
20150530004 00:20:00 63637 1 0
20150530005 00:25:00 60848 0 1
20150530006 00:30:00 79710 1 0
20150530007 00:35:00 11640 1 0
20150530008 00:40:00 46616 1 1
20150530009 00:45:00 26772 0 1
20150530010 00:50:00 76832 0 0
20150530011 00:55:00 03240 0 0
20150530012 01:00:00 59515 1 1
20150530013 01:05:00 55848 1 1
20150530014 01:10:00 06125 0 0
20150530015 01:15:00 66320 1 0
20150530016 01:20:00 63920 0 0
20150530017 01:25:00 94726 0 0
20150530018 01:30:00 51494 0 1
20150530019 01:35:00 58127 0 0
20150530020 01:40:00 61803 0 0
20150530021 01:45:00 91883 0 1
20150530022 01:50:00 01475 0 0
20150530023 01:55:00 41945 0 0
20150530024 10:00:00 20644 0 1
20150530025 10:10:00 15813 0 0
20150530026 10:20:00 81160 1 0
20150530027 10:30:00 51300 0 1
20150530028 10:40:00 55965 1 0
20150530029 10:50:00 70823 0 0
20150530030 11:00:00 12683 0 0
20150530031 11:10:00 23875 0 0
20150530032 11:20:00 71314 0 0
20150530033 11:30:00 58235 0 0
20150530034 11:40:00 09702 0 0
20150530035 11:50:00 09130 0 0
20150530036 12:00:00 88079 1 0
20150530037 12:10:00 83627 0 0
20150530038 12:20:00 04014 1 0
20150530039 12:30:00 80514 0 0
20150530040 12:40:00 60172 0 0
20150530041 12:50:00 94196 0 0
20150530042 13:00:00 69183 0 0
20150530043 13:10:00 86200 0 1
20150530044 13:20:00 24280 1 0
20150530045 13:30:00 87544 0 1
20150530046 13:40:00 69005 0 1
20150530047 13:50:00 88915 1 0
20150530048 14:00:00 27169 0 0
20150530049 14:10:00 53176 0 0
20150530050 14:20:00 71131 1 1
20150530051 14:30:00 34103 0 0
20150530052 14:40:00 33300 1 1
20150530053 14:50:00 77074 1 0
20150530054 15:00:00 27012 0 0
20150530055 15:10:00 55411 1 1
20150530056 15:20:00 40454 1 1
20150530057 15:30:00 91875 0 0
20150530058 15:40:00 76941 0 0
20150530059 15:50:00 16647 1 0
20150530060 16:00:00 89717 0 1
20150530061 16:10:00 74417 1 0
20150530062 16:20:00 14792 0 0
20150530063 16:30:00 29748 0 0
20150530064 16:40:00 91159 1 0
20150530065 16:50:00 76236 0 0
20150530066 17:00:00 02257 1 0
20150530067 17:10:00 12337 0 1
20150530068 17:20:00 99616 1 1
20150530069 17:30:00 65554 1 1
20150530070 17:40:00 54742 0 0
20150530071 17:50:00 31072 0 0
20150530072 18:00:00 37872 0 0
20150530073 18:10:00 24245 1 0
20150530074 18:20:00 73385 1 0
20150530075 18:30:00 42696 0 1
20150530076 18:40:00 33658 1 0
20150530077 18:50:00 00996 1 1
20150530078 19:00:00 58092 0 0
20150530079 19:10:00 90602 0 0
20150530080 19:20:00 31053 0 0
20150530081 19:30:00 97662 0 1
20150530082 19:40:00 23438 0 0
20150530083 19:50:00 46462 1 0
20150530084 20:00:00 51136 1 0
20150530085 20:10:00 03438 0 0
20150530086 20:20:00 76682 1 0
20150530087 20:30:00 05570 1 0
20150530088 20:40:00 14925 0 0
20150530089 20:50:00 38932 0 0
20150530090 21:00:00 82769 0 0
20150530091 21:10:00 87952 0 0
20150530092 21:20:00 48799 0 1
20150530093 21:30:00 47492 1 0
20150530094 21:40:00 76187 0 0
20150530095 21:50:00 33284 1 0
20150530096 22:00:00 32531 0 0
20150530097 22:05:00 87971 0 0
20150530098 22:10:00 42714 0 0
20150530099 22:15:00 59070 0 1
20150530100 22:20:00 50091 1 0
20150530101 22:25:00 91554 0 1
20150530102 22:30:00 45851 0 0
20150530103 22:35:00 41050 0 1
20150530104 22:40:00 59139 0 0
20150530105 22:45:00 74651 0 0
20150530106 22:50:00 24874 0 0
20150530107 22:55:00 93529 0 0
20150530108 23:00:00 82707 0 1
20150530109 23:05:00 15888 0 1
20150530110 23:10:00 16940 0 0
20150530111 23:15:00 59999 1 1
20150530112 23:20:00 90039 1 0
20150530113 23:25:00 26311 0 1
20150530114 23:30:00 39451 0 0
20150530115 23:35:00 70921 0 0
20150530116 23:40:00 97319 0 0
20150530117 23:45:00 93242 0 1
20150530118 23:50:00 23981 0 0
20150530119 23:55:00 11071 1 0
20150530120 00:00:00 87008 0 1
