20151018001 00:05:00 21061 0 0
20151018002 00:10:00 98005 0 1
20151018003 00:15:00 60099 1 1
20151018004 00:20:00 60868 0 1
20151018005 00:25:00 82122 0 1
20151018006 00:30:00 11839 1 0
20151018007 00:35:00 61960 0 0
20151018008 00:40:00 08528 0 0
20151018009 00:45:00 10149 1 0
20151018010 00:50:00 28806 1 0
20151018011 00:55:00 84322 0 1
20151018012 01:00:00 98938 1 0
20151018013 01:05:00 90669 0 1
20151018014 01:10:00 62328 0 0
20151018015 01:15:00 42010 0 1
20151018016 01:20:00 70282 0 1
20151018017 01:25:00 22379 1 0
20151018018 01:30:00 41048 0 0
20151018019 01:35:00 98247 0 0
20151018020 01:40:00 25755 0 1
20151018021 01:45:00 49757 0 1
20151018022 01:50:00 64800 0 1
20151018023 01:55:00 01940 0 0
20151018024 10:00:00 31119 1 1
20151018026 10:20:00 03225 0 1
20151018027 10:30:00 86088 0 1
20151018028 10:40:00 28029 0 0
20151018029 10:50:00 10773 0 1
20151018030 11:00:00 01670 0 0
20151018031 11:10:00 83085 0 0
20151018032 11:20:00 01974 0 0
20151018033 11:30:00 32943 0 0
20151018034 11:40:00 72154 0 0
20151018035 11:50:00 66878 1 1
20151018036 12:00:00 08386 0 0
20151018037 12:10:00 32410 0 0
20151018038 12:20:00 10568 0 0
20151018039 12:30:00 62181 0 1
20151018040 12:40:00 28379 0 0
20151018041 12:50:00 86055 0 1
20151018042 13:00:00 15925 0 0
20151018043 13:10:00 41797 0 1
20151018044 13:20:00 12523 0 0
20151018045 13:30:00 61060 0 1
20151018046 13:40:00 02356 0 0
20151018047 13:50:00 77200 1 1
20151018048 14:00:00 98832 1 0
20151018049 14:10:00 24681 0 0
20151018050 14:20:00 17285 0 0
20151018051 14:30:00 70180 0 0
20151018052 14:40:00 40501 0 0
20151018053 14:50:00 06177 0 1
20151018054 15:00:00 12364 0 0
20151018055 15:10:00 30900 0 1
20151018056 15:20:00 09231 0 0
20151018057 15:30:00 38279 0 0
20151018058 15:40:00 00919 1 1
20151018059 15:50:00 98225 0 1
20151018060 16:00:00 90324 0 0
20151018061 16:10:00 40929 0 1
20151018062 16:20:00 44564 1 0
20151018063 16:30:00 65056 0 0
20151018064 16:40:00 15409 0 0
20151018065 16:50:00 26915 0 0
20151018066 17:00:00 47727 1 1
20151018067 17:10:00 79007 0 1
20151018068 17:20:00 39039 0 0
20151018069 17:30:00 24414 1 1
20151018070 17:40:00 32151 0 1
20151018071 17:50:00 21054 0 0
20151018072 18:00:00 08134 0 0
20151018073 18:10:00 69568 0 0
20151018074 18:20:00 56568 1 0
20151018075 18:30:00 49045 0 0
20151018076 18:40:00 88519 1 0
20151018077 18:50:00 18336 0 1
20151018078 19:00:00 79014 0 0
20151018079 19:10:00 60547 0 0
20151018080 19:20:00 86144 0 1
20151018081 19:30:00 35488 0 1
20151018082 19:40:00 67828 0 1
20151018083 19:50:00 54064 0 0
20151018084 20:00:00 59689 0 0
20151018085 20:10:00 70328 0 0
20151018086 20:20:00 72599 0 1
20151018087 20:30:00 26386 0 0
20151018088 20:40:00 58262 0 1
20151018089 20:50:00 18623 0 0
20151018090 21:00:00 66512 1 0
20151018091 21:10:00 03571 0 0
20151018092 21:20:00 65953 0 0
20151018093 21:30:00 19789 0 0
20151018094 21:40:00 87790 1 0
20151018095 21:50:00 24526 0 0
20151018096 22:00:00 77581 1 0
20151018097 22:05:00 86308 0 0
20151018098 22:10:00 87509 0 0
20151018099 22:15:00 53703 0 0
20151018100 22:20:00 17725 1 0
20151018101 22:25:00 94849 0 0
20151018102 22:30:00 92347 0 0
20151018103 22:35:00 58613 0 0
20151018104 22:40:00 74136 0 0
20151018105 22:45:00 29002 0 1
20151018106 22:50:00 10612 0 0
20151018107 22:55:00 59083 0 0
20151018108 23:00:00 25296 1 0
20151018109 23:05:00 81448 0 1
20151018110 23:10:00 87674 0 0
20151018111 23:15:00 13941 0 0
20151018112 23:20:00 44049 1 0
20151018113 23:25:00 32239 1 0
20151018114 23:30:00 58923 0 0
20151018115 23:35:00 24533 0 1
20151018116 23:40:00 06879 0 0
20151018117 23:45:00 94254 0 0
20151018118 23:50:00 56197 0 0
20151018119 23:55:00 45970 0 0
20151018120 00:00:00 17259 0 0
