20150106001 00:05:00 90477 0 1
20150106002 00:10:00 10727 0 1
20150106003 00:15:00 83842 1 0
20150106004 00:20:00 79963 1 0
20150106005 00:25:00 24192 0 0
20150106006 00:30:00 58561 1 0
20150106007 00:35:00 56827 0 0
20150106008 00:40:00 83577 0 1
20150106009 00:45:00 23569 0 0
20150106010 00:50:00 59662 0 1
20150106011 00:55:00 54157 0 0
20150106012 01:00:00 29341 0 0
20150106013 01:05:00 26871 0 0
20150106014 01:10:00 22919 1 1
20150106015 01:15:00 22306 1 0
20150106016 01:20:00 34869 0 0
20150106017 01:25:00 20332 0 1
20150106018 01:30:00 73673 0 0
20150106019 01:35:00 90371 0 0
20150106020 01:40:00 62454 0 1
20150106021 01:45:00 46417 1 0
20150106022 01:50:00 33758 1 0
20150106023 01:55:00 46458 1 0
20150106024 10:00:00 75344 0 1
20150106025 10:10:00 94324 0 0
20150106026 10:20:00 81104 1 0
20150106027 10:30:00 85496 0 0
20150106028 10:40:00 32456 0 0
20150106029 10:50:00 20045 1 0
20150106030 11:00:00 23850 0 0
20150106031 11:10:00 10766 0 1
20150106032 11:20:00 99420 1 0
20150106033 11:30:00 94747 0 1
20150106034 11:40:00 05747 0 1
20150106035 11:50:00 34643 0 0
20150106036 12:00:00 44469 1 0
20150106037 12:10:00 33592 1 0
20150106038 12:20:00 62595 0 1
20150106039 12:30:00 78065 0 0
20150106040 12:40:00 67928 0 0
20150106041 12:50:00 74833 0 1
20150106042 13:00:00 14431 1 0
20150106043 13:10:00 12773 0 1
20150106044 13:20:00 83509 0 0
20150106045 13:30:00 47751 1 0
20150106046 13:40:00 59214 0 0
20150106047 13:50:00 19258 0 0
20150106048 14:00:00 82216 1 0
20150106049 14:10:00 47509 0 0
20150106050 14:20:00 61096 0 0
20150106051 14:30:00 98152 0 0
20150106052 14:40:00 49522 0 1
20150106053 14:50:00 32681 0 0
20150106054 15:00:00 40455 1 1
20150106055 15:10:00 69090 0 1
20150106056 15:20:00 69915 1 0
20150106057 15:30:00 96674 1 0
20150106058 15:40:00 23032 0 0
20150106059 15:50:00 53076 0 0
20150106060 16:00:00 37439 0 0
20150106061 16:10:00 58688 0 1
20150106062 16:20:00 80793 0 0
20150106063 16:30:00 88068 1 0
20150106064 16:40:00 25852 0 0
20150106065 16:50:00 66794 1 0
20150106066 17:00:00 18737 0 1
20150106067 17:10:00 74817 0 0
20150106068 17:20:00 74523 0 0
20150106069 17:30:00 48255 0 1
20150106070 17:40:00 12848 0 1
20150106071 17:50:00 64260 0 0
20150106072 18:00:00 98774 0 1
20150106073 18:10:00 92532 0 0
20150106074 18:20:00 39379 1 0
20150106075 18:30:00 81328 0 0
20150106076 18:40:00 84947 0 0
20150106077 18:50:00 37129 0 0
20150106078 19:00:00 91866 0 1
20150106079 19:10:00 75238 0 0
20150106080 19:20:00 45142 0 0
20150106081 19:30:00 26273 1 0
20150106082 19:40:00 97385 0 0
20150106083 19:50:00 92754 0 0
20150106084 20:00:00 37865 0 0
20150106085 20:10:00 05027 1 0
20150106086 20:20:00 09649 0 0
20150106087 20:30:00 36363 1 1
20150106088 20:40:00 98614 0 0
20150106089 20:50:00 05336 0 1
20150106090 21:00:00 51491 0 0
20150106091 21:10:00 30878 0 1
20150106092 21:20:00 37650 0 0
20150106093 21:30:00 07195 0 0
20150106094 21:40:00 00766 1 1
20150106095 21:50:00 56246 0 0
20150106096 22:00:00 13985 0 0
20150106097 22:05:00 36372 1 0
20150106098 22:10:00 10766 0 1
20150106099 22:15:00 45762 0 0
20150106100 22:20:00 76463 0 0
20150106101 22:25:00 79399 0 1
20150106102 22:30:00 04729 0 0
20150106103 22:35:00 75647 0 0
20150106104 22:40:00 74416 1 0
20150106105 22:45:00 79091 0 0
20150106106 22:50:00 71589 0 0
20150106107 22:55:00 88157 1 0
20150106108 23:00:00 42896 0 0
20150106109 23:05:00 21731 0 0
20150106110 23:10:00 33369 1 0
20150106111 23:15:00 79211 0 1
20150106112 23:20:00 73411 0 1
20150106113 23:25:00 43976 0 0
20150106114 23:30:00 09930 1 0
20150106115 23:35:00 57505 1 1
20150106116 23:40:00 08400 0 1
20150106117 23:45:00 53013 0 0
20150106118 23:50:00 66978 1 0
20150106119 23:55:00 75867 0 0
20150106120 00:00:00 13708 0 0
