20150928001 00:05:00 84475 1 0
20150928002 00:10:00 22060 1 1
20150928003 00:15:00 56702 0 0
20150928004 00:20:00 40100 0 1
20150928005 00:25:00 70394 0 0
20150928006 00:30:00 33491 1 0
20150928007 00:35:00 52761 0 0
20150928008 00:40:00 30232 0 1
20150928009 00:45:00 07116 0 1
20150928010 00:50:00 15757 0 1
20150928011 00:55:00 24271 1 0
20150928012 01:00:00 35286 0 0
20150928013 01:05:00 79032 0 0
20150928014 01:10:00 94061 0 0
20150928015 01:15:00 28900 0 1
20150928016 01:20:00 69782 0 0
20150928017 01:25:00 62468 0 0
20150928018 01:30:00 51609 0 0
20150928019 01:35:00 97063 0 0
20150928020 01:40:00 51134 1 0
20150928021 01:45:00 75865 0 0
20150928022 01:50:00 07189 0 0
20150928023 01:55:00 66954 1 0
20150928024 10:00:00 34686 0 1
20150928025 10:10:00 59282 0 1
20150928026 10:20:00 00128 1 0
20150928027 10:30:00 58823 1 0
20150928028 10:40:00 48765 0 0
20150928029 10:50:00 63920 0 0
20150928030 11:00:00 63756 0 0
20150928031 11:10:00 26870 0 0
20150928032 11:20:00 67350 0 0
20150928033 11:30:00 72328 0 0
20150928034 11:40:00 99969 1 1
20150928035 11:50:00 71055 0 1
20150928036 12:00:00 18869 1 0
20150928037 12:10:00 80856 1 0
20150928038 12:20:00 71858 0 1
20150928039 12:30:00 41005 0 1
20150928040 12:40:00 67370 0 0
20150928041 12:50:00 77699 1 1
20150928042 13:00:00 15601 0 0
20150928043 13:10:00 96556 0 1
20150928044 13:20:00 97851 0 0
20150928045 13:30:00 27173 0 0
20150928046 13:40:00 30576 0 0
20150928047 13:50:00 74239 0 0
20150928048 14:00:00 04109 0 0
20150928049 14:10:00 13283 0 0
20150928050 14:20:00 94749 0 0
20150928051 14:30:00 73967 0 0
20150928052 14:40:00 90657 0 0
20150928053 14:50:00 29230 1 0
20150928054 15:00:00 78653 0 0
20150928055 15:10:00 99324 1 0
20150928056 15:20:00 99948 1 0
20150928057 15:30:00 95956 1 0
20150928058 15:40:00 21223 1 1
20150928059 15:50:00 53784 0 0
20150928060 16:00:00 73759 1 0
20150928061 16:10:00 59481 0 0
20150928062 16:20:00 25197 0 0
20150928063 16:30:00 86370 0 0
20150928064 16:40:00 80881 1 1
20150928065 16:50:00 10067 1 0
20150928066 17:00:00 25319 0 0
20150928067 17:10:00 49989 1 1
20150928068 17:20:00 53248 0 0
20150928069 17:30:00 71669 0 1
20150928070 17:40:00 33714 1 0
20150928071 17:50:00 26918 0 0
20150928072 18:00:00 96740 0 0
20150928073 18:10:00 80087 1 0
20150928074 18:20:00 23382 1 0
20150928075 18:30:00 14534 0 0
20150928076 18:40:00 61287 0 0
20150928077 18:50:00 91855 0 1
20150928078 19:00:00 34084 0 0
20150928079 19:10:00 06163 0 0
20150928080 19:20:00 07594 0 0
20150928081 19:30:00 21796 0 0
20150928082 19:40:00 79115 0 1
20150928083 19:50:00 95030 0 1
20150928084 20:00:00 35712 0 0
20150928085 20:10:00 49484 1 1
20150928086 20:20:00 69987 1 0
20150928087 20:30:00 79707 1 1
20150928088 20:40:00 52847 0 0
20150928089 20:50:00 58463 0 0
20150928090 21:00:00 26645 1 0
20150928091 21:10:00 44483 1 0
20150928092 21:20:00 55827 1 0
20150928093 21:30:00 17972 0 0
20150928094 21:40:00 35843 0 0
20150928095 21:50:00 55498 1 0
20150928096 22:00:00 43585 0 1
20150928097 22:05:00 96934 1 0
20150928098 22:10:00 65154 0 0
20150928099 22:15:00 91145 1 0
20150928100 22:20:00 08567 0 0
20150928101 22:25:00 66635 1 0
20150928102 22:30:00 80491 0 0
20150928103 22:35:00 29209 1 0
20150928104 22:40:00 26175 0 0
20150928105 22:45:00 74837 0 0
20150928106 22:50:00 79456 0 0
20150928107 22:55:00 75653 0 0
20150928108 23:00:00 86752 0 0
20150928109 23:05:00 29849 0 0
20150928110 23:10:00 88462 1 0
20150928111 23:15:00 71599 0 1
20150928112 23:20:00 42107 0 0
20150928113 23:25:00 71482 0 0
20150928114 23:30:00 38122 0 1
20150928115 23:35:00 20552 0 1
20150928116 23:40:00 43863 0 0
20150928117 23:45:00 00141 1 1
20150928118 23:50:00 07352 0 0
20150928119 23:55:00 49142 0 0
20150928120 00:00:00 17714 1 0
