20150903001 00:05:00 58392 0 0
20150903002 00:10:00 13995 0 1
20150903003 00:15:00 75170 0 0
20150903004 00:20:00 21053 0 0
20150903005 00:25:00 11569 1 0
20150903006 00:30:00 71175 1 0
20150903007 00:35:00 37151 0 1
20150903008 00:40:00 09940 1 0
20150903009 00:45:00 79590 0 0
20150903010 00:50:00 90026 1 0
20150903011 00:55:00 56053 0 0
20150903012 01:00:00 35627 0 0
20150903013 01:05:00 82308 0 0
20150903014 01:10:00 17382 0 0
20150903015 01:15:00 43054 0 0
20150903016 01:20:00 35397 1 0
20150903017 01:25:00 82098 0 0
20150903019 01:35:00 06120 0 0
20150903020 01:40:00 31502 0 0
20150903021 01:45:00 07155 0 1
20150903022 01:50:00 40119 0 1
20150903023 01:55:00 60450 0 0
20150903024 10:00:00 36450 0 0
20150903025 10:10:00 71512 0 0
20150903026 10:20:00 91172 1 0
20150903027 10:30:00 80448 0 1
20150903028 10:40:00 74098 0 0
20150903029 10:50:00 46700 0 1
20150903030 11:00:00 84527 0 0
20150903031 11:10:00 66893 1 0
20150903032 11:20:00 14457 1 0
20150903033 11:30:00 69459 0 0
20150903034 11:40:00 00599 1 1
20150903035 11:50:00 03006 1 1
20150903036 12:00:00 22122 1 1
20150903037 12:10:00 73519 0 0
20150903038 12:20:00 84781 0 0
20150903039 12:30:00 47712 1 0
20150903040 12:40:00 12244 1 1
20150903041 12:50:00 32154 0 0
20150903042 13:00:00 02540 0 0
20150903043 13:10:00 29437 0 0
20150903044 13:20:00 75833 0 1
20150903045 13:30:00 33292 1 1
20150903046 13:40:00 07436 0 0
20150903047 13:50:00 88803 1 0
20150903048 14:00:00 13072 0 0
20150903049 14:10:00 69988 1 1
20150903050 14:20:00 40544 0 1
20150903051 14:30:00 05959 0 1
20150903052 14:40:00 44800 1 1
20150903053 14:50:00 20081 1 0
20150903054 15:00:00 30528 0 0
20150903055 15:10:00 00609 1 0
20150903056 15:20:00 74022 0 1
20150903057 15:30:00 06712 0 0
20150903058 15:40:00 28372 0 0
20150903059 15:50:00 13224 0 1
20150903060 16:00:00 43191 0 1
20150903061 16:10:00 81352 0 0
20150903062 16:20:00 06280 0 0
20150903063 16:30:00 98078 0 0
20150903064 16:40:00 69315 0 0
20150903065 16:50:00 81332 0 1
20150903066 17:00:00 57407 0 0
20150903067 17:10:00 30631 0 0
20150903068 17:20:00 56214 0 0
20150903069 17:30:00 37576 0 0
20150903070 17:40:00 65489 0 0
20150903071 17:50:00 55989 1 1
20150903072 18:00:00 32692 0 0
20150903073 18:10:00 50248 0 0
20150903074 18:20:00 44588 1 1
20150903075 18:30:00 44356 1 0
20150903076 18:40:00 48821 1 0
20150903077 18:50:00 16223 0 1
20150903078 19:00:00 14108 1 0
20150903079 19:10:00 35273 0 0
20150903080 19:20:00 33095 1 0
20150903081 19:30:00 65061 0 0
20150903082 19:40:00 44658 1 0
20150903083 19:50:00 49049 0 0
20150903084 20:00:00 49223 0 1
20150903085 20:10:00 90350 0 0
20150903086 20:20:00 55526 1 0
20150903087 20:30:00 15103 1 0
20150903088 20:40:00 11240 1 0
20150903089 20:50:00 31804 0 0
20150903090 21:00:00 57066 0 1
20150903091 21:10:00 74194 0 0
20150903092 21:20:00 90774 0 1
20150903093 21:30:00 68779 0 1
20150903094 21:40:00 66908 1 0
20150903095 21:50:00 06255 0 1
20150903096 22:00:00 18582 0 0
20150903099 22:15:00 96386 0 0
20150903100 22:20:00 11887 1 1
20150903101 22:25:00 73220 0 1
20150903102 22:30:00 54412 1 0
20150903103 22:35:00 70346 0 0
20150903104 22:40:00 22743 1 0
20150903105 22:45:00 52349 0 0
20150903106 22:50:00 76701 1 0
20150903107 22:55:00 23729 0 0
20150903108 23:00:00 33471 1 0
20150903109 23:05:00 90270 0 0
20150903110 23:10:00 31556 0 1
20150903111 23:15:00 00622 1 1
20150903112 23:20:00 90091 1 0
20150903113 23:25:00 57918 0 0
20150903114 23:30:00 88593 1 0
20150903115 23:35:00 64943 0 0
20150903116 23:40:00 04809 0 0
20150903117 23:45:00 51515 1 1
20150903118 23:50:00 33229 1 1
