20150809001 00:05:00 37091 0 0
20150809002 00:10:00 54058 0 0
20150809003 00:15:00 51098 0 0
20150809004 00:20:00 23078 0 0
20150809005 00:25:00 97662 0 1
20150809006 00:30:00 28905 0 0
20150809007 00:35:00 27157 0 0
20150809008 00:40:00 42361 0 0
20150809009 00:45:00 57684 0 0
20150809010 00:50:00 07667 0 1
20150809011 00:55:00 39772 0 1
20150809012 01:00:00 07647 0 0
20150809013 01:05:00 42125 0 0
20150809014 01:10:00 27501 0 0
20150809015 01:15:00 78493 0 0
20150809016 01:20:00 73750 1 0
20150809017 01:25:00 13365 1 0
20150809018 01:30:00 67948 0 0
20150809019 01:35:00 66899 1 1
20150809020 01:40:00 47407 1 0
20150809022 01:50:00 18277 0 1
20150809023 01:55:00 70056 1 0
20150809024 10:00:00 46966 0 1
20150809025 10:10:00 61873 0 0
20150809026 10:20:00 49038 0 0
20150809027 10:30:00 84219 0 0
20150809028 10:40:00 41938 0 0
20150809029 10:50:00 49829 0 0
20150809030 11:00:00 06488 0 1
20150809031 11:10:00 18769 0 0
20150809032 11:20:00 88885 1 1
20150809033 11:30:00 01350 0 0
20150809034 11:40:00 27602 0 0
20150809035 11:50:00 69161 0 1
20150809036 12:00:00 01930 0 0
20150809037 12:10:00 85373 0 1
20150809038 12:20:00 37028 0 0
20150809039 12:30:00 61300 0 1
20150809040 12:40:00 69360 0 0
20150809041 12:50:00 96795 0 0
20150809042 13:00:00 09809 0 0
20150809043 13:10:00 74653 0 0
20150809044 13:20:00 98761 0 0
20150809045 13:30:00 47513 0 0
20150809046 13:40:00 75227 0 1
20150809047 13:50:00 37252 0 1
20150809048 14:00:00 42479 1 0
20150809049 14:10:00 26074 0 0
20150809050 14:20:00 42794 0 0
20150809051 14:30:00 42221 1 1
20150809052 14:40:00 08460 0 0
20150809053 14:50:00 05043 1 0
20150809054 15:00:00 55786 1 0
20150809055 15:10:00 70873 0 0
20150809056 15:20:00 15051 0 0
20150809057 15:30:00 63935 0 0
20150809058 15:40:00 69704 0 0
20150809059 15:50:00 91039 0 0
20150809060 16:00:00 42868 0 1
20150809061 16:10:00 43458 1 0
20150809062 16:20:00 00572 1 0
20150809063 16:30:00 02646 0 1
20150809064 16:40:00 37894 0 0
20150809065 16:50:00 55941 1 0
20150809066 17:00:00 19681 0 0
20150809067 17:10:00 47891 0 0
20150809068 17:20:00 23337 1 1
20150809069 17:30:00 18186 1 0
20150809070 17:40:00 13870 0 0
20150809071 17:50:00 04919 0 1
20150809072 18:00:00 81960 0 0
20150809073 18:10:00 90223 0 1
20150809074 18:20:00 64994 0 1
20150809075 18:30:00 32698 0 0
20150809076 18:40:00 64488 1 1
20150809077 18:50:00 44378 1 0
20150809078 19:00:00 47579 0 0
20150809079 19:10:00 55403 1 0
20150809080 19:20:00 80582 0 0
20150809081 19:30:00 78448 0 1
20150809082 19:40:00 87431 0 0
20150809083 19:50:00 04601 0 0
20150809084 20:00:00 37417 0 0
20150809085 20:10:00 91028 0 0
20150809086 20:20:00 41423 1 0
20150809087 20:30:00 72071 0 0
20150809088 20:40:00 75170 0 0
20150809089 20:50:00 54592 1 0
20150809090 21:00:00 29210 1 0
20150809091 21:10:00 71888 0 1
20150809092 21:20:00 07417 0 0
20150809093 21:30:00 26066 0 1
20150809094 21:40:00 01909 0 1
20150809095 21:50:00 56291 0 0
20150809096 22:00:00 26106 0 0
20150809097 22:05:00 69941 1 0
20150809098 22:10:00 13977 0 1
20150809100 22:20:00 35471 0 0
20150809101 22:25:00 64814 0 0
20150809102 22:30:00 38447 0 1
20150809103 22:35:00 87300 0 1
20150809104 22:40:00 62147 0 0
20150809105 22:45:00 64522 0 1
20150809106 22:50:00 42527 0 0
20150809107 22:55:00 25810 0 0
20150809108 23:00:00 76437 0 0
20150809109 23:05:00 20596 0 0
20150809110 23:10:00 85139 0 0
20150809111 23:15:00 35764 0 0
20150809112 23:20:00 80242 0 1
20150809113 23:25:00 30133 0 1
20150809114 23:30:00 71993 0 1
20150809115 23:35:00 32017 0 0
20150809116 23:40:00 74192 0 0
20150809117 23:45:00 62110 0 1
20150809118 23:50:00 43447 1 1
20150809119 23:55:00 88318 1 0
20150809120 00:00:00 34024 0 0
