20151201001 00:05:00 63101 0 1
20151201002 00:10:00 45962 0 0
20151201003 00:15:00 57177 0 1
20151201004 00:20:00 10697 0 0
20151201005 00:25:00 72202 1 1
20151201006 00:30:00 63912 0 0
20151201007 00:35:00 65798 0 0
20151201008 00:40:00 44999 1 1
20151201009 00:45:00 28405 0 0
20151201010 00:50:00 48983 0 0
20151201011 00:55:00 95324 0 0
20151201012 01:00:00 64488 1 1
20151201013 01:05:00 07295 0 0
20151201014 01:10:00 62063 0 0
20151201015 01:15:00 16270 0 0
20151201016 01:20:00 86615 1 0
20151201017 01:25:00 80244 0 1
20151201018 01:30:00 11496 1 0
20151201019 01:35:00 27286 1 0
20151201020 01:40:00 96376 0 0
20151201021 01:45:00 14151 1 1
20151201022 01:50:00 01400 0 1
20151201023 01:55:00 67964 0 0
20151201024 10:00:00 52623 0 0
20151201025 10:10:00 59780 0 0
20151201026 10:20:00 18327 0 0
20151201027 10:30:00 53482 0 0
20151201028 10:40:00 16518 0 0
20151201029 10:50:00 88657 1 0
20151201030 11:00:00 12933 0 1
20151201031 11:10:00 67880 0 1
20151201032 11:20:00 09894 0 0
20151201033 11:30:00 03545 0 1
20151201034 11:40:00 56340 0 0
20151201035 11:50:00 74627 0 0
20151201036 12:00:00 88277 1 1
20151201037 12:10:00 82119 0 1
20151201038 12:20:00 22833 1 1
20151201039 12:30:00 42130 0 0
20151201040 12:40:00 08639 0 0
20151201041 12:50:00 30172 0 0
20151201042 13:00:00 82141 0 1
20151201043 13:10:00 26698 1 0
20151201044 13:20:00 82328 0 0
20151201045 13:30:00 03948 0 0
20151201046 13:40:00 25933 0 1
20151201047 13:50:00 22915 1 0
20151201048 14:00:00 20214 1 0
20151201049 14:10:00 56134 0 0
20151201050 14:20:00 36482 0 0
20151201051 14:30:00 78842 1 0
20151201052 14:40:00 29041 0 0
20151201053 14:50:00 28179 0 0
20151201054 15:00:00 67852 0 0
20151201055 15:10:00 64459 1 0
20151201056 15:20:00 16556 0 1
20151201057 15:30:00 06334 0 1
20151201058 15:40:00 93402 0 0
20151201059 15:50:00 02288 1 1
20151201060 16:00:00 23597 0 0
20151201061 16:10:00 39429 0 0
20151201062 16:20:00 23987 0 0
20151201063 16:30:00 16354 0 0
20151201064 16:40:00 18714 0 0
20151201065 16:50:00 10316 0 0
20151201066 17:00:00 65450 0 0
20151201067 17:10:00 11512 1 0
20151201068 17:20:00 70699 0 1
20151201069 17:30:00 90645 0 0
20151201070 17:40:00 70388 0 1
20151201071 17:50:00 57439 0 0
20151201072 18:00:00 27888 0 1
20151201073 18:10:00 34586 0 0
20151201074 18:20:00 34866 0 1
20151201075 18:30:00 79211 0 1
20151201076 18:40:00 76356 0 0
20151201077 18:50:00 61666 1 1
20151201078 19:00:00 47106 0 0
20151201079 19:10:00 84212 0 1
20151201080 19:20:00 04747 0 1
20151201081 19:30:00 39979 1 1
20151201082 19:40:00 10532 0 0
20151201083 19:50:00 90309 0 0
20151201084 20:00:00 80639 0 0
20151201085 20:10:00 92423 0 0
20151201086 20:20:00 13712 0 0
20151201087 20:30:00 55830 1 0
20151201088 20:40:00 80963 0 0
20151201089 20:50:00 19636 0 1
20151201090 21:00:00 40612 0 0
20151201091 21:10:00 54012 0 0
20151201092 21:20:00 95362 0 0
20151201093 21:30:00 78794 1 0
20151201094 21:40:00 00940 1 0
20151201095 21:50:00 83775 0 1
20151201096 22:00:00 28864 1 0
20151201097 22:05:00 27323 0 1
20151201098 22:10:00 15541 1 0
20151201099 22:15:00 74554 0 1
20151201100 22:20:00 48284 0 0
20151201101 22:25:00 32738 0 0
20151201102 22:30:00 34236 0 0
20151201103 22:35:00 80995 0 1
20151201104 22:40:00 97894 0 0
20151201105 22:45:00 24877 0 1
20151201106 22:50:00 03325 1 0
20151201107 22:55:00 41244 0 1
20151201108 23:00:00 24476 1 0
20151201109 23:05:00 78573 0 0
20151201110 23:10:00 45924 0 0
20151201111 23:15:00 61140 1 0
20151201112 23:20:00 00231 1 0
20151201113 23:25:00 91068 0 0
20151201114 23:30:00 51794 0 0
20151201115 23:35:00 67360 0 0
20151201116 23:40:00 46560 0 0
20151201117 23:45:00 81944 0 1
20151201118 23:50:00 48620 0 0
20151201119 23:55:00 46557 0 1
20151201120 00:00:00 70738 1 0
