20150109001 00:05:00 96298 0 0
20150109002 00:10:00 14467 1 0
20150109003 00:15:00 59047 0 0
20150109004 00:20:00 48411 1 1
20150109005 00:25:00 34689 0 0
20150109006 00:30:00 43515 0 1
20150109007 00:35:00 46837 0 0
20150109008 00:40:00 35550 1 1
20150109009 00:45:00 83284 0 0
20150109010 00:50:00 50534 1 0
20150109011 00:55:00 95998 1 1
20150109012 01:00:00 33476 1 0
20150109013 01:05:00 29906 1 0
20150109014 01:10:00 62934 0 0
20150109015 01:15:00 38242 0 1
20150109016 01:20:00 86000 0 1
20150109017 01:25:00 61599 0 1
20150109018 01:30:00 45211 0 1
20150109019 01:35:00 95211 0 1
20150109020 01:40:00 35752 0 0
20150109021 01:45:00 56826 0 0
20150109022 01:50:00 92382 0 0
20150109023 01:55:00 36262 0 1
20150109024 10:00:00 04972 0 0
20150109025 10:10:00 98473 0 0
20150109026 10:20:00 76315 0 0
20150109027 10:30:00 32918 0 0
20150109028 10:40:00 71460 0 0
20150109029 10:50:00 84407 1 0
20150109030 11:00:00 74074 0 0
20150109031 11:10:00 54446 1 1
20150109032 11:20:00 78505 0 1
20150109033 11:30:00 29631 0 0
20150109034 11:40:00 55734 1 0
20150109035 11:50:00 30022 1 1
20150109036 12:00:00 84260 0 0
20150109037 12:10:00 05959 0 1
20150109038 12:20:00 16533 0 1
20150109039 12:30:00 25200 1 1
20150109040 12:40:00 87536 0 0
20150109041 12:50:00 10747 0 1
20150109042 13:00:00 99126 1 0
20150109043 13:10:00 21573 0 0
20150109044 13:20:00 83997 0 1
20150109045 13:30:00 30371 1 0
20150109046 13:40:00 60117 0 1
20150109047 13:50:00 79664 0 1
20150109048 14:00:00 83498 0 0
20150109049 14:10:00 76643 1 0
20150109050 14:20:00 31597 0 0
20150109051 14:30:00 59329 0 0
20150109052 14:40:00 88933 1 1
20150109053 14:50:00 27983 0 0
20150109054 15:00:00 57105 0 0
20150109055 15:10:00 57333 0 1
20150109056 15:20:00 09160 0 0
20150109057 15:30:00 21968 0 0
20150109058 15:40:00 57572 1 0
20150109059 15:50:00 32304 1 0
20150109060 16:00:00 53314 1 0
20150109061 16:10:00 51005 0 1
20150109062 16:20:00 87471 0 0
20150109063 16:30:00 16725 0 0
20150109064 16:40:00 15521 1 0
20150109065 16:50:00 29234 1 0
20150109066 17:00:00 78557 0 1
20150109067 17:10:00 45419 1 0
20150109068 17:20:00 79140 0 0
20150109069 17:30:00 77274 1 0
20150109070 17:40:00 22864 1 0
20150109071 17:50:00 27574 0 0
20150109072 18:00:00 12939 0 1
20150109073 18:10:00 10758 0 0
20150109074 18:20:00 71861 0 0
20150109075 18:30:00 28473 0 0
20150109076 18:40:00 07043 1 0
20150109077 18:50:00 50034 1 0
20150109078 19:00:00 66835 1 0
20150109079 19:10:00 80799 0 1
20150109080 19:20:00 82993 0 1
20150109081 19:30:00 38603 0 0
20150109082 19:40:00 82728 0 0
20150109083 19:50:00 56013 0 0
20150109084 20:00:00 37198 0 0
20150109085 20:10:00 84455 1 1
20150109086 20:20:00 08797 0 1
20150109087 20:30:00 45214 0 0
20150109088 20:40:00 60224 0 1
20150109089 20:50:00 87572 0 0
20150109090 21:00:00 38668 0 1
20150109091 21:10:00 40021 1 0
20150109092 21:20:00 37680 0 0
20150109093 21:30:00 71774 1 1
20150109094 21:40:00 66481 1 0
20150109095 21:50:00 34436 1 0
20150109096 22:00:00 71153 1 0
20150109097 22:05:00 49882 0 1
20150109098 22:10:00 20944 0 1
20150109099 22:15:00 82129 0 0
20150109100 22:20:00 12450 0 0
20150109101 22:25:00 85176 0 0
20150109102 22:30:00 70054 1 0
20150109103 22:35:00 39692 0 0
20150109104 22:40:00 71897 0 0
20150109105 22:45:00 84342 0 0
20150109106 22:50:00 49877 0 1
20150109107 22:55:00 70035 1 0
20150109108 23:00:00 81001 0 1
20150109109 23:05:00 15858 0 1
20150109110 23:10:00 11335 1 1
20150109111 23:15:00 61633 1 1
20150109112 23:20:00 81197 1 0
20150109113 23:25:00 74015 0 0
20150109114 23:30:00 11775 1 1
20150109115 23:35:00 98815 1 0
20150109116 23:40:00 85063 0 0
20150109117 23:45:00 66832 1 0
20150109118 23:50:00 30678 0 0
20150109119 23:55:00 23365 1 0
20150109120 00:00:00 11429 1 0
