20150630001 00:05:00 15386 0 0
20150630002 00:10:00 45949 0 1
20150630003 00:15:00 61160 1 0
20150630004 00:20:00 09350 0 0
20150630005 00:25:00 93185 0 0
20150630006 00:30:00 83538 0 0
20150630007 00:35:00 26919 0 1
20150630008 00:40:00 60110 0 1
20150630009 00:45:00 66713 1 0
20150630010 00:50:00 60644 1 1
20150630011 00:55:00 41567 0 0
20150630012 01:00:00 33725 1 0
20150630013 01:05:00 70217 0 0
20150630014 01:10:00 24393 0 1
20150630015 01:15:00 96351 0 0
20150630016 01:20:00 53256 0 0
20150630017 01:25:00 64968 0 0
20150630018 01:30:00 06563 0 0
20150630019 01:35:00 84144 0 1
20150630020 01:40:00 39754 0 0
20150630021 01:45:00 57022 0 1
20150630022 01:50:00 70349 0 0
20150630023 01:55:00 29924 1 0
20150630024 10:00:00 76888 0 1
20150630025 10:10:00 04910 0 0
20150630026 10:20:00 33206 1 0
20150630027 10:30:00 33829 1 0
20150630028 10:40:00 12438 0 0
20150630029 10:50:00 18092 0 0
20150630030 11:00:00 25672 0 0
20150630031 11:10:00 67068 0 0
20150630032 11:20:00 71805 0 0
20150630033 11:30:00 93011 0 1
20150630034 11:40:00 92007 0 1
20150630035 11:50:00 41651 0 0
20150630036 12:00:00 19029 0 0
20150630037 12:10:00 48932 0 0
20150630038 12:20:00 29416 0 0
20150630039 12:30:00 57988 0 1
20150630040 12:40:00 02211 1 1
20150630041 12:50:00 38861 1 0
20150630042 13:00:00 30951 0 0
20150630043 13:10:00 74265 0 0
20150630044 13:20:00 25643 0 0
20150630045 13:30:00 13386 1 0
20150630046 13:40:00 42573 0 0
20150630047 13:50:00 58238 0 0
20150630048 14:00:00 81951 0 0
20150630049 14:10:00 14666 0 1
20150630050 14:20:00 79246 0 0
20150630051 14:30:00 55201 1 0
20150630052 14:40:00 46523 0 0
20150630053 14:50:00 30413 0 0
20150630054 15:00:00 22868 1 1
20150630055 15:10:00 34031 0 0
20150630056 15:20:00 21928 0 0
20150630057 15:30:00 60609 1 0
20150630058 15:40:00 33007 1 1
20150630059 15:50:00 69980 1 0
20150630060 16:00:00 86972 0 0
20150630061 16:10:00 25803 0 0
20150630062 16:20:00 78772 1 1
20150630063 16:30:00 76511 0 1
20150630064 16:40:00 65847 0 0
20150630065 16:50:00 06819 0 0
20150630066 17:00:00 13881 0 1
20150630067 17:10:00 44279 1 0
20150630068 17:20:00 65817 0 0
20150630069 17:30:00 87699 0 1
20150630070 17:40:00 81410 0 0
20150630071 17:50:00 55158 1 0
20150630072 18:00:00 26368 0 0
20150630073 18:10:00 16958 0 0
20150630074 18:20:00 96234 0 0
20150630075 18:30:00 40056 1 0
20150630076 18:40:00 88939 1 1
20150630077 18:50:00 14483 1 0
20150630078 19:00:00 28169 0 0
20150630079 19:10:00 57911 0 1
20150630080 19:20:00 75558 1 1
20150630081 19:30:00 20143 0 0
20150630082 19:40:00 39205 0 0
20150630083 19:50:00 97049 0 0
20150630084 20:00:00 63075 0 0
20150630085 20:10:00 52122 0 1
20150630086 20:20:00 96586 0 0
20150630087 20:30:00 33360 1 0
20150630088 20:40:00 08784 0 0
20150630089 20:50:00 84136 0 0
20150630090 21:00:00 69886 0 1
20150630091 21:10:00 95916 1 0
20150630092 21:20:00 30484 0 1
20150630093 21:30:00 67390 0 0
20150630094 21:40:00 40845 0 0
20150630095 21:50:00 59730 0 0
20150630096 22:00:00 55177 1 1
20150630097 22:05:00 73154 0 0
20150630098 22:10:00 22211 1 1
20150630099 22:15:00 20315 0 0
20150630100 22:20:00 77095 1 0
20150630101 22:25:00 89963 1 0
20150630102 22:30:00 73459 0 0
20150630103 22:35:00 36608 1 0
20150630104 22:40:00 48170 0 0
20150630105 22:45:00 62796 0 0
20150630106 22:50:00 91417 0 0
20150630107 22:55:00 56369 0 0
20150630108 23:00:00 70116 0 1
20150630109 23:05:00 28146 0 0
20150630110 23:10:00 67283 0 0
20150630111 23:15:00 70783 1 0
20150630112 23:20:00 74527 0 0
20150630113 23:25:00 14987 0 0
20150630114 23:30:00 62638 1 0
20150630115 23:35:00 92151 0 1
20150630116 23:40:00 88894 1 0
20150630117 23:45:00 70205 0 0
20150630118 23:50:00 08539 0 0
20150630119 23:55:00 66908 1 0
20150630120 00:00:00 57077 0 1
