20150607001 00:05:00 23638 0 0
20150607002 00:10:00 57675 0 0
20150607003 00:15:00 38971 0 0
20150607004 00:20:00 99017 1 0
20150607005 00:25:00 99568 1 0
20150607006 00:30:00 79573 0 0
20150607007 00:35:00 10909 0 1
20150607008 00:40:00 20065 1 0
20150607009 00:45:00 41523 0 0
20150607010 00:50:00 06698 1 0
20150607011 00:55:00 37882 0 1
20150607012 01:00:00 12230 1 0
20150607013 01:05:00 68272 0 1
20150607014 01:10:00 85821 1 0
20150607015 01:15:00 15979 0 1
20150607016 01:20:00 77869 1 0
20150607017 01:25:00 90458 0 0
20150607018 01:30:00 31762 0 0
20150607019 01:35:00 06542 0 0
20150607020 01:40:00 04315 0 0
20150607021 01:45:00 87581 0 0
20150607022 01:50:00 34212 0 1
20150607023 01:55:00 59465 0 0
20150607024 10:00:00 29818 0 1
20150607025 10:10:00 48904 0 0
20150607026 10:20:00 77004 1 1
20150607027 10:30:00 81377 0 1
20150607028 10:40:00 16221 0 1
20150607029 10:50:00 81923 0 0
20150607030 11:00:00 61333 0 1
20150607031 11:10:00 51708 0 0
20150607032 11:20:00 53360 1 0
20150607033 11:30:00 41092 0 0
20150607034 11:40:00 21131 1 1
20150607035 11:50:00 62687 1 0
20150607036 12:00:00 93848 0 1
20150607037 12:10:00 95418 0 0
20150607038 12:20:00 25907 0 0
20150607039 12:30:00 56539 1 0
20150607040 12:40:00 56675 1 0
20150607041 12:50:00 56835 0 0
20150607042 13:00:00 03841 0 0
20150607043 13:10:00 32120 0 0
20150607044 13:20:00 00402 1 0
20150607045 13:30:00 54830 0 0
20150607046 13:40:00 57946 0 0
20150607047 13:50:00 31921 0 0
20150607048 14:00:00 54143 0 0
20150607049 14:10:00 69868 0 1
20150607050 14:20:00 93651 0 0
20150607051 14:30:00 28266 1 1
20150607052 14:40:00 94139 0 0
20150607053 14:50:00 49413 1 0
20150607054 15:00:00 35495 0 0
20150607055 15:10:00 03519 0 0
20150607056 15:20:00 61022 0 1
20150607057 15:30:00 60987 0 0
20150607058 15:40:00 29492 0 0
20150607059 15:50:00 92218 1 0
20150607060 16:00:00 58101 0 1
20150607061 16:10:00 21102 1 0
20150607062 16:20:00 48950 0 0
20150607063 16:30:00 20133 0 1
20150607064 16:40:00 67260 0 0
20150607065 16:50:00 90917 1 0
20150607066 17:00:00 89116 0 1
20150607067 17:10:00 19534 0 0
20150607068 17:20:00 11717 1 1
20150607069 17:30:00 58258 0 0
20150607070 17:40:00 85938 0 0
20150607071 17:50:00 15556 1 1
20150607072 18:00:00 25996 0 1
20150607073 18:10:00 24597 0 0
20150607074 18:20:00 07585 0 1
20150607075 18:30:00 31598 0 0
20150607076 18:40:00 18297 0 0
20150607077 18:50:00 56579 1 0
20150607078 19:00:00 45293 0 0
20150607079 19:10:00 77691 1 0
20150607080 19:20:00 10698 0 0
20150607081 19:30:00 98246 0 0
20150607082 19:40:00 31686 0 1
20150607083 19:50:00 43376 1 0
20150607084 20:00:00 35389 1 0
20150607085 20:10:00 53215 0 0
20150607086 20:20:00 78018 0 0
20150607087 20:30:00 30660 0 1
20150607088 20:40:00 28276 1 0
20150607089 20:50:00 44668 1 1
20150607090 21:00:00 77833 1 1
20150607091 21:10:00 07060 1 1
20150607092 21:20:00 54803 0 0
20150607093 21:30:00 58207 0 0
20150607094 21:40:00 19144 1 1
20150607095 21:50:00 18831 1 0
20150607096 22:00:00 53329 1 0
20150607097 22:05:00 69834 0 0
20150607098 22:10:00 31754 0 0
20150607099 22:15:00 26286 1 0
20150607100 22:20:00 38761 0 0
20150607101 22:25:00 63128 0 0
20150607102 22:30:00 04142 0 0
20150607103 22:35:00 76872 0 0
20150607104 22:40:00 18410 0 0
20150607105 22:45:00 05642 0 0
20150607106 22:50:00 18183 1 0
20150607107 22:55:00 72560 0 0
20150607108 23:00:00 09767 0 1
20150607109 23:05:00 61003 0 1
20150607110 23:10:00 16295 0 0
20150607111 23:15:00 96855 0 1
20150607112 23:20:00 13453 0 0
20150607113 23:25:00 38701 0 0
20150607114 23:30:00 98604 0 0
20150607115 23:35:00 47797 1 1
20150607116 23:40:00 77170 1 0
20150607117 23:45:00 84467 1 0
20150607118 23:50:00 65002 0 1
20150607119 23:55:00 46403 1 0
20150607120 00:00:00 82218 1 0
