20150313001 00:05:00 48833 1 1
20150313002 00:10:00 90705 0 0
20150313003 00:15:00 81275 0 0
20150313004 00:20:00 41177 1 1
20150313006 00:30:00 32281 1 0
20150313007 00:35:00 21109 1 0
20150313008 00:40:00 36968 0 0
20150313009 00:45:00 69920 1 0
20150313010 00:50:00 35978 0 0
20150313011 00:55:00 72341 0 0
20150313012 01:00:00 15976 0 0
20150313013 01:05:00 29592 0 0
20150313014 01:10:00 98749 0 0
20150313015 01:15:00 94285 0 0
20150313016 01:20:00 15908 0 0
20150313017 01:25:00 82513 0 0
20150313018 01:30:00 61050 0 1
20150313019 01:35:00 28440 0 1
20150313020 01:40:00 30997 0 1
20150313021 01:45:00 47843 0 0
20150313022 01:50:00 77206 1 0
20150313023 01:55:00 85031 0 0
20150313024 10:00:00 96320 0 0
20150313025 10:10:00 44640 1 0
20150313026 10:20:00 70286 0 0
20150313027 10:30:00 43245 0 0
20150313028 10:40:00 59596 1 0
20150313029 10:50:00 93093 0 0
20150313030 11:00:00 85821 1 0
20150313031 11:10:00 76683 1 0
20150313032 11:20:00 03314 1 0
20150313033 11:30:00 85004 0 1
20150313034 11:40:00 31100 1 1
20150313035 11:50:00 43694 0 0
20150313036 12:00:00 09578 0 0
20150313037 12:10:00 88877 1 1
20150313038 12:20:00 32526 0 0
20150313039 12:30:00 65077 0 1
20150313040 12:40:00 16287 0 0
20150313041 12:50:00 05763 0 0
20150313042 13:00:00 26963 0 0
20150313043 13:10:00 26052 0 0
20150313044 13:20:00 83305 1 0
20150313045 13:30:00 51311 0 1
20150313046 13:40:00 59376 0 0
20150313047 13:50:00 66635 1 0
20150313048 14:00:00 57511 1 1
20150313049 14:10:00 16274 0 0
20150313050 14:20:00 87425 0 0
20150313051 14:30:00 38912 0 0
20150313052 14:40:00 14244 0 1
20150313053 14:50:00 34467 1 0
20150313054 15:00:00 26616 1 1
20150313055 15:10:00 85458 0 0
20150313056 15:20:00 59362 0 0
20150313057 15:30:00 35360 1 0
20150313058 15:40:00 03838 0 1
20150313059 15:50:00 90015 1 0
20150313060 16:00:00 53934 0 0
20150313061 16:10:00 85943 0 0
20150313062 16:20:00 02620 0 0
20150313063 16:30:00 17206 0 0
20150313064 16:40:00 36730 0 0
20150313065 16:50:00 02612 0 0
20150313066 17:00:00 98891 1 0
20150313067 17:10:00 74307 0 0
20150313068 17:20:00 59001 0 1
20150313069 17:30:00 75904 0 0
20150313070 17:40:00 05050 1 1
20150313071 17:50:00 89727 0 1
20150313072 18:00:00 35711 0 1
20150313073 18:10:00 32574 0 0
20150313074 18:20:00 89413 0 0
20150313075 18:30:00 89388 0 1
20150313076 18:40:00 67236 0 0
20150313077 18:50:00 80873 1 0
20150313078 19:00:00 63877 0 1
20150313079 19:10:00 25114 0 1
20150313080 19:20:00 70747 1 1
20150313081 19:30:00 99729 1 0
20150313082 19:40:00 10072 1 0
20150313083 19:50:00 66261 1 0
20150313084 20:00:00 41535 0 1
20150313085 20:10:00 75979 0 1
20150313086 20:20:00 30504 0 0
20150313087 20:30:00 14549 0 0
20150313088 20:40:00 78723 1 0
20150313089 20:50:00 24097 0 0
20150313090 21:00:00 28352 0 0
20150313091 21:10:00 88478 1 0
20150313092 21:20:00 22868 1 1
20150313093 21:30:00 08445 0 1
20150313094 21:40:00 47618 0 0
20150313095 21:50:00 49524 0 0
20150313096 22:00:00 25774 0 1
20150313097 22:05:00 85139 0 0
20150313098 22:10:00 66054 1 0
20150313099 22:15:00 37501 0 0
20150313100 22:20:00 33948 1 0
20150313101 22:25:00 36519 0 0
20150313102 22:30:00 55476 1 0
20150313103 22:35:00 72038 0 0
20150313104 22:40:00 37902 0 0
20150313105 22:45:00 93389 1 0
20150313106 22:50:00 66334 1 1
20150313107 22:55:00 78410 0 0
20150313108 23:00:00 96878 0 1
20150313109 23:05:00 59701 0 0
20150313110 23:10:00 60545 0 1
20150313111 23:15:00 96907 1 0
20150313112 23:20:00 53374 1 0
20150313113 23:25:00 46877 0 1
20150313114 23:30:00 40720 0 0
20150313115 23:35:00 50772 0 1
20150313116 23:40:00 40296 0 0
20150313117 23:45:00 42076 0 0
20150313118 23:50:00 87372 0 0
20150313119 23:55:00 69496 0 0
20150313120 00:00:00 72799 1 1
