20150103001 00:05:00 24484 1 1
20150103002 00:10:00 05424 0 1
20150103003 00:15:00 85021 0 0
20150103004 00:20:00 77326 1 0
20150103005 00:25:00 63342 1 0
20150103006 00:30:00 34694 0 0
20150103007 00:35:00 61817 0 0
20150103008 00:40:00 37841 0 0
20150103009 00:45:00 71825 0 0
20150103010 00:50:00 35288 0 1
20150103011 00:55:00 24888 0 1
20150103012 01:00:00 78895 1 0
20150103013 01:05:00 78854 1 0
20150103014 01:10:00 78985 0 0
20150103015 01:15:00 53709 0 0
20150103016 01:20:00 88895 1 0
20150103017 01:25:00 88620 1 0
20150103018 01:30:00 04857 0 0
20150103019 01:35:00 62085 0 0
20150103020 01:40:00 70171 0 1
20150103021 01:45:00 10430 0 0
20150103022 01:50:00 10328 0 0
20150103023 01:55:00 97429 0 0
20150103024 10:00:00 43609 0 0
20150103025 10:10:00 47780 1 0
20150103026 10:20:00 39570 0 0
20150103027 10:30:00 13725 0 0
20150103028 10:40:00 11050 1 1
20150103029 10:50:00 28030 0 1
20150103030 11:00:00 61132 1 0
20150103031 11:10:00 16716 0 0
20150103032 11:20:00 54659 0 0
20150103033 11:30:00 30281 0 0
20150103034 11:40:00 75248 0 0
20150103035 11:50:00 61407 0 0
20150103036 12:00:00 48059 0 0
20150103037 12:10:00 23796 0 0
20150103038 12:20:00 39974 1 0
20150103039 12:30:00 70165 0 0
20150103040 12:40:00 29838 0 1
20150103041 12:50:00 79939 1 1
20150103042 13:00:00 94851 0 0
20150103043 13:10:00 66378 1 0
20150103044 13:20:00 27997 0 1
20150103045 13:30:00 00636 1 1
20150103046 13:40:00 50713 0 0
20150103047 13:50:00 35266 0 1
20150103048 14:00:00 56756 0 0
20150103049 14:10:00 77632 1 0
20150103050 14:20:00 06764 0 0
20150103051 14:30:00 02447 0 1
20150103052 14:40:00 66692 1 0
20150103053 14:50:00 11415 1 0
20150103054 15:00:00 84680 0 0
20150103055 15:10:00 49470 1 0
20150103056 15:20:00 51808 0 1
20150103057 15:30:00 24305 0 0
20150103058 15:40:00 37626 0 1
20150103059 15:50:00 65237 0 0
20150103060 16:00:00 87220 0 1
20150103061 16:10:00 96781 0 0
20150103062 16:20:00 54847 0 0
20150103063 16:30:00 91701 0 0
20150103064 16:40:00 94174 0 0
20150103065 16:50:00 47971 0 0
20150103066 17:00:00 31715 0 0
20150103067 17:10:00 06646 1 1
20150103068 17:20:00 99338 1 1
20150103069 17:30:00 68572 0 0
20150103070 17:40:00 00810 1 0
20150103071 17:50:00 77715 1 0
20150103072 18:00:00 99692 1 0
20150103073 18:10:00 83042 0 0
20150103074 18:20:00 98851 1 0
20150103075 18:30:00 10490 0 0
20150103076 18:40:00 85643 0 0
20150103077 18:50:00 52891 0 0
20150103078 19:00:00 10928 0 0
20150103079 19:10:00 50259 0 0
20150103080 19:20:00 94814 0 0
20150103081 19:30:00 47612 0 0
20150103082 19:40:00 03728 0 0
20150103083 19:50:00 62030 0 1
20150103084 20:00:00 54589 1 0
20150103085 20:10:00 93744 0 1
20150103086 20:20:00 07259 0 0
20150103087 20:30:00 65182 0 0
20150103088 20:40:00 54448 1 1
20150103089 20:50:00 17635 0 0
20150103090 21:00:00 13712 0 0
20150103091 21:10:00 79626 0 1
20150103092 21:20:00 31055 0 1
20150103093 21:30:00 77458 1 0
20150103094 21:40:00 75728 1 0
20150103095 21:50:00 44675 1 0
20150103096 22:00:00 74431 1 0
20150103097 22:05:00 00705 1 0
20150103098 22:10:00 88634 1 0
20150103099 22:15:00 85180 0 0
20150103100 22:20:00 46019 0 0
20150103101 22:25:00 54189 0 0
20150103102 22:30:00 00624 1 0
20150103103 22:35:00 11108 1 0
20150103104 22:40:00 60584 0 0
20150103105 22:45:00 28976 0 0
20150103106 22:50:00 10940 0 0
20150103107 22:55:00 80111 0 1
20150103108 23:00:00 49294 0 0
20150103109 23:05:00 72356 0 0
20150103110 23:10:00 17823 0 0
20150103111 23:15:00 54633 0 1
20150103112 23:20:00 88338 1 1
20150103113 23:25:00 64161 0 1
20150103114 23:30:00 83394 1 0
20150103115 23:35:00 51874 0 0
20150103116 23:40:00 49432 1 0
20150103117 23:45:00 92530 0 0
20150103118 23:50:00 68233 0 1
20150103119 23:55:00 75530 1 0
20150103120 00:00:00 10846 0 0
