20151113001 00:05:00 72266 1 1
20151113002 00:10:00 53767 0 1
20151113003 00:15:00 87994 0 1
20151113004 00:20:00 48851 1 0
20151113005 00:25:00 99063 1 0
20151113006 00:30:00 21400 0 1
20151113007 00:35:00 28343 0 1
20151113008 00:40:00 04335 0 1
20151113009 00:45:00 53370 1 0
20151113010 00:50:00 41024 0 0
20151113011 00:55:00 55701 1 0
20151113012 01:00:00 55099 1 1
20151113013 01:05:00 76673 1 0
20151113014 01:10:00 86332 0 1
20151113015 01:15:00 90322 0 1
20151113016 01:20:00 91253 0 0
20151113017 01:25:00 19428 0 0
20151113018 01:30:00 58076 0 0
20151113019 01:35:00 98912 1 0
20151113020 01:40:00 33418 1 0
20151113021 01:45:00 25734 0 0
20151113022 01:50:00 58847 1 0
20151113023 01:55:00 81315 0 0
20151113024 10:00:00 37492 0 0
20151113025 10:10:00 56421 0 0
20151113026 10:20:00 76205 0 0
20151113027 10:30:00 32060 0 1
20151113028 10:40:00 19514 0 0
20151113029 10:50:00 34290 0 0
20151113030 11:00:00 82020 0 1
20151113031 11:10:00 06436 0 0
20151113032 11:20:00 60554 0 1
20151113033 11:30:00 89528 0 0
20151113034 11:40:00 35957 0 0
20151113035 11:50:00 53983 0 0
20151113036 12:00:00 31529 0 0
20151113037 12:10:00 70496 0 0
20151113038 12:20:00 00649 1 0
20151113039 12:30:00 94854 0 0
20151113040 12:40:00 68337 0 1
20151113041 12:50:00 12838 0 1
20151113042 13:00:00 14587 0 0
20151113043 13:10:00 14133 1 1
20151113044 13:20:00 78655 0 1
20151113045 13:30:00 85100 0 1
20151113046 13:40:00 10237 0 0
20151113047 13:50:00 88466 1 1
20151113048 14:00:00 91981 1 0
20151113049 14:10:00 99892 1 0
20151113050 14:20:00 10147 1 0
20151113051 14:30:00 05707 0 1
20151113052 14:40:00 78815 1 0
20151113053 14:50:00 73939 0 1
20151113054 15:00:00 50065 1 0
20151113055 15:10:00 43862 0 0
20151113056 15:20:00 47690 0 0
20151113057 15:30:00 57847 0 0
20151113058 15:40:00 76607 1 0
20151113059 15:50:00 98745 0 0
20151113060 16:00:00 49989 1 1
20151113061 16:10:00 09780 0 0
20151113062 16:20:00 13199 1 1
20151113063 16:30:00 31187 1 0
20151113064 16:40:00 70886 0 1
20151113065 16:50:00 55585 1 1
20151113066 17:00:00 70555 0 1
20151113067 17:10:00 90188 0 1
20151113068 17:20:00 44424 1 1
20151113069 17:30:00 13318 1 0
20151113070 17:40:00 60632 1 0
20151113071 17:50:00 56998 0 1
20151113072 18:00:00 86496 0 0
20151113073 18:10:00 32942 0 0
20151113074 18:20:00 47424 1 1
20151113075 18:30:00 42475 1 0
20151113076 18:40:00 56361 0 0
20151113077 18:50:00 32963 0 0
20151113078 19:00:00 94337 0 1
20151113079 19:10:00 31167 1 0
20151113080 19:20:00 61471 0 0
20151113081 19:30:00 08761 0 0
20151113082 19:40:00 55541 1 0
20151113083 19:50:00 81784 0 0
20151113084 20:00:00 86819 1 0
20151113085 20:10:00 43813 0 0
20151113086 20:20:00 73429 0 0
20151113087 20:30:00 02673 0 0
20151113088 20:40:00 26933 0 1
20151113089 20:50:00 33281 1 0
20151113090 21:00:00 68888 1 1
20151113091 21:10:00 98664 0 1
20151113092 21:20:00 57808 0 1
20151113093 21:30:00 17718 1 0
20151113094 21:40:00 90302 0 0
20151113095 21:50:00 36964 0 0
20151113096 22:00:00 45953 0 0
20151113097 22:05:00 29693 0 0
20151113098 22:10:00 42508 0 0
20151113099 22:15:00 56421 0 0
20151113100 22:20:00 53847 0 0
20151113101 22:25:00 28949 0 1
20151113102 22:30:00 85945 0 0
20151113103 22:35:00 08629 0 0
20151113104 22:40:00 23409 0 0
20151113105 22:45:00 25846 0 0
20151113106 22:50:00 44672 1 0
20151113107 22:55:00 49486 1 0
20151113108 23:00:00 95560 1 0
20151113109 23:05:00 50996 0 1
20151113110 23:10:00 60651 1 0
20151113111 23:15:00 87705 1 0
20151113112 23:20:00 23658 0 0
20151113113 23:25:00 07210 0 0
20151113114 23:30:00 80731 0 0
20151113115 23:35:00 78890 1 0
20151113116 23:40:00 94444 1 1
20151113117 23:45:00 13157 1 0
20151113118 23:50:00 84561 0 0
20151113119 23:55:00 41174 1 0
20151113120 00:00:00 89779 0 1
