20150923001 00:05:00 28788 0 1
20150923002 00:10:00 55537 1 0
20150923003 00:15:00 96922 1 1
20150923004 00:20:00 03377 1 1
20150923005 00:25:00 20126 0 0
20150923006 00:30:00 96695 1 0
20150923007 00:35:00 49077 0 1
20150923008 00:40:00 13875 0 0
20150923009 00:45:00 29628 0 0
20150923010 00:50:00 57605 0 0
20150923011 00:55:00 76989 0 1
20150923012 01:00:00 12254 1 0
20150923013 01:05:00 71915 0 0
20150923014 01:10:00 54741 0 0
20150923015 01:15:00 21755 0 1
20150923016 01:20:00 77610 1 0
20150923017 01:25:00 70752 1 0
20150923018 01:30:00 15614 0 0
20150923019 01:35:00 94622 0 1
20150923020 01:40:00 60541 0 0
20150923021 01:45:00 32896 0 0
20150923022 01:50:00 02705 0 0
20150923023 01:55:00 27244 1 1
20150923024 10:00:00 51231 0 0
20150923025 10:10:00 74709 1 0
20150923026 10:20:00 84654 0 0
20150923027 10:30:00 95253 0 0
20150923028 10:40:00 21110 1 1
20150923029 10:50:00 60608 1 0
20150923030 11:00:00 95189 0 0
20150923031 11:10:00 73152 0 0
20150923032 11:20:00 04775 0 1
20150923033 11:30:00 65648 1 0
20150923034 11:40:00 19726 0 0
20150923035 11:50:00 25867 0 0
20150923036 12:00:00 01118 1 1
20150923037 12:10:00 33962 1 0
20150923038 12:20:00 12284 1 0
20150923039 12:30:00 25663 0 1
20150923040 12:40:00 34558 0 1
20150923041 12:50:00 24769 0 0
20150923042 13:00:00 74106 0 0
20150923043 13:10:00 11500 1 1
20150923044 13:20:00 97129 0 0
20150923045 13:30:00 09568 0 0
20150923046 13:40:00 67950 0 0
20150923047 13:50:00 37551 0 1
20150923048 14:00:00 56299 0 1
20150923049 14:10:00 92490 0 0
20150923050 14:20:00 97804 0 0
20150923051 14:30:00 77303 1 1
20150923052 14:40:00 11145 1 0
20150923053 14:50:00 80131 0 1
20150923054 15:00:00 53553 1 1
20150923055 15:10:00 81261 0 0
20150923056 15:20:00 99079 1 0
20150923057 15:30:00 07398 0 0
20150923058 15:40:00 00513 1 0
20150923059 15:50:00 15065 0 0
20150923060 16:00:00 35763 0 0
20150923061 16:10:00 87439 0 0
20150923062 16:20:00 47367 0 0
20150923063 16:30:00 17405 0 0
20150923064 16:40:00 31999 0 1
20150923065 16:50:00 39953 1 0
20150923066 17:00:00 05896 0 0
20150923067 17:10:00 25802 0 0
20150923068 17:20:00 95099 0 1
20150923069 17:30:00 55078 1 0
20150923070 17:40:00 95817 0 0
20150923071 17:50:00 37739 1 0
20150923072 18:00:00 21508 0 0
20150923073 18:10:00 71356 0 0
20150923074 18:20:00 14789 0 0
20150923075 18:30:00 57398 0 0
20150923076 18:40:00 18269 0 0
20150923077 18:50:00 04195 0 0
20150923078 19:00:00 63389 1 0
20150923079 19:10:00 39804 0 0
20150923080 19:20:00 95719 0 0
20150923081 19:30:00 04263 0 0
20150923082 19:40:00 75378 0 0
20150923083 19:50:00 94420 1 0
20150923084 20:00:00 04171 0 1
20150923085 20:10:00 19989 1 1
20150923086 20:20:00 68220 0 1
20150923087 20:30:00 27497 0 0
20150923088 20:40:00 28157 0 0
20150923089 20:50:00 21624 0 0
20150923090 21:00:00 50270 0 0
20150923091 21:10:00 40553 0 1
20150923092 21:20:00 25873 0 0
20150923093 21:30:00 91437 0 0
20150923094 21:40:00 04129 0 0
20150923095 21:50:00 35473 0 0
20150923096 22:00:00 31584 0 0
20150923097 22:05:00 54983 0 0
20150923098 22:10:00 82486 0 0
20150923099 22:15:00 15369 0 0
20150923100 22:20:00 61012 0 0
20150923101 22:25:00 73222 0 1
20150923102 22:30:00 90545 0 1
20150923103 22:35:00 66296 1 0
20150923104 22:40:00 11754 1 0
20150923105 22:45:00 94327 0 0
20150923106 22:50:00 51836 0 0
20150923107 22:55:00 52815 0 0
20150923108 23:00:00 25572 1 0
20150923109 23:05:00 57309 0 0
20150923110 23:10:00 62010 0 1
20150923111 23:15:00 99356 1 0
20150923112 23:20:00 44218 1 0
20150923113 23:25:00 63934 0 0
20150923114 23:30:00 98412 0 0
20150923115 23:35:00 17465 0 0
20150923116 23:40:00 62282 1 1
20150923117 23:45:00 78749 1 0
20150923118 23:50:00 62803 0 0
20150923119 23:55:00 76002 0 1
20150923120 00:00:00 93545 0 1
