['20100116073', '21:19:00']=>[4]=>[4, 8, 6, 0, 2, 2, 0, 8, 0, 2, 8, 4, 8]
['20100311064', '19:48:00']=>[4]=>[5, 3, 5, 1, 3, 3, 1, 5, 9, 7, 5, 5, 1]
['20100331027', '13:33:00']=>[4]=>[6, 4, 2, 4, 6, 8, 2, 0, 0, 8, 8, 6, 8]
['20101021080', '22:31:00']=>[4]=>[1, 9, 3, 9, 7, 1, 5, 5, 3, 5, 5, 7, 1]
['20110108017', '11:51:00']=>[4]=>[8, 4, 4, 2, 6, 4, 0, 4, 4, 4, 4, 4, 6]
['20111129040', '15:45:00']=>[4]=>[4, 8, 6, 4, 0, 4, 0, 8, 6, 8, 2, 8, 0]
['20120429068', '20:29:00']=>[4]=>[1, 5, 9, 3, 1, 5, 1, 5, 9, 3, 5, 7, 3]
['20120615021', '12:32:00']=>[4]=>[1, 9, 7, 7, 9, 1, 5, 9, 9, 7, 1, 7, 5]
['20121211039', '15:34:00']=>[4]=>[7, 3, 1, 5, 7, 7, 5, 5, 9, 1, 3, 7, 3]
['20130106005', '09:49:00']=>[4]=>[5, 1, 7, 1, 3, 5, 9, 1, 9, 7, 5, 1, 5]
['20130628017', '11:51:00']=>[4]=>[1, 1, 3, 1, 5, 7, 9, 9, 7, 3, 5, 3, 9]
['20131201044', '16:25:00']=>[4]=>[5, 1, 5, 9, 7, 1, 9, 3, 7, 3, 5, 7, 7]
['20140409006', '09:59:00']=>[4]=>[4, 0, 0, 6, 2, 4, 6, 8, 6, 4, 4, 8, 2]
['20140614034', '14:44:00']=>[4]=>[5, 3, 5, 7, 7, 3, 3, 3, 5, 3, 1, 1, 9]
['20141212034', '14:44:00']=>[4]=>[9, 1, 5, 5, 5, 5, 1, 3, 1, 5, 5, 1, 1]
['20150305018', '12:01:00']=>[4]=>[2, 0, 4, 0, 0, 6, 0, 6, 6, 0, 4, 0, 8]
['20150602003', '09:29:00']=>[4]=>[4, 6, 0, 2, 8, 0, 0, 2, 8, 4, 6, 4, 0]
