['20080301072', '21:50:00']=>[4]=>[5, 7, 5, 5, 9, 1, 7, 7, 3, 3, 7, 5]
['20081125053', '18:40:00']=>[4]=>[0, 0, 4, 2, 0, 8, 0, 8, 4, 0, 6, 6]
['20090124047', '17:40:00']=>[4]=>[8, 2, 4, 0, 6, 2, 4, 8, 4, 0, 8, 8]
['20090411012', '11:50:00']=>[4]=>[7, 3, 1, 7, 5, 5, 9, 1, 3, 3, 9, 3]
['20090421025', '14:00:00']=>[4]=>[1, 5, 5, 1, 9, 7, 5, 5, 1, 1, 7, 3]
['20090702002', '10:10:00']=>[4]=>[1, 1, 3, 1, 5, 7, 9, 7, 7, 7, 7, 5]
['20090919047', '17:40:00']=>[4]=>[5, 1, 3, 3, 1, 7, 5, 9, 7, 5, 3, 7]
['20100127090', '21:00:00']=>[4]=>[8, 4, 2, 2, 6, 8, 0, 6, 6, 8, 4, 6]
['20100529091', '21:10:00']=>[4]=>[0, 0, 2, 0, 6, 8, 0, 2, 0, 2, 8, 0]
['20101111077', '18:50:00']=>[4]=>[7, 1, 3, 3, 9, 7, 5, 9, 7, 3, 7, 9]
['20101121055', '15:10:00']=>[4]=>[7, 3, 3, 9, 3, 7, 9, 9, 7, 3, 5, 3]
['20101227006', '00:30:00']=>[4]=>[5, 9, 9, 1, 1, 1, 9, 3, 7, 3, 7, 7]
['20110123043', '13:10:00']=>[4]=>[2, 2, 6, 2, 6, 4, 2, 8, 8, 0, 4, 8]
['20110513081', '19:30:00']=>[4]=>[9, 3, 7, 9, 1, 7, 1, 5, 7, 1, 1, 9]
['20110702030', '11:00:00']=>[4]=>[4, 0, 8, 8, 4, 4, 6, 4, 6, 0, 2, 4]
['20110810031', '11:10:00']=>[4]=>[9, 3, 5, 7, 7, 3, 7, 3, 5, 3, 3, 9]
['20110909016', '01:20:00']=>[4]=>[2, 6, 6, 4, 0, 4, 6, 4, 6, 2, 8, 2]
['20111008108', '23:00:00']=>[4]=>[5, 1, 1, 9, 9, 9, 1, 5, 7, 7, 9, 9]
['20111125112', '23:20:00']=>[4]=>[8, 4, 0, 2, 4, 8, 4, 0, 0, 6, 6, 8]
['20120814014', '01:10:00']=>[4]=>[6, 8, 6, 4, 8, 2, 8, 6, 8, 2, 8, 6]
['20120912096', '22:00:00']=>[4]=>[3, 1, 9, 5, 3, 1, 9, 5, 5, 9, 1, 9]
['20121005116', '23:40:00']=>[4]=>[3, 7, 1, 5, 9, 7, 5, 7, 3, 1, 5, 9]
['20130316029', '10:50:00']=>[4]=>[6, 6, 4, 8, 0, 6, 0, 0, 4, 6, 8, 6]
['20130911058', '15:40:00']=>[4]=>[9, 5, 9, 7, 3, 5, 1, 7, 3, 1, 1, 3]
['20130923022', '01:50:00']=>[4]=>[4, 8, 6, 2, 8, 2, 2, 2, 6, 6, 6, 8]
['20131025006', '00:30:00']=>[4]=>[0, 2, 4, 2, 6, 6, 2, 0, 4, 4, 4, 0]
['20131111001', '00:05:00']=>[4]=>[5, 7, 3, 5, 5, 7, 1, 7, 5, 5, 3, 9]
['20140410081', '19:30:00']=>[4]=>[6, 6, 4, 0, 4, 0, 0, 0, 0, 0, 0, 4]
['20140426086', '20:20:00']=>[4]=>[8, 6, 8, 6, 6, 2, 2, 8, 4, 4, 4, 6]
['20140722090', '21:00:00']=>[4]=>[8, 2, 4, 4, 8, 8, 0, 0, 6, 8, 6, 6]
['20141023016', '01:20:00']=>[4]=>[1, 3, 9, 9, 5, 1, 1, 9, 5, 1, 9, 5]
['20150226104', '22:40:00']=>[4]=>[9, 3, 3, 5, 1, 3, 3, 3, 3, 1, 7, 7]
['20150303027', '10:30:00']=>[4]=>[4, 0, 6, 2, 8, 0, 6, 8, 0, 4, 0, 4]
['20150317100', '22:20:00']=>[4]=>[9, 7, 9, 3, 7, 5, 9, 3, 1, 1, 3, 1]
['20150406099', '22:15:00']=>[4]=>[9, 3, 9, 1, 3, 3, 3, 9, 7, 9, 1, 3]
['20150424038', '12:20:00']=>[4]=>[3, 7, 7, 1, 1, 5, 5, 3, 9, 1, 7, 5]
['20150426079', '19:10:00']=>[4]=>[9, 9, 7, 9, 1, 7, 5, 7, 9, 1, 5, 1]
['20150627015', '01:15:00']=>[4]=>[8, 8, 0, 6, 2, 6, 0, 8, 2, 4, 6, 4]
['20150719118', '23:50:00']=>[4]=>[7, 5, 5, 5, 9, 7, 5, 3, 5, 1, 9, 1]
['20150725008', '00:40:00']=>[4]=>[3, 1, 7, 1, 3, 3, 3, 5, 1, 1, 7, 9]
['20151021028', '10:40:00']=>[4]=>[4, 2, 0, 6, 0, 0, 0, 2, 0, 8, 8, 8]
['20151108018', '01:30:00']=>[4]=>[3, 1, 3, 9, 5, 1, 1, 7, 3, 3, 3, 5]
