['20071205028', '14:30:00']=>[2]=>[5, 7, 3, 5, 7, 3, 5, 1, 9, 9, 9, 9, 5]
['20080106043', '17:00:00']=>[2]=>[1, 7, 3, 9, 7, 9, 3, 3, 5, 1, 3, 3, 5]
['20080811061', '20:00:00']=>[2]=>[7, 1, 7, 9, 7, 3, 5, 7, 1, 1, 7, 3, 9]
['20090321051', '18:20:00']=>[2]=>[4, 6, 6, 0, 8, 8, 2, 2, 6, 4, 2, 6, 0]
['20100102013', '01:05:00']=>[2]=>[7, 7, 5, 9, 5, 1, 1, 3, 1, 5, 9, 7, 7]
['20100222111', '23:15:00']=>[2]=>[2, 6, 2, 4, 0, 8, 2, 2, 6, 2, 4, 4, 4]
['20100308016', '01:20:00']=>[2]=>[8, 4, 6, 8, 8, 2, 4, 2, 8, 0, 4, 6, 0]
['20100320091', '21:10:00']=>[2]=>[5, 5, 3, 5, 5, 3, 3, 1, 3, 1, 7, 1, 7]
['20101103006', '00:30:00']=>[2]=>[5, 1, 1, 5, 9, 7, 9, 5, 5, 5, 9, 7, 7]
['20110710017', '01:25:00']=>[2]=>[6, 8, 6, 4, 4, 4, 8, 6, 2, 2, 6, 4, 6]
['20110729117', '23:45:00']=>[2]=>[2, 8, 4, 0, 8, 6, 8, 4, 4, 4, 2, 8, 0]
['20110904088', '20:40:00']=>[2]=>[5, 5, 1, 9, 5, 1, 7, 5, 7, 3, 9, 9, 5]
['20111010112', '23:20:00']=>[2]=>[6, 6, 8, 2, 2, 6, 6, 8, 4, 0, 6, 8, 4]
['20111022001', '00:05:00']=>[2]=>[0, 4, 6, 2, 4, 2, 2, 2, 6, 2, 0, 6, 6]
['20120220009', '00:45:00']=>[2]=>[4, 8, 8, 8, 2, 2, 6, 0, 4, 0, 6, 0, 6]
['20120308087', '20:30:00']=>[2]=>[1, 5, 3, 3, 1, 3, 9, 5, 1, 9, 5, 9, 9]
['20120725099', '22:15:00']=>[2]=>[1, 5, 5, 7, 3, 1, 3, 9, 3, 7, 9, 5, 7]
['20120823055', '15:10:00']=>[2]=>[8, 8, 6, 8, 0, 6, 6, 6, 2, 0, 0, 8, 2]
['20121021038', '12:20:00']=>[2]=>[2, 6, 2, 8, 2, 0, 0, 8, 2, 6, 8, 6, 2]
['20121027055', '15:10:00']=>[2]=>[0, 8, 8, 0, 0, 2, 2, 6, 2, 0, 8, 6, 4]
['20121109035', '11:50:00']=>[2]=>[9, 3, 3, 1, 3, 9, 1, 5, 3, 3, 7, 9, 1]
['20121227027', '10:30:00']=>[2]=>[4, 4, 8, 2, 6, 2, 8, 0, 4, 8, 4, 0, 0]
['20130717016', '01:20:00']=>[2]=>[1, 5, 1, 7, 7, 1, 3, 9, 7, 7, 7, 9, 7]
['20130802102', '22:30:00']=>[2]=>[4, 8, 4, 2, 8, 8, 4, 8, 2, 6, 0, 6, 4]
['20130823114', '23:30:00']=>[2]=>[7, 1, 7, 9, 3, 1, 5, 3, 3, 3, 9, 3, 3]
['20131003104', '22:40:00']=>[2]=>[0, 0, 4, 6, 2, 8, 2, 4, 8, 2, 2, 6, 8]
['20140401028', '10:40:00']=>[2]=>[0, 6, 2, 4, 2, 4, 4, 4, 0, 2, 8, 8, 0]
['20140628025', '10:10:00']=>[2]=>[6, 6, 8, 8, 6, 4, 4, 0, 0, 0, 0, 6, 4]
['20140713085', '20:10:00']=>[2]=>[7, 3, 7, 1, 1, 9, 1, 3, 9, 3, 1, 7, 9]
['20141113114', '23:30:00']=>[2]=>[3, 3, 1, 1, 1, 7, 9, 9, 7, 5, 7, 9, 9]
