['20070417007', '11:00:00']=>[1]=>[7, 1, 7, 9, 5, 1, 1, 5, 9, 9, 1, 5, 3]
['20071228033', '15:20:00']=>[1]=>[1, 7, 9, 7, 9, 5, 1, 7, 1, 7, 9, 5, 3]
['20080916067', '21:00:00']=>[1]=>[8, 4, 4, 4, 2, 4, 2, 2, 4, 6, 0, 2, 6]
['20090724052', '18:30:00']=>[1]=>[0, 6, 6, 2, 6, 0, 6, 0, 8, 0, 4, 4, 8]
['20091113069', '21:20:00']=>[1]=>[7, 3, 1, 3, 7, 3, 5, 9, 5, 9, 1, 9, 1]
['20091210002', '10:10:00']=>[1]=>[5, 7, 1, 1, 5, 9, 7, 1, 3, 9, 1, 7, 1]
['20091228063', '16:30:00']=>[1]=>[4, 6, 4, 2, 0, 4, 6, 4, 0, 0, 2, 0, 2]
['20100711053', '14:50:00']=>[1]=>[2, 4, 0, 6, 4, 0, 2, 2, 4, 4, 6, 0, 0]
['20110217088', '20:40:00']=>[1]=>[2, 6, 0, 6, 6, 8, 6, 6, 2, 6, 0, 6, 2]
['20110418048', '14:00:00']=>[1]=>[0, 4, 4, 0, 6, 2, 2, 2, 0, 8, 8, 4, 4]
['20111011071', '17:50:00']=>[1]=>[1, 7, 1, 9, 5, 5, 1, 1, 1, 3, 3, 9, 5]
['20120611018', '01:30:00']=>[1]=>[0, 8, 4, 2, 2, 0, 2, 6, 2, 4, 0, 8, 8]
['20130612027', '10:30:00']=>[1]=>[1, 1, 5, 7, 5, 3, 9, 5, 3, 1, 1, 3, 9]
['20140728022', '01:50:00']=>[1]=>[5, 3, 7, 9, 9, 5, 7, 7, 5, 5, 1, 9, 1]
['20141012112', '23:20:00']=>[1]=>[6, 8, 0, 0, 2, 6, 4, 8, 8, 2, 4, 2, 4]
['20150102039', '12:30:00']=>[1]=>[2, 6, 0, 0, 2, 4, 2, 6, 8, 4, 8, 2, 4]
['20150704116', '23:40:00']=>[1]=>[1, 9, 7, 3, 1, 7, 5, 1, 5, 7, 9, 3, 1]
['20150817049', '14:10:00']=>[1]=>[0, 2, 2, 6, 6, 8, 4, 0, 2, 8, 6, 2, 2]
['20150829087', '20:30:00']=>[1]=>[4, 2, 6, 2, 8, 2, 0, 6, 0, 4, 8, 0, 4]
