['20081207051', '17:36:00']=>[2]=>[6, 8, 2, 6, 8, 8, 4, 0, 0, 0, 4, 0]
['20081227065', '19:58:00']=>[2]=>[0, 4, 6, 6, 0, 2, 0, 4, 2, 6, 2, 6]
['20090201045', '16:35:00']=>[2]=>[4, 0, 2, 6, 4, 4, 0, 6, 8, 0, 0, 8]
['20090419035', '14:54:00']=>[2]=>[8, 4, 4, 2, 0, 0, 4, 2, 0, 8, 8, 8]
['20090625083', '23:01:00']=>[2]=>[1, 9, 7, 5, 5, 3, 5, 9, 7, 9, 7, 7]
['20090823017', '11:51:00']=>[2]=>[9, 7, 9, 5, 1, 1, 3, 5, 3, 3, 7, 3]
['20090901079', '22:20:00']=>[2]=>[6, 8, 6, 4, 4, 0, 8, 0, 8, 2, 8, 2]
['20100119016', '11:41:00']=>[2]=>[1, 7, 5, 5, 5, 1, 1, 7, 3, 7, 3, 5]
['20100526075', '21:40:00']=>[2]=>[6, 2, 0, 8, 0, 0, 6, 4, 6, 8, 0, 4]
['20101221035', '14:54:00']=>[2]=>[2, 2, 4, 6, 2, 8, 8, 4, 4, 8, 0, 6]
['20110408023', '12:52:00']=>[2]=>[1, 9, 1, 1, 5, 9, 9, 5, 9, 5, 7, 7]
['20110810064', '19:48:00']=>[2]=>[3, 3, 5, 3, 5, 1, 7, 3, 7, 7, 9, 5]
['20110915073', '21:19:00']=>[2]=>[1, 1, 3, 3, 5, 7, 3, 3, 1, 5, 7, 3]
['20111011028', '13:43:00']=>[2]=>[8, 0, 6, 4, 2, 6, 8, 2, 8, 0, 0, 8]
['20120104004', '09:39:00']=>[2]=>[8, 6, 0, 8, 6, 6, 4, 2, 6, 0, 4, 2]
['20120216008', '10:20:00']=>[2]=>[7, 9, 9, 7, 7, 5, 7, 9, 7, 3, 3, 1]
['20120223039', '15:34:00']=>[2]=>[8, 4, 2, 2, 4, 6, 4, 4, 6, 0, 0, 6]
['20121106018', '12:01:00']=>[2]=>[4, 4, 0, 0, 8, 4, 2, 6, 2, 8, 6, 4]
['20121119022', '12:42:00']=>[2]=>[5, 9, 3, 1, 5, 7, 9, 7, 5, 7, 1, 3]
['20121219076', '21:50:00']=>[2]=>[2, 0, 6, 8, 4, 0, 4, 0, 0, 0, 2, 4]
['20130119068', '20:29:00']=>[2]=>[0, 8, 6, 2, 2, 0, 0, 4, 0, 6, 2, 4]
['20130221022', '12:42:00']=>[2]=>[0, 4, 0, 6, 4, 4, 0, 2, 4, 2, 0, 2]
['20130618059', '18:57:00']=>[2]=>[2, 6, 8, 4, 4, 2, 2, 8, 8, 4, 6, 8]
['20130624033', '14:33:00']=>[2]=>[9, 9, 7, 7, 5, 7, 9, 3, 3, 3, 3, 5]
['20130722076', '21:50:00']=>[2]=>[6, 8, 6, 8, 2, 2, 2, 4, 8, 0, 2, 6]
['20131224037', '15:14:00']=>[2]=>[4, 6, 6, 4, 8, 0, 0, 4, 0, 4, 8, 6]
['20140217035', '14:54:00']=>[2]=>[0, 6, 2, 0, 0, 4, 2, 8, 8, 4, 0, 4]
['20140503004', '09:39:00']=>[2]=>[7, 9, 1, 3, 5, 7, 3, 9, 5, 5, 3, 7]
['20140729070', '20:49:00']=>[2]=>[9, 9, 1, 3, 5, 5, 9, 3, 1, 9, 3, 5]
['20141221010', '10:40:00']=>[2]=>[9, 1, 3, 5, 1, 7, 1, 3, 5, 7, 7, 5]
['20150314017', '11:51:00']=>[2]=>[7, 1, 9, 9, 1, 1, 1, 5, 3, 7, 3, 7]
['20150323032', '14:23:00']=>[2]=>[3, 5, 1, 9, 7, 5, 7, 5, 1, 3, 5, 5]
['20150611054', '18:07:00']=>[2]=>[3, 9, 1, 3, 5, 9, 5, 1, 5, 1, 5, 7]
['20150925068', '20:29:00']=>[2]=>[6, 0, 0, 6, 6, 0, 2, 0, 8, 2, 8, 0]
