['2007081235', '15:50:00']=>[3]=>[3, 7, 1, 1, 5, 5, 3, 1, 1]
['2007082723', '13:50:00']=>[3]=>[8, 8, 2, 0, 6, 6, 8, 6, 0]
['2007091205', '10:50:00']=>[3]=>[1, 5, 7, 5, 7, 3, 7, 1, 1]
['2007091921', '13:30:00']=>[3]=>[4, 2, 0, 0, 8, 8, 0, 2, 6]
['2007102446', '17:40:00']=>[3]=>[9, 9, 5, 7, 5, 3, 1, 9, 3]
['2007103049', '18:10:00']=>[3]=>[0, 0, 0, 0, 6, 8, 8, 8, 0]
['2007111962', '20:20:00']=>[3]=>[3, 5, 5, 9, 3, 9, 7, 3, 5]
['2007123162', '20:20:00']=>[3]=>[2, 2, 8, 6, 8, 6, 6, 6, 8]
['2008012347', '17:50:00']=>[3]=>[5, 7, 5, 5, 7, 3, 5, 3, 7]
['2008012463', '20:30:00']=>[3]=>[5, 1, 5, 5, 1, 7, 9, 9, 7]
['2008012841', '16:50:00']=>[3]=>[8, 2, 4, 4, 6, 0, 0, 6, 0]
['2008022707', '11:10:00']=>[3]=>[0, 4, 4, 6, 0, 8, 8, 2, 8]
['2008031937', '16:10:00']=>[3]=>[0, 6, 0, 6, 8, 0, 2, 2, 4]
['2008032067', '21:10:00']=>[3]=>[7, 9, 1, 1, 7, 9, 3, 5, 5]
['2008041458', '19:40:00']=>[3]=>[5, 5, 3, 7, 7, 1, 5, 3, 7]
['2008042501', '10:10:00']=>[3]=>[5, 3, 5, 5, 1, 9, 7, 5, 3]
['2008042715', '12:30:00']=>[3]=>[8, 4, 2, 6, 0, 8, 0, 8, 2]
['2008051343', '17:10:00']=>[3]=>[7, 3, 1, 9, 1, 9, 9, 7, 9]
['2008061769', '21:30:00']=>[3]=>[6, 8, 6, 2, 6, 2, 2, 6, 8]
['2008062149', '18:10:00']=>[3]=>[5, 9, 3, 9, 9, 7, 5, 9, 7]
['2008071332', '15:20:00']=>[3]=>[1, 7, 9, 5, 9, 9, 3, 3, 5]
['2008072404', '10:40:00']=>[3]=>[9, 3, 3, 5, 7, 9, 3, 3, 9]
['2008080723', '13:50:00']=>[3]=>[9, 3, 7, 9, 7, 9, 5, 7, 9]
['2008082624', '14:00:00']=>[3]=>[6, 8, 2, 8, 4, 8, 8, 4, 2]
['2008092427', '14:30:00']=>[3]=>[5, 7, 9, 5, 9, 1, 1, 9, 7]
['2008102927', '14:30:00']=>[3]=>[1, 9, 7, 3, 1, 7, 7, 1, 3]
['2008111609', '11:30:00']=>[3]=>[1, 5, 1, 1, 5, 7, 1, 5, 1]
['2008111944', '17:20:00']=>[3]=>[0, 8, 6, 4, 2, 0, 0, 0, 2]
['2009020539', '16:30:00']=>[3]=>[1, 5, 9, 3, 1, 1, 3, 7, 3]
['2009031002', '10:20:00']=>[3]=>[9, 5, 5, 5, 7, 7, 5, 5, 3]
['2009031804', '10:40:00']=>[3]=>[2, 8, 8, 4, 4, 2, 2, 2, 2]
['2009032643', '17:10:00']=>[3]=>[2, 4, 6, 6, 2, 8, 8, 0, 0]
['2009032868', '21:20:00']=>[3]=>[5, 9, 3, 7, 5, 3, 3, 5, 3]
['2009042220', '13:20:00']=>[3]=>[2, 0, 6, 0, 0, 2, 2, 0, 6]
['2009052324', '14:00:00']=>[3]=>[3, 5, 7, 9, 9, 1, 5, 9, 9]
['2009052576', '22:40:00']=>[3]=>[3, 9, 5, 9, 7, 5, 9, 1, 5]
['2009052918', '13:00:00']=>[3]=>[6, 4, 2, 0, 4, 2, 8, 4, 2]
['2009060869', '21:30:00']=>[3]=>[3, 9, 1, 5, 9, 1, 1, 5, 9]
['2009061977', '22:50:00']=>[3]=>[3, 7, 9, 1, 9, 9, 1, 9, 7]
['2009062066', '21:00:00']=>[3]=>[0, 8, 6, 2, 6, 0, 0, 4, 4]
['2009062736', '16:00:00']=>[3]=>[4, 6, 8, 8, 2, 0, 4, 4, 8]
['2009072544', '17:20:00']=>[3]=>[6, 2, 8, 6, 4, 4, 4, 8, 8]
['2009080513', '12:10:00']=>[3]=>[0, 6, 6, 4, 8, 6, 0, 4, 8]
['2009080965', '20:50:00']=>[3]=>[8, 2, 8, 2, 4, 2, 6, 8, 0]
['2009082739', '16:30:00']=>[3]=>[4, 8, 0, 8, 4, 0, 4, 2, 0]
['2009090462', '20:20:00']=>[3]=>[3, 3, 5, 1, 5, 5, 5, 1, 3]
['2009090581', '23:30:00']=>[3]=>[7, 7, 9, 1, 1, 3, 9, 5, 1]
['2009090805', '10:50:00']=>[3]=>[0, 0, 8, 8, 4, 8, 0, 0, 8]
['2009091744', '17:20:00']=>[3]=>[3, 7, 3, 5, 5, 5, 7, 9, 1]
['2009100568', '21:20:00']=>[3]=>[0, 2, 0, 0, 0, 8, 8, 4, 6]
['2009100953', '18:50:00']=>[3]=>[8, 6, 4, 2, 4, 6, 0, 0, 6]
['2009101231', '15:10:00']=>[3]=>[5, 7, 9, 1, 3, 7, 3, 5, 1]
['2009101537', '16:10:00']=>[3]=>[3, 9, 9, 5, 9, 9, 9, 7, 1]
['2009101706', '11:00:00']=>[3]=>[5, 9, 3, 1, 9, 9, 9, 9, 7]
['2009101718', '13:00:00']=>[3]=>[4, 0, 4, 2, 6, 2, 0, 6, 0]
['2009111335', '15:50:00']=>[3]=>[1, 7, 1, 9, 5, 7, 7, 9, 5]
['2009111507', '11:10:00']=>[3]=>[4, 2, 0, 0, 4, 4, 4, 8, 2]
['2009112461', '20:10:00']=>[3]=>[6, 0, 2, 8, 4, 8, 0, 0, 4]
['2009112908', '11:20:00']=>[3]=>[6, 8, 8, 4, 4, 8, 0, 4, 6]
['2009121047', '17:50:00']=>[3]=>[0, 2, 0, 0, 6, 0, 0, 8, 8]
['2009121063', '20:30:00']=>[3]=>[6, 2, 8, 2, 6, 6, 6, 0, 4]
['2009122064', '20:40:00']=>[3]=>[5, 3, 1, 9, 5, 1, 9, 7, 5]
['2009122423', '13:50:00']=>[3]=>[7, 3, 7, 5, 1, 5, 5, 9, 1]
['2009122584', '00:00:00']=>[3]=>[8, 2, 6, 4, 6, 4, 0, 0, 0]
['2010012673', '22:10:00']=>[3]=>[8, 0, 2, 2, 4, 0, 2, 4, 0]
['2010020101', '10:10:00']=>[3]=>[3, 1, 1, 3, 7, 9, 5, 5, 7]
['2010022704', '10:40:00']=>[3]=>[2, 6, 0, 8, 2, 8, 2, 8, 0]
['2010022782', '23:40:00']=>[3]=>[5, 9, 9, 7, 7, 3, 1, 1, 9]
['2010030849', '18:10:00']=>[3]=>[9, 5, 5, 7, 1, 9, 7, 9, 9]
['2010032743', '17:10:00']=>[3]=>[3, 3, 7, 5, 5, 9, 9, 3, 7]
['2010033041', '16:50:00']=>[3]=>[4, 0, 0, 6, 4, 0, 6, 2, 4]
['2010041941', '16:50:00']=>[3]=>[8, 4, 0, 4, 2, 0, 0, 0, 4]
['2010041952', '18:40:00']=>[3]=>[9, 1, 7, 3, 3, 7, 9, 3, 5]
['2010042449', '18:10:00']=>[3]=>[7, 7, 9, 5, 1, 5, 1, 9, 3]
['2010060184', '00:00:00']=>[3]=>[7, 5, 3, 5, 9, 5, 1, 3, 7]
['2010062864', '20:40:00']=>[3]=>[6, 8, 6, 2, 0, 6, 6, 8, 4]
['2010070106', '11:00:00']=>[3]=>[8, 0, 0, 8, 8, 8, 6, 8, 2]
['2010072237', '16:10:00']=>[3]=>[9, 7, 3, 7, 7, 1, 3, 3, 5]
['2010081454', '19:00:00']=>[3]=>[7, 9, 1, 3, 7, 5, 3, 7, 7]
['2010082831', '15:10:00']=>[3]=>[9, 7, 9, 7, 7, 1, 9, 3, 5]
['2010090747', '17:50:00']=>[3]=>[2, 2, 6, 8, 4, 4, 8, 8, 4]
['2010091378', '23:00:00']=>[3]=>[8, 4, 6, 0, 0, 8, 0, 4, 4]
['2010092758', '19:40:00']=>[3]=>[3, 7, 1, 9, 3, 5, 7, 3, 9]
['2010101479', '23:10:00']=>[3]=>[4, 2, 2, 4, 0, 6, 8, 0, 2]
['2010111035', '15:50:00']=>[3]=>[2, 4, 8, 6, 2, 4, 6, 6, 0]
['2010122647', '17:50:00']=>[3]=>[3, 1, 9, 7, 1, 7, 1, 3, 5]
['2011010545', '17:30:00']=>[3]=>[6, 0, 6, 0, 4, 2, 8, 4, 8]
['2011012921', '13:30:00']=>[3]=>[8, 8, 8, 0, 6, 0, 4, 6, 6]
['2011013083', '23:50:00']=>[3]=>[6, 6, 4, 0, 2, 6, 8, 4, 2]
['2011022803', '10:30:00']=>[3]=>[2, 8, 6, 2, 0, 2, 2, 4, 6]
['2011040421', '13:30:00']=>[3]=>[2, 2, 6, 8, 0, 6, 8, 4, 4]
['2011041128', '14:40:00']=>[3]=>[2, 0, 2, 8, 2, 4, 6, 4, 6]
['2011042051', '18:30:00']=>[3]=>[1, 9, 1, 1, 9, 9, 5, 5, 1]
['2011042110', '11:40:00']=>[3]=>[5, 3, 7, 5, 1, 7, 1, 7, 3]
['2011050367', '21:10:00']=>[3]=>[9, 7, 3, 5, 9, 5, 1, 7, 3]
['2011052059', '19:50:00']=>[3]=>[0, 0, 2, 2, 4, 8, 0, 2, 8]
['2011060315', '12:30:00']=>[3]=>[0, 8, 8, 4, 2, 4, 4, 2, 8]
['2011071113', '12:10:00']=>[3]=>[5, 5, 1, 3, 1, 5, 3, 1, 1]
['2011071374', '22:20:00']=>[3]=>[7, 5, 9, 7, 7, 3, 1, 1, 9]
['2011071552', '18:40:00']=>[3]=>[6, 8, 2, 8, 6, 0, 0, 8, 0]
['2011073161', '20:10:00']=>[3]=>[8, 8, 6, 4, 2, 0, 8, 6, 6]
['2011092357', '19:30:00']=>[3]=>[6, 8, 6, 8, 8, 4, 6, 0, 2]
['2011092847', '17:50:00']=>[3]=>[7, 1, 1, 9, 7, 3, 9, 3, 5]
['2011100115', '12:30:00']=>[3]=>[1, 9, 5, 1, 9, 5, 3, 7, 9]
['2011101581', '23:30:00']=>[3]=>[6, 4, 6, 2, 6, 8, 4, 6, 2]
['2011110218', '13:00:00']=>[3]=>[1, 9, 5, 9, 5, 1, 9, 9, 5]
['2011111364', '20:40:00']=>[3]=>[0, 2, 0, 8, 0, 6, 8, 4, 0]
['2011112315', '12:30:00']=>[3]=>[9, 7, 1, 7, 5, 3, 3, 5, 3]
['2011121404', '10:40:00']=>[3]=>[3, 1, 9, 3, 7, 1, 1, 1, 3]
['2011122124', '14:00:00']=>[3]=>[6, 6, 8, 8, 2, 8, 4, 6, 6]
['2012010145', '17:30:00']=>[3]=>[8, 2, 6, 0, 8, 4, 8, 4, 2]
['2012010157', '19:30:00']=>[3]=>[7, 3, 3, 7, 1, 5, 7, 1, 3]
['2012011014', '12:20:00']=>[3]=>[9, 9, 5, 5, 3, 5, 7, 9, 5]
['2012011151', '18:30:00']=>[3]=>[1, 5, 9, 5, 1, 5, 5, 7, 9]
['2012011380', '23:20:00']=>[3]=>[8, 0, 0, 4, 0, 8, 8, 2, 6]
['2012021683', '23:50:00']=>[3]=>[2, 8, 6, 2, 8, 0, 8, 6, 8]
['2012022078', '23:00:00']=>[3]=>[1, 5, 3, 3, 1, 3, 1, 3, 7]
['2012030707', '11:10:00']=>[3]=>[8, 4, 6, 2, 2, 4, 6, 4, 4]
['2012030872', '22:00:00']=>[3]=>[3, 5, 1, 3, 1, 9, 9, 7, 1]
['2012031366', '21:00:00']=>[3]=>[4, 6, 4, 0, 6, 6, 0, 0, 2]
['2012031739', '16:30:00']=>[3]=>[8, 0, 4, 4, 4, 0, 0, 2, 0]
['2012031965', '20:50:00']=>[3]=>[2, 4, 4, 0, 6, 6, 6, 8, 0]
['2012032721', '13:30:00']=>[3]=>[9, 7, 9, 7, 7, 1, 7, 7, 9]
['2012032901', '10:10:00']=>[3]=>[4, 0, 6, 6, 6, 6, 4, 8, 4]
['2012040671', '21:50:00']=>[3]=>[2, 8, 6, 4, 8, 2, 6, 6, 0]
['2012040978', '23:00:00']=>[3]=>[9, 3, 1, 9, 1, 9, 7, 3, 5]
['2012041182', '23:40:00']=>[3]=>[3, 7, 9, 7, 7, 5, 1, 7, 3]
['2012041552', '18:40:00']=>[3]=>[2, 8, 0, 8, 8, 4, 8, 6, 0]
['2012042204', '10:40:00']=>[3]=>[7, 5, 1, 5, 9, 7, 1, 7, 5]
['2012042717', '12:50:00']=>[3]=>[2, 8, 6, 0, 8, 8, 4, 6, 6]
['2012042772', '22:00:00']=>[3]=>[4, 8, 8, 6, 0, 4, 2, 2, 6]
['2012050369', '21:30:00']=>[3]=>[4, 2, 8, 0, 4, 6, 2, 0, 6]
['2012050609', '11:30:00']=>[3]=>[6, 2, 4, 0, 6, 2, 8, 8, 0]
['2012052747', '17:50:00']=>[3]=>[0, 8, 4, 4, 8, 2, 0, 8, 6]
['2012061636', '16:00:00']=>[3]=>[1, 3, 1, 7, 5, 1, 5, 5, 1]
['2012071652', '18:40:00']=>[3]=>[5, 1, 9, 9, 5, 1, 3, 3, 9]
['2012071848', '18:00:00']=>[3]=>[3, 5, 5, 9, 3, 5, 9, 7, 9]
['2012081030', '15:00:00']=>[3]=>[9, 3, 9, 7, 9, 3, 9, 5, 7]
['2012100917', '12:50:00']=>[3]=>[3, 7, 3, 3, 5, 9, 5, 3, 3]
['2012111631', '15:10:00']=>[3]=>[2, 0, 4, 0, 4, 0, 0, 2, 8]
['2012112342', '17:00:00']=>[3]=>[0, 8, 8, 2, 6, 8, 4, 0, 0]
['2012120181', '23:30:00']=>[3]=>[2, 4, 4, 8, 8, 8, 6, 4, 6]
['2012121978', '23:00:00']=>[3]=>[0, 0, 2, 0, 4, 0, 4, 2, 0]
['2012122174', '22:20:00']=>[3]=>[9, 7, 9, 9, 1, 3, 1, 9, 3]
['2012122771', '21:50:00']=>[3]=>[4, 2, 4, 8, 8, 8, 6, 8, 0]
['2013010318', '13:00:00']=>[3]=>[8, 0, 2, 8, 4, 4, 6, 8, 6]
['2013012253', '18:50:00']=>[3]=>[0, 8, 4, 8, 8, 8, 0, 6, 8]
['2013012808', '11:20:00']=>[3]=>[4, 0, 0, 8, 0, 8, 0, 4, 6]
['2013020766', '21:00:00']=>[3]=>[7, 1, 9, 5, 7, 9, 1, 5, 5]
['2013021689', '00:50:00']=>[3]=>[0, 2, 2, 2, 6, 6, 2, 6, 6]
['2013021777', '22:50:00']=>[3]=>[7, 7, 3, 9, 3, 1, 5, 7, 1]
['2013021953', '18:50:00']=>[3]=>[3, 9, 9, 7, 9, 1, 7, 9, 1]
['2013022387', '00:30:00']=>[3]=>[6, 6, 0, 2, 4, 8, 2, 4, 4]
['2013031323', '13:50:00']=>[3]=>[8, 0, 0, 2, 4, 8, 0, 4, 0]
['2013033173', '22:10:00']=>[3]=>[0, 0, 8, 0, 8, 2, 8, 0, 2]
['2013041506', '11:00:00']=>[3]=>[9, 3, 3, 3, 7, 5, 5, 3, 5]
['2013041662', '20:20:00']=>[3]=>[7, 1, 5, 3, 7, 9, 3, 7, 5]
['2013042448', '18:00:00']=>[3]=>[1, 3, 5, 7, 7, 9, 7, 3, 9]
['2013042781', '23:30:00']=>[3]=>[2, 6, 8, 6, 2, 6, 8, 4, 6]
['2013051975', '22:30:00']=>[3]=>[4, 6, 4, 4, 4, 4, 6, 2, 6]
['2013052478', '23:00:00']=>[3]=>[2, 0, 8, 2, 2, 2, 0, 6, 0]
['2013060462', '20:20:00']=>[3]=>[3, 1, 3, 1, 1, 1, 1, 3, 5]
['2013070829', '14:50:00']=>[3]=>[6, 4, 4, 4, 8, 6, 6, 8, 2]
['2013072045', '17:30:00']=>[3]=>[5, 5, 9, 3, 9, 5, 7, 5, 3]
['2013072729', '14:50:00']=>[3]=>[3, 3, 3, 5, 1, 9, 9, 9, 5]
['2013080347', '17:50:00']=>[3]=>[1, 1, 3, 3, 7, 9, 7, 9, 9]
['2013081210', '11:40:00']=>[3]=>[3, 7, 1, 3, 9, 7, 7, 9, 1]
['2013082079', '23:10:00']=>[3]=>[8, 0, 0, 4, 2, 0, 4, 2, 0]
['2013082813', '12:10:00']=>[3]=>[3, 7, 9, 5, 5, 1, 5, 3, 1]
['2013083003', '10:30:00']=>[3]=>[4, 6, 0, 4, 4, 6, 4, 8, 8]
['2013090241', '16:50:00']=>[3]=>[0, 4, 0, 0, 2, 0, 2, 6, 8]
['2013090616', '12:40:00']=>[3]=>[7, 9, 9, 1, 1, 7, 3, 3, 5]
['2013091579', '23:10:00']=>[3]=>[2, 8, 4, 2, 8, 0, 4, 0, 0]
['2013091923', '13:50:00']=>[3]=>[8, 8, 8, 8, 4, 6, 6, 6, 8]
['2013100678', '23:00:00']=>[3]=>[8, 6, 6, 4, 0, 0, 2, 0, 0]
['2013100889', '00:50:00']=>[3]=>[3, 5, 5, 1, 7, 5, 5, 3, 7]
['2013102526', '14:20:00']=>[3]=>[6, 2, 6, 2, 2, 6, 8, 6, 6]
['2013110559', '19:50:00']=>[3]=>[0, 2, 2, 2, 2, 8, 2, 8, 8]
['2013111391', '01:10:00']=>[3]=>[9, 7, 1, 5, 1, 1, 1, 9, 7]
['2013111885', '00:10:00']=>[3]=>[3, 7, 5, 1, 5, 1, 1, 3, 7]
['2013112373', '22:10:00']=>[3]=>[8, 0, 8, 2, 8, 8, 8, 6, 0]
['2013112465', '20:50:00']=>[3]=>[8, 8, 0, 4, 0, 8, 4, 8, 4]
['2013120160', '20:00:00']=>[3]=>[9, 3, 3, 9, 1, 5, 3, 5, 5]
['2013120416', '12:40:00']=>[3]=>[4, 0, 6, 0, 4, 2, 2, 2, 6]
['2013121266', '21:00:00']=>[3]=>[1, 7, 7, 3, 7, 1, 5, 3, 5]
['2014010619', '13:10:00']=>[3]=>[8, 6, 2, 4, 8, 2, 0, 4, 0]
['2014012647', '17:50:00']=>[3]=>[7, 3, 7, 9, 9, 5, 7, 5, 3]
['2014022435', '15:50:00']=>[3]=>[1, 9, 1, 9, 9, 9, 5, 5, 9]
['2014032420', '13:20:00']=>[3]=>[0, 4, 6, 4, 4, 6, 0, 6, 8]
['2014041010', '11:40:00']=>[3]=>[2, 2, 2, 0, 6, 8, 2, 6, 0]
['2014041375', '22:30:00']=>[3]=>[8, 0, 2, 6, 2, 6, 6, 2, 8]
['2014041653', '18:50:00']=>[3]=>[1, 7, 1, 7, 7, 7, 1, 5, 5]
['2014042066', '21:00:00']=>[3]=>[1, 1, 5, 9, 3, 1, 5, 3, 3]
['2014042412', '12:00:00']=>[3]=>[3, 7, 3, 7, 5, 7, 7, 7, 5]
['2014060847', '17:50:00']=>[3]=>[3, 3, 5, 5, 9, 5, 3, 5, 9]
['2014061144', '17:20:00']=>[3]=>[4, 6, 4, 4, 4, 8, 2, 0, 4]
['2014062776', '22:40:00']=>[3]=>[3, 5, 1, 9, 9, 5, 9, 5, 3]
['2014071663', '20:30:00']=>[3]=>[0, 6, 4, 8, 8, 8, 4, 8, 4]
['2014071709', '11:30:00']=>[3]=>[3, 3, 1, 9, 1, 1, 7, 1, 9]
['2014072147', '17:50:00']=>[3]=>[9, 7, 5, 5, 3, 1, 7, 7, 9]
['2014072340', '16:40:00']=>[3]=>[6, 0, 2, 4, 2, 6, 6, 6, 4]
['2014081389', '00:50:00']=>[3]=>[9, 5, 5, 1, 9, 9, 7, 9, 1]
['2014081454', '19:00:00']=>[3]=>[3, 1, 7, 3, 5, 5, 7, 3, 7]
['2014091154', '19:00:00']=>[3]=>[6, 0, 0, 6, 8, 6, 6, 2, 2]
['2014092421', '13:30:00']=>[3]=>[5, 7, 7, 3, 5, 7, 1, 9, 5]
['2014102715', '12:30:00']=>[3]=>[5, 7, 9, 3, 1, 7, 5, 5, 5]
['2014111715', '12:30:00']=>[3]=>[6, 8, 6, 8, 6, 8, 0, 4, 4]
['2014112213', '12:10:00']=>[3]=>[9, 5, 7, 5, 7, 3, 9, 5, 7]
['2014120964', '20:40:00']=>[3]=>[0, 4, 4, 2, 6, 4, 4, 6, 6]
['2014122366', '21:00:00']=>[3]=>[5, 7, 1, 3, 3, 5, 3, 1, 7]
['2015010275', '22:30:00']=>[3]=>[3, 7, 5, 7, 3, 9, 5, 9, 5]
['2015011269', '21:30:00']=>[3]=>[1, 3, 5, 1, 5, 7, 3, 3, 1]
['2015012237', '16:10:00']=>[3]=>[8, 4, 4, 0, 6, 4, 6, 8, 8]
['2015012680', '23:20:00']=>[3]=>[4, 0, 6, 4, 8, 4, 4, 8, 2]
['2015012703', '10:30:00']=>[3]=>[2, 0, 8, 4, 8, 2, 8, 8, 6]
['2015020866', '21:00:00']=>[3]=>[2, 4, 0, 8, 4, 4, 4, 2, 2]
['2015021660', '20:00:00']=>[3]=>[9, 7, 5, 9, 9, 3, 5, 5, 1]
['2015022713', '12:10:00']=>[3]=>[4, 2, 8, 0, 6, 8, 0, 8, 2]
['2015022805', '10:50:00']=>[3]=>[0, 0, 6, 6, 4, 4, 4, 8, 6]
['2015032749', '18:10:00']=>[3]=>[5, 7, 7, 1, 5, 9, 5, 1, 9]
['2015033076', '22:40:00']=>[3]=>[6, 2, 0, 6, 8, 8, 6, 6, 6]
['2015040767', '21:10:00']=>[3]=>[1, 7, 1, 7, 9, 1, 1, 9, 7]
['2015041519', '13:10:00']=>[3]=>[6, 8, 8, 0, 6, 8, 2, 8, 2]
['2015050107', '11:10:00']=>[3]=>[3, 3, 9, 9, 3, 1, 3, 5, 5]
['2015060576', '22:40:00']=>[3]=>[6, 2, 2, 0, 8, 8, 8, 0, 6]
['2015061571', '21:50:00']=>[3]=>[3, 7, 7, 3, 9, 3, 7, 7, 3]
['2015062134', '15:40:00']=>[3]=>[0, 4, 8, 8, 8, 8, 6, 4, 8]
['2015062995', '01:50:00']=>[3]=>[8, 0, 4, 4, 0, 0, 8, 0, 6]
['2015070229', '14:50:00']=>[3]=>[6, 8, 0, 4, 6, 6, 4, 6, 4]
['2015071193', '01:30:00']=>[3]=>[6, 4, 4, 4, 6, 4, 6, 2, 2]
['2015071289', '00:50:00']=>[3]=>[9, 5, 9, 7, 3, 3, 9, 5, 1]
['2015071501', '10:10:00']=>[3]=>[3, 9, 5, 7, 3, 9, 9, 1, 3]
['2015071708', '11:20:00']=>[3]=>[1, 9, 5, 3, 5, 1, 1, 9, 9]
['2015071937', '16:10:00']=>[3]=>[3, 7, 5, 9, 9, 1, 9, 9, 7]
['2015072279', '23:10:00']=>[3]=>[4, 2, 0, 4, 6, 6, 0, 8, 0]
['2015081330', '15:00:00']=>[3]=>[0, 2, 2, 6, 0, 0, 0, 4, 6]
['2015081948', '18:00:00']=>[3]=>[7, 9, 3, 9, 5, 3, 5, 5, 3]
['2015082864', '20:40:00']=>[3]=>[7, 1, 7, 9, 9, 5, 7, 7, 7]
['2015100906', '11:00:00']=>[3]=>[3, 3, 9, 7, 5, 9, 9, 7, 9]
['2015101540', '16:40:00']=>[3]=>[3, 3, 7, 5, 5, 9, 5, 1, 7]
['2015110331', '15:10:00']=>[3]=>[0, 0, 4, 4, 6, 0, 8, 8, 2]
['2015110524', '14:00:00']=>[3]=>[6, 4, 8, 8, 8, 6, 6, 2, 8]
['2015111604', '10:40:00']=>[3]=>[6, 6, 8, 2, 8, 6, 2, 2, 4]
['2015112617', '12:50:00']=>[3]=>[0, 6, 2, 6, 4, 8, 4, 4, 6]
