['20090526010', '10:40:00']=>[3]=>[6, 5, 8, 6, 9, 9, 5, 5, 6, 7, 7, 5, 7]
['20090913005', '09:49:00']=>[3]=>[1, 4, 1, 4, 3, 4, 3, 2, 3, 0, 3, 3, 1]
['20100802010', '10:40:00']=>[3]=>[5, 6, 9, 6, 9, 7, 9, 9, 7, 8, 7, 8, 7]
['20100813080', '22:31:00']=>[3]=>[1, 3, 0, 0, 1, 2, 3, 2, 2, 0, 4, 1, 2]
['20101031037', '15:14:00']=>[3]=>[9, 6, 8, 8, 9, 9, 5, 8, 8, 9, 7, 9, 5]
['20110101011', '10:50:00']=>[3]=>[7, 7, 7, 5, 9, 6, 8, 7, 5, 9, 6, 9, 6]
['20110405036', '15:04:00']=>[3]=>[4, 4, 2, 1, 3, 1, 0, 0, 4, 2, 4, 0, 1]
['20110509027', '13:33:00']=>[3]=>[0, 1, 1, 1, 4, 1, 4, 3, 3, 1, 1, 0, 1]
['20110917057', '18:37:00']=>[3]=>[5, 9, 6, 9, 8, 8, 5, 7, 6, 8, 7, 6, 5]
['20110919048', '17:06:00']=>[3]=>[1, 3, 2, 1, 4, 0, 1, 1, 1, 1, 0, 3, 3]
['20111008023', '12:52:00']=>[3]=>[3, 3, 0, 0, 3, 0, 4, 3, 2, 4, 1, 0, 1]
['20111021077', '22:00:00']=>[3]=>[1, 1, 4, 2, 0, 0, 3, 2, 2, 0, 4, 4, 4]
['20111031051', '17:36:00']=>[3]=>[7, 9, 7, 9, 5, 8, 7, 9, 9, 9, 6, 8, 6]
['20120421075', '21:40:00']=>[3]=>[2, 2, 3, 4, 4, 2, 1, 0, 3, 0, 3, 3, 1]
['20120525043', '16:15:00']=>[3]=>[3, 0, 3, 0, 3, 4, 0, 1, 2, 2, 3, 1, 4]
['20130319052', '17:46:00']=>[3]=>[5, 5, 6, 6, 5, 9, 5, 7, 5, 6, 8, 9, 5]
['20141228068', '20:29:00']=>[3]=>[6, 5, 8, 6, 8, 6, 7, 9, 5, 5, 6, 9, 5]
['20150623004', '09:39:00']=>[3]=>[9, 9, 8, 9, 5, 8, 8, 7, 8, 5, 9, 5, 7]
['20150809063', '19:38:00']=>[3]=>[1, 2, 0, 0, 1, 3, 1, 2, 4, 2, 3, 1, 2]
['20150813073', '21:19:00']=>[3]=>[3, 4, 3, 4, 1, 1, 4, 2, 2, 3, 4, 4, 3]
['20150930036', '15:04:00']=>[3]=>[8, 6, 9, 8, 8, 5, 5, 9, 7, 8, 9, 9, 9]
