['20070606063', '20:20:00']=>[1]=>[8, 5, 6, 5, 7, 5, 8, 6, 6, 7, 7]
['20071011060', '19:50:00']=>[1]=>[2, 2, 0, 3, 4, 4, 1, 3, 4, 4, 4]
['20071029002', '10:10:00']=>[1]=>[9, 8, 5, 6, 5, 9, 8, 5, 9, 6, 5]
['20071107015', '12:20:00']=>[1]=>[7, 7, 5, 8, 6, 8, 6, 6, 6, 5, 7]
['20071218010', '11:30:00']=>[1]=>[6, 8, 6, 8, 5, 5, 5, 6, 7, 6, 7]
['20071221034', '15:30:00']=>[1]=>[2, 0, 2, 1, 1, 4, 2, 3, 3, 3, 0]
['20080508032', '15:10:00']=>[1]=>[5, 9, 8, 6, 8, 9, 7, 6, 8, 9, 7]
['20080531053', '18:40:00']=>[1]=>[3, 0, 0, 4, 1, 0, 2, 1, 2, 3, 4]
['20080716046', '17:30:00']=>[1]=>[0, 3, 3, 0, 0, 0, 1, 1, 3, 0, 4]
['20080813014', '12:10:00']=>[1]=>[3, 1, 2, 0, 3, 3, 4, 4, 0, 0, 1]
['20081216024', '13:50:00']=>[1]=>[4, 1, 4, 2, 0, 0, 3, 1, 1, 3, 1]
['20090226053', '18:40:00']=>[1]=>[4, 0, 4, 1, 4, 2, 2, 4, 1, 1, 4]
['20090628055', '19:00:00']=>[1]=>[7, 5, 7, 8, 7, 9, 8, 9, 6, 9, 5]
['20090806004', '10:30:00']=>[1]=>[1, 0, 4, 0, 2, 3, 2, 3, 0, 1, 0]
['20090822060', '19:50:00']=>[1]=>[5, 9, 8, 6, 8, 7, 8, 6, 6, 7, 5]
['20091216045', '13:30:00']=>[1]=>[4, 0, 0, 4, 3, 4, 0, 2, 4, 2, 4]
['20100209093', '21:30:00']=>[1]=>[6, 9, 8, 9, 5, 5, 9, 9, 7, 7, 9]
['20100531086', '20:20:00']=>[1]=>[2, 2, 0, 2, 3, 0, 3, 4, 1, 1, 3]
['20100728032', '11:20:00']=>[1]=>[9, 7, 9, 5, 5, 5, 8, 8, 6, 6, 5]
['20100824113', '23:25:00']=>[1]=>[3, 1, 1, 2, 0, 0, 3, 0, 0, 3, 4]
['20100919079', '19:10:00']=>[1]=>[1, 4, 1, 4, 2, 0, 3, 1, 2, 3, 2]
['20101112034', '11:40:00']=>[1]=>[3, 4, 1, 2, 1, 1, 0, 1, 2, 1, 2]
['20110228043', '13:10:00']=>[1]=>[7, 5, 9, 5, 8, 7, 8, 6, 7, 8, 6]
['20110311067', '17:10:00']=>[1]=>[0, 0, 0, 4, 1, 4, 1, 1, 2, 3, 2]
['20110617010', '00:50:00']=>[1]=>[8, 9, 8, 6, 9, 6, 8, 5, 7, 8, 9]
['20110702024', '10:00:00']=>[1]=>[6, 7, 9, 7, 9, 9, 8, 9, 5, 6, 6]
['20110715084', '20:00:00']=>[1]=>[7, 7, 7, 9, 5, 8, 8, 5, 8, 8, 7]
['20110803006', '00:30:00']=>[1]=>[2, 0, 1, 0, 4, 1, 3, 2, 1, 3, 3]
['20110807061', '16:10:00']=>[1]=>[1, 4, 0, 3, 2, 4, 1, 1, 3, 4, 0]
['20110814096', '22:00:00']=>[1]=>[2, 4, 4, 2, 0, 4, 2, 4, 4, 1, 1]
['20110819020', '01:40:00']=>[1]=>[9, 5, 9, 9, 6, 8, 8, 6, 5, 9, 8]
['20110903088', '20:40:00']=>[1]=>[8, 5, 8, 5, 6, 8, 7, 9, 5, 5, 8]
['20111002055', '15:10:00']=>[1]=>[5, 7, 9, 9, 8, 8, 7, 8, 7, 6, 9]
['20111013101', '22:25:00']=>[1]=>[1, 2, 0, 1, 3, 1, 3, 0, 2, 3, 2]
['20111015003', '00:15:00']=>[1]=>[7, 9, 8, 7, 9, 9, 7, 5, 8, 6, 9]
['20111023013', '01:05:00']=>[1]=>[8, 6, 9, 7, 5, 7, 9, 5, 5, 9, 7]
['20111206014', '01:10:00']=>[1]=>[3, 2, 3, 4, 4, 1, 0, 3, 0, 0, 4]
['20111213034', '11:40:00']=>[1]=>[1, 2, 3, 2, 3, 3, 2, 2, 2, 4, 0]
['20111213054', '15:00:00']=>[1]=>[9, 7, 6, 5, 9, 5, 7, 7, 5, 8, 6]
['20120313046', '13:40:00']=>[1]=>[3, 4, 3, 2, 4, 0, 2, 1, 4, 4, 4]
['20120413066', '17:00:00']=>[1]=>[6, 9, 5, 7, 8, 9, 7, 5, 9, 6, 9]
['20120415120', '00:00:00']=>[1]=>[3, 2, 3, 0, 3, 4, 3, 1, 4, 4, 1]
['20120828084', '20:00:00']=>[1]=>[0, 3, 0, 4, 0, 0, 2, 4, 1, 4, 0]
['20120908001', '00:05:00']=>[1]=>[4, 0, 4, 0, 1, 0, 2, 3, 4, 2, 2]
['20120914110', '23:10:00']=>[1]=>[9, 7, 7, 9, 7, 5, 7, 5, 9, 9, 8]
['20120927113', '23:25:00']=>[1]=>[4, 1, 0, 1, 2, 1, 3, 2, 0, 1, 0]
['20121005098', '22:10:00']=>[1]=>[1, 3, 0, 1, 0, 0, 1, 1, 3, 3, 1]
['20121008002', '00:10:00']=>[1]=>[4, 3, 4, 2, 3, 4, 2, 0, 1, 2, 4]
['20121027069', '17:30:00']=>[1]=>[1, 0, 2, 1, 3, 0, 2, 3, 0, 2, 0]
['20121228101', '22:25:00']=>[1]=>[1, 1, 1, 4, 2, 3, 2, 0, 3, 0, 3]
['20130222091', '21:10:00']=>[1]=>[1, 2, 2, 2, 0, 3, 3, 1, 3, 4, 3]
['20130506034', '11:40:00']=>[1]=>[8, 7, 6, 5, 8, 6, 5, 8, 7, 9, 5]
['20130730112', '23:20:00']=>[1]=>[1, 2, 4, 0, 1, 4, 4, 3, 3, 2, 4]
['20130803029', '10:50:00']=>[1]=>[8, 7, 8, 9, 7, 8, 7, 8, 9, 5, 6]
['20130807018', '01:30:00']=>[1]=>[2, 3, 2, 1, 3, 0, 1, 0, 3, 0, 4]
['20130901080', '19:20:00']=>[1]=>[3, 4, 3, 0, 4, 3, 4, 2, 1, 0, 0]
['20130912105', '22:45:00']=>[1]=>[3, 4, 1, 1, 2, 0, 3, 0, 2, 2, 4]
['20130920094', '21:40:00']=>[1]=>[6, 8, 5, 5, 8, 6, 6, 5, 9, 7, 7]
['20131029058', '15:40:00']=>[1]=>[1, 4, 1, 2, 1, 0, 3, 2, 3, 2, 1]
['20131126039', '12:30:00']=>[1]=>[1, 1, 4, 1, 4, 4, 0, 2, 3, 2, 0]
['20140116004', '00:20:00']=>[1]=>[1, 1, 3, 1, 4, 2, 4, 1, 2, 3, 1]
['20140121088', '20:40:00']=>[1]=>[0, 1, 4, 2, 4, 3, 0, 2, 4, 0, 1]
['20140127119', '23:55:00']=>[1]=>[5, 7, 5, 9, 8, 8, 6, 8, 7, 8, 6]
['20140303028', '10:40:00']=>[1]=>[9, 6, 7, 8, 8, 6, 9, 6, 8, 8, 7]
['20140316028', '10:40:00']=>[1]=>[0, 2, 0, 4, 2, 4, 1, 3, 1, 4, 3]
['20140404110', '23:10:00']=>[1]=>[9, 9, 5, 6, 8, 7, 8, 5, 6, 8, 9]
['20140408043', '13:10:00']=>[1]=>[2, 4, 4, 1, 3, 0, 4, 3, 3, 3, 3]
['20140524004', '00:20:00']=>[1]=>[6, 9, 6, 9, 6, 8, 6, 8, 5, 5, 6]
['20140608042', '13:00:00']=>[1]=>[0, 0, 4, 2, 3, 0, 0, 1, 0, 2, 2]
['20140817099', '22:15:00']=>[1]=>[6, 6, 9, 9, 6, 5, 6, 8, 7, 6, 5]
['20141020033', '11:30:00']=>[1]=>[2, 0, 3, 3, 1, 3, 0, 0, 0, 2, 1]
['20150104087', '20:30:00']=>[1]=>[1, 4, 0, 3, 0, 1, 2, 4, 2, 4, 4]
['20150118031', '11:10:00']=>[1]=>[5, 5, 8, 9, 7, 9, 6, 5, 8, 6, 8]
['20150122004', '00:20:00']=>[1]=>[1, 1, 1, 4, 3, 1, 2, 2, 1, 2, 1]
['20150201095', '21:50:00']=>[1]=>[3, 2, 3, 0, 1, 0, 3, 0, 3, 4, 1]
['20150208039', '12:30:00']=>[1]=>[6, 5, 6, 5, 9, 6, 6, 7, 6, 6, 9]
['20150216064', '16:40:00']=>[1]=>[1, 0, 2, 2, 3, 3, 4, 4, 2, 1, 0]
['20150617005', '00:25:00']=>[1]=>[3, 4, 3, 3, 4, 3, 1, 0, 3, 0, 1]
['20150804066', '17:00:00']=>[1]=>[2, 0, 0, 1, 1, 4, 4, 0, 3, 4, 1]
['20150810027', '10:30:00']=>[1]=>[7, 8, 7, 7, 9, 9, 8, 6, 6, 8, 9]
['20150818061', '16:10:00']=>[1]=>[1, 2, 3, 3, 1, 4, 0, 3, 1, 3, 1]
['20150826119', '23:55:00']=>[1]=>[2, 3, 1, 1, 2, 0, 0, 4, 0, 1, 2]
['20150928114', '23:30:00']=>[1]=>[3, 2, 4, 0, 0, 4, 1, 2, 0, 0, 3]
['20151002075', '18:30:00']=>[1]=>[9, 5, 6, 6, 5, 7, 5, 5, 7, 5, 9]
