['2007090837', '16:10:00']=>[1]=>[7, 8, 6, 5, 5, 8, 6, 9, 6, 8, 7]
['2007091056', '19:20:00']=>[1]=>[5, 9, 9, 9, 8, 9, 5, 7, 7, 7, 6]
['2007093018', '13:00:00']=>[1]=>[7, 5, 9, 7, 5, 7, 7, 7, 6, 7, 6]
['2008011423', '13:50:00']=>[1]=>[7, 7, 9, 8, 8, 6, 7, 5, 7, 8, 7]
['2008030836', '16:00:00']=>[1]=>[6, 7, 6, 7, 9, 5, 5, 7, 6, 7, 9]
['2008051544', '17:20:00']=>[1]=>[6, 7, 5, 7, 5, 8, 5, 8, 6, 9, 6]
['2008060505', '10:50:00']=>[1]=>[6, 9, 8, 8, 8, 8, 8, 5, 6, 5, 6]
['2008071209', '11:30:00']=>[1]=>[4, 4, 2, 4, 1, 2, 4, 1, 2, 2, 0]
['2008072921', '13:30:00']=>[1]=>[3, 2, 4, 0, 4, 2, 4, 2, 4, 4, 4]
['2008081317', '12:50:00']=>[1]=>[9, 8, 6, 8, 6, 9, 6, 6, 7, 5, 5]
['2009021015', '12:30:00']=>[1]=>[5, 5, 6, 6, 8, 5, 8, 8, 7, 7, 5]
['2009031860', '20:00:00']=>[1]=>[0, 2, 0, 3, 1, 0, 3, 3, 4, 1, 1]
['2009062057', '19:30:00']=>[1]=>[9, 5, 6, 7, 5, 5, 6, 6, 5, 9, 8]
['2009090244', '17:20:00']=>[1]=>[7, 6, 9, 7, 5, 6, 8, 9, 6, 8, 8]
['2009110578', '23:00:00']=>[1]=>[0, 3, 2, 3, 3, 1, 0, 1, 3, 2, 3]
['2009111730', '15:00:00']=>[1]=>[3, 3, 0, 2, 2, 3, 1, 3, 0, 0, 0]
['2009121864', '20:40:00']=>[1]=>[7, 6, 7, 8, 7, 9, 6, 5, 8, 7, 8]
['2009122258', '19:40:00']=>[1]=>[1, 3, 0, 1, 4, 4, 0, 3, 2, 2, 4]
['2010031339', '16:30:00']=>[1]=>[1, 4, 0, 4, 2, 2, 2, 0, 3, 0, 3]
['2010061263', '20:30:00']=>[1]=>[1, 0, 3, 2, 1, 4, 4, 2, 3, 3, 1]
['2010072939', '16:30:00']=>[1]=>[0, 4, 0, 1, 3, 4, 1, 2, 2, 3, 3]
['2010082643', '17:10:00']=>[1]=>[4, 1, 4, 4, 3, 2, 3, 3, 2, 2, 3]
['2010091181', '23:30:00']=>[1]=>[4, 3, 4, 1, 4, 0, 3, 1, 4, 4, 3]
['2010102532', '15:20:00']=>[1]=>[3, 3, 3, 2, 3, 3, 1, 0, 4, 1, 4]
['2010111676', '22:40:00']=>[1]=>[9, 7, 9, 8, 5, 9, 6, 5, 9, 5, 5]
['2011091564', '20:40:00']=>[1]=>[3, 2, 1, 1, 1, 0, 3, 0, 0, 3, 1]
['2011112649', '18:10:00']=>[1]=>[0, 0, 4, 0, 4, 4, 2, 3, 2, 4, 4]
['2012010231', '15:10:00']=>[1]=>[8, 5, 5, 7, 8, 7, 9, 9, 6, 9, 5]
['2012022773', '22:10:00']=>[1]=>[8, 5, 6, 9, 5, 6, 8, 6, 8, 8, 7]
['2012030929', '14:50:00']=>[1]=>[6, 7, 7, 7, 7, 5, 6, 8, 9, 7, 9]
['2012052218', '13:00:00']=>[1]=>[6, 5, 8, 8, 7, 5, 9, 8, 6, 9, 7]
['2012052481', '23:30:00']=>[1]=>[7, 7, 8, 6, 6, 7, 6, 8, 5, 6, 9]
['2012101732', '15:20:00']=>[1]=>[3, 2, 0, 4, 2, 0, 3, 4, 0, 1, 0]
['2012112367', '21:10:00']=>[1]=>[2, 1, 2, 0, 0, 1, 1, 4, 0, 3, 3]
['2013020279', '23:10:00']=>[1]=>[0, 1, 4, 0, 4, 3, 2, 1, 1, 2, 3]
['2013021652', '18:40:00']=>[1]=>[1, 4, 3, 4, 0, 1, 2, 0, 0, 1, 4]
['2013040960', '20:00:00']=>[1]=>[4, 0, 2, 2, 0, 2, 3, 1, 1, 1, 2]
['2013043030', '15:00:00']=>[1]=>[6, 7, 7, 5, 5, 6, 7, 9, 5, 5, 9]
['2013053161', '20:10:00']=>[1]=>[5, 6, 5, 7, 6, 8, 6, 5, 9, 8, 7]
['2013061080', '23:20:00']=>[1]=>[0, 2, 2, 4, 4, 2, 1, 1, 4, 3, 3]
['2013061250', '18:20:00']=>[1]=>[2, 2, 3, 1, 3, 0, 0, 0, 1, 3, 4]
['2013061948', '18:00:00']=>[1]=>[3, 1, 2, 3, 4, 2, 2, 4, 2, 0, 3]
['2013070732', '15:20:00']=>[1]=>[2, 2, 1, 4, 2, 3, 3, 2, 0, 1, 3]
['2013120317', '12:50:00']=>[1]=>[8, 6, 6, 8, 9, 8, 6, 6, 8, 5, 6]
['2013122880', '23:20:00']=>[1]=>[2, 3, 0, 2, 3, 2, 3, 1, 1, 2, 3]
['2014010859', '19:50:00']=>[1]=>[8, 5, 8, 8, 7, 7, 7, 5, 9, 7, 9]
['2014031827', '14:30:00']=>[1]=>[3, 1, 1, 3, 4, 1, 0, 0, 3, 3, 4]
['2014050134', '15:40:00']=>[1]=>[0, 3, 2, 0, 0, 1, 4, 1, 0, 4, 4]
['2014051248', '18:00:00']=>[1]=>[7, 5, 7, 8, 5, 5, 5, 8, 6, 5, 5]
['2014060691', '01:10:00']=>[1]=>[8, 8, 5, 7, 7, 9, 7, 5, 8, 7, 6]
['2014070826', '14:20:00']=>[1]=>[3, 0, 4, 1, 0, 2, 2, 0, 0, 1, 0]
['2014070841', '16:50:00']=>[1]=>[0, 2, 3, 0, 2, 0, 1, 0, 4, 1, 4]
['2014071112', '12:00:00']=>[1]=>[8, 6, 8, 8, 9, 6, 7, 6, 8, 6, 9]
['2015040103', '10:30:00']=>[1]=>[1, 1, 0, 3, 1, 0, 3, 3, 3, 0, 3]
['2015082431', '15:10:00']=>[1]=>[7, 9, 7, 6, 5, 8, 7, 8, 9, 9, 5]
['2015090680', '23:20:00']=>[1]=>[2, 1, 0, 1, 0, 1, 1, 4, 0, 4, 3]
['2015093038', '16:20:00']=>[1]=>[6, 5, 8, 6, 9, 9, 6, 6, 9, 7, 9]
['2015101921', '13:30:00']=>[1]=>[9, 7, 7, 8, 7, 5, 8, 9, 8, 9, 5]
['2015103014', '12:20:00']=>[1]=>[5, 8, 6, 7, 6, 8, 8, 5, 7, 5, 9]
