['2007092055', '19:10:00']=>[1]=>[2, 1, 3, 1, 2, 2, 0, 4, 2, 4]
['2007092432', '15:20:00']=>[1]=>[2, 0, 1, 1, 3, 1, 3, 0, 1, 2]
['2007100948', '18:00:00']=>[1]=>[1, 4, 4, 0, 1, 4, 2, 2, 0, 2]
['2007101852', '18:40:00']=>[1]=>[0, 4, 0, 3, 4, 1, 1, 2, 3, 1]
['2007102227', '14:30:00']=>[1]=>[7, 5, 5, 6, 8, 5, 8, 9, 9, 5]
['2007111024', '14:00:00']=>[1]=>[4, 4, 2, 0, 0, 2, 4, 2, 3, 3]
['2008010511', '11:50:00']=>[1]=>[9, 6, 5, 9, 7, 9, 6, 5, 5, 5]
['2008021915', '12:30:00']=>[1]=>[2, 0, 1, 1, 2, 0, 2, 4, 4, 4]
['2008030330', '15:00:00']=>[1]=>[9, 9, 7, 9, 5, 6, 8, 6, 9, 7]
['2008050656', '19:20:00']=>[1]=>[4, 1, 0, 2, 0, 0, 2, 2, 4, 0]
['2008070711', '11:50:00']=>[1]=>[1, 1, 1, 1, 2, 1, 2, 1, 3, 1]
['2008071852', '18:40:00']=>[1]=>[8, 9, 8, 6, 5, 9, 7, 8, 7, 7]
['2008090937', '16:10:00']=>[1]=>[2, 2, 4, 4, 0, 4, 1, 1, 4, 0]
['2008092636', '16:00:00']=>[1]=>[3, 3, 2, 1, 4, 4, 3, 2, 4, 2]
['2008100640', '16:40:00']=>[1]=>[9, 8, 6, 7, 8, 5, 5, 7, 6, 8]
['2008100872', '22:00:00']=>[1]=>[2, 4, 3, 2, 3, 1, 3, 4, 2, 2]
['2008112442', '17:00:00']=>[1]=>[7, 8, 7, 5, 7, 7, 6, 5, 8, 7]
['2008120317', '12:50:00']=>[1]=>[5, 9, 6, 7, 9, 5, 6, 5, 9, 5]
['2009011262', '20:20:00']=>[1]=>[3, 3, 1, 1, 0, 1, 1, 3, 4, 0]
['2009012344', '17:20:00']=>[1]=>[7, 8, 5, 7, 9, 9, 6, 7, 5, 6]
['2009041314', '12:20:00']=>[1]=>[0, 1, 3, 2, 0, 3, 3, 0, 0, 3]
['2009042576', '22:40:00']=>[1]=>[3, 0, 1, 4, 1, 3, 2, 3, 4, 2]
['2009042648', '18:00:00']=>[1]=>[5, 7, 9, 8, 7, 7, 7, 6, 8, 9]
['2009043021', '13:30:00']=>[1]=>[9, 5, 9, 8, 6, 7, 6, 5, 8, 9]
['2009051936', '16:00:00']=>[1]=>[5, 5, 5, 7, 5, 6, 7, 8, 7, 8]
['2009060570', '21:40:00']=>[1]=>[4, 4, 1, 3, 1, 0, 2, 2, 2, 4]
['2009070347', '17:50:00']=>[1]=>[2, 2, 1, 2, 2, 2, 4, 3, 1, 0]
['2009072471', '21:50:00']=>[1]=>[9, 9, 7, 5, 6, 9, 6, 7, 9, 7]
['2009091779', '23:10:00']=>[1]=>[6, 6, 6, 6, 5, 9, 6, 5, 5, 9]
['2009112583', '23:50:00']=>[1]=>[8, 8, 5, 6, 7, 8, 7, 6, 7, 5]
['2009120567', '21:10:00']=>[1]=>[2, 1, 4, 0, 3, 2, 0, 0, 4, 0]
['2009120629', '14:50:00']=>[1]=>[1, 2, 0, 0, 1, 3, 3, 2, 2, 2]
['2009121167', '21:10:00']=>[1]=>[1, 0, 0, 2, 4, 4, 0, 2, 2, 0]
['2009121430', '15:00:00']=>[1]=>[0, 3, 3, 0, 0, 2, 4, 4, 4, 0]
['2010032049', '18:10:00']=>[1]=>[5, 7, 6, 7, 8, 6, 5, 7, 8, 6]
['2010032234', '15:40:00']=>[1]=>[6, 8, 8, 6, 9, 5, 6, 9, 7, 9]
['2010032260', '20:00:00']=>[1]=>[9, 9, 8, 7, 6, 8, 8, 6, 9, 5]
['2010040357', '19:30:00']=>[1]=>[9, 5, 9, 7, 6, 6, 9, 5, 5, 8]
['2010043026', '14:20:00']=>[1]=>[1, 2, 1, 0, 1, 4, 1, 0, 1, 0]
['2010050602', '10:20:00']=>[1]=>[8, 9, 9, 6, 7, 8, 5, 9, 9, 5]
['2010051549', '18:10:00']=>[1]=>[0, 3, 1, 0, 4, 3, 3, 4, 2, 3]
['2010052753', '18:50:00']=>[1]=>[2, 1, 3, 1, 3, 1, 3, 1, 0, 4]
['2010061166', '21:00:00']=>[1]=>[0, 1, 0, 0, 0, 3, 0, 2, 0, 2]
['2010061783', '23:50:00']=>[1]=>[8, 5, 5, 6, 6, 8, 7, 8, 7, 6]
['2010071607', '11:10:00']=>[1]=>[0, 2, 4, 4, 1, 1, 1, 1, 0, 2]
['2010091334', '15:40:00']=>[1]=>[6, 5, 6, 9, 9, 6, 8, 7, 7, 7]
['2010101983', '23:50:00']=>[1]=>[6, 5, 7, 8, 9, 8, 6, 8, 9, 7]
['2010102084', '00:00:00']=>[1]=>[0, 1, 0, 2, 4, 2, 4, 1, 1, 4]
['2010103041', '16:50:00']=>[1]=>[3, 0, 0, 2, 3, 2, 4, 3, 4, 4]
['2010111718', '13:00:00']=>[1]=>[5, 8, 9, 8, 8, 8, 6, 5, 6, 8]
['2010122502', '10:20:00']=>[1]=>[0, 0, 1, 3, 0, 0, 2, 2, 4, 4]
['2011012869', '21:30:00']=>[1]=>[3, 2, 1, 1, 1, 4, 2, 2, 4, 3]
['2011022157', '19:30:00']=>[1]=>[3, 4, 4, 3, 4, 3, 4, 4, 1, 3]
['2011030484', '00:00:00']=>[1]=>[4, 1, 2, 3, 2, 3, 2, 3, 2, 1]
['2011030905', '10:50:00']=>[1]=>[7, 8, 8, 8, 8, 8, 7, 8, 8, 7]
['2011032827', '14:30:00']=>[1]=>[5, 8, 5, 9, 9, 5, 5, 6, 6, 7]
['2011062930', '15:00:00']=>[1]=>[1, 2, 0, 0, 0, 0, 0, 0, 3, 1]
['2011071909', '11:30:00']=>[1]=>[3, 2, 1, 0, 3, 3, 3, 1, 3, 3]
['2011072721', '13:30:00']=>[1]=>[1, 1, 2, 4, 0, 2, 0, 0, 4, 3]
['2011082283', '23:50:00']=>[1]=>[7, 7, 9, 9, 6, 6, 6, 5, 8, 9]
['2011083133', '15:30:00']=>[1]=>[5, 8, 8, 8, 8, 6, 8, 5, 6, 9]
['2011110351', '18:30:00']=>[1]=>[2, 2, 2, 0, 2, 1, 1, 4, 1, 4]
['2011112044', '17:20:00']=>[1]=>[5, 7, 5, 8, 8, 8, 6, 8, 6, 6]
['2011120181', '23:30:00']=>[1]=>[2, 2, 4, 3, 3, 4, 1, 3, 2, 0]
['2011122678', '23:00:00']=>[1]=>[0, 4, 3, 1, 3, 0, 0, 4, 3, 1]
['2012010984', '00:00:00']=>[1]=>[1, 2, 4, 0, 4, 1, 4, 1, 2, 3]
['2012011027', '14:30:00']=>[1]=>[3, 2, 0, 4, 1, 4, 1, 0, 1, 2]
['2012011645', '17:30:00']=>[1]=>[9, 5, 5, 7, 9, 7, 5, 9, 9, 7]
['2012020303', '10:30:00']=>[1]=>[3, 4, 3, 4, 3, 2, 4, 4, 1, 2]
['2012020408', '11:20:00']=>[1]=>[9, 6, 5, 5, 8, 7, 9, 8, 8, 9]
['2012020637', '16:10:00']=>[1]=>[7, 7, 8, 7, 5, 7, 6, 6, 7, 6]
['2012030404', '10:40:00']=>[1]=>[0, 2, 2, 4, 2, 2, 1, 2, 3, 4]
['2012030460', '20:00:00']=>[1]=>[4, 0, 3, 3, 1, 3, 2, 2, 1, 2]
['2012030948', '18:00:00']=>[1]=>[7, 7, 6, 5, 6, 6, 9, 7, 8, 6]
['2012031680', '23:20:00']=>[1]=>[0, 3, 2, 4, 4, 0, 4, 0, 3, 3]
['2012032402', '10:20:00']=>[1]=>[1, 3, 3, 1, 4, 4, 4, 1, 0, 2]
['2012041008', '11:20:00']=>[1]=>[1, 0, 0, 0, 0, 0, 3, 1, 2, 0]
['2012041839', '16:30:00']=>[1]=>[8, 5, 8, 6, 9, 8, 9, 5, 8, 8]
['2012042511', '11:50:00']=>[1]=>[5, 5, 6, 8, 5, 5, 8, 8, 9, 8]
['2012060921', '13:30:00']=>[1]=>[0, 4, 4, 0, 1, 0, 3, 1, 1, 1]
['2012080682', '23:40:00']=>[1]=>[5, 8, 6, 7, 5, 8, 9, 5, 8, 6]
['2012081511', '11:50:00']=>[1]=>[3, 3, 4, 0, 3, 0, 1, 4, 2, 0]
['2012082558', '19:40:00']=>[1]=>[5, 8, 9, 8, 8, 5, 8, 8, 8, 9]
['2012091838', '16:20:00']=>[1]=>[2, 3, 0, 2, 2, 3, 0, 3, 4, 2]
['2012092448', '18:00:00']=>[1]=>[2, 3, 1, 1, 0, 3, 4, 0, 1, 3]
['2012092778', '23:00:00']=>[1]=>[7, 7, 9, 6, 8, 7, 9, 9, 9, 8]
['2012110437', '16:10:00']=>[1]=>[1, 4, 3, 0, 1, 0, 1, 3, 4, 0]
['2012110640', '16:40:00']=>[1]=>[9, 6, 8, 7, 8, 5, 8, 7, 6, 6]
['2012111232', '15:20:00']=>[1]=>[4, 0, 2, 0, 4, 1, 4, 2, 4, 2]
['2012121663', '20:30:00']=>[1]=>[5, 5, 8, 9, 5, 9, 7, 5, 6, 7]
['2012122259', '19:50:00']=>[1]=>[6, 7, 8, 5, 9, 6, 5, 7, 7, 6]
['2013010195', '01:50:00']=>[1]=>[6, 9, 5, 9, 8, 5, 6, 7, 5, 6]
['2013022405', '10:50:00']=>[1]=>[2, 2, 0, 1, 1, 1, 2, 0, 0, 3]
['2013031396', '02:00:00']=>[1]=>[5, 5, 9, 6, 6, 7, 9, 7, 7, 9]
['2013040338', '16:20:00']=>[1]=>[9, 7, 8, 6, 6, 9, 7, 9, 9, 7]
['2013041116', '12:40:00']=>[1]=>[2, 2, 0, 3, 4, 2, 1, 2, 1, 1]
['2013042510', '11:40:00']=>[1]=>[5, 6, 8, 7, 8, 6, 6, 6, 7, 5]
['2013050501', '10:10:00']=>[1]=>[0, 2, 3, 1, 0, 3, 1, 2, 2, 0]
['2013051679', '23:10:00']=>[1]=>[6, 9, 8, 8, 5, 5, 9, 5, 7, 5]
['2013052234', '15:40:00']=>[1]=>[4, 1, 4, 2, 1, 3, 4, 0, 0, 1]
['2013053148', '18:00:00']=>[1]=>[5, 7, 9, 7, 8, 6, 8, 7, 9, 9]
['2013061043', '17:10:00']=>[1]=>[8, 7, 6, 6, 9, 9, 8, 6, 6, 7]
['2013061445', '17:30:00']=>[1]=>[2, 0, 2, 4, 0, 3, 2, 0, 2, 4]
['2013062873', '22:10:00']=>[1]=>[5, 5, 5, 5, 8, 7, 9, 9, 8, 5]
['2013071569', '21:30:00']=>[1]=>[7, 9, 9, 8, 9, 8, 7, 9, 5, 9]
['2013071939', '16:30:00']=>[1]=>[0, 4, 4, 0, 0, 3, 1, 3, 4, 3]
['2013072179', '23:10:00']=>[1]=>[3, 2, 1, 2, 1, 2, 4, 3, 1, 1]
['2013072925', '14:10:00']=>[1]=>[7, 6, 7, 7, 7, 9, 6, 8, 8, 9]
['2013080378', '23:00:00']=>[1]=>[5, 9, 5, 6, 8, 6, 8, 6, 8, 8]
['2013082406', '11:00:00']=>[1]=>[2, 2, 2, 1, 4, 0, 0, 2, 2, 2]
['2013102052', '18:40:00']=>[1]=>[2, 4, 2, 2, 2, 2, 0, 3, 3, 0]
['2013111163', '20:30:00']=>[1]=>[5, 8, 8, 7, 5, 6, 7, 7, 6, 7]
['2013111977', '22:50:00']=>[1]=>[9, 6, 5, 9, 6, 5, 8, 6, 6, 6]
['2013112625', '14:10:00']=>[1]=>[8, 8, 6, 6, 5, 7, 7, 5, 8, 5]
['2013121215', '12:30:00']=>[1]=>[6, 9, 9, 5, 5, 9, 9, 9, 6, 7]
['2013121246', '17:40:00']=>[1]=>[0, 3, 2, 4, 2, 3, 0, 1, 2, 0]
['2014010496', '02:00:00']=>[1]=>[8, 9, 8, 5, 5, 9, 5, 7, 5, 6]
['2014012965', '20:50:00']=>[1]=>[6, 7, 5, 8, 8, 8, 5, 5, 8, 7]
['2014022274', '22:20:00']=>[1]=>[8, 8, 6, 9, 6, 9, 6, 9, 9, 8]
['2014031185', '00:10:00']=>[1]=>[4, 0, 2, 3, 0, 2, 1, 4, 0, 4]
['2014050688', '00:40:00']=>[1]=>[9, 9, 9, 8, 7, 7, 7, 9, 5, 7]
['2014051061', '20:10:00']=>[1]=>[4, 3, 2, 1, 3, 0, 4, 1, 0, 3]
['2014051353', '18:50:00']=>[1]=>[2, 3, 1, 0, 4, 4, 4, 1, 4, 1]
['2014051989', '00:50:00']=>[1]=>[8, 8, 8, 8, 5, 5, 7, 6, 9, 5]
['2014061432', '15:20:00']=>[1]=>[2, 1, 1, 2, 3, 0, 0, 1, 4, 0]
['2014061844', '17:20:00']=>[1]=>[1, 3, 0, 3, 1, 4, 2, 2, 0, 4]
['2014072092', '01:20:00']=>[1]=>[8, 8, 9, 9, 5, 6, 6, 6, 7, 9]
['2014072316', '12:40:00']=>[1]=>[7, 6, 9, 6, 6, 9, 9, 7, 7, 6]
['2014072554', '19:00:00']=>[1]=>[6, 8, 5, 7, 7, 9, 9, 7, 6, 5]
['2014080487', '00:30:00']=>[1]=>[0, 4, 3, 2, 3, 1, 1, 2, 2, 4]
['2014102361', '20:10:00']=>[1]=>[1, 0, 2, 2, 0, 2, 3, 0, 4, 1]
['2014110944', '17:20:00']=>[1]=>[6, 6, 5, 7, 9, 8, 7, 6, 5, 8]
['2014120353', '18:50:00']=>[1]=>[6, 7, 8, 6, 9, 7, 7, 8, 5, 5]
['2014122510', '11:40:00']=>[1]=>[0, 3, 4, 3, 2, 2, 0, 3, 0, 1]
['2014122830', '15:00:00']=>[1]=>[1, 1, 1, 0, 3, 2, 0, 3, 3, 3]
['2015013013', '12:10:00']=>[1]=>[4, 2, 3, 3, 1, 1, 2, 3, 0, 4]
['2015021583', '23:50:00']=>[1]=>[8, 5, 9, 7, 5, 9, 7, 9, 8, 8]
['2015022614', '12:20:00']=>[1]=>[8, 7, 5, 7, 7, 5, 5, 6, 5, 9]
['2015031133', '15:30:00']=>[1]=>[6, 8, 5, 6, 5, 7, 6, 7, 5, 7]
['2015031602', '10:20:00']=>[1]=>[3, 0, 4, 4, 1, 3, 0, 0, 3, 2]
['2015073109', '11:30:00']=>[1]=>[9, 7, 8, 9, 8, 8, 9, 9, 9, 7]
['2015080486', '00:20:00']=>[1]=>[8, 6, 9, 8, 6, 6, 8, 8, 9, 9]
['2015080701', '10:10:00']=>[1]=>[3, 3, 3, 2, 4, 3, 1, 3, 0, 1]
['2015081445', '17:30:00']=>[1]=>[8, 9, 9, 9, 6, 5, 8, 8, 6, 8]
['2015092726', '14:20:00']=>[1]=>[0, 3, 2, 4, 3, 4, 2, 3, 3, 0]
['2015100770', '21:40:00']=>[1]=>[9, 5, 9, 7, 9, 6, 5, 7, 5, 6]
['2015110933', '15:30:00']=>[1]=>[1, 0, 2, 3, 2, 3, 4, 1, 4, 0]
['2015112128', '14:40:00']=>[1]=>[0, 0, 4, 0, 2, 4, 1, 0, 1, 1]
['2015112347', '17:50:00']=>[1]=>[0, 3, 1, 4, 2, 2, 4, 3, 0, 3]
