['20090206028', '13:43:00']=>[4]=>[4, 4, 4, 0, 4, 1, 2, 1, 4, 1, 4]
['20090321002', '09:19:00']=>[4]=>[7, 8, 7, 5, 9, 8, 8, 9, 6, 8, 5]
['20090414011', '10:50:00']=>[4]=>[1, 4, 2, 3, 2, 2, 4, 2, 0, 2, 2]
['20090614033', '14:33:00']=>[4]=>[3, 3, 2, 0, 0, 1, 4, 1, 1, 0, 1]
['20090813016', '11:41:00']=>[4]=>[7, 9, 5, 8, 6, 5, 8, 7, 6, 5, 5]
['20090828023', '12:52:00']=>[4]=>[5, 5, 9, 5, 8, 7, 6, 8, 7, 5, 5]
['20091103067', '20:19:00']=>[4]=>[5, 9, 9, 9, 5, 6, 5, 8, 9, 5, 6]
['20091207067', '20:19:00']=>[4]=>[0, 1, 0, 0, 2, 1, 2, 4, 4, 1, 1]
['20100123027', '13:33:00']=>[4]=>[9, 6, 8, 7, 6, 7, 9, 5, 6, 9, 9]
['20100202017', '11:51:00']=>[4]=>[2, 4, 2, 2, 2, 2, 1, 4, 0, 1, 2]
['20100228016', '11:41:00']=>[4]=>[2, 0, 4, 1, 1, 4, 2, 4, 0, 2, 1]
['20100320043', '16:15:00']=>[4]=>[0, 2, 4, 0, 0, 4, 2, 4, 2, 1, 3]
['20100427016', '11:41:00']=>[4]=>[6, 7, 6, 6, 5, 9, 7, 8, 5, 8, 6]
['20100617020', '12:22:00']=>[4]=>[5, 7, 9, 9, 6, 6, 7, 9, 7, 9, 6]
['20101101009', '10:30:00']=>[4]=>[8, 7, 6, 5, 9, 7, 5, 6, 8, 9, 6]
['20110120016', '11:41:00']=>[4]=>[6, 5, 6, 6, 6, 6, 8, 7, 9, 5, 5]
['20110131082', '22:51:00']=>[4]=>[1, 3, 4, 0, 1, 0, 0, 3, 0, 4, 4]
['20110313035', '14:54:00']=>[4]=>[8, 5, 6, 6, 7, 6, 7, 5, 8, 8, 7]
['20110517056', '18:27:00']=>[4]=>[6, 5, 6, 8, 8, 7, 5, 7, 8, 7, 9]
['20110629028', '13:43:00']=>[4]=>[4, 0, 4, 2, 3, 2, 0, 0, 1, 1, 3]
['20110702028', '13:43:00']=>[4]=>[2, 1, 1, 4, 2, 1, 4, 4, 1, 2, 3]
['20111123005', '09:49:00']=>[4]=>[0, 0, 1, 4, 2, 0, 4, 1, 2, 4, 0]
['20111124052', '17:46:00']=>[4]=>[9, 6, 5, 5, 6, 7, 8, 8, 5, 5, 7]
['20120226040', '15:45:00']=>[4]=>[9, 6, 6, 5, 6, 9, 9, 8, 6, 8, 5]
['20120515004', '09:39:00']=>[4]=>[2, 2, 0, 0, 2, 2, 4, 0, 1, 4, 1]
['20120723060', '19:08:00']=>[4]=>[8, 9, 9, 6, 8, 8, 6, 5, 6, 9, 9]
['20120831028', '13:43:00']=>[4]=>[5, 5, 6, 8, 7, 7, 9, 5, 6, 7, 9]
['20121128054', '18:07:00']=>[4]=>[0, 4, 3, 1, 0, 3, 1, 3, 2, 3, 2]
['20121230055', '18:17:00']=>[4]=>[5, 6, 5, 9, 6, 5, 8, 5, 5, 6, 7]
['20130521052', '17:46:00']=>[4]=>[8, 9, 8, 6, 5, 9, 6, 6, 5, 9, 7]
['20130612061', '19:18:00']=>[4]=>[3, 4, 4, 0, 2, 0, 2, 2, 4, 0, 3]
['20130719062', '19:28:00']=>[4]=>[4, 1, 4, 3, 1, 2, 3, 2, 4, 3, 1]
['20131007022', '12:42:00']=>[4]=>[9, 6, 6, 6, 8, 5, 6, 8, 6, 8, 5]
['20140415045', '16:35:00']=>[4]=>[3, 4, 4, 0, 2, 1, 2, 2, 4, 0, 3]
['20140608047', '16:56:00']=>[4]=>[7, 7, 7, 8, 5, 5, 6, 6, 9, 8, 7]
['20150322051', '17:36:00']=>[4]=>[5, 5, 9, 8, 5, 5, 6, 9, 9, 8, 9]
['20150327026', '13:22:00']=>[4]=>[2, 3, 2, 3, 0, 1, 4, 0, 4, 3, 4]
['20150407059', '18:57:00']=>[4]=>[7, 7, 5, 9, 5, 9, 8, 6, 9, 9, 9]
['20150613046', '16:45:00']=>[4]=>[3, 2, 1, 4, 4, 3, 3, 4, 2, 4, 4]
['20150908067', '20:19:00']=>[4]=>[1, 0, 2, 3, 2, 3, 0, 4, 4, 1, 3]
['20150909001', '09:09:00']=>[4]=>[8, 9, 8, 6, 5, 8, 7, 7, 9, 7, 9]
['20151012066', '20:08:00']=>[4]=>[3, 1, 1, 4, 1, 3, 3, 0, 3, 3, 2]
['20151120018', '12:01:00']=>[4]=>[7, 6, 8, 7, 7, 9, 7, 9, 7, 5, 7]
