['20081117025', '13:12:00']=>[4]=>[4, 4, 4, 2, 1, 3, 1, 4, 1, 0, 1, 4]
['20090422045', '16:35:00']=>[4]=>[3, 2, 0, 2, 2, 2, 2, 3, 2, 0, 1, 0]
['20090604069', '20:39:00']=>[4]=>[1, 4, 1, 0, 3, 0, 3, 0, 3, 3, 4, 2]
['20091123015', '11:31:00']=>[4]=>[6, 9, 8, 7, 6, 9, 5, 9, 8, 5, 7, 5]
['20091223019', '12:11:00']=>[4]=>[4, 3, 0, 1, 2, 2, 0, 3, 4, 1, 4, 4]
['20100221001', '09:09:00']=>[4]=>[2, 2, 0, 1, 1, 2, 0, 1, 0, 1, 1, 1]
['20101017053', '17:56:00']=>[4]=>[7, 5, 8, 8, 5, 7, 6, 9, 6, 5, 7, 9]
['20101128044', '16:25:00']=>[4]=>[4, 0, 1, 3, 3, 1, 4, 1, 1, 2, 0, 2]
['20101226028', '13:43:00']=>[4]=>[0, 1, 1, 2, 3, 3, 4, 4, 1, 4, 4, 4]
['20120130014', '11:21:00']=>[4]=>[2, 3, 1, 1, 1, 2, 3, 3, 3, 2, 3, 3]
['20120203048', '17:06:00']=>[4]=>[1, 2, 2, 1, 4, 1, 1, 0, 2, 1, 3, 0]
['20120502014', '11:21:00']=>[4]=>[8, 6, 6, 6, 8, 8, 6, 6, 5, 7, 6, 6]
['20120511046', '16:45:00']=>[4]=>[9, 7, 5, 7, 5, 9, 8, 9, 8, 7, 6, 9]
['20120704031', '14:13:00']=>[4]=>[6, 6, 5, 5, 5, 7, 6, 5, 7, 5, 7, 8]
['20121010024', '13:02:00']=>[4]=>[4, 0, 0, 4, 2, 0, 0, 0, 1, 0, 0, 1]
['20130111053', '17:56:00']=>[4]=>[9, 5, 6, 7, 7, 8, 8, 9, 8, 5, 7, 5]
['20130319073', '21:19:00']=>[4]=>[9, 7, 6, 6, 9, 9, 9, 5, 8, 7, 5, 6]
['20130505047', '16:56:00']=>[4]=>[1, 3, 4, 3, 0, 0, 1, 3, 3, 1, 2, 0]
['20130615017', '11:51:00']=>[4]=>[5, 8, 5, 7, 7, 8, 6, 9, 9, 6, 9, 6]
['20130618004', '09:39:00']=>[4]=>[2, 4, 2, 0, 3, 3, 2, 1, 3, 0, 4, 3]
['20130911037', '15:14:00']=>[4]=>[1, 2, 4, 3, 4, 4, 3, 0, 0, 1, 4, 3]
['20131013038', '15:24:00']=>[4]=>[0, 4, 3, 3, 3, 2, 0, 1, 3, 3, 1, 3]
['20140111011', '10:50:00']=>[4]=>[8, 8, 9, 5, 6, 8, 6, 7, 7, 6, 5, 9]
['20140629038', '15:24:00']=>[4]=>[1, 4, 0, 1, 0, 4, 3, 4, 4, 2, 4, 1]
['20140902005', '09:49:00']=>[4]=>[6, 8, 7, 9, 8, 8, 5, 6, 9, 5, 8, 6]
['20140912014', '11:21:00']=>[4]=>[1, 3, 4, 4, 4, 3, 2, 4, 2, 3, 4, 3]
['20141120046', '16:45:00']=>[4]=>[0, 4, 0, 3, 2, 3, 4, 0, 3, 3, 4, 0]
['20150102018', '12:01:00']=>[4]=>[6, 7, 9, 5, 8, 7, 9, 8, 9, 8, 6, 8]
['20150307038', '15:24:00']=>[4]=>[4, 3, 1, 2, 0, 1, 1, 2, 3, 4, 3, 4]
['20150806045', '16:35:00']=>[4]=>[2, 1, 0, 2, 1, 0, 1, 1, 4, 0, 3, 4]
['20150813077', '22:00:00']=>[4]=>[5, 6, 7, 5, 7, 8, 5, 6, 7, 7, 5, 6]
['20151018020', '12:22:00']=>[4]=>[0, 4, 2, 4, 2, 3, 3, 3, 0, 0, 1, 2]
