['20081005004', '09:39:00']=>[5]=>[3, 3, 3, 9, 7, 7, 1, 7, 1]
['20081022062', '19:28:00']=>[5]=>[5, 5, 7, 3, 5, 5, 9, 5, 7]
['20081028066', '20:08:00']=>[5]=>[3, 5, 9, 5, 7, 5, 5, 1, 9]
['20081107033', '14:33:00']=>[5]=>[2, 2, 4, 2, 4, 2, 6, 2, 8]
['20081129044', '16:25:00']=>[5]=>[5, 7, 3, 7, 3, 5, 7, 9, 1]
['20081215012', '11:00:00']=>[5]=>[4, 4, 4, 6, 6, 2, 0, 2, 6]
['20090109071', '20:59:00']=>[5]=>[2, 2, 2, 8, 4, 6, 8, 0, 2]
['20090222041', '15:55:00']=>[5]=>[9, 7, 5, 3, 7, 9, 5, 3, 7]
['20090302083', '23:01:00']=>[5]=>[5, 7, 5, 9, 3, 3, 1, 5, 7]
['20090310033', '14:33:00']=>[5]=>[5, 7, 3, 1, 1, 9, 1, 5, 1]
['20090405081', '22:41:00']=>[5]=>[6, 8, 0, 8, 2, 4, 2, 6, 6]
['20090407076', '21:50:00']=>[5]=>[2, 4, 6, 6, 6, 6, 0, 2, 6]
['20090408076', '21:50:00']=>[5]=>[1, 5, 7, 5, 1, 5, 9, 9, 5]
['20090505028', '13:43:00']=>[5]=>[1, 3, 5, 7, 9, 9, 7, 5, 1]
['20090519058', '18:47:00']=>[5]=>[3, 1, 9, 9, 3, 5, 3, 1, 7]
['20090611040', '15:45:00']=>[5]=>[5, 9, 9, 5, 9, 9, 9, 1, 5]
['20090704041', '15:55:00']=>[5]=>[0, 4, 2, 8, 8, 8, 0, 4, 8]
['20090706029', '13:53:00']=>[5]=>[4, 6, 6, 8, 8, 6, 6, 6, 6]
['20090717013', '11:10:00']=>[5]=>[3, 1, 3, 1, 1, 5, 5, 3, 5]
['20090804042', '16:05:00']=>[5]=>[0, 2, 4, 6, 2, 8, 2, 0, 6]
['20090806079', '22:20:00']=>[5]=>[2, 6, 4, 2, 6, 2, 2, 4, 4]
['20090811008', '10:20:00']=>[5]=>[4, 0, 2, 2, 8, 4, 2, 8, 4]
['20090825034', '14:44:00']=>[5]=>[1, 1, 7, 7, 7, 5, 7, 3, 5]
['20090830042', '16:05:00']=>[5]=>[0, 8, 6, 6, 6, 8, 4, 0, 2]
['20090903067', '20:19:00']=>[5]=>[6, 6, 4, 2, 0, 8, 6, 6, 4]
['20091008059', '18:57:00']=>[5]=>[6, 0, 0, 8, 4, 0, 6, 6, 0]
['20091013075', '21:40:00']=>[5]=>[0, 8, 0, 2, 2, 8, 0, 8, 4]
['20091025044', '16:25:00']=>[5]=>[8, 4, 2, 2, 0, 2, 6, 4, 4]
['20091031061', '19:18:00']=>[5]=>[8, 4, 4, 2, 8, 4, 6, 8, 2]
['20091101020', '12:22:00']=>[5]=>[0, 2, 4, 8, 6, 2, 0, 2, 4]
['20091109081', '22:41:00']=>[5]=>[0, 0, 0, 6, 6, 8, 4, 8, 6]
['20091122020', '12:22:00']=>[5]=>[5, 5, 5, 9, 3, 3, 3, 7, 3]
['20091123017', '11:51:00']=>[5]=>[7, 5, 5, 7, 1, 3, 5, 9, 9]
['20091231007', '10:10:00']=>[5]=>[2, 6, 6, 0, 0, 0, 6, 8, 8]
['20100104013', '11:10:00']=>[5]=>[4, 8, 2, 2, 8, 8, 4, 0, 4]
['20100117017', '11:51:00']=>[5]=>[8, 4, 8, 8, 0, 6, 6, 8, 8]
['20100126042', '16:05:00']=>[5]=>[3, 5, 5, 1, 3, 5, 3, 7, 5]
['20100126069', '20:39:00']=>[5]=>[6, 8, 6, 6, 2, 6, 0, 0, 4]
['20100313019', '12:11:00']=>[5]=>[8, 0, 4, 2, 6, 8, 2, 4, 6]
['20100325066', '20:08:00']=>[5]=>[8, 6, 6, 0, 6, 6, 2, 4, 0]
['20100413023', '12:52:00']=>[5]=>[8, 6, 2, 2, 4, 2, 0, 2, 2]
['20100416080', '22:31:00']=>[5]=>[3, 5, 7, 9, 1, 1, 9, 1, 7]
['20100513006', '09:59:00']=>[5]=>[1, 9, 3, 5, 1, 1, 1, 1, 7]
['20100705036', '15:04:00']=>[5]=>[7, 9, 7, 1, 9, 9, 5, 9, 9]
['20100710052', '17:46:00']=>[5]=>[1, 7, 3, 7, 9, 9, 9, 5, 1]
['20100721064', '19:48:00']=>[5]=>[3, 9, 5, 3, 9, 1, 7, 7, 3]
['20100722006', '09:59:00']=>[5]=>[5, 3, 9, 7, 5, 5, 7, 5, 5]
['20100731032', '14:23:00']=>[5]=>[6, 6, 8, 0, 8, 6, 2, 2, 8]
['20100805058', '18:47:00']=>[5]=>[0, 2, 4, 4, 2, 2, 8, 2, 2]
['20100810008', '10:20:00']=>[5]=>[8, 2, 2, 0, 2, 0, 8, 8, 0]
['20100811074', '21:30:00']=>[5]=>[7, 5, 5, 7, 5, 9, 5, 3, 9]
['20100812004', '09:39:00']=>[5]=>[5, 7, 5, 1, 1, 1, 7, 3, 7]
['20100818031', '14:13:00']=>[5]=>[7, 5, 9, 7, 5, 3, 5, 3, 9]
['20100830063', '19:38:00']=>[5]=>[1, 5, 3, 1, 5, 7, 3, 5, 5]
['20100906007', '10:10:00']=>[5]=>[7, 5, 7, 9, 3, 9, 5, 1, 1]
['20101005027', '13:33:00']=>[5]=>[6, 6, 0, 2, 2, 4, 0, 6, 2]
['20101014063', '19:38:00']=>[5]=>[7, 7, 5, 1, 9, 5, 3, 5, 3]
['20101105074', '21:30:00']=>[5]=>[6, 4, 6, 8, 6, 4, 8, 2, 4]
['20101128040', '15:45:00']=>[5]=>[0, 0, 2, 2, 2, 8, 2, 0, 0]
['20101201073', '21:19:00']=>[5]=>[1, 7, 1, 3, 5, 3, 9, 3, 1]
['20101204050', '17:26:00']=>[5]=>[6, 4, 8, 0, 2, 4, 0, 0, 0]
['20101212057', '18:37:00']=>[5]=>[7, 5, 9, 3, 1, 1, 9, 7, 9]
['20101219041', '15:55:00']=>[5]=>[9, 9, 1, 9, 7, 3, 5, 1, 5]
['20101230010', '10:40:00']=>[5]=>[1, 9, 3, 7, 7, 3, 3, 3, 3]
['20110121007', '10:10:00']=>[5]=>[2, 4, 6, 4, 6, 8, 0, 4, 2]
['20110125069', '20:39:00']=>[5]=>[5, 1, 1, 3, 5, 3, 1, 7, 7]
['20110201034', '14:44:00']=>[5]=>[7, 1, 5, 1, 3, 7, 3, 5, 3]
['20110214078', '22:10:00']=>[5]=>[5, 7, 7, 7, 9, 7, 5, 1, 9]
['20110306066', '20:08:00']=>[5]=>[7, 9, 3, 1, 7, 1, 1, 9, 5]
['20110314079', '22:20:00']=>[5]=>[4, 4, 6, 4, 0, 2, 8, 2, 4]
['20110317036', '15:04:00']=>[5]=>[1, 3, 7, 3, 1, 5, 9, 9, 7]
['20110320016', '11:41:00']=>[5]=>[9, 5, 1, 7, 9, 5, 7, 3, 5]
['20110416005', '09:49:00']=>[5]=>[4, 0, 0, 8, 2, 8, 4, 4, 0]
['20110423021', '12:32:00']=>[5]=>[7, 5, 3, 3, 7, 3, 9, 1, 1]
['20110423047', '16:56:00']=>[5]=>[2, 0, 0, 8, 6, 4, 8, 0, 4]
['20110428025', '13:12:00']=>[5]=>[3, 9, 5, 1, 1, 3, 1, 1, 5]
['20110430007', '10:10:00']=>[5]=>[6, 2, 6, 8, 6, 8, 2, 6, 6]
['20110518043', '16:15:00']=>[5]=>[7, 7, 1, 5, 7, 5, 3, 9, 3]
['20110519057', '18:37:00']=>[5]=>[7, 1, 3, 9, 5, 7, 7, 5, 3]
['20110521034', '14:44:00']=>[5]=>[9, 1, 5, 7, 5, 3, 3, 3, 9]
['20110528045', '16:35:00']=>[5]=>[5, 3, 7, 3, 3, 3, 3, 1, 5]
['20110619023', '12:52:00']=>[5]=>[7, 9, 7, 5, 7, 9, 1, 3, 7]
['20110701082', '22:51:00']=>[5]=>[7, 1, 7, 3, 1, 5, 3, 7, 1]
['20110706079', '22:20:00']=>[5]=>[5, 3, 5, 1, 9, 9, 1, 1, 1]
['20110724056', '18:27:00']=>[5]=>[3, 3, 1, 9, 5, 1, 1, 3, 5]
['20110729068', '20:29:00']=>[5]=>[1, 3, 9, 9, 9, 9, 3, 3, 3]
['20110730069', '20:39:00']=>[5]=>[3, 1, 5, 1, 5, 3, 7, 3, 5]
['20110807052', '17:46:00']=>[5]=>[4, 0, 8, 8, 6, 6, 4, 4, 8]
['20110809068', '20:29:00']=>[5]=>[3, 7, 9, 3, 9, 3, 5, 9, 1]
['20110814043', '16:15:00']=>[5]=>[3, 9, 5, 7, 3, 9, 7, 3, 3]
['20110815059', '18:57:00']=>[5]=>[3, 5, 3, 1, 3, 5, 3, 9, 7]
['20110824029', '13:53:00']=>[5]=>[2, 4, 4, 4, 0, 4, 6, 4, 2]
['20110830072', '21:09:00']=>[5]=>[3, 9, 5, 9, 7, 1, 1, 5, 9]
['20110907050', '17:26:00']=>[5]=>[8, 6, 2, 2, 6, 4, 4, 2, 8]
['20110908020', '12:22:00']=>[5]=>[1, 5, 1, 1, 3, 5, 7, 1, 7]
['20110915050', '17:26:00']=>[5]=>[3, 9, 3, 5, 5, 7, 7, 1, 1]
['20110928011', '10:50:00']=>[5]=>[6, 0, 4, 6, 0, 4, 2, 8, 4]
['20111028015', '11:31:00']=>[5]=>[3, 5, 1, 1, 1, 9, 9, 5, 1]
['20111101072', '21:09:00']=>[5]=>[6, 4, 8, 4, 8, 8, 0, 6, 0]
['20111125002', '09:19:00']=>[5]=>[2, 4, 8, 2, 8, 4, 2, 2, 8]
['20111129046', '16:45:00']=>[5]=>[1, 9, 1, 5, 9, 3, 9, 5, 9]
['20111215003', '09:29:00']=>[5]=>[7, 5, 7, 3, 5, 7, 3, 7, 7]
['20111216036', '15:04:00']=>[5]=>[1, 1, 3, 1, 7, 7, 1, 3, 9]
['20111218051', '17:36:00']=>[5]=>[0, 6, 0, 6, 2, 6, 8, 4, 8]
['20111221021', '12:32:00']=>[5]=>[4, 2, 8, 0, 0, 6, 8, 8, 4]
['20111229075', '21:40:00']=>[5]=>[6, 8, 8, 4, 6, 4, 0, 0, 8]
['20120101074', '21:30:00']=>[5]=>[4, 4, 4, 6, 4, 0, 2, 8, 2]
['20120202008', '10:20:00']=>[5]=>[2, 6, 6, 2, 2, 2, 2, 6, 4]
['20120206014', '11:21:00']=>[5]=>[6, 6, 4, 4, 8, 8, 8, 4, 8]
['20120223014', '11:21:00']=>[5]=>[4, 0, 0, 4, 4, 6, 6, 8, 0]
['20120226059', '18:57:00']=>[5]=>[7, 5, 5, 7, 7, 9, 3, 9, 7]
['20120303060', '19:08:00']=>[5]=>[5, 5, 1, 1, 9, 7, 7, 9, 7]
['20120303080', '22:31:00']=>[5]=>[7, 9, 9, 7, 1, 7, 3, 3, 9]
['20120330002', '09:19:00']=>[5]=>[9, 7, 3, 5, 7, 3, 5, 5, 1]
['20120401058', '18:47:00']=>[5]=>[0, 6, 6, 2, 0, 8, 0, 8, 2]
['20120402052', '17:46:00']=>[5]=>[6, 4, 0, 6, 8, 0, 0, 6, 0]
['20120409010', '10:40:00']=>[5]=>[0, 4, 2, 2, 6, 4, 0, 2, 8]
['20120426071', '20:59:00']=>[5]=>[9, 7, 9, 3, 1, 1, 5, 5, 5]
['20120502073', '21:19:00']=>[5]=>[5, 1, 3, 5, 3, 9, 5, 1, 3]
['20120505081', '22:41:00']=>[5]=>[7, 9, 5, 1, 1, 5, 1, 5, 7]
['20120531033', '14:33:00']=>[5]=>[0, 6, 2, 8, 0, 4, 4, 0, 0]
['20120614054', '18:07:00']=>[5]=>[5, 5, 5, 7, 1, 1, 3, 7, 3]
['20120627084', '23:11:00']=>[5]=>[6, 0, 6, 0, 4, 8, 6, 0, 4]
['20120702075', '21:40:00']=>[5]=>[2, 4, 6, 8, 6, 0, 0, 4, 2]
['20120706083', '23:01:00']=>[5]=>[1, 3, 3, 1, 5, 1, 9, 9, 9]
['20120728003', '09:29:00']=>[5]=>[6, 4, 8, 6, 2, 0, 2, 8, 4]
['20120809007', '10:10:00']=>[5]=>[2, 4, 8, 0, 8, 4, 4, 8, 2]
['20120829061', '19:18:00']=>[5]=>[9, 9, 7, 5, 9, 1, 7, 5, 7]
['20120901015', '11:31:00']=>[5]=>[6, 6, 0, 6, 8, 4, 6, 4, 2]
['20120905074', '21:30:00']=>[5]=>[4, 2, 0, 0, 4, 4, 4, 0, 6]
['20120914083', '23:01:00']=>[5]=>[8, 0, 2, 4, 4, 4, 0, 2, 2]
['20120920010', '10:40:00']=>[5]=>[7, 7, 1, 5, 9, 1, 9, 9, 5]
['20120920050', '17:26:00']=>[5]=>[2, 4, 2, 4, 2, 6, 4, 8, 4]
['20121021074', '21:30:00']=>[5]=>[5, 5, 7, 1, 3, 5, 5, 5, 9]
['20121023007', '10:10:00']=>[5]=>[1, 9, 3, 5, 5, 1, 7, 1, 9]
['20121123039', '15:34:00']=>[5]=>[4, 0, 8, 8, 6, 8, 4, 4, 8]
['20121128001', '09:09:00']=>[5]=>[7, 5, 3, 7, 5, 5, 3, 1, 5]
['20130109054', '18:07:00']=>[5]=>[3, 9, 5, 9, 1, 7, 3, 1, 1]
['20130112077', '22:00:00']=>[5]=>[7, 5, 9, 9, 5, 3, 9, 7, 5]
['20130118029', '13:53:00']=>[5]=>[8, 8, 6, 2, 0, 6, 4, 6, 6]
['20130124019', '12:11:00']=>[5]=>[9, 5, 3, 1, 5, 1, 5, 9, 3]
['20130220054', '18:07:00']=>[5]=>[3, 7, 1, 3, 9, 3, 3, 1, 7]
['20130224070', '20:49:00']=>[5]=>[0, 4, 0, 4, 0, 0, 8, 8, 8]
['20130310024', '13:02:00']=>[5]=>[4, 0, 6, 2, 4, 6, 0, 6, 4]
['20130409027', '13:33:00']=>[5]=>[8, 6, 0, 4, 8, 8, 6, 0, 0]
['20130410066', '20:08:00']=>[5]=>[0, 6, 2, 4, 2, 2, 4, 4, 6]
['20130502043', '16:15:00']=>[5]=>[7, 7, 9, 1, 5, 9, 9, 1, 1]
['20130515058', '18:47:00']=>[5]=>[7, 3, 1, 9, 7, 7, 9, 1, 1]
['20130522062', '19:28:00']=>[5]=>[2, 8, 6, 4, 4, 2, 4, 6, 2]
['20130605023', '12:52:00']=>[5]=>[1, 5, 5, 9, 1, 5, 7, 1, 1]
['20130616037', '15:14:00']=>[5]=>[8, 2, 8, 8, 6, 4, 0, 4, 6]
['20130710038', '15:24:00']=>[5]=>[4, 2, 8, 2, 0, 8, 0, 6, 8]
['20130801066', '20:08:00']=>[5]=>[2, 6, 0, 8, 4, 6, 2, 2, 2]
['20130924013', '11:10:00']=>[5]=>[5, 7, 9, 9, 3, 7, 1, 3, 9]
['20131009024', '13:02:00']=>[5]=>[6, 4, 8, 0, 2, 8, 4, 6, 6]
['20131017043', '16:15:00']=>[5]=>[4, 4, 4, 0, 8, 4, 4, 8, 4]
['20131023055', '18:17:00']=>[5]=>[1, 3, 1, 5, 1, 9, 1, 1, 9]
['20131111035', '14:54:00']=>[5]=>[4, 2, 2, 8, 6, 4, 0, 4, 2]
['20131114009', '10:30:00']=>[5]=>[5, 3, 9, 7, 9, 1, 5, 5, 5]
['20131201029', '13:53:00']=>[5]=>[0, 8, 2, 2, 0, 4, 0, 0, 4]
['20131215049', '17:16:00']=>[5]=>[3, 3, 5, 5, 7, 7, 9, 1, 3]
['20131227037', '15:14:00']=>[5]=>[5, 7, 7, 3, 7, 3, 5, 5, 9]
['20140107014', '11:21:00']=>[5]=>[9, 1, 5, 7, 7, 9, 3, 9, 1]
['20140111058', '18:47:00']=>[5]=>[5, 5, 9, 7, 9, 9, 5, 9, 9]
['20140111071', '20:59:00']=>[5]=>[0, 2, 6, 8, 2, 2, 6, 2, 8]
['20140221002', '09:19:00']=>[5]=>[4, 0, 2, 0, 6, 4, 4, 8, 8]
['20140312011', '10:50:00']=>[5]=>[5, 9, 9, 1, 3, 3, 7, 1, 1]
['20140316039', '15:34:00']=>[5]=>[1, 5, 9, 1, 7, 1, 9, 7, 1]
['20140321045', '16:35:00']=>[5]=>[4, 4, 4, 2, 0, 2, 6, 6, 2]
['20140404050', '17:26:00']=>[5]=>[4, 4, 6, 0, 8, 2, 0, 6, 6]
['20140511009', '10:30:00']=>[5]=>[6, 8, 0, 2, 2, 4, 2, 6, 4]
['20140522068', '20:29:00']=>[5]=>[5, 9, 1, 3, 5, 5, 1, 1, 1]
['20140604060', '19:08:00']=>[5]=>[2, 8, 2, 2, 4, 4, 4, 0, 2]
['20140617059', '18:57:00']=>[5]=>[5, 1, 9, 9, 5, 5, 9, 9, 1]
['20140625064', '19:48:00']=>[5]=>[5, 9, 9, 5, 5, 3, 9, 3, 9]
['20140717045', '16:35:00']=>[5]=>[7, 3, 9, 5, 7, 9, 3, 7, 5]
['20140728026', '13:22:00']=>[5]=>[6, 0, 4, 8, 6, 4, 2, 4, 2]
['20140802006', '09:59:00']=>[5]=>[0, 6, 2, 2, 4, 6, 0, 4, 4]
['20140804050', '17:26:00']=>[5]=>[2, 4, 0, 2, 0, 8, 4, 2, 2]
['20140829001', '09:09:00']=>[5]=>[8, 4, 6, 0, 4, 4, 8, 4, 8]
['20140905073', '21:19:00']=>[5]=>[3, 1, 1, 3, 7, 5, 1, 5, 3]
['20140914062', '19:28:00']=>[5]=>[5, 9, 5, 9, 5, 7, 9, 3, 3]
['20140915066', '20:08:00']=>[5]=>[0, 0, 4, 6, 0, 8, 2, 6, 8]
['20140918063', '19:38:00']=>[5]=>[1, 7, 7, 3, 3, 1, 7, 3, 7]
['20141001070', '20:49:00']=>[5]=>[6, 6, 8, 2, 4, 8, 4, 4, 4]
['20141006071', '20:59:00']=>[5]=>[2, 8, 4, 2, 4, 8, 0, 2, 4]
['20141008053', '17:56:00']=>[5]=>[2, 2, 4, 6, 6, 2, 6, 0, 6]
['20141009023', '12:52:00']=>[5]=>[4, 6, 4, 4, 6, 8, 6, 8, 0]
['20141108079', '22:20:00']=>[5]=>[2, 0, 8, 4, 6, 6, 6, 4, 6]
['20141130069', '20:39:00']=>[5]=>[2, 2, 8, 4, 4, 2, 0, 8, 6]
['20141202023', '12:52:00']=>[5]=>[7, 9, 7, 5, 1, 3, 3, 9, 3]
['20141213052', '17:46:00']=>[5]=>[9, 3, 3, 9, 1, 3, 5, 7, 7]
['20150121078', '22:10:00']=>[5]=>[1, 7, 9, 3, 1, 5, 1, 1, 3]
['20150305047', '16:56:00']=>[5]=>[6, 6, 6, 4, 8, 4, 4, 8, 4]
['20150326047', '16:56:00']=>[5]=>[9, 9, 5, 7, 5, 1, 3, 5, 7]
['20150414010', '10:40:00']=>[5]=>[9, 3, 9, 9, 5, 5, 1, 1, 1]
['20150421055', '18:17:00']=>[5]=>[2, 8, 8, 4, 6, 0, 4, 2, 6]
['20150505073', '21:19:00']=>[5]=>[2, 4, 6, 0, 2, 6, 6, 6, 8]
['20150526021', '12:32:00']=>[5]=>[4, 8, 4, 0, 4, 8, 2, 4, 8]
['20150529024', '13:02:00']=>[5]=>[1, 3, 3, 7, 1, 3, 1, 5, 3]
['20150606066', '20:08:00']=>[5]=>[4, 0, 4, 2, 2, 6, 8, 0, 8]
['20150624048', '17:06:00']=>[5]=>[6, 2, 8, 0, 6, 4, 8, 4, 6]
['20150706022', '12:42:00']=>[5]=>[8, 6, 6, 4, 0, 2, 0, 4, 2]
['20150728041', '15:55:00']=>[5]=>[5, 1, 7, 7, 3, 1, 3, 7, 3]
['20150804066', '20:08:00']=>[5]=>[6, 8, 4, 2, 0, 4, 8, 6, 8]
['20150808045', '16:35:00']=>[5]=>[1, 9, 9, 3, 1, 9, 9, 9, 1]
['20150818030', '14:03:00']=>[5]=>[4, 6, 6, 4, 2, 2, 0, 0, 6]
['20150924039', '15:34:00']=>[5]=>[9, 3, 5, 7, 1, 9, 1, 9, 3]
['20150926013', '11:10:00']=>[5]=>[8, 6, 8, 2, 6, 8, 6, 6, 0]
['20150930080', '22:31:00']=>[5]=>[8, 8, 2, 0, 2, 4, 0, 6, 4]
['20151009024', '13:02:00']=>[5]=>[3, 3, 7, 3, 5, 1, 7, 9, 5]
['20151012060', '19:08:00']=>[5]=>[8, 8, 2, 4, 4, 0, 0, 6, 2]
['20151025083', '23:01:00']=>[5]=>[6, 4, 8, 2, 0, 2, 0, 0, 2]
['20151107034', '14:44:00']=>[5]=>[2, 6, 2, 4, 6, 2, 0, 4, 8]
['20151110080', '22:31:00']=>[5]=>[2, 0, 6, 6, 4, 4, 8, 8, 2]
['20151116009', '10:30:00']=>[5]=>[7, 1, 9, 3, 1, 7, 1, 1, 3]
['20151116067', '20:19:00']=>[5]=>[9, 5, 9, 5, 5, 9, 5, 1, 1]
['20151201001', '09:09:00']=>[5]=>[1, 3, 3, 3, 1, 7, 1, 5, 3]
