2007081301 10:10:00 87501 0 0
2007081302 10:20:00 53506 1 0
2007081303 10:30:00 32847 0 0
2007081304 10:40:00 94609 0 0
2007081305 10:50:00 24358 0 0
2007081306 11:00:00 32242 1 1
2007081307 11:10:00 37209 0 0
2007081308 11:20:00 18221 0 1
2007081309 11:30:00 04319 0 0
2007081310 11:40:00 12073 0 0
2007081311 11:50:00 52552 1 1
2007081312 12:00:00 22113 1 1
2007081313 12:10:00 69712 0 0
2007081314 12:20:00 40899 0 1
2007081315 12:30:00 73489 0 0
2007081316 12:40:00 29391 0 0
2007081317 12:50:00 76599 0 1
2007081318 13:00:00 43187 0 0
2007081319 13:10:00 02746 0 0
2007081320 13:20:00 44008 1 1
2007081321 13:30:00 08419 0 0
2007081322 13:40:00 60887 0 1
2007081323 13:50:00 65323 0 1
2007081324 14:00:00 53542 1 0
2007081325 14:10:00 16289 0 0
2007081326 14:20:00 05769 0 0
2007081327 14:30:00 71351 0 0
2007081328 14:40:00 47372 0 0
2007081329 14:50:00 53683 0 0
2007081330 15:00:00 42418 1 0
2007081331 15:10:00 76836 0 0
2007081332 15:20:00 08583 0 0
2007081333 15:30:00 63826 0 0
2007081334 15:40:00 64237 0 0
2007081335 15:50:00 68153 0 0
2007081336 16:00:00 21057 0 0
2007081337 16:10:00 59887 0 1
2007081338 16:20:00 92967 1 0
2007081339 16:30:00 81689 0 0
2007081340 16:40:00 26034 0 0
2007081341 16:50:00 87079 0 0
2007081342 17:00:00 72311 0 1
2007081343 17:10:00 18709 0 0
2007081344 17:20:00 53599 1 1
2007081345 17:30:00 94094 0 0
2007081346 17:40:00 27345 0 0
2007081347 17:50:00 46481 1 0
2007081348 18:00:00 11312 1 0
2007081349 18:10:00 16874 0 0
2007081350 18:20:00 47618 0 0
2007081351 18:30:00 51146 1 0
2007081352 18:40:00 11889 1 1
2007081353 18:50:00 24182 0 0
2007081354 19:00:00 31907 0 0
2007081355 19:10:00 25895 0 0
2007081356 19:20:00 17406 0 0
2007081357 19:30:00 89098 0 0
2007081358 19:40:00 74187 0 0
2007081359 19:50:00 06506 0 0
2007081360 20:00:00 05343 0 1
