2007121201 10:10:00 36809 0 0
2007121202 10:20:00 27251 1 0
2007121203 10:30:00 73356 1 0
2007121204 10:40:00 15208 0 0
2007121205 10:50:00 39768 0 0
2007121206 11:00:00 87023 0 0
2007121207 11:10:00 61841 0 0
2007121208 11:20:00 13679 0 0
2007121209 11:30:00 42513 0 0
2007121210 11:40:00 81979 0 1
2007121211 11:50:00 19247 0 0
2007121212 12:00:00 35592 1 0
2007121213 12:10:00 00408 1 0
2007121214 12:20:00 28469 0 0
2007121215 12:30:00 44056 1 0
2007121216 12:40:00 34719 0 0
2007121217 12:50:00 01520 0 0
2007121218 13:00:00 51536 1 0
2007121219 13:10:00 79926 1 0
2007121220 13:20:00 68896 1 0
2007121221 13:30:00 73561 0 0
2007121222 13:40:00 10167 1 0
2007121223 13:50:00 98799 0 1
2007121224 14:00:00 18968 0 0
2007121225 14:10:00 46871 0 0
2007121226 14:20:00 64367 0 0
2007121227 14:30:00 58473 0 0
2007121228 14:40:00 82497 0 0
2007121229 14:50:00 13222 0 1
2007121230 15:00:00 05668 0 1
2007121231 15:10:00 21854 0 0
2007121232 15:20:00 03571 0 0
2007121233 15:30:00 83264 0 0
2007121234 15:40:00 94190 0 0
2007121235 15:50:00 19842 0 0
2007121236 16:00:00 70397 0 0
2007121237 16:10:00 83226 0 1
2007121238 16:20:00 97933 1 1
2007121239 16:30:00 38357 1 0
2007121240 16:40:00 03462 0 0
2007121241 16:50:00 97716 1 0
2007121242 17:00:00 90598 0 0
2007121243 17:10:00 47505 0 1
2007121244 17:20:00 69806 0 0
2007121245 17:30:00 56211 0 1
2007121246 17:40:00 10730 0 0
2007121247 17:50:00 35207 0 0
2007121248 18:00:00 33260 1 0
2007121249 18:10:00 59597 1 0
2007121250 18:20:00 61012 0 0
2007121251 18:30:00 33423 1 0
2007121252 18:40:00 64215 0 0
2007121253 18:50:00 56754 0 0
2007121254 19:00:00 81844 1 1
2007121255 19:10:00 58582 1 0
2007121256 19:20:00 72626 0 1
2007121257 19:30:00 18254 0 0
2007121258 19:40:00 49347 0 0
2007121259 19:50:00 03874 0 0
2007121260 20:00:00 52929 0 1
2007121261 20:10:00 84004 0 1
2007121262 20:20:00 59817 0 0
2007121263 20:30:00 99596 1 0
2007121264 20:40:00 21236 1 0
2007121265 20:50:00 51783 0 0
2007121266 21:00:00 13748 0 0
2007121267 21:10:00 75051 0 0
2007121268 21:20:00 37087 0 0
2007121269 21:30:00 32350 1 0
2007121270 21:40:00 65674 1 0
2007121271 21:50:00 91561 0 0
2007121272 22:00:00 07650 0 0
