2007110901 10:10:00 33861 1 0
2007110902 10:20:00 93306 1 0
2007110903 10:30:00 86092 0 0
2007110904 10:40:00 05847 0 0
2007110905 10:50:00 43788 0 1
2007110906 11:00:00 80247 0 0
2007110907 11:10:00 32047 0 0
2007110908 11:20:00 10777 0 1
2007110909 11:30:00 44765 1 0
2007110910 11:40:00 54697 0 0
2007110911 11:50:00 06485 0 0
2007110912 12:00:00 40486 1 0
2007110913 12:10:00 68608 1 0
2007110914 12:20:00 76658 1 0
2007110915 12:30:00 84086 0 0
2007110916 12:40:00 08138 0 0
2007110917 12:50:00 32077 0 1
2007110918 13:00:00 81292 0 1
2007110919 13:10:00 84060 0 1
2007110920 13:20:00 39160 0 0
2007110921 13:30:00 21290 1 0
2007110922 13:40:00 69431 0 0
2007110923 13:50:00 94961 1 0
2007110924 14:00:00 17400 0 1
2007110925 14:10:00 30256 0 0
2007110926 14:20:00 21985 0 0
2007110927 14:30:00 98267 0 0
2007110928 14:40:00 85722 0 1
2007110929 14:50:00 30359 1 0
2007110930 15:00:00 05249 0 0
2007110931 15:10:00 61821 0 0
2007110932 15:20:00 36577 0 1
2007110933 15:30:00 20349 0 0
2007110934 15:40:00 71868 0 1
2007110935 15:50:00 75911 0 1
2007110936 16:00:00 81742 0 0
2007110937 16:10:00 23848 0 1
2007110938 16:20:00 75237 0 0
2007110939 16:30:00 17936 0 0
2007110940 16:40:00 21729 0 0
2007110941 16:50:00 77128 1 0
2007110942 17:00:00 92276 1 0
2007110943 17:10:00 53812 0 0
2007110944 17:20:00 55435 1 0
2007110945 17:30:00 97952 1 0
2007110946 17:40:00 23990 0 1
2007110947 17:50:00 57440 0 1
2007110948 18:00:00 70357 0 0
2007110949 18:10:00 34956 0 0
2007110950 18:20:00 69004 0 1
2007110951 18:30:00 68471 0 0
2007110952 18:40:00 52000 0 1
2007110953 18:50:00 24442 1 1
2007110954 19:00:00 43886 0 1
2007110955 19:10:00 66647 1 0
2007110956 19:20:00 39757 0 1
2007110957 19:30:00 08335 0 1
2007110958 19:40:00 32631 0 0
2007110959 19:50:00 49864 0 0
2007110960 20:00:00 98294 0 0
2007110961 20:10:00 54939 0 1
2007110962 20:20:00 71112 1 1
2007110963 20:30:00 37090 0 1
2007110964 20:40:00 53813 0 0
2007110965 20:50:00 77749 1 0
2007110966 21:00:00 79493 0 0
2007110967 21:10:00 52087 0 0
2007110968 21:20:00 73911 0 1
2007110969 21:30:00 17013 0 0
2007110970 21:40:00 47371 0 0
2007110971 21:50:00 10124 1 0
2007110972 22:00:00 07689 0 0
