2007122301 10:10:00 99146 1 0
2007122302 10:20:00 88002 1 1
2007122303 10:30:00 56761 0 0
2007122304 10:40:00 91303 0 1
2007122305 10:50:00 54645 0 0
2007122306 11:00:00 59972 1 0
2007122307 11:10:00 84471 1 0
2007122308 11:20:00 70566 0 1
2007122309 11:30:00 25953 0 0
2007122310 11:40:00 45024 0 0
2007122311 11:50:00 45614 0 0
2007122312 12:00:00 67049 0 0
2007122313 12:10:00 14433 1 1
2007122314 12:20:00 27716 1 0
2007122315 12:30:00 79100 0 1
2007122316 12:40:00 35924 0 0
2007122317 12:50:00 73871 0 0
2007122318 13:00:00 28087 0 0
2007122319 13:10:00 32922 0 1
2007122320 13:20:00 81329 0 0
2007122321 13:30:00 39815 0 0
2007122322 13:40:00 14648 0 0
2007122323 13:50:00 06934 0 0
2007122324 14:00:00 25964 0 0
2007122325 14:10:00 09669 0 1
2007122326 14:20:00 38187 0 0
2007122327 14:30:00 84384 0 0
2007122328 14:40:00 64880 0 1
2007122329 14:50:00 32165 0 0
2007122330 15:00:00 18644 0 1
2007122331 15:10:00 16866 0 1
2007122332 15:20:00 20596 0 0
2007122333 15:30:00 29807 0 0
2007122334 15:40:00 11217 1 0
2007122335 15:50:00 35891 0 0
2007122336 16:00:00 15850 0 0
2007122337 16:10:00 95979 1 1
2007122338 16:20:00 36419 0 0
2007122339 16:30:00 15860 0 0
2007122340 16:40:00 23909 0 1
2007122341 16:50:00 03325 1 0
2007122342 17:00:00 76144 0 1
2007122343 17:10:00 22055 1 1
2007122344 17:20:00 84626 0 1
2007122345 17:30:00 33569 1 0
2007122346 17:40:00 50161 0 1
2007122347 17:50:00 46162 0 0
2007122348 18:00:00 96537 0 0
2007122349 18:10:00 68576 0 0
2007122350 18:20:00 58776 0 1
2007122351 18:30:00 07254 0 0
2007122352 18:40:00 64713 0 0
2007122353 18:50:00 36533 0 1
2007122354 19:00:00 73239 0 0
2007122355 19:10:00 90457 0 0
2007122356 19:20:00 90504 0 0
2007122357 19:30:00 38802 1 0
2007122358 19:40:00 52003 0 1
2007122359 19:50:00 72053 0 0
2007122360 20:00:00 84022 0 1
2007122361 20:10:00 63644 1 1
2007122362 20:20:00 92150 0 0
2007122363 20:30:00 56579 1 0
2007122364 20:40:00 18838 1 1
2007122365 20:50:00 64603 1 0
2007122366 21:00:00 68576 0 0
2007122367 21:10:00 97443 0 1
2007122368 21:20:00 85366 0 1
2007122369 21:30:00 85564 1 0
2007122370 21:40:00 12512 0 0
2007122371 21:50:00 38298 0 0
2007122372 22:00:00 39558 0 1
