2007092401 10:10:00 95452 0 0
2007092402 10:20:00 42471 1 0
2007092403 10:30:00 68532 0 0
2007092404 10:40:00 14292 0 1
2007092405 10:50:00 66964 1 0
2007092406 11:00:00 60476 0 0
2007092407 11:10:00 65086 0 0
2007092408 11:20:00 66349 1 0
2007092409 11:30:00 40939 0 1
2007092410 11:40:00 82858 1 1
2007092411 11:50:00 06552 0 1
2007092412 12:00:00 86932 0 0
2007092413 12:10:00 95021 0 0
2007092414 12:20:00 06500 0 1
2007092415 12:30:00 02184 0 0
2007092416 12:40:00 00211 1 1
2007092417 12:50:00 11588 1 1
2007092418 13:00:00 60695 1 0
2007092419 13:10:00 16938 0 0
2007092420 13:20:00 12001 0 1
2007092421 13:30:00 95676 0 1
2007092422 13:40:00 77040 1 1
2007092423 13:50:00 85193 0 0
2007092424 14:00:00 38242 0 1
2007092425 14:10:00 74512 0 0
2007092426 14:20:00 62959 0 1
2007092427 14:30:00 17619 0 0
2007092428 14:40:00 42287 1 0
2007092429 14:50:00 38560 0 0
2007092430 15:00:00 07521 0 0
2007092431 15:10:00 91177 1 1
2007092432 15:20:00 26479 0 0
2007092433 15:30:00 05539 1 0
2007092434 15:40:00 12934 0 0
2007092435 15:50:00 19232 0 1
2007092436 16:00:00 35458 0 0
2007092437 16:10:00 13542 0 0
2007092438 16:20:00 35014 0 0
2007092439 16:30:00 02186 0 0
2007092440 16:40:00 15679 0 0
2007092441 16:50:00 23158 0 0
2007092442 17:00:00 83272 0 1
2007092443 17:10:00 34233 0 1
2007092444 17:20:00 56547 1 0
2007092445 17:30:00 39036 0 0
2007092446 17:40:00 94005 0 1
2007092447 17:50:00 20796 0 0
2007092448 18:00:00 56687 1 0
2007092449 18:10:00 49458 1 0
2007092450 18:20:00 30818 0 1
2007092451 18:30:00 18165 1 0
2007092452 18:40:00 07784 1 0
2007092453 18:50:00 93657 0 0
2007092454 19:00:00 33277 1 1
2007092455 19:10:00 70149 0 0
2007092456 19:20:00 60201 0 0
2007092457 19:30:00 10940 0 0
2007092458 19:40:00 05930 0 0
2007092459 19:50:00 86976 0 0
2007092460 20:00:00 73785 1 0
