2007112301 10:10:00 93016 0 0
2007112302 10:20:00 62938 0 0
2007112303 10:30:00 56638 1 0
2007112304 10:40:00 61345 0 0
2007112305 10:50:00 45390 0 0
2007112306 11:00:00 55606 1 1
2007112307 11:10:00 39504 0 0
2007112308 11:20:00 72467 0 0
2007112309 11:30:00 31754 0 0
2007112310 11:40:00 03584 0 0
2007112311 11:50:00 20234 1 0
2007112312 12:00:00 79978 1 0
2007112313 12:10:00 61889 0 1
2007112314 12:20:00 50943 0 0
2007112315 12:30:00 90139 0 0
2007112316 12:40:00 41020 0 1
2007112317 12:50:00 71487 0 0
2007112318 13:00:00 89956 1 0
2007112319 13:10:00 15431 0 0
2007112320 13:20:00 68684 1 0
2007112321 13:30:00 68272 0 1
2007112322 13:40:00 52432 0 0
2007112323 13:50:00 31309 1 0
2007112324 14:00:00 71619 0 0
2007112325 14:10:00 16632 1 0
2007112326 14:20:00 78662 0 1
2007112327 14:30:00 12918 0 0
2007112328 14:40:00 92611 0 1
2007112329 14:50:00 29165 0 0
2007112330 15:00:00 22071 1 0
2007112331 15:10:00 93043 0 0
2007112332 15:20:00 20349 0 0
2007112333 15:30:00 53050 0 1
2007112334 15:40:00 72441 0 1
2007112335 15:50:00 72821 0 0
2007112336 16:00:00 11528 1 0
2007112337 16:10:00 26454 0 1
2007112338 16:20:00 85451 0 0
2007112339 16:30:00 16238 0 0
2007112340 16:40:00 53445 0 1
2007112341 16:50:00 10727 0 1
2007112342 17:00:00 25835 0 0
2007112343 17:10:00 80697 0 0
2007112344 17:20:00 10022 1 1
2007112345 17:30:00 02354 0 0
2007112346 17:40:00 20071 1 0
2007112347 17:50:00 93105 0 0
2007112348 18:00:00 82160 0 0
2007112349 18:10:00 97509 0 0
2007112350 18:20:00 25526 1 0
2007112351 18:30:00 02516 0 0
2007112352 18:40:00 15538 1 0
2007112353 18:50:00 65230 0 0
2007112354 19:00:00 16184 1 0
2007112355 19:10:00 82929 0 1
2007112356 19:20:00 75931 0 0
2007112357 19:30:00 47001 0 1
2007112358 19:40:00 64675 1 0
2007112359 19:50:00 77049 1 0
2007112360 20:00:00 04211 0 1
2007112361 20:10:00 91674 0 0
2007112362 20:20:00 85801 1 0
2007112363 20:30:00 44160 1 0
2007112364 20:40:00 05433 0 1
2007112365 20:50:00 18435 0 0
2007112366 21:00:00 06302 0 0
2007112367 21:10:00 19627 0 0
2007112368 21:20:00 89684 0 0
2007112369 21:30:00 84224 0 1
2007112370 21:40:00 25268 1 0
2007112371 21:50:00 98511 0 1
2007112372 22:00:00 64420 1 0
