2007090401 10:10:00 36647 1 0
2007090402 10:20:00 07170 0 0
2007090403 10:30:00 27164 0 0
2007090404 10:40:00 49482 1 0
2007090405 10:50:00 85659 0 0
2007090406 11:00:00 52881 0 1
2007090407 11:10:00 93099 0 1
2007090408 11:20:00 32831 0 0
2007090409 11:30:00 19895 0 0
2007090410 11:40:00 90592 0 0
2007090411 11:50:00 22580 1 0
2007090412 12:00:00 07730 1 0
2007090413 12:10:00 73593 0 0
2007090414 12:20:00 08373 0 1
2007090415 12:30:00 72481 0 0
2007090416 12:40:00 93992 1 1
2007090417 12:50:00 60430 0 0
2007090418 13:00:00 68544 0 1
2007090419 13:10:00 38843 1 0
2007090420 13:20:00 81487 0 0
2007090421 13:30:00 38842 1 0
2007090422 13:40:00 36194 0 0
2007090423 13:50:00 59883 0 1
2007090424 14:00:00 33348 1 0
2007090425 14:10:00 65274 0 0
2007090426 14:20:00 92794 0 0
2007090427 14:30:00 36040 0 1
2007090428 14:40:00 72675 0 0
2007090429 14:50:00 85242 0 1
2007090430 15:00:00 06731 0 0
2007090431 15:10:00 33067 1 0
2007090432 15:20:00 75638 0 0
2007090433 15:30:00 09208 0 0
2007090434 15:40:00 79166 0 1
2007090435 15:50:00 90065 1 0
2007090436 16:00:00 16421 0 0
2007090437 16:10:00 33116 1 1
2007090438 16:20:00 97876 0 0
2007090439 16:30:00 34280 0 0
2007090440 16:40:00 85136 0 0
2007090441 16:50:00 09726 0 0
2007090442 17:00:00 14153 1 0
2007090443 17:10:00 11557 1 1
2007090444 17:20:00 70673 0 0
2007090445 17:30:00 31139 1 0
2007090446 17:40:00 24425 1 0
2007090447 17:50:00 48857 1 0
2007090448 18:00:00 58185 0 0
2007090449 18:10:00 11203 1 0
2007090450 18:20:00 23204 1 0
2007090451 18:30:00 61777 0 1
2007090452 18:40:00 72909 0 1
2007090453 18:50:00 46195 0 0
2007090454 19:00:00 66969 1 1
2007090455 19:10:00 23846 0 0
2007090456 19:20:00 06208 0 0
2007090457 19:30:00 53078 0 0
2007090458 19:40:00 57663 0 1
2007090459 19:50:00 29839 0 0
2007090460 20:00:00 58864 1 0
