2007101801 10:10:00 19285 0 0
2007101802 10:20:00 76361 0 0
2007101803 10:30:00 99742 1 0
2007101804 10:40:00 47319 0 0
2007101805 10:50:00 07660 0 1
2007101806 11:00:00 01462 0 0
2007101807 11:10:00 21585 0 1
2007101808 11:20:00 54299 0 1
2007101809 11:30:00 49479 1 0
2007101810 11:40:00 18863 1 0
2007101811 11:50:00 43896 0 0
2007101812 12:00:00 61927 0 0
2007101813 12:10:00 06318 0 0
2007101814 12:20:00 28157 0 0
2007101815 12:30:00 82522 0 1
2007101816 12:40:00 76156 0 0
2007101817 12:50:00 44476 1 0
2007101818 13:00:00 73663 0 1
2007101819 13:10:00 22066 1 1
2007101820 13:20:00 20251 1 0
2007101821 13:30:00 79199 0 1
2007101822 13:40:00 62497 0 0
2007101823 13:50:00 60899 0 1
2007101824 14:00:00 58330 0 1
2007101825 14:10:00 91107 1 0
2007101826 14:20:00 00018 1 0
2007101827 14:30:00 81356 0 0
2007101828 14:40:00 49690 0 0
2007101829 14:50:00 71398 0 0
2007101830 15:00:00 01692 0 0
2007101831 15:10:00 81757 0 1
2007101832 15:20:00 65593 1 0
2007101833 15:30:00 43166 0 1
2007101834 15:40:00 23045 0 0
2007101835 15:50:00 70418 0 0
2007101836 16:00:00 58316 0 0
2007101837 16:10:00 69695 1 0
2007101838 16:20:00 29375 0 0
2007101839 16:30:00 80403 0 0
2007101840 16:40:00 65823 0 0
2007101841 16:50:00 28920 0 0
2007101842 17:00:00 21303 0 1
2007101843 17:10:00 50055 1 1
2007101844 17:20:00 91801 0 0
2007101845 17:30:00 37599 0 1
2007101846 17:40:00 77805 1 0
2007101847 17:50:00 79406 0 0
2007101848 18:00:00 75088 0 1
2007101849 18:10:00 77233 1 1
2007101850 18:20:00 44601 1 0
2007101851 18:30:00 87131 0 1
2007101852 18:40:00 09985 1 0
2007101853 18:50:00 49439 1 0
2007101854 19:00:00 07416 0 0
2007101855 19:10:00 33911 1 1
2007101856 19:20:00 43006 0 1
2007101857 19:30:00 17377 0 1
2007101858 19:40:00 17495 0 0
2007101859 19:50:00 25402 0 0
2007101860 20:00:00 34428 1 0
