2007122501 10:10:00 93340 1 0
2007122502 10:20:00 82151 0 1
2007122503 10:30:00 44921 1 0
2007122504 10:40:00 12675 0 0
2007122505 10:50:00 98786 0 0
2007122506 11:00:00 80758 0 0
2007122507 11:10:00 82785 0 0
2007122508 11:20:00 72007 0 1
2007122509 11:30:00 57622 0 1
2007122510 11:40:00 39956 1 0
2007122511 11:50:00 40739 0 0
2007122512 12:00:00 63546 0 0
2007122513 12:10:00 12698 0 0
2007122514 12:20:00 86766 0 1
2007122515 12:30:00 92035 0 0
2007122516 12:40:00 08728 0 0
2007122517 12:50:00 00008 1 1
2007122518 13:00:00 89740 0 0
2007122519 13:10:00 92322 0 1
2007122520 13:20:00 44273 1 0
2007122521 13:30:00 72451 0 0
2007122522 13:40:00 85850 1 0
2007122523 13:50:00 69893 0 0
2007122524 14:00:00 80966 0 1
2007122525 14:10:00 53227 0 1
2007122526 14:20:00 85806 1 0
2007122527 14:30:00 96505 0 1
2007122528 14:40:00 05587 1 0
2007122529 14:50:00 32090 0 1
2007122530 15:00:00 06504 0 0
2007122531 15:10:00 97574 0 0
2007122532 15:20:00 30197 0 0
2007122533 15:30:00 65658 1 0
2007122534 15:40:00 94515 0 1
2007122535 15:50:00 32511 0 1
2007122536 16:00:00 92142 0 0
2007122537 16:10:00 79613 0 0
2007122538 16:20:00 05356 0 0
2007122539 16:30:00 43206 0 0
2007122540 16:40:00 24180 0 0
2007122541 16:50:00 58450 0 0
2007122542 17:00:00 95268 0 0
2007122543 17:10:00 92681 0 0
2007122544 17:20:00 10579 0 0
2007122545 17:30:00 82783 0 0
2007122546 17:40:00 33321 1 0
2007122547 17:50:00 31612 0 0
2007122548 18:00:00 73490 0 0
2007122549 18:10:00 77069 1 0
2007122550 18:20:00 92391 0 0
2007122551 18:30:00 33609 1 0
2007122552 18:40:00 07499 0 1
2007122553 18:50:00 08979 0 1
2007122554 19:00:00 77044 1 1
2007122555 19:10:00 76532 0 0
2007122556 19:20:00 19336 0 1
2007122557 19:30:00 32715 0 0
2007122558 19:40:00 16719 0 0
2007122559 19:50:00 82809 1 0
2007122560 20:00:00 07454 0 1
2007122561 20:10:00 99876 1 0
2007122562 20:20:00 10866 0 1
2007122563 20:30:00 04194 0 0
2007122564 20:40:00 47133 0 1
2007122565 20:50:00 31530 0 0
2007122566 21:00:00 59206 0 0
2007122567 21:10:00 52536 1 0
2007122568 21:20:00 43124 0 0
2007122569 21:30:00 03893 0 0
2007122570 21:40:00 02830 0 0
2007122571 21:50:00 12208 1 0
2007122572 22:00:00 47685 0 0
