2008060401 10:10:00 70274 0 0
2008060402 10:20:00 68511 0 1
2008060403 10:30:00 52561 1 0
2008060404 10:40:00 73141 0 1
2008060405 10:50:00 05203 0 0
2008060406 11:00:00 20548 0 0
2008060407 11:10:00 32836 0 0
2008060408 11:20:00 64919 0 1
2008060409 11:30:00 35945 0 0
2008060410 11:40:00 61200 0 1
2008060411 11:50:00 11667 1 1
2008060412 12:00:00 96461 0 0
2008060413 12:10:00 70048 1 0
2008060414 12:20:00 11666 1 1
2008060415 12:30:00 27929 0 1
2008060416 12:40:00 83194 0 0
2008060417 12:50:00 30763 0 0
2008060418 13:00:00 47366 0 1
2008060419 13:10:00 85937 0 0
2008060420 13:20:00 96438 0 0
2008060421 13:30:00 48617 0 0
2008060422 13:40:00 48881 1 1
2008060423 13:50:00 15993 0 1
2008060424 14:00:00 85428 0 0
2008060425 14:10:00 41615 0 0
2008060426 14:20:00 87158 0 0
2008060427 14:30:00 66814 1 0
2008060428 14:40:00 27635 0 0
2008060429 14:50:00 89542 0 0
2008060430 15:00:00 34331 1 1
2008060431 15:10:00 30026 1 0
2008060432 15:20:00 61601 1 0
2008060433 15:30:00 33964 1 0
2008060434 15:40:00 88986 1 0
2008060435 15:50:00 88663 1 1
2008060436 16:00:00 17503 0 0
2008060437 16:10:00 01478 0 0
2008060438 16:20:00 55381 1 0
2008060439 16:30:00 73282 0 1
2008060440 16:40:00 73178 0 0
2008060441 16:50:00 70025 1 0
2008060442 17:00:00 24156 0 0
2008060443 17:10:00 38214 0 0
2008060444 17:20:00 44458 1 0
2008060445 17:30:00 32559 0 1
2008060446 17:40:00 42422 1 1
2008060447 17:50:00 13389 1 0
2008060448 18:00:00 91422 0 1
2008060449 18:10:00 40128 0 0
2008060450 18:20:00 74229 0 1
2008060451 18:30:00 53554 1 1
2008060452 18:40:00 34064 0 0
2008060453 18:50:00 05117 0 1
2008060454 19:00:00 88740 1 0
2008060455 19:10:00 28591 0 0
2008060456 19:20:00 61544 0 1
2008060457 19:30:00 28338 0 1
2008060458 19:40:00 95283 0 0
2008060459 19:50:00 74726 1 0
2008060460 20:00:00 92848 0 1
2008060461 20:10:00 24446 1 1
2008060462 20:20:00 36107 0 0
2008060463 20:30:00 47867 0 0
2008060464 20:40:00 56507 1 0
2008060465 20:50:00 49909 1 1
2008060466 21:00:00 85009 0 1
2008060467 21:10:00 01598 0 0
2008060468 21:20:00 98069 0 0
2008060469 21:30:00 21494 0 1
2008060470 21:40:00 95894 0 0
2008060471 21:50:00 11795 1 0
2008060472 22:00:00 55794 1 0
