2008032401 10:10:00 30948 0 0
2008032402 10:20:00 53312 1 0
2008032403 10:30:00 97508 0 0
2008032404 10:40:00 21959 0 1
2008032405 10:50:00 49461 1 0
2008032406 11:00:00 76903 0 0
2008032407 11:10:00 52049 0 0
2008032408 11:20:00 17857 0 0
2008032409 11:30:00 75129 0 0
2008032410 11:40:00 33330 1 1
2008032411 11:50:00 11859 1 0
2008032412 12:00:00 59045 0 0
2008032413 12:10:00 26774 0 1
2008032414 12:20:00 74873 0 0
2008032415 12:30:00 48776 0 1
2008032416 12:40:00 91772 0 1
2008032417 12:50:00 46785 0 0
2008032418 13:00:00 31563 0 0
2008032419 13:10:00 88867 1 0
2008032420 13:20:00 50621 0 0
2008032421 13:30:00 54567 1 0
2008032422 13:40:00 70632 0 0
2008032423 13:50:00 36870 0 0
2008032424 14:00:00 85596 1 0
2008032425 14:10:00 94826 0 0
2008032426 14:20:00 07749 1 0
2008032427 14:30:00 57555 1 1
2008032428 14:40:00 25454 0 1
2008032429 14:50:00 88976 1 0
2008032430 15:00:00 61369 0 0
2008032431 15:10:00 20355 0 1
2008032432 15:20:00 74293 0 0
2008032433 15:30:00 79644 0 1
2008032434 15:40:00 54234 0 0
2008032435 15:50:00 06393 0 1
2008032436 16:00:00 38791 0 0
2008032437 16:10:00 79276 0 0
2008032438 16:20:00 13767 0 1
2008032439 16:30:00 01101 1 1
2008032440 16:40:00 99914 1 0
2008032441 16:50:00 23128 0 0
2008032442 17:00:00 71230 0 0
2008032443 17:10:00 87074 0 0
2008032444 17:20:00 94565 0 1
2008032445 17:30:00 49288 0 1
2008032446 17:40:00 85232 0 1
2008032447 17:50:00 83204 0 0
2008032448 18:00:00 88884 1 1
2008032449 18:10:00 61172 1 0
2008032450 18:20:00 91604 0 0
2008032451 18:30:00 43502 0 0
2008032452 18:40:00 13033 0 1
2008032453 18:50:00 40444 1 1
2008032454 19:00:00 24837 0 0
2008032455 19:10:00 37103 0 0
2008032456 19:20:00 62586 0 0
2008032457 19:30:00 25820 0 0
2008032458 19:40:00 60752 0 0
2008032459 19:50:00 48334 0 1
2008032460 20:00:00 30930 0 0
2008032461 20:10:00 82776 0 1
2008032462 20:20:00 39958 1 0
2008032463 20:30:00 78883 1 1
2008032464 20:40:00 05375 0 0
2008032465 20:50:00 19004 0 1
2008032466 21:00:00 91618 0 0
2008032467 21:10:00 67895 0 0
2008032468 21:20:00 97067 0 0
2008032469 21:30:00 60330 0 1
2008032470 21:40:00 23942 0 0
2008032471 21:50:00 84082 0 0
2008032472 22:00:00 15732 0 0
