2008083101 10:10:00 69541 0 0
2008083102 10:20:00 35603 0 0
2008083103 10:30:00 01995 0 1
2008083104 10:40:00 06386 0 0
2008083105 10:50:00 58320 0 0
2008083106 11:00:00 79045 0 0
2008083107 11:10:00 03376 1 0
2008083108 11:20:00 42198 0 0
2008083109 11:30:00 47984 0 0
2008083110 11:40:00 26834 0 0
2008083111 11:50:00 49344 0 1
2008083112 12:00:00 14495 1 0
2008083113 12:10:00 72886 0 1
2008083114 12:20:00 26002 0 1
2008083115 12:30:00 84913 0 0
2008083116 12:40:00 49801 0 0
2008083117 12:50:00 90779 0 1
2008083118 13:00:00 53368 1 0
2008083119 13:10:00 35985 0 0
2008083120 13:20:00 30855 0 1
2008083121 13:30:00 34015 0 0
2008083122 13:40:00 44431 1 0
2008083123 13:50:00 21418 0 0
2008083124 14:00:00 07712 1 0
2008083125 14:10:00 63216 0 0
2008083126 14:20:00 02562 0 0
2008083127 14:30:00 52578 1 0
2008083128 14:40:00 94061 0 0
2008083129 14:50:00 20166 0 1
2008083130 15:00:00 18915 0 0
2008083131 15:10:00 41087 0 0
2008083132 15:20:00 27461 0 0
2008083133 15:30:00 56748 0 0
2008083134 15:40:00 00388 1 1
2008083135 15:50:00 53411 0 1
2008083136 16:00:00 42280 1 0
2008083137 16:10:00 56015 0 0
2008083138 16:20:00 30449 0 1
2008083139 16:30:00 61862 0 0
2008083140 16:40:00 38975 0 0
2008083141 16:50:00 37845 0 0
2008083142 17:00:00 61748 0 0
2008083143 17:10:00 90592 0 0
2008083144 17:20:00 81656 0 1
2008083145 17:30:00 61392 0 0
2008083146 17:40:00 76180 0 0
2008083147 17:50:00 77624 1 0
2008083148 18:00:00 22309 1 0
2008083149 18:10:00 51940 0 0
2008083150 18:20:00 35121 0 1
2008083151 18:30:00 13874 0 0
2008083152 18:40:00 70845 0 0
2008083153 18:50:00 45945 0 0
2008083154 19:00:00 54716 0 0
2008083155 19:10:00 04399 0 1
2008083156 19:20:00 60899 0 1
2008083157 19:30:00 06849 0 0
2008083158 19:40:00 74059 0 0
2008083159 19:50:00 12181 1 1
2008083160 20:00:00 84147 0 0
2008083161 20:10:00 09240 0 0
2008083162 20:20:00 12998 0 1
2008083163 20:30:00 80910 0 0
2008083164 20:40:00 92048 0 0
2008083165 20:50:00 43224 0 1
2008083166 21:00:00 04905 0 0
2008083167 21:10:00 33537 1 0
2008083168 21:20:00 18307 0 0
2008083169 21:30:00 47590 0 0
2008083170 21:40:00 66636 1 1
2008083171 21:50:00 31736 0 0
2008083172 22:00:00 23518 0 0
