2008110201 10:10:00 43000 0 1
2008110202 10:20:00 41897 0 0
2008110203 10:30:00 52385 0 0
2008110204 10:40:00 06567 0 0
2008110205 10:50:00 10264 0 0
2008110206 11:00:00 39044 0 1
2008110207 11:10:00 94839 0 0
2008110208 11:20:00 97430 0 0
2008110209 11:30:00 90988 1 1
2008110210 11:40:00 61553 0 1
2008110211 11:50:00 78845 1 0
2008110212 12:00:00 16357 0 0
2008110213 12:10:00 91870 0 0
2008110214 12:20:00 24401 1 0
2008110215 12:30:00 73208 0 0
2008110216 12:40:00 13371 1 0
2008110217 12:50:00 67104 0 0
2008110218 13:00:00 01255 0 1
2008110219 13:10:00 05535 1 1
2008110220 13:20:00 35587 1 0
2008110221 13:30:00 35778 0 1
2008110222 13:40:00 83187 0 0
2008110223 13:50:00 27500 0 1
2008110224 14:00:00 69346 0 0
2008110225 14:10:00 32283 1 0
2008110226 14:20:00 67167 0 0
2008110227 14:30:00 76547 0 0
2008110228 14:40:00 04553 0 1
2008110229 14:50:00 76681 1 0
2008110230 15:00:00 66869 1 0
2008110231 15:10:00 51364 0 0
2008110232 15:20:00 54127 0 0
2008110233 15:30:00 37861 0 0
2008110234 15:40:00 22305 1 0
2008110235 15:50:00 37679 0 0
2008110236 16:00:00 77277 1 1
2008110237 16:10:00 03951 0 0
2008110238 16:20:00 43408 1 0
2008110239 16:30:00 70966 0 1
2008110240 16:40:00 18980 0 0
2008110241 16:50:00 22122 1 1
2008110242 17:00:00 84433 1 1
2008110243 17:10:00 55867 1 0
2008110244 17:20:00 48742 0 0
2008110245 17:30:00 44924 1 0
2008110246 17:40:00 31163 1 0
2008110247 17:50:00 88088 1 1
2008110248 18:00:00 57994 0 1
2008110249 18:10:00 59328 0 0
2008110250 18:20:00 10154 1 0
2008110251 18:30:00 67107 0 0
2008110252 18:40:00 97047 0 0
2008110253 18:50:00 87934 0 0
2008110254 19:00:00 09479 0 0
2008110255 19:10:00 99449 1 1
2008110256 19:20:00 93024 0 0
2008110257 19:30:00 66657 1 0
2008110258 19:40:00 31403 0 0
2008110259 19:50:00 89094 0 0
2008110260 20:00:00 46599 0 1
2008110261 20:10:00 09350 0 0
2008110262 20:20:00 50678 0 0
2008110263 20:30:00 87265 0 0
2008110264 20:40:00 54732 0 0
2008110265 20:50:00 90406 0 0
2008110266 21:00:00 23309 1 0
2008110267 21:10:00 85639 0 0
2008110268 21:20:00 21966 0 1
2008110269 21:30:00 51144 1 1
2008110270 21:40:00 71141 1 1
2008110271 21:50:00 20492 0 0
2008110272 22:00:00 36606 1 1
