2008112101 10:10:00 86357 0 0
2008112102 10:20:00 00224 1 1
2008112103 10:30:00 14161 1 1
2008112104 10:40:00 79214 0 0
2008112105 10:50:00 06199 0 1
2008112106 11:00:00 79703 1 0
2008112107 11:10:00 88790 1 0
2008112108 11:20:00 43780 0 0
2008112109 11:30:00 14079 0 0
2008112110 11:40:00 70855 0 1
2008112111 11:50:00 42123 0 0
2008112112 12:00:00 72525 0 1
2008112113 12:10:00 94244 0 1
2008112114 12:20:00 36397 1 0
2008112115 12:30:00 55170 1 0
2008112116 12:40:00 32511 0 1
2008112117 12:50:00 80756 0 0
2008112118 13:00:00 50468 0 0
2008112119 13:10:00 05224 0 1
2008112120 13:20:00 28027 0 0
2008112121 13:30:00 09651 0 0
2008112122 13:40:00 24709 0 0
2008112123 13:50:00 24311 0 1
2008112124 14:00:00 32974 0 0
2008112125 14:10:00 53440 0 1
2008112126 14:20:00 92961 1 0
2008112127 14:30:00 25311 0 1
2008112128 14:40:00 90286 0 0
2008112129 14:50:00 82416 0 0
2008112130 15:00:00 88299 1 1
2008112131 15:10:00 42446 1 1
2008112132 15:20:00 50443 0 1
2008112133 15:30:00 72565 0 1
2008112134 15:40:00 78402 0 0
2008112135 15:50:00 45748 0 0
2008112136 16:00:00 68884 1 1
2008112137 16:10:00 03100 0 1
2008112138 16:20:00 05187 0 0
2008112139 16:30:00 01525 0 1
2008112140 16:40:00 57861 0 0
2008112141 16:50:00 71122 1 1
2008112142 17:00:00 73788 1 1
2008112143 17:10:00 29783 0 0
2008112144 17:20:00 82186 0 0
2008112145 17:30:00 48862 1 0
2008112146 17:40:00 91894 0 0
2008112147 17:50:00 71891 0 0
2008112148 18:00:00 68735 0 0
2008112149 18:10:00 15169 1 0
2008112150 18:20:00 11715 1 0
2008112151 18:30:00 74499 1 1
2008112152 18:40:00 86186 0 0
2008112153 18:50:00 19044 0 1
2008112154 19:00:00 14960 0 0
2008112155 19:10:00 42198 0 0
2008112156 19:20:00 68308 0 0
2008112157 19:30:00 08528 0 0
2008112158 19:40:00 03609 0 0
2008112159 19:50:00 19381 0 0
2008112160 20:00:00 33211 1 1
2008112161 20:10:00 92335 0 1
2008112162 20:20:00 16649 1 0
2008112163 20:30:00 01151 1 1
2008112164 20:40:00 54329 0 0
2008112165 20:50:00 24943 0 0
2008112166 21:00:00 82267 1 0
2008112167 21:10:00 26062 0 0
2008112168 21:20:00 76005 0 1
2008112169 21:30:00 12578 0 0
2008112170 21:40:00 67792 1 0
2008112171 21:50:00 46318 0 0
2008112172 22:00:00 08484 0 1
