2008113001 10:10:00 58864 1 0
2008113002 10:20:00 08248 0 0
2008113003 10:30:00 99199 1 1
2008113004 10:40:00 79770 1 1
2008113005 10:50:00 98216 0 0
2008113006 11:00:00 21305 0 0
2008113007 11:10:00 87006 0 1
2008113008 11:20:00 72705 1 0
2008113009 11:30:00 56368 0 0
2008113010 11:40:00 99225 1 1
2008113011 11:50:00 82858 1 1
2008113012 12:00:00 35881 0 1
2008113013 12:10:00 16461 0 0
2008113014 12:20:00 27316 0 0
2008113015 12:30:00 52575 1 1
2008113016 12:40:00 35099 0 1
2008113017 12:50:00 05745 0 0
2008113018 13:00:00 58533 1 1
2008113019 13:10:00 44606 1 1
2008113020 13:20:00 36612 1 0
2008113021 13:30:00 96123 0 0
2008113022 13:40:00 88718 1 0
2008113023 13:50:00 08946 0 0
2008113024 14:00:00 14064 0 0
2008113025 14:10:00 45779 0 1
2008113026 14:20:00 80351 0 0
2008113027 14:30:00 30743 0 0
2008113028 14:40:00 20681 0 0
2008113029 14:50:00 40475 1 0
2008113030 15:00:00 88114 1 1
2008113031 15:10:00 87267 0 0
2008113032 15:20:00 07760 1 0
2008113033 15:30:00 58562 1 0
2008113034 15:40:00 77489 1 0
2008113035 15:50:00 88405 1 0
2008113036 16:00:00 05008 1 1
2008113037 16:10:00 90381 0 0
2008113038 16:20:00 82470 0 0
2008113039 16:30:00 51970 0 0
2008113040 16:40:00 90903 1 0
2008113041 16:50:00 93822 0 1
2008113042 17:00:00 79907 1 0
2008113043 17:10:00 98552 0 1
2008113044 17:20:00 13991 0 1
2008113045 17:30:00 01049 1 0
2008113046 17:40:00 41828 0 1
2008113047 17:50:00 59682 0 0
2008113048 18:00:00 28625 0 0
2008113049 18:10:00 50801 0 0
2008113050 18:20:00 10661 0 1
2008113051 18:30:00 68519 0 0
2008113052 18:40:00 83081 0 0
2008113053 18:50:00 80210 0 0
2008113054 19:00:00 16276 0 0
2008113055 19:10:00 14534 0 0
2008113056 19:20:00 06137 0 0
2008113057 19:30:00 94957 1 0
2008113058 19:40:00 91152 1 0
2008113059 19:50:00 78655 0 1
2008113060 20:00:00 17359 0 0
2008113061 20:10:00 92507 0 0
2008113062 20:20:00 58131 0 1
2008113063 20:30:00 68047 0 0
2008113064 20:40:00 67130 0 0
2008113065 20:50:00 33534 1 0
2008113066 21:00:00 93791 0 0
2008113067 21:10:00 84469 1 0
2008113068 21:20:00 93113 0 1
2008113069 21:30:00 26510 0 0
2008113070 21:40:00 86163 0 0
2008113071 21:50:00 06632 1 0
2008113072 22:00:00 97730 1 0
