2008010801 10:10:00 71959 0 1
2008010802 10:20:00 26328 0 0
2008010803 10:30:00 70220 0 1
2008010804 10:40:00 62755 0 1
2008010805 10:50:00 41860 0 0
2008010806 11:00:00 58172 0 0
2008010807 11:10:00 74601 0 0
2008010808 11:20:00 37508 0 0
2008010809 11:30:00 31006 0 1
2008010810 11:40:00 54729 0 0
2008010811 11:50:00 46228 0 1
2008010812 12:00:00 59756 0 0
2008010813 12:10:00 85470 0 0
2008010814 12:20:00 14765 0 0
2008010815 12:30:00 82621 0 0
2008010816 12:40:00 69922 1 1
2008010817 12:50:00 76809 0 0
2008010818 13:00:00 26141 0 1
2008010819 13:10:00 94031 0 0
2008010820 13:20:00 34599 0 1
2008010821 13:30:00 85634 0 0
2008010822 13:40:00 70955 0 1
2008010823 13:50:00 62692 1 0
2008010824 14:00:00 16934 0 0
2008010825 14:10:00 57459 0 0
2008010826 14:20:00 82377 0 1
2008010827 14:30:00 05661 0 1
2008010828 14:40:00 08379 0 0
2008010829 14:50:00 69917 1 0
2008010830 15:00:00 42665 0 1
2008010831 15:10:00 73488 0 1
2008010832 15:20:00 40184 0 0
2008010833 15:30:00 70051 1 0
2008010834 15:40:00 90941 1 0
2008010835 15:50:00 02994 0 1
2008010836 16:00:00 58427 0 0
2008010837 16:10:00 94634 0 0
2008010838 16:20:00 40723 0 0
2008010839 16:30:00 28754 0 0
2008010840 16:40:00 91318 0 0
2008010841 16:50:00 58518 1 0
2008010842 17:00:00 56823 0 0
2008010843 17:10:00 05132 0 0
2008010844 17:20:00 06749 0 0
2008010845 17:30:00 88425 1 0
2008010846 17:40:00 79823 0 0
2008010847 17:50:00 83556 0 1
2008010848 18:00:00 63254 0 0
2008010849 18:10:00 08712 0 0
2008010850 18:20:00 76086 0 0
2008010851 18:30:00 06529 0 0
2008010852 18:40:00 24202 1 1
2008010853 18:50:00 19942 1 0
2008010854 19:00:00 32542 0 0
2008010855 19:10:00 49540 0 0
2008010856 19:20:00 79879 0 0
2008010857 19:30:00 27713 1 0
2008010858 19:40:00 35542 1 0
2008010859 19:50:00 59815 0 0
2008010860 20:00:00 82740 0 0
2008010861 20:10:00 14033 0 1
2008010862 20:20:00 05620 0 0
2008010863 20:30:00 36010 0 1
2008010864 20:40:00 79901 1 0
2008010865 20:50:00 57327 0 0
2008010866 21:00:00 39979 1 1
2008010867 21:10:00 49509 0 0
2008010868 21:20:00 85430 0 0
2008010869 21:30:00 33810 1 0
2008010870 21:40:00 17642 0 0
2008010871 21:50:00 04036 1 0
2008010872 22:00:00 14548 0 0
