2008071501 10:10:00 26323 0 1
2008071502 10:20:00 96178 0 0
2008071503 10:30:00 55918 1 0
2008071504 10:40:00 47650 0 0
2008071505 10:50:00 37629 0 0
2008071506 11:00:00 31481 0 0
2008071507 11:10:00 97144 0 1
2008071508 11:20:00 88888 1 1
2008071509 11:30:00 32035 0 0
2008071510 11:40:00 10470 0 0
2008071511 11:50:00 15630 0 0
2008071512 12:00:00 00091 1 0
2008071513 12:10:00 58065 0 0
2008071514 12:20:00 19592 0 0
2008071515 12:30:00 18432 0 0
2008071516 12:40:00 67065 0 0
2008071517 12:50:00 93592 0 0
2008071518 13:00:00 81827 1 0
2008071519 13:10:00 55037 1 0
2008071520 13:20:00 18537 0 0
2008071521 13:30:00 34231 0 0
2008071522 13:40:00 71935 0 0
2008071523 13:50:00 61962 0 0
2008071524 14:00:00 24456 1 0
2008071525 14:10:00 11364 1 0
2008071526 14:20:00 65394 0 0
2008071527 14:30:00 50912 0 0
2008071528 14:40:00 39519 0 0
2008071529 14:50:00 17390 0 0
2008071530 15:00:00 24096 0 0
2008071531 15:10:00 22894 1 0
2008071532 15:20:00 16856 0 0
2008071533 15:30:00 96527 0 0
2008071534 15:40:00 89920 1 0
2008071535 15:50:00 34843 0 0
2008071536 16:00:00 77044 1 1
2008071537 16:10:00 34946 0 0
2008071538 16:20:00 61392 0 0
2008071539 16:30:00 91056 0 0
2008071540 16:40:00 59041 0 0
2008071541 16:50:00 10802 0 0
2008071542 17:00:00 47726 1 0
2008071543 17:10:00 95805 0 0
2008071544 17:20:00 51908 0 0
2008071545 17:30:00 91730 0 0
2008071546 17:40:00 05072 1 0
2008071547 17:50:00 35921 0 0
2008071548 18:00:00 53429 0 0
2008071549 18:10:00 44533 1 1
2008071550 18:20:00 98349 0 0
2008071551 18:30:00 81698 0 0
2008071552 18:40:00 32497 0 0
2008071553 18:50:00 34165 0 0
2008071554 19:00:00 65334 0 1
2008071555 19:10:00 87106 0 0
2008071556 19:20:00 05538 1 0
2008071557 19:30:00 62237 1 0
2008071558 19:40:00 66607 1 0
2008071559 19:50:00 10223 0 1
2008071560 20:00:00 58738 0 0
2008071561 20:10:00 13105 1 0
2008071562 20:20:00 29979 1 1
2008071563 20:30:00 22129 1 0
2008071564 20:40:00 13580 0 0
2008071565 20:50:00 82729 0 0
2008071566 21:00:00 70430 0 0
2008071567 21:10:00 33863 1 0
2008071568 21:20:00 47950 0 0
2008071569 21:30:00 46961 0 0
2008071570 21:40:00 64405 1 0
2008071571 21:50:00 38280 0 0
2008071572 22:00:00 88189 1 0
