2008072701 10:10:00 34886 0 1
2008072702 10:20:00 56293 0 0
2008072703 10:30:00 56446 0 1
2008072704 10:40:00 86549 0 0
2008072705 10:50:00 06825 0 0
2008072706 11:00:00 90813 0 0
2008072707 11:10:00 23084 0 0
2008072708 11:20:00 14738 0 0
2008072709 11:30:00 25410 0 0
2008072710 11:40:00 05328 0 0
2008072711 11:50:00 91064 0 0
2008072712 12:00:00 54102 0 0
2008072713 12:10:00 76090 0 1
2008072714 12:20:00 85188 0 1
2008072715 12:30:00 12813 0 0
2008072716 12:40:00 84512 0 0
2008072717 12:50:00 90771 0 1
2008072718 13:00:00 38711 0 1
2008072719 13:10:00 40793 0 0
2008072720 13:20:00 89362 0 0
2008072721 13:30:00 17730 1 0
2008072722 13:40:00 44113 1 1
2008072723 13:50:00 66135 1 0
2008072724 14:00:00 51272 0 1
2008072725 14:10:00 64073 0 0
2008072726 14:20:00 83214 0 0
2008072727 14:30:00 13492 0 0
2008072728 14:40:00 29539 0 0
2008072729 14:50:00 66537 1 0
2008072730 15:00:00 96534 0 0
2008072731 15:10:00 50227 0 1
2008072732 15:20:00 62769 0 0
2008072733 15:30:00 20528 0 0
2008072734 15:40:00 83325 1 0
2008072735 15:50:00 94757 0 1
2008072736 16:00:00 22930 1 0
2008072737 16:10:00 54485 1 0
2008072738 16:20:00 09682 0 0
2008072739 16:30:00 94464 1 1
2008072740 16:40:00 46619 1 0
2008072741 16:50:00 02349 0 0
2008072742 17:00:00 94498 1 0
2008072743 17:10:00 18301 0 0
2008072744 17:20:00 74605 0 0
2008072745 17:30:00 64449 1 1
2008072746 17:40:00 40303 0 1
2008072747 17:50:00 13283 0 0
2008072748 18:00:00 50646 0 1
2008072749 18:10:00 37574 0 0
2008072750 18:20:00 22327 1 0
2008072751 18:30:00 15828 0 1
2008072752 18:40:00 95835 0 0
2008072753 18:50:00 00895 1 0
2008072754 19:00:00 61905 0 0
2008072755 19:10:00 98735 0 0
2008072756 19:20:00 28189 0 0
2008072757 19:30:00 33562 1 0
2008072758 19:40:00 08566 0 1
2008072759 19:50:00 35449 0 1
2008072760 20:00:00 17863 0 0
2008072761 20:10:00 41808 0 1
2008072762 20:20:00 44220 1 1
2008072763 20:30:00 79604 0 0
2008072764 20:40:00 08841 1 0
2008072765 20:50:00 28187 0 0
2008072766 21:00:00 80857 1 0
2008072767 21:10:00 75427 0 0
2008072768 21:20:00 58321 0 0
2008072769 21:30:00 32134 0 0
2008072770 21:40:00 16955 0 1
2008072771 21:50:00 61713 0 0
2008072772 22:00:00 03936 0 0
