2008031101 10:10:00 79164 0 0
2008031102 10:20:00 96749 0 0
2008031103 10:30:00 79909 1 1
2008031104 10:40:00 53151 0 1
2008031105 10:50:00 83076 0 0
2008031106 11:00:00 67010 0 1
2008031107 11:10:00 64900 0 1
2008031108 11:20:00 86918 0 0
2008031109 11:30:00 27140 0 0
2008031110 11:40:00 32079 0 0
2008031111 11:50:00 20466 0 1
2008031112 12:00:00 37583 0 0
2008031113 12:10:00 56044 0 1
2008031114 12:20:00 71648 0 0
2008031115 12:30:00 40967 0 0
2008031116 12:40:00 13458 0 0
2008031117 12:50:00 48083 0 0
2008031118 13:00:00 33446 1 1
2008031119 13:10:00 61652 1 0
2008031120 13:20:00 90057 1 0
2008031121 13:30:00 67971 0 0
2008031122 13:40:00 94112 0 1
2008031123 13:50:00 92339 0 1
2008031124 14:00:00 19571 0 0
2008031125 14:10:00 42259 1 0
2008031126 14:20:00 79540 0 0
2008031127 14:30:00 52791 0 0
2008031128 14:40:00 79288 0 1
2008031129 14:50:00 00472 1 0
2008031130 15:00:00 71408 0 0
2008031131 15:10:00 28870 1 0
2008031132 15:20:00 09412 0 0
2008031133 15:30:00 71407 0 0
2008031134 15:40:00 03901 0 0
2008031135 15:50:00 49027 0 0
2008031136 16:00:00 19527 0 0
2008031137 16:10:00 25584 1 0
2008031138 16:20:00 16514 0 0
2008031139 16:30:00 93660 0 1
2008031140 16:40:00 81334 0 1
2008031141 16:50:00 97003 0 1
2008031142 17:00:00 15625 0 0
2008031143 17:10:00 08585 0 1
2008031144 17:20:00 67247 0 0
2008031145 17:30:00 59897 0 0
2008031146 17:40:00 11940 1 0
2008031147 17:50:00 46427 1 0
2008031148 18:00:00 30655 0 1
2008031149 18:10:00 92877 0 1
2008031150 18:20:00 91828 0 1
2008031151 18:30:00 11691 1 0
2008031152 18:40:00 38851 1 0
2008031153 18:50:00 71872 0 0
2008031154 19:00:00 21230 1 0
2008031155 19:10:00 48523 0 0
2008031156 19:20:00 95528 1 0
2008031157 19:30:00 94869 0 0
2008031158 19:40:00 52606 0 1
2008031159 19:50:00 96908 1 0
2008031160 20:00:00 45387 0 0
2008031161 20:10:00 02869 0 0
2008031162 20:20:00 71495 0 0
2008031163 20:30:00 93117 0 1
2008031164 20:40:00 12153 1 0
2008031165 20:50:00 08927 0 0
2008031166 21:00:00 78748 1 0
2008031167 21:10:00 82396 0 0
2008031168 21:20:00 76834 0 0
2008031169 21:30:00 71927 0 0
2008031170 21:40:00 27937 0 0
2008031171 21:50:00 10412 0 0
2008031172 22:00:00 29434 0 1
