2008091801 10:10:00 03633 0 1
2008091802 10:20:00 54997 0 1
2008091803 10:30:00 74179 0 0
2008091804 10:40:00 34740 0 0
2008091805 10:50:00 35514 1 0
2008091806 11:00:00 72494 0 1
2008091807 11:10:00 08739 0 0
2008091808 11:20:00 65781 0 0
2008091809 11:30:00 11134 1 0
2008091810 11:40:00 67879 0 0
2008091811 11:50:00 36847 0 0
2008091812 12:00:00 12583 0 0
2008091813 12:10:00 50361 0 0
2008091814 12:20:00 66486 1 0
2008091815 12:30:00 95037 0 0
2008091816 12:40:00 77241 1 0
2008091817 12:50:00 92516 0 0
2008091818 13:00:00 28821 1 0
2008091819 13:10:00 67251 0 0
2008091820 13:20:00 65622 1 1
2008091821 13:30:00 33768 1 0
2008091822 13:40:00 99593 1 0
2008091823 13:50:00 33089 1 0
2008091824 14:00:00 11138 1 0
2008091825 14:10:00 96567 0 0
2008091826 14:20:00 83727 0 1
2008091827 14:30:00 25416 0 0
2008091828 14:40:00 17364 0 0
2008091829 14:50:00 78037 0 0
2008091830 15:00:00 47362 0 0
2008091831 15:10:00 48041 0 0
2008091832 15:20:00 20242 1 1
2008091833 15:30:00 30183 0 0
2008091834 15:40:00 96002 0 1
2008091835 15:50:00 36374 1 0
2008091836 16:00:00 17005 0 1
2008091837 16:10:00 11610 1 0
2008091838 16:20:00 48144 0 1
2008091839 16:30:00 36128 0 0
2008091840 16:40:00 49647 0 0
2008091841 16:50:00 52371 0 0
2008091842 17:00:00 44303 1 1
2008091843 17:10:00 28222 1 1
2008091844 17:20:00 70711 1 1
2008091845 17:30:00 31683 0 0
2008091846 17:40:00 43044 0 1
2008091847 17:50:00 35814 0 0
2008091848 18:00:00 76917 0 0
2008091849 18:10:00 88869 1 0
2008091850 18:20:00 32919 0 1
2008091851 18:30:00 47290 0 0
2008091852 18:40:00 04218 0 0
2008091853 18:50:00 97226 0 1
2008091854 19:00:00 06021 1 0
2008091855 19:10:00 82651 0 0
2008091856 19:20:00 62318 0 0
2008091857 19:30:00 74908 0 0
2008091858 19:40:00 10484 0 1
2008091859 19:50:00 37148 0 0
2008091860 20:00:00 16013 0 0
2008091861 20:10:00 29879 0 0
2008091862 20:20:00 25432 0 0
2008091863 20:30:00 08263 0 0
2008091864 20:40:00 10220 0 1
2008091865 20:50:00 86791 0 0
2008091866 21:00:00 96951 1 0
2008091867 21:10:00 25339 0 1
2008091868 21:20:00 45838 0 1
2008091869 21:30:00 50605 0 0
2008091870 21:40:00 47488 1 1
2008091871 21:50:00 20773 0 1
2008091872 22:00:00 71152 1 0
