2008121101 10:10:00 51125 1 0
2008121102 10:20:00 44189 1 0
2008121103 10:30:00 50983 0 0
2008121104 10:40:00 99742 1 0
2008121105 10:50:00 19035 0 0
2008121106 11:00:00 93036 0 0
2008121107 11:10:00 57914 0 0
2008121108 11:20:00 78642 0 0
2008121109 11:30:00 08640 0 0
2008121110 11:40:00 54264 0 0
2008121111 11:50:00 35413 0 0
2008121112 12:00:00 43817 0 0
2008121113 12:10:00 84580 0 0
2008121114 12:20:00 82333 0 1
2008121115 12:30:00 84938 0 0
2008121116 12:40:00 66204 1 0
2008121117 12:50:00 10688 0 1
2008121118 13:00:00 45766 0 1
2008121119 13:10:00 55380 1 0
2008121120 13:20:00 42518 0 0
2008121121 13:30:00 92000 0 1
2008121122 13:40:00 43349 1 0
2008121123 13:50:00 94746 0 0
2008121124 14:00:00 26334 0 1
2008121125 14:10:00 14076 0 0
2008121126 14:20:00 89996 1 1
2008121127 14:30:00 98664 0 1
2008121128 14:40:00 28338 0 1
2008121129 14:50:00 23238 1 0
2008121130 15:00:00 00651 1 0
2008121131 15:10:00 92526 0 0
2008121132 15:20:00 60357 0 0
2008121133 15:30:00 65449 0 1
2008121134 15:40:00 67883 0 1
2008121135 15:50:00 02453 0 0
2008121136 16:00:00 86300 0 1
2008121137 16:10:00 52525 1 1
2008121138 16:20:00 19692 0 0
2008121139 16:30:00 06398 0 0
2008121140 16:40:00 06998 0 1
2008121141 16:50:00 91517 0 0
2008121142 17:00:00 71291 0 0
2008121143 17:10:00 67899 0 1
2008121144 17:20:00 37250 0 0
2008121145 17:30:00 91839 0 0
2008121146 17:40:00 91391 0 0
2008121147 17:50:00 23677 0 1
2008121148 18:00:00 15847 0 0
2008121149 18:10:00 64281 0 0
2008121150 18:20:00 63398 1 0
2008121151 18:30:00 25907 0 0
2008121152 18:40:00 65634 1 0
2008121153 18:50:00 21422 0 1
2008121154 19:00:00 17443 0 1
2008121155 19:10:00 35028 0 0
2008121156 19:20:00 49077 0 1
2008121157 19:30:00 99782 1 0
2008121158 19:40:00 55301 1 0
2008121159 19:50:00 58787 0 1
2008121160 20:00:00 63722 0 1
2008121161 20:10:00 86025 0 0
2008121162 20:20:00 18115 1 1
2008121163 20:30:00 82742 0 0
2008121164 20:40:00 47293 0 0
2008121165 20:50:00 47453 1 0
2008121166 21:00:00 78882 1 1
2008121167 21:10:00 64343 0 1
2008121168 21:20:00 11137 1 0
2008121169 21:30:00 68907 0 0
2008121170 21:40:00 84633 0 1
2008121171 21:50:00 85777 0 1
2008121172 22:00:00 78190 0 0
