2008052101 10:10:00 41586 0 0
2008052102 10:20:00 82032 0 0
2008052103 10:30:00 56487 0 0
2008052104 10:40:00 33780 1 0
2008052105 10:50:00 69804 0 0
2008052106 11:00:00 84320 0 0
2008052107 11:10:00 08578 0 0
2008052108 11:20:00 21939 0 1
2008052109 11:30:00 14292 0 1
2008052110 11:40:00 89404 0 1
2008052111 11:50:00 92911 1 1
2008052112 12:00:00 68362 0 0
2008052113 12:10:00 30158 0 0
2008052114 12:20:00 43983 0 0
2008052115 12:30:00 45350 0 0
2008052116 12:40:00 37642 0 0
2008052117 12:50:00 85965 0 0
2008052118 13:00:00 63657 1 0
2008052119 13:10:00 93418 0 0
2008052120 13:20:00 95335 0 1
2008052121 13:30:00 18879 1 0
2008052122 13:40:00 45215 0 0
2008052123 13:50:00 71588 0 1
2008052124 14:00:00 73051 0 0
2008052125 14:10:00 45286 0 0
2008052126 14:20:00 97969 1 1
2008052127 14:30:00 76014 0 0
2008052128 14:40:00 48026 0 0
2008052129 14:50:00 56321 0 0
2008052130 15:00:00 40652 0 0
2008052131 15:10:00 34899 0 1
2008052132 15:20:00 13662 0 1
2008052133 15:30:00 89944 1 1
2008052134 15:40:00 98785 0 0
2008052135 15:50:00 20837 0 0
2008052136 16:00:00 76456 0 0
2008052137 16:10:00 53662 0 1
2008052138 16:20:00 32450 0 0
2008052139 16:30:00 13879 0 0
2008052140 16:40:00 90346 0 0
2008052141 16:50:00 49611 0 1
2008052142 17:00:00 94682 0 0
2008052143 17:10:00 70049 1 0
2008052144 17:20:00 19005 0 1
2008052145 17:30:00 72330 0 1
2008052146 17:40:00 62588 0 1
2008052147 17:50:00 34253 0 0
2008052148 18:00:00 01427 0 0
2008052149 18:10:00 70107 0 0
2008052150 18:20:00 95572 1 0
2008052151 18:30:00 95079 0 0
2008052152 18:40:00 42132 0 0
2008052153 18:50:00 29721 0 0
2008052154 19:00:00 50738 0 0
2008052155 19:10:00 81898 1 1
2008052156 19:20:00 93492 0 0
2008052157 19:30:00 28475 0 0
2008052158 19:40:00 36269 0 0
2008052159 19:50:00 47119 0 1
2008052160 20:00:00 20101 0 1
2008052161 20:10:00 67059 0 0
2008052162 20:20:00 99409 1 0
2008052163 20:30:00 54885 0 1
2008052164 20:40:00 69430 0 0
2008052165 20:50:00 73930 0 0
2008052166 21:00:00 88039 1 0
2008052167 21:10:00 03674 0 0
2008052168 21:20:00 10523 0 0
2008052169 21:30:00 49547 0 0
2008052170 21:40:00 57850 0 0
2008052171 21:50:00 51937 0 0
2008052172 22:00:00 38949 0 1
