2008073101 10:10:00 78790 1 0
2008073102 10:20:00 19292 0 1
2008073103 10:30:00 80134 0 0
2008073104 10:40:00 34994 0 1
2008073105 10:50:00 93893 0 0
2008073106 11:00:00 90210 0 0
2008073107 11:10:00 52354 0 0
2008073108 11:20:00 75365 0 0
2008073109 11:30:00 99876 1 0
2008073110 11:40:00 74325 0 0
2008073111 11:50:00 39075 0 0
2008073112 12:00:00 39783 0 0
2008073113 12:10:00 38705 0 0
2008073114 12:20:00 71105 1 0
2008073115 12:30:00 23311 1 1
2008073116 12:40:00 32378 1 0
2008073117 12:50:00 09607 0 0
2008073118 13:00:00 73992 0 1
2008073119 13:10:00 22904 1 0
2008073120 13:20:00 50158 0 0
2008073121 13:30:00 50676 0 1
2008073122 13:40:00 53101 0 1
2008073123 13:50:00 54000 0 1
2008073124 14:00:00 64969 0 1
2008073125 14:10:00 48221 0 1
2008073126 14:20:00 89827 1 0
2008073127 14:30:00 34780 0 0
2008073128 14:40:00 91103 1 0
2008073129 14:50:00 73217 0 0
2008073130 15:00:00 01617 0 0
2008073131 15:10:00 53554 1 1
2008073132 15:20:00 01905 0 0
2008073133 15:30:00 04078 1 0
2008073134 15:40:00 65417 0 0
2008073135 15:50:00 63061 0 0
2008073136 16:00:00 85947 0 0
2008073137 16:10:00 64558 0 1
2008073138 16:20:00 91301 0 0
2008073139 16:30:00 49156 0 0
2008073140 16:40:00 07431 0 0
2008073141 16:50:00 44524 1 0
2008073142 17:00:00 50929 0 1
2008073143 17:10:00 33101 1 1
2008073144 17:20:00 29213 1 0
2008073145 17:30:00 89701 0 0
2008073146 17:40:00 09370 0 0
2008073147 17:50:00 42960 0 0
2008073148 18:00:00 04170 0 0
2008073149 18:10:00 64800 0 1
2008073150 18:20:00 03602 0 0
2008073151 18:30:00 54961 0 0
2008073152 18:40:00 93144 0 1
2008073153 18:50:00 48361 0 0
2008073154 19:00:00 95612 0 0
2008073155 19:10:00 26576 0 0
2008073156 19:20:00 65701 0 0
2008073157 19:30:00 13973 0 0
2008073158 19:40:00 46440 1 1
2008073159 19:50:00 43222 0 1
2008073160 20:00:00 04140 0 0
2008073161 20:10:00 95638 0 0
2008073162 20:20:00 24603 0 0
2008073163 20:30:00 06986 0 0
2008073164 20:40:00 12396 0 0
2008073165 20:50:00 28221 1 1
2008073166 21:00:00 95888 0 1
2008073167 21:10:00 83799 0 1
2008073168 21:20:00 67853 0 0
2008073169 21:30:00 24187 0 0
2008073170 21:40:00 79750 1 0
2008073171 21:50:00 41553 0 1
2008073172 22:00:00 27339 0 1
