2008010901 10:10:00 55866 1 1
2008010902 10:20:00 59035 0 0
2008010903 10:30:00 95778 0 1
2008010904 10:40:00 33180 1 0
2008010905 10:50:00 19339 0 1
2008010906 11:00:00 47054 0 0
2008010907 11:10:00 14408 1 0
2008010908 11:20:00 86016 0 0
2008010909 11:30:00 07036 1 0
2008010910 11:40:00 41388 0 1
2008010911 11:50:00 63490 0 0
2008010912 12:00:00 35335 1 1
2008010913 12:10:00 55649 1 0
2008010914 12:20:00 73186 0 0
2008010915 12:30:00 59351 0 0
2008010916 12:40:00 32538 0 0
2008010917 12:50:00 73735 1 0
2008010918 13:00:00 79703 1 0
2008010919 13:10:00 74455 1 1
2008010920 13:20:00 92510 0 0
2008010921 13:30:00 92701 0 0
2008010922 13:40:00 95805 0 0
2008010923 13:50:00 61995 0 1
2008010924 14:00:00 43155 0 1
2008010925 14:10:00 36244 0 1
2008010926 14:20:00 96609 1 0
2008010927 14:30:00 69472 0 0
2008010928 14:40:00 85836 1 0
2008010929 14:50:00 49951 1 0
2008010930 15:00:00 42177 0 1
2008010931 15:10:00 35092 0 0
2008010932 15:20:00 48814 1 0
2008010933 15:30:00 26107 0 0
2008010934 15:40:00 39998 1 1
2008010935 15:50:00 80268 0 0
2008010936 16:00:00 10033 1 1
2008010937 16:10:00 56118 0 1
2008010938 16:20:00 38698 0 0
2008010939 16:30:00 17883 0 1
2008010940 16:40:00 96146 0 0
2008010941 16:50:00 41934 0 0
2008010942 17:00:00 90354 0 0
2008010943 17:10:00 98471 0 0
2008010944 17:20:00 11745 1 0
2008010945 17:30:00 25152 0 0
2008010946 17:40:00 35576 1 0
2008010947 17:50:00 66435 1 0
2008010948 18:00:00 74892 0 0
2008010949 18:10:00 34825 0 0
2008010950 18:20:00 53505 1 1
2008010951 18:30:00 71478 0 0
2008010952 18:40:00 04700 0 1
2008010953 18:50:00 17998 0 1
2008010954 19:00:00 11777 1 1
2008010955 19:10:00 65470 0 0
2008010956 19:20:00 33941 1 0
2008010957 19:30:00 21271 1 0
2008010958 19:40:00 35614 0 0
2008010959 19:50:00 87693 0 0
2008010960 20:00:00 25712 0 0
2008010961 20:10:00 72053 0 0
2008010962 20:20:00 19325 0 0
2008010963 20:30:00 20377 0 1
2008010964 20:40:00 36716 0 0
2008010965 20:50:00 36778 0 1
2008010966 21:00:00 45104 0 0
2008010967 21:10:00 70930 0 0
2008010968 21:20:00 72843 0 0
2008010969 21:30:00 68576 0 0
2008010970 21:40:00 26022 0 1
2008010971 21:50:00 21641 0 0
2008010972 22:00:00 81904 0 0
