2008031201 10:10:00 51486 0 0
2008031202 10:20:00 25441 0 1
2008031203 10:30:00 38794 0 0
2008031204 10:40:00 11542 1 0
2008031205 10:50:00 51050 0 1
2008031206 11:00:00 62683 1 0
2008031207 11:10:00 94008 0 1
2008031208 11:20:00 73185 0 0
2008031209 11:30:00 03209 0 0
2008031210 11:40:00 67446 0 1
2008031211 11:50:00 36928 0 0
2008031212 12:00:00 65592 1 0
2008031213 12:10:00 82404 0 1
2008031214 12:20:00 26791 0 0
2008031215 12:30:00 28508 0 0
2008031216 12:40:00 10429 0 0
2008031217 12:50:00 82212 1 1
2008031218 13:00:00 05518 1 0
2008031219 13:10:00 30349 1 0
2008031220 13:20:00 79195 0 0
2008031221 13:30:00 67733 1 1
2008031222 13:40:00 17197 1 0
2008031223 13:50:00 47676 0 1
2008031224 14:00:00 52534 1 0
2008031225 14:10:00 44374 1 0
2008031226 14:20:00 22361 1 0
2008031227 14:30:00 23751 0 0
2008031228 14:40:00 50643 0 0
2008031229 14:50:00 94846 0 0
2008031230 15:00:00 25628 0 0
2008031231 15:10:00 96296 0 0
2008031232 15:20:00 94108 0 0
2008031233 15:30:00 03587 0 0
2008031234 15:40:00 35212 0 1
2008031235 15:50:00 26859 0 0
2008031236 16:00:00 94751 0 0
2008031237 16:10:00 54996 0 1
2008031238 16:20:00 31427 0 0
2008031239 16:30:00 44158 1 0
2008031240 16:40:00 45639 0 0
2008031241 16:50:00 55990 1 1
2008031242 17:00:00 67701 1 0
2008031243 17:10:00 15865 0 0
2008031244 17:20:00 58589 1 0
2008031245 17:30:00 42974 0 0
2008031246 17:40:00 99863 1 0
2008031247 17:50:00 59991 1 1
2008031248 18:00:00 23033 0 1
2008031249 18:10:00 26792 0 0
2008031250 18:20:00 15947 0 0
2008031251 18:30:00 77295 1 0
2008031252 18:40:00 73581 0 0
2008031253 18:50:00 52111 0 1
2008031254 19:00:00 52148 0 0
2008031255 19:10:00 42849 0 0
2008031256 19:20:00 55588 1 1
2008031257 19:30:00 96084 0 0
2008031258 19:40:00 58416 0 0
2008031259 19:50:00 62385 0 0
2008031260 20:00:00 31318 1 0
2008031261 20:10:00 17290 0 0
2008031262 20:20:00 86693 1 0
2008031263 20:30:00 42604 0 0
2008031264 20:40:00 53343 1 1
2008031265 20:50:00 59614 0 0
2008031266 21:00:00 83445 0 1
2008031267 21:10:00 52922 0 1
2008031268 21:20:00 77957 1 0
2008031269 21:30:00 90638 0 0
2008031270 21:40:00 13700 0 1
2008031271 21:50:00 71112 1 1
2008031272 22:00:00 21246 1 0
