2008090201 10:10:00 44902 1 0
2008090202 10:20:00 98095 0 0
2008090203 10:30:00 51986 0 0
2008090204 10:40:00 45820 0 0
2008090205 10:50:00 25649 0 0
2008090206 11:00:00 87050 0 1
2008090207 11:10:00 65362 0 0
2008090208 11:20:00 28467 0 0
2008090209 11:30:00 34130 0 0
2008090210 11:40:00 12500 0 1
2008090211 11:50:00 89071 0 0
2008090212 12:00:00 56122 0 1
2008090213 12:10:00 43605 0 0
2008090214 12:20:00 16818 0 1
2008090215 12:30:00 90771 0 1
2008090216 12:40:00 33576 1 0
2008090217 12:50:00 54385 0 0
2008090218 13:00:00 11676 1 1
2008090219 13:10:00 49870 0 0
2008090220 13:20:00 22822 1 1
2008090221 13:30:00 68595 0 1
2008090222 13:40:00 49863 0 0
2008090223 13:50:00 79696 0 1
2008090224 14:00:00 86885 1 1
2008090225 14:10:00 28726 0 0
2008090226 14:20:00 80785 0 0
2008090227 14:30:00 66744 1 1
2008090228 14:40:00 78024 0 0
2008090229 14:50:00 99157 1 0
2008090230 15:00:00 15777 0 1
2008090231 15:10:00 46495 1 0
2008090232 15:20:00 04931 0 0
2008090233 15:30:00 72380 0 0
2008090234 15:40:00 11628 1 0
2008090235 15:50:00 14130 1 0
2008090236 16:00:00 86273 0 0
2008090237 16:10:00 59770 0 1
2008090238 16:20:00 59241 0 0
2008090239 16:30:00 06613 1 0
2008090240 16:40:00 22621 1 0
2008090241 16:50:00 14863 0 0
2008090242 17:00:00 75333 0 1
2008090243 17:10:00 03060 1 1
2008090244 17:20:00 74248 0 0
2008090245 17:30:00 07696 0 1
2008090246 17:40:00 91762 0 0
2008090247 17:50:00 56919 0 1
2008090248 18:00:00 28903 0 0
2008090249 18:10:00 84027 0 0
2008090250 18:20:00 46879 0 0
2008090251 18:30:00 04657 0 0
2008090252 18:40:00 01143 1 0
2008090253 18:50:00 95916 1 0
2008090254 19:00:00 51148 1 0
2008090255 19:10:00 30732 0 0
2008090256 19:20:00 60826 0 0
2008090257 19:30:00 44474 1 1
2008090258 19:40:00 91963 1 0
2008090259 19:50:00 17748 1 0
2008090260 20:00:00 03296 0 0
2008090261 20:10:00 14120 1 0
2008090262 20:20:00 61465 0 0
2008090263 20:30:00 27689 0 0
2008090264 20:40:00 85545 1 1
2008090265 20:50:00 44874 1 0
2008090266 21:00:00 52979 0 1
2008090267 21:10:00 82519 0 0
2008090268 21:20:00 75144 0 1
2008090269 21:30:00 03245 0 0
2008090270 21:40:00 38303 1 1
2008090271 21:50:00 58430 0 0
2008090272 22:00:00 04966 0 1
