2008111101 10:10:00 89561 0 0
2008111102 10:20:00 53639 0 0
2008111103 10:30:00 03816 0 0
2008111104 10:40:00 60640 1 0
2008111105 10:50:00 94958 1 0
2008111106 11:00:00 41703 0 0
2008111107 11:10:00 19590 0 0
2008111108 11:20:00 57058 0 0
2008111109 11:30:00 04153 0 0
2008111110 11:40:00 27263 1 0
2008111111 11:50:00 47125 0 0
2008111112 12:00:00 58022 0 1
2008111113 12:10:00 60304 0 0
2008111114 12:20:00 53843 0 0
2008111115 12:30:00 86891 1 0
2008111116 12:40:00 65152 0 0
2008111117 12:50:00 15166 1 1
2008111118 13:00:00 23765 0 0
2008111119 13:10:00 76030 0 1
2008111120 13:20:00 41669 0 1
2008111121 13:30:00 46795 0 0
2008111122 13:40:00 91353 0 1
2008111123 13:50:00 91702 0 0
2008111124 14:00:00 54110 0 1
2008111125 14:10:00 02561 0 0
2008111126 14:20:00 25161 0 1
2008111127 14:30:00 05918 0 0
2008111128 14:40:00 16380 0 0
2008111129 14:50:00 57807 0 0
2008111130 15:00:00 64844 0 1
2008111131 15:10:00 60501 0 0
2008111132 15:20:00 45588 1 1
2008111133 15:30:00 98203 0 0
2008111134 15:40:00 60358 0 0
2008111135 15:50:00 77050 1 1
2008111136 16:00:00 56464 0 1
2008111137 16:10:00 90640 0 0
2008111138 16:20:00 55726 1 0
2008111139 16:30:00 22852 1 0
2008111140 16:40:00 94481 1 0
2008111141 16:50:00 87680 0 0
2008111142 17:00:00 19019 0 0
2008111143 17:10:00 54899 0 1
2008111144 17:20:00 41840 0 0
2008111145 17:30:00 45998 0 1
2008111146 17:40:00 69077 0 1
2008111147 17:50:00 93721 0 0
2008111148 18:00:00 35245 0 0
2008111149 18:10:00 52663 0 1
2008111150 18:20:00 93079 0 0
2008111151 18:30:00 99463 1 0
2008111152 18:40:00 99772 1 1
2008111153 18:50:00 45229 0 1
2008111154 19:00:00 43576 0 0
2008111155 19:10:00 24718 0 0
2008111156 19:20:00 51047 0 0
2008111157 19:30:00 65845 0 0
2008111158 19:40:00 65667 1 1
2008111159 19:50:00 37130 0 0
2008111160 20:00:00 30754 0 0
2008111161 20:10:00 19371 0 0
2008111162 20:20:00 70179 0 0
2008111163 20:30:00 16231 0 0
2008111164 20:40:00 76842 0 0
2008111165 20:50:00 08565 0 1
2008111166 21:00:00 90071 1 0
2008111167 21:10:00 86238 0 0
2008111168 21:20:00 18715 0 0
2008111169 21:30:00 55706 1 0
2008111170 21:40:00 85371 0 0
2008111171 21:50:00 49361 0 0
2008111172 22:00:00 70401 0 0
