2008071601 10:10:00 89792 0 0
2008071602 10:20:00 25455 0 1
2008071603 10:30:00 50256 0 0
2008071604 10:40:00 00510 1 0
2008071605 10:50:00 79070 0 1
2008071606 11:00:00 36969 0 1
2008071607 11:10:00 60734 0 0
2008071608 11:20:00 71734 1 0
2008071609 11:30:00 79286 0 0
2008071610 11:40:00 42385 0 0
2008071611 11:50:00 58830 1 0
2008071612 12:00:00 45025 0 0
2008071613 12:10:00 97358 0 0
2008071614 12:20:00 89280 0 0
2008071615 12:30:00 22524 1 0
2008071616 12:40:00 78377 0 1
2008071617 12:50:00 75104 0 0
2008071618 13:00:00 49579 0 0
2008071619 13:10:00 11002 1 1
2008071620 13:20:00 17968 0 0
2008071621 13:30:00 98688 0 1
2008071622 13:40:00 91566 0 1
2008071623 13:50:00 23938 0 0
2008071624 14:00:00 65482 0 0
2008071625 14:10:00 64188 0 1
2008071626 14:20:00 75101 0 1
2008071627 14:30:00 41538 0 0
2008071628 14:40:00 11264 1 0
2008071629 14:50:00 57810 0 0
2008071630 15:00:00 79729 1 0
2008071631 15:10:00 77981 1 0
2008071632 15:20:00 03800 0 1
2008071633 15:30:00 13524 0 0
2008071634 15:40:00 86571 0 0
2008071635 15:50:00 77678 1 0
2008071636 16:00:00 04611 0 1
2008071637 16:10:00 96095 0 0
2008071638 16:20:00 47496 1 0
2008071639 16:30:00 12339 0 1
2008071640 16:40:00 78020 0 1
2008071641 16:50:00 53141 0 1
2008071642 17:00:00 00653 1 0
2008071643 17:10:00 33770 1 1
2008071644 17:20:00 24268 1 0
2008071645 17:30:00 30027 1 0
2008071646 17:40:00 57555 1 1
2008071647 17:50:00 80820 1 0
2008071648 18:00:00 82553 0 1
2008071649 18:10:00 44550 1 1
2008071650 18:20:00 23289 1 0
2008071651 18:30:00 23575 0 1
2008071652 18:40:00 23230 1 0
2008071653 18:50:00 71214 0 0
2008071654 19:00:00 39439 0 0
2008071655 19:10:00 62289 1 0
2008071656 19:20:00 40379 0 0
2008071657 19:30:00 36026 0 0
2008071658 19:40:00 85903 0 0
2008071659 19:50:00 45823 0 0
2008071660 20:00:00 47777 1 1
2008071661 20:10:00 72499 0 1
2008071662 20:20:00 14564 0 0
2008071663 20:30:00 65279 0 0
2008071664 20:40:00 61421 0 0
2008071665 20:50:00 73613 0 0
2008071666 21:00:00 34501 0 0
2008071667 21:10:00 32540 0 0
2008071668 21:20:00 14672 0 0
2008071669 21:30:00 17532 0 0
2008071670 21:40:00 28321 0 0
2008071671 21:50:00 64168 0 0
2008071672 22:00:00 06222 0 1
