2008011501 10:10:00 29339 0 1
2008011502 10:20:00 78358 0 0
2008011503 10:30:00 12922 0 1
2008011504 10:40:00 43065 0 0
2008011505 10:50:00 15837 0 0
2008011506 11:00:00 41877 0 1
2008011507 11:10:00 81714 0 0
2008011508 11:20:00 02831 0 0
2008011509 11:30:00 91475 0 0
2008011510 11:40:00 64984 0 0
2008011511 11:50:00 25248 1 0
2008011512 12:00:00 64354 0 0
2008011513 12:10:00 78480 0 0
2008011514 12:20:00 43292 0 1
2008011515 12:30:00 05161 0 1
2008011516 12:40:00 42050 0 1
2008011517 12:50:00 53198 0 0
2008011518 13:00:00 55137 1 0
2008011519 13:10:00 69669 1 1
2008011520 13:20:00 08885 1 1
2008011521 13:30:00 33727 1 1
2008011522 13:40:00 47517 0 0
2008011523 13:50:00 87145 0 0
2008011524 14:00:00 78598 0 0
2008011525 14:10:00 91091 0 0
2008011526 14:20:00 84450 1 0
2008011527 14:30:00 37447 0 1
2008011528 14:40:00 19745 0 0
2008011529 14:50:00 35100 0 1
2008011530 15:00:00 41420 1 0
2008011531 15:10:00 44348 1 0
2008011532 15:20:00 72055 0 1
2008011533 15:30:00 16371 0 0
2008011534 15:40:00 57171 0 1
2008011535 15:50:00 72506 0 0
2008011536 16:00:00 13848 0 1
2008011537 16:10:00 58913 0 0
2008011538 16:20:00 06481 0 0
2008011539 16:30:00 18916 0 0
2008011540 16:40:00 89124 0 0
2008011541 16:50:00 04858 0 1
2008011542 17:00:00 72363 0 1
2008011543 17:10:00 11773 1 1
2008011544 17:20:00 54671 0 0
2008011545 17:30:00 92466 0 1
2008011546 17:40:00 97745 1 0
2008011547 17:50:00 74368 0 0
2008011548 18:00:00 93759 0 0
2008011549 18:10:00 22455 1 1
2008011550 18:20:00 28480 0 0
2008011551 18:30:00 11119 1 1
2008011552 18:40:00 02011 1 1
2008011553 18:50:00 71817 0 0
2008011554 19:00:00 92898 0 1
2008011555 19:10:00 50702 0 0
2008011556 19:20:00 26755 0 1
2008011557 19:30:00 53719 0 0
2008011558 19:40:00 36495 0 0
2008011559 19:50:00 10529 0 0
2008011560 20:00:00 06899 0 1
2008011561 20:10:00 21038 0 0
2008011562 20:20:00 96238 0 0
2008011563 20:30:00 10059 1 0
2008011564 20:40:00 22007 1 1
2008011565 20:50:00 10755 0 1
2008011566 21:00:00 34777 0 1
2008011567 21:10:00 84943 0 0
2008011568 21:20:00 37436 0 0
2008011569 21:30:00 61081 0 0
2008011570 21:40:00 05217 0 0
2008011571 21:50:00 89111 0 1
2008011572 22:00:00 97477 0 1
