2008092701 10:10:00 13820 0 0
2008092702 10:20:00 97708 1 0
2008092703 10:30:00 52720 0 0
2008092704 10:40:00 53685 0 0
2008092705 10:50:00 46828 0 1
2008092706 11:00:00 05563 1 0
2008092707 11:10:00 69824 0 0
2008092708 11:20:00 12289 1 0
2008092709 11:30:00 41170 1 0
2008092710 11:40:00 18762 0 0
2008092711 11:50:00 59371 0 0
2008092712 12:00:00 00047 1 0
2008092713 12:10:00 10705 0 0
2008092714 12:20:00 58924 0 0
2008092715 12:30:00 52352 0 0
2008092716 12:40:00 48099 0 1
2008092717 12:50:00 22916 1 0
2008092718 13:00:00 29455 0 1
2008092719 13:10:00 39318 1 0
2008092720 13:20:00 00055 1 1
2008092721 13:30:00 30099 1 1
2008092722 13:40:00 40141 0 1
2008092723 13:50:00 89709 0 0
2008092724 14:00:00 46754 0 0
2008092725 14:10:00 73863 0 0
2008092726 14:20:00 40253 0 0
2008092727 14:30:00 39738 0 0
2008092728 14:40:00 99908 1 0
2008092729 14:50:00 87299 0 1
2008092730 15:00:00 36371 1 0
2008092731 15:10:00 40743 0 0
2008092732 15:20:00 19349 0 0
2008092733 15:30:00 55761 1 0
2008092734 15:40:00 02869 0 0
2008092735 15:50:00 77435 1 0
2008092736 16:00:00 92762 0 0
2008092737 16:10:00 02748 0 0
2008092738 16:20:00 54326 0 0
2008092739 16:30:00 27209 1 0
2008092740 16:40:00 70099 1 1
2008092741 16:50:00 98233 0 1
2008092742 17:00:00 76728 1 0
2008092743 17:10:00 71791 1 0
2008092744 17:20:00 36974 0 0
2008092745 17:30:00 32959 0 1
2008092746 17:40:00 99292 1 1
2008092747 17:50:00 83606 0 1
2008092748 18:00:00 83317 1 0
2008092749 18:10:00 17216 0 0
2008092750 18:20:00 01372 0 0
2008092751 18:30:00 45620 0 0
2008092752 18:40:00 92234 1 0
2008092753 18:50:00 56519 1 0
2008092754 19:00:00 96630 1 0
2008092755 19:10:00 84061 0 0
2008092756 19:20:00 70409 0 0
2008092757 19:30:00 60485 0 0
2008092758 19:40:00 64536 0 0
2008092759 19:50:00 64153 0 0
2008092760 20:00:00 94127 0 0
2008092761 20:10:00 20904 0 0
2008092762 20:20:00 12007 0 1
2008092763 20:30:00 95195 0 0
2008092764 20:40:00 94565 0 1
2008092765 20:50:00 13362 1 0
2008092766 21:00:00 24693 0 0
2008092767 21:10:00 66066 1 1
2008092768 21:20:00 15094 0 0
2008092769 21:30:00 46137 0 0
2008092770 21:40:00 19142 1 0
2008092771 21:50:00 71864 0 0
2008092772 22:00:00 91838 0 1
