2008102201 10:10:00 67488 0 1
2008102202 10:20:00 83378 1 0
2008102203 10:30:00 38399 1 1
2008102204 10:40:00 67707 1 1
2008102205 10:50:00 61292 0 1
2008102206 11:00:00 66760 1 0
2008102207 11:10:00 56546 1 0
2008102208 11:20:00 09702 0 0
2008102209 11:30:00 01375 0 0
2008102210 11:40:00 44099 1 1
2008102211 11:50:00 55000 1 1
2008102212 12:00:00 54862 0 0
2008102213 12:10:00 99917 1 0
2008102214 12:20:00 11693 1 0
2008102215 12:30:00 45700 0 1
2008102216 12:40:00 40288 0 1
2008102217 12:50:00 29138 0 0
2008102218 13:00:00 74327 0 0
2008102219 13:10:00 25570 1 0
2008102220 13:20:00 80205 0 0
2008102221 13:30:00 01978 0 0
2008102222 13:40:00 13922 0 1
2008102223 13:50:00 99248 1 0
2008102224 14:00:00 20131 0 1
2008102225 14:10:00 52647 0 0
2008102226 14:20:00 47083 0 0
2008102227 14:30:00 32061 0 0
2008102228 14:40:00 35680 0 0
2008102229 14:50:00 74978 0 0
2008102230 15:00:00 03183 0 0
2008102231 15:10:00 10226 0 1
2008102232 15:20:00 79910 1 0
2008102233 15:30:00 52759 0 0
2008102234 15:40:00 10604 0 0
2008102235 15:50:00 33092 1 0
2008102236 16:00:00 43595 0 1
2008102237 16:10:00 56360 0 0
2008102238 16:20:00 52190 0 0
2008102239 16:30:00 26027 0 0
2008102240 16:40:00 01817 0 0
2008102241 16:50:00 63653 1 0
2008102242 17:00:00 16799 0 1
2008102243 17:10:00 12432 0 0
2008102244 17:20:00 68038 0 0
2008102245 17:30:00 74375 0 0
2008102246 17:40:00 67780 1 0
2008102247 17:50:00 24037 0 0
2008102248 18:00:00 31527 0 0
2008102249 18:10:00 63543 0 0
2008102250 18:20:00 68324 0 0
2008102251 18:30:00 19815 0 0
2008102252 18:40:00 96271 0 0
2008102253 18:50:00 15188 1 1
2008102254 19:00:00 13176 1 0
2008102255 19:10:00 78947 0 0
2008102256 19:20:00 19480 0 0
2008102257 19:30:00 80067 1 0
2008102258 19:40:00 25027 0 0
2008102259 19:50:00 84316 0 0
2008102260 20:00:00 97219 0 0
2008102261 20:10:00 52786 0 0
2008102262 20:20:00 35221 0 1
2008102263 20:30:00 07608 0 0
2008102264 20:40:00 08619 0 0
2008102265 20:50:00 42128 0 0
2008102266 21:00:00 66108 1 0
2008102267 21:10:00 66512 1 0
2008102268 21:20:00 07242 0 1
2008102269 21:30:00 60025 1 0
2008102270 21:40:00 88435 1 0
2008102271 21:50:00 72343 0 1
2008102272 22:00:00 53965 0 0
