2008052301 10:10:00 67978 0 0
2008052302 10:20:00 94780 0 0
2008052303 10:30:00 14924 0 0
2008052304 10:40:00 36901 0 0
2008052305 10:50:00 65941 0 0
2008052306 11:00:00 46936 0 0
2008052307 11:10:00 49007 0 1
2008052308 11:20:00 10338 0 1
2008052309 11:30:00 23682 0 0
2008052310 11:40:00 13307 1 0
2008052311 11:50:00 43721 0 0
2008052312 12:00:00 11132 1 0
2008052313 12:10:00 11337 1 1
2008052314 12:20:00 76638 1 0
2008052315 12:30:00 05698 0 0
2008052316 12:40:00 01524 0 0
2008052317 12:50:00 41961 0 0
2008052318 13:00:00 91527 0 0
2008052319 13:10:00 54480 1 0
2008052320 13:20:00 75527 1 0
2008052321 13:30:00 03075 1 0
2008052322 13:40:00 75940 0 0
2008052323 13:50:00 35260 0 0
2008052324 14:00:00 76989 0 1
2008052325 14:10:00 20088 1 1
2008052326 14:20:00 45253 0 0
2008052327 14:30:00 45078 0 0
2008052328 14:40:00 85297 0 0
2008052329 14:50:00 17701 1 0
2008052330 15:00:00 32002 0 1
2008052331 15:10:00 70485 0 0
2008052332 15:20:00 49271 0 0
2008052333 15:30:00 01110 1 1
2008052334 15:40:00 58553 1 1
2008052335 15:50:00 38385 1 0
2008052336 16:00:00 34576 0 0
2008052337 16:10:00 44605 1 0
2008052338 16:20:00 91354 0 0
2008052339 16:30:00 83513 0 0
2008052340 16:40:00 33921 1 0
2008052341 16:50:00 68678 1 0
2008052342 17:00:00 53719 0 0
2008052343 17:10:00 85723 0 0
2008052344 17:20:00 95640 0 0
2008052345 17:30:00 31252 0 1
2008052346 17:40:00 59745 0 0
2008052347 17:50:00 49885 0 1
2008052348 18:00:00 23019 0 0
2008052349 18:10:00 68760 0 0
2008052350 18:20:00 57159 0 0
2008052351 18:30:00 80790 0 0
2008052352 18:40:00 17397 0 0
2008052353 18:50:00 64717 0 1
2008052354 19:00:00 65577 1 1
2008052355 19:10:00 25198 0 0
2008052356 19:20:00 67900 0 1
2008052357 19:30:00 40216 0 0
2008052358 19:40:00 32978 0 0
2008052359 19:50:00 88334 1 1
2008052360 20:00:00 53459 0 0
2008052361 20:10:00 85967 0 0
2008052362 20:20:00 47580 0 0
2008052363 20:30:00 53438 0 0
2008052364 20:40:00 85020 0 1
2008052365 20:50:00 18501 0 0
2008052366 21:00:00 31273 0 0
2008052367 21:10:00 80159 0 0
2008052368 21:20:00 72336 0 1
2008052369 21:30:00 03793 0 0
2008052370 21:40:00 46339 0 1
2008052371 21:50:00 19665 0 1
2008052372 22:00:00 93274 0 0
