2008041301 10:10:00 05436 0 0
2008041302 10:20:00 33873 1 0
2008041303 10:30:00 46818 0 1
2008041304 10:40:00 84805 1 0
2008041305 10:50:00 54064 0 0
2008041306 11:00:00 94219 0 0
2008041307 11:10:00 75536 1 0
2008041308 11:20:00 86168 0 0
2008041309 11:30:00 17408 0 0
2008041310 11:40:00 22731 1 0
2008041311 11:50:00 14102 1 0
2008041312 12:00:00 12180 1 0
2008041313 12:10:00 84783 0 0
2008041314 12:20:00 20228 1 1
2008041315 12:30:00 56373 0 1
2008041316 12:40:00 41369 0 0
2008041317 12:50:00 46813 0 0
2008041318 13:00:00 28169 0 0
2008041319 13:10:00 38131 0 1
2008041320 13:20:00 91463 0 0
2008041321 13:30:00 20778 0 1
2008041322 13:40:00 65672 1 0
2008041323 13:50:00 43952 0 0
2008041324 14:00:00 15468 0 0
2008041325 14:10:00 84541 0 0
2008041326 14:20:00 36352 1 0
2008041327 14:30:00 81507 0 0
2008041328 14:40:00 11950 1 0
2008041329 14:50:00 15550 1 1
2008041330 15:00:00 61726 0 0
2008041331 15:10:00 95734 0 0
2008041332 15:20:00 91645 0 0
2008041333 15:30:00 88374 1 0
2008041334 15:40:00 18562 0 0
2008041335 15:50:00 97355 0 1
2008041336 16:00:00 53919 0 1
2008041337 16:10:00 46639 1 0
2008041338 16:20:00 10392 0 0
2008041339 16:30:00 61256 0 0
2008041340 16:40:00 62146 0 0
2008041341 16:50:00 74531 0 0
2008041342 17:00:00 25681 0 0
2008041343 17:10:00 53079 0 0
2008041344 17:20:00 29427 0 0
2008041345 17:30:00 04802 0 0
2008041346 17:40:00 71956 0 0
2008041347 17:50:00 93391 1 0
2008041348 18:00:00 63302 1 0
2008041349 18:10:00 75755 1 1
2008041350 18:20:00 78424 0 1
2008041351 18:30:00 37940 0 0
2008041352 18:40:00 18117 1 1
2008041353 18:50:00 00717 1 1
2008041354 19:00:00 89218 0 0
2008041355 19:10:00 85003 0 1
2008041356 19:20:00 85193 0 0
2008041357 19:30:00 21450 0 0
2008041358 19:40:00 54569 1 0
2008041359 19:50:00 49156 0 0
2008041360 20:00:00 50858 0 1
2008041361 20:10:00 88043 1 0
2008041362 20:20:00 68258 0 0
2008041363 20:30:00 40963 0 0
2008041364 20:40:00 63625 1 0
2008041365 20:50:00 84190 0 0
2008041366 21:00:00 17755 1 1
2008041367 21:10:00 89059 0 0
2008041368 21:20:00 53846 0 0
2008041369 21:30:00 89810 1 0
2008041370 21:40:00 63970 0 0
2008041371 21:50:00 03775 0 1
2008041372 22:00:00 25448 0 1
