2008030701 10:10:00 44138 1 0
2008030702 10:20:00 54607 0 0
2008030703 10:30:00 08643 0 0
2008030704 10:40:00 59972 1 0
2008030705 10:50:00 50732 0 0
2008030706 11:00:00 20217 1 0
2008030707 11:10:00 50126 0 0
2008030708 11:20:00 30082 1 0
2008030709 11:30:00 41375 0 0
2008030710 11:40:00 93973 1 0
2008030711 11:50:00 54685 0 0
2008030712 12:00:00 26488 0 1
2008030713 12:10:00 17012 0 0
2008030714 12:20:00 22449 1 1
2008030715 12:30:00 30145 0 0
2008030716 12:40:00 83929 0 1
2008030717 12:50:00 71917 0 0
2008030718 13:00:00 55615 1 0
2008030719 13:10:00 93702 0 0
2008030720 13:20:00 71457 0 0
2008030721 13:30:00 58120 0 0
2008030722 13:40:00 00203 1 0
2008030723 13:50:00 02208 1 0
2008030724 14:00:00 61570 0 0
2008030725 14:10:00 17713 1 0
2008030726 14:20:00 93030 0 1
2008030727 14:30:00 00993 1 1
2008030728 14:40:00 75060 0 1
2008030729 14:50:00 69556 0 1
2008030730 15:00:00 23587 0 0
2008030731 15:10:00 45336 0 1
2008030732 15:20:00 37109 0 0
2008030733 15:30:00 51337 0 1
2008030734 15:40:00 09029 1 0
2008030735 15:50:00 53690 0 0
2008030736 16:00:00 98795 0 0
2008030737 16:10:00 68595 0 1
2008030738 16:20:00 88723 1 0
2008030739 16:30:00 45659 0 0
2008030740 16:40:00 39098 0 0
2008030741 16:50:00 17952 0 0
2008030742 17:00:00 71822 0 1
2008030743 17:10:00 34218 0 0
2008030744 17:20:00 38886 1 1
2008030745 17:30:00 72092 0 0
2008030746 17:40:00 51707 0 1
2008030747 17:50:00 36176 0 0
2008030748 18:00:00 69045 0 0
2008030749 18:10:00 26967 0 0
2008030750 18:20:00 31604 0 0
2008030751 18:30:00 92065 0 0
2008030752 18:40:00 66568 1 0
2008030753 18:50:00 95494 0 1
2008030754 19:00:00 46756 0 0
2008030755 19:10:00 82996 0 1
2008030756 19:20:00 29906 1 0
2008030757 19:30:00 04872 0 0
2008030758 19:40:00 30019 1 0
2008030759 19:50:00 91415 0 0
2008030760 20:00:00 88722 1 1
2008030761 20:10:00 22470 1 0
2008030762 20:20:00 11507 1 0
2008030763 20:30:00 80440 0 1
2008030764 20:40:00 50757 0 1
2008030765 20:50:00 84300 0 1
2008030766 21:00:00 55332 1 1
2008030767 21:10:00 50723 0 0
2008030768 21:20:00 69771 0 1
2008030769 21:30:00 35541 1 0
2008030770 21:40:00 80911 0 1
2008030771 21:50:00 28472 0 0
2008030772 22:00:00 94495 1 0
