2008070701 10:10:00 02194 0 0
2008070702 10:20:00 69790 0 0
2008070703 10:30:00 26027 0 0
2008070704 10:40:00 85411 0 1
2008070705 10:50:00 02966 0 1
2008070706 11:00:00 86972 0 0
2008070707 11:10:00 32458 0 0
2008070708 11:20:00 86395 0 0
2008070709 11:30:00 48321 0 0
2008070710 11:40:00 74062 0 0
2008070711 11:50:00 18952 0 0
2008070712 12:00:00 15821 0 0
2008070713 12:10:00 10246 0 0
2008070714 12:20:00 16611 1 1
2008070715 12:30:00 24116 0 1
2008070716 12:40:00 17917 0 0
2008070717 12:50:00 28343 0 1
2008070718 13:00:00 12515 0 1
2008070719 13:10:00 30569 0 0
2008070720 13:20:00 15770 0 1
2008070721 13:30:00 74071 0 0
2008070722 13:40:00 13739 0 0
2008070723 13:50:00 94097 0 0
2008070724 14:00:00 53525 1 1
2008070725 14:10:00 18362 0 0
2008070726 14:20:00 21773 0 1
2008070727 14:30:00 25915 0 0
2008070728 14:40:00 23183 0 0
2008070729 14:50:00 35815 0 0
2008070730 15:00:00 17625 0 0
2008070731 15:10:00 28642 0 0
2008070732 15:20:00 60357 0 0
2008070733 15:30:00 42835 0 0
2008070734 15:40:00 19048 0 0
2008070735 15:50:00 35650 0 0
2008070736 16:00:00 22929 1 1
2008070737 16:10:00 70644 0 1
2008070738 16:20:00 76323 0 1
2008070739 16:30:00 59131 0 1
2008070740 16:40:00 56495 0 0
2008070741 16:50:00 12935 0 0
2008070742 17:00:00 91815 0 0
2008070743 17:10:00 50918 0 0
2008070744 17:20:00 83016 0 0
2008070745 17:30:00 06727 0 1
2008070746 17:40:00 18446 0 1
2008070747 17:50:00 81824 1 0
2008070748 18:00:00 18772 0 1
2008070749 18:10:00 78137 0 0
2008070750 18:20:00 72193 0 0
2008070751 18:30:00 89822 1 1
2008070752 18:40:00 76473 0 0
2008070753 18:50:00 24136 0 0
2008070754 19:00:00 46545 0 1
2008070755 19:10:00 96726 0 0
2008070756 19:20:00 46495 1 0
2008070757 19:30:00 25074 0 0
2008070758 19:40:00 85611 0 1
2008070759 19:50:00 35596 1 0
2008070760 20:00:00 38300 1 1
2008070761 20:10:00 36303 1 1
2008070762 20:20:00 00786 1 0
2008070763 20:30:00 28190 0 0
2008070764 20:40:00 33298 1 0
2008070765 20:50:00 36845 0 0
2008070766 21:00:00 72553 0 1
2008070767 21:10:00 11007 1 1
2008070768 21:20:00 02225 1 1
2008070769 21:30:00 65653 1 0
2008070770 21:40:00 03973 0 0
2008070771 21:50:00 10926 0 0
2008070772 22:00:00 63046 0 0
