2008091601 10:10:00 08180 0 0
2008091602 10:20:00 09792 0 0
2008091603 10:30:00 36097 0 0
2008091604 10:40:00 83848 1 1
2008091605 10:50:00 39376 1 0
2008091606 11:00:00 09628 0 0
2008091607 11:10:00 63059 0 0
2008091608 11:20:00 45924 0 0
2008091609 11:30:00 72624 0 0
2008091610 11:40:00 68914 0 0
2008091611 11:50:00 82925 0 0
2008091612 12:00:00 70884 0 1
2008091613 12:10:00 24260 1 0
2008091614 12:20:00 34301 1 0
2008091615 12:30:00 54775 0 1
2008091616 12:40:00 65713 0 0
2008091617 12:50:00 40982 0 0
2008091618 13:00:00 33579 1 0
2008091619 13:10:00 11834 1 0
2008091620 13:20:00 12108 1 0
2008091621 13:30:00 12274 1 0
2008091622 13:40:00 16023 0 0
2008091623 13:50:00 07548 0 0
2008091624 14:00:00 93663 0 1
2008091625 14:10:00 09617 0 0
2008091626 14:20:00 94856 0 0
2008091627 14:30:00 34476 1 0
2008091628 14:40:00 06595 0 1
2008091629 14:50:00 05733 0 1
2008091630 15:00:00 27465 0 0
2008091631 15:10:00 91336 0 1
2008091632 15:20:00 24425 1 0
2008091633 15:30:00 20551 0 1
2008091634 15:40:00 64948 0 0
2008091635 15:50:00 20552 0 1
2008091636 16:00:00 53076 0 0
2008091637 16:10:00 33429 1 0
2008091638 16:20:00 63146 0 0
2008091639 16:30:00 76774 1 1
2008091640 16:40:00 22003 1 1
2008091641 16:50:00 92127 0 0
2008091642 17:00:00 87721 1 0
2008091643 17:10:00 97224 0 1
2008091644 17:20:00 06591 0 0
2008091645 17:30:00 38662 0 1
2008091646 17:40:00 27631 0 0
2008091647 17:50:00 93648 0 0
2008091648 18:00:00 19750 0 0
2008091649 18:10:00 02661 0 1
2008091650 18:20:00 68773 0 1
2008091651 18:30:00 03289 0 0
2008091652 18:40:00 20686 0 1
2008091653 18:50:00 36941 0 0
2008091654 19:00:00 72495 0 0
2008091655 19:10:00 40234 0 0
2008091656 19:20:00 95791 0 0
2008091657 19:30:00 74133 0 1
2008091658 19:40:00 77449 1 1
2008091659 19:50:00 40171 0 1
2008091660 20:00:00 68105 0 0
2008091661 20:10:00 18968 0 0
2008091662 20:20:00 65888 0 1
2008091663 20:30:00 68912 0 0
2008091664 20:40:00 40187 0 0
2008091665 20:50:00 34782 0 0
2008091666 21:00:00 06847 0 0
2008091667 21:10:00 27278 1 0
2008091668 21:20:00 60920 0 0
2008091669 21:30:00 74778 1 1
2008091670 21:40:00 37753 1 0
2008091671 21:50:00 32921 0 0
2008091672 22:00:00 89318 0 0
