2008062901 10:10:00 60745 0 0
2008062902 10:20:00 81140 1 0
2008062903 10:30:00 57921 0 0
2008062904 10:40:00 90663 0 1
2008062905 10:50:00 14631 0 0
2008062906 11:00:00 32126 0 0
2008062907 11:10:00 06917 0 0
2008062908 11:20:00 17438 0 0
2008062909 11:30:00 01469 0 0
2008062910 11:40:00 74061 0 0
2008062911 11:50:00 92737 0 1
2008062912 12:00:00 29298 1 0
2008062913 12:10:00 86218 0 0
2008062914 12:20:00 92260 1 0
2008062915 12:30:00 04910 0 0
2008062916 12:40:00 98614 0 0
2008062917 12:50:00 79381 0 0
2008062918 13:00:00 01891 0 0
2008062919 13:10:00 56228 0 1
2008062920 13:20:00 50491 0 0
2008062921 13:30:00 89605 0 0
2008062922 13:40:00 76219 0 0
2008062923 13:50:00 74171 0 1
2008062924 14:00:00 07329 0 0
2008062925 14:10:00 00587 1 0
2008062926 14:20:00 67670 1 0
2008062927 14:30:00 51115 1 1
2008062928 14:40:00 15283 0 0
2008062929 14:50:00 78862 1 0
2008062930 15:00:00 36087 0 0
2008062931 15:10:00 25311 0 1
2008062932 15:20:00 37489 0 0
2008062933 15:30:00 13361 1 0
2008062934 15:40:00 28006 0 1
2008062935 15:50:00 52398 0 0
2008062936 16:00:00 94605 0 0
2008062937 16:10:00 83036 0 0
2008062938 16:20:00 85750 0 0
2008062939 16:30:00 10617 0 0
2008062940 16:40:00 39611 0 1
2008062941 16:50:00 11195 1 0
2008062942 17:00:00 97005 0 1
2008062943 17:10:00 26584 0 0
2008062944 17:20:00 30572 0 0
2008062945 17:30:00 22730 1 0
2008062946 17:40:00 75218 0 0
2008062947 17:50:00 70407 0 0
2008062948 18:00:00 38621 0 0
2008062949 18:10:00 44845 1 0
2008062950 18:20:00 83292 0 1
2008062951 18:30:00 31912 0 0
2008062952 18:40:00 57466 0 1
2008062953 18:50:00 90183 0 0
2008062954 19:00:00 67838 0 1
2008062955 19:10:00 65114 0 1
2008062956 19:20:00 48470 1 0
2008062957 19:30:00 64689 1 0
2008062958 19:40:00 23836 0 0
2008062959 19:50:00 56059 0 0
2008062960 20:00:00 55725 1 0
2008062961 20:10:00 71021 0 0
2008062962 20:20:00 90281 0 0
2008062963 20:30:00 33387 1 0
2008062964 20:40:00 96535 0 1
2008062965 20:50:00 78594 0 0
2008062966 21:00:00 84529 0 0
2008062967 21:10:00 19343 0 1
2008062968 21:20:00 19356 0 0
2008062969 21:30:00 20441 0 1
2008062970 21:40:00 75263 0 0
2008062971 21:50:00 31807 0 0
2008062972 22:00:00 94418 1 0
