2008041401 10:10:00 06806 0 0
2008041402 10:20:00 01182 1 0
2008041403 10:30:00 82574 0 0
2008041404 10:40:00 60337 0 1
2008041405 10:50:00 17804 0 0
2008041406 11:00:00 55479 1 0
2008041407 11:10:00 10117 1 1
2008041408 11:20:00 94619 0 0
2008041409 11:30:00 88128 1 0
2008041410 11:40:00 85659 0 0
2008041411 11:50:00 79740 1 0
2008041412 12:00:00 99789 1 0
2008041413 12:10:00 96933 1 1
2008041414 12:20:00 05809 0 0
2008041415 12:30:00 23836 0 0
2008041416 12:40:00 82537 0 0
2008041417 12:50:00 97693 0 0
2008041418 13:00:00 72724 1 0
2008041419 13:10:00 18092 0 0
2008041420 13:20:00 73229 0 1
2008041421 13:30:00 47456 1 0
2008041422 13:40:00 32258 1 0
2008041423 13:50:00 75934 0 0
2008041424 14:00:00 54277 0 1
2008041425 14:10:00 33082 1 0
2008041426 14:20:00 51826 0 0
2008041427 14:30:00 64230 0 0
2008041428 14:40:00 27950 0 0
2008041429 14:50:00 32528 0 0
2008041430 15:00:00 91272 0 1
2008041431 15:10:00 82926 0 0
2008041432 15:20:00 55770 1 1
2008041433 15:30:00 23709 0 0
2008041434 15:40:00 17017 0 0
2008041435 15:50:00 06265 0 0
2008041436 16:00:00 41405 1 0
2008041437 16:10:00 56848 0 1
2008041438 16:20:00 86190 0 0
2008041439 16:30:00 36082 0 0
2008041440 16:40:00 15674 0 0
2008041441 16:50:00 31109 1 0
2008041442 17:00:00 94331 0 1
2008041443 17:10:00 25047 0 0
2008041444 17:20:00 96970 1 0
2008041445 17:30:00 56783 0 0
2008041446 17:40:00 72154 0 0
2008041447 17:50:00 23799 0 1
2008041448 18:00:00 01016 1 0
2008041449 18:10:00 60888 0 1
2008041450 18:20:00 06095 1 0
2008041451 18:30:00 05048 1 0
2008041452 18:40:00 79688 0 1
2008041453 18:50:00 62005 0 1
2008041454 19:00:00 34479 1 0
2008041455 19:10:00 84166 0 1
2008041456 19:20:00 63390 1 0
2008041457 19:30:00 82468 0 0
2008041458 19:40:00 61566 0 1
2008041459 19:50:00 34522 0 1
2008041460 20:00:00 03314 1 0
2008041461 20:10:00 63743 0 0
2008041462 20:20:00 47753 1 0
2008041463 20:30:00 55132 1 0
2008041464 20:40:00 30571 0 0
2008041465 20:50:00 67391 0 0
2008041466 21:00:00 37740 1 0
2008041467 21:10:00 49844 0 1
2008041468 21:20:00 56831 0 0
2008041469 21:30:00 46938 0 0
2008041470 21:40:00 82517 0 0
2008041471 21:50:00 11394 1 0
2008041472 22:00:00 84312 0 0
