2008103001 10:10:00 73162 0 0
2008103002 10:20:00 88851 1 0
2008103003 10:30:00 14924 0 0
2008103004 10:40:00 24196 0 0
2008103005 10:50:00 55738 1 0
2008103006 11:00:00 06240 0 0
2008103007 11:10:00 91997 1 1
2008103008 11:20:00 51681 0 0
2008103009 11:30:00 65650 1 0
2008103010 11:40:00 00244 1 1
2008103011 11:50:00 44477 1 1
2008103012 12:00:00 06017 1 0
2008103013 12:10:00 28872 1 0
2008103014 12:20:00 55335 1 1
2008103015 12:30:00 92066 0 1
2008103016 12:40:00 61236 0 0
2008103017 12:50:00 01363 0 1
2008103018 13:00:00 46838 0 1
2008103019 13:10:00 94323 0 1
2008103020 13:20:00 93536 0 0
2008103021 13:30:00 12688 0 1
2008103022 13:40:00 42911 0 1
2008103023 13:50:00 79711 1 1
2008103024 14:00:00 49690 0 0
2008103025 14:10:00 72673 0 0
2008103026 14:20:00 05720 0 0
2008103027 14:30:00 68937 0 0
2008103028 14:40:00 49143 0 0
2008103029 14:50:00 86459 0 0
2008103030 15:00:00 94957 1 0
2008103031 15:10:00 98761 0 0
2008103032 15:20:00 79043 0 0
2008103033 15:30:00 29247 1 0
2008103034 15:40:00 41023 0 0
2008103035 15:50:00 61636 1 1
2008103036 16:00:00 10047 1 0
2008103037 16:10:00 99816 1 0
2008103038 16:20:00 47873 0 0
2008103039 16:30:00 10173 1 0
2008103040 16:40:00 12342 0 0
2008103041 16:50:00 90224 0 1
2008103042 17:00:00 43299 0 1
2008103043 17:10:00 10347 0 0
2008103044 17:20:00 46469 1 0
2008103045 17:30:00 32956 0 0
2008103046 17:40:00 94794 0 0
2008103047 17:50:00 22776 1 1
2008103048 18:00:00 59327 0 0
2008103049 18:10:00 31891 0 0
2008103050 18:20:00 69376 0 0
2008103051 18:30:00 68770 0 1
2008103052 18:40:00 15075 0 0
2008103053 18:50:00 82513 0 0
2008103054 19:00:00 90337 0 1
2008103055 19:10:00 28355 0 1
2008103056 19:20:00 04482 1 0
2008103057 19:30:00 32989 0 1
2008103058 19:40:00 53972 0 0
2008103059 19:50:00 77071 1 0
2008103060 20:00:00 97391 0 0
2008103061 20:10:00 35168 0 0
2008103062 20:20:00 12634 0 0
2008103063 20:30:00 94620 0 0
2008103064 20:40:00 05922 0 1
2008103065 20:50:00 06163 0 0
2008103066 21:00:00 91688 0 1
2008103067 21:10:00 62405 0 0
2008103068 21:20:00 23533 0 1
2008103069 21:30:00 79934 1 0
2008103070 21:40:00 82619 0 0
2008103071 21:50:00 51663 0 1
2008103072 22:00:00 09393 0 1
