2008052601 10:10:00 63640 1 0
2008052602 10:20:00 47282 0 1
2008052603 10:30:00 17311 0 1
2008052604 10:40:00 93042 0 0
2008052605 10:50:00 96795 0 0
2008052606 11:00:00 24044 0 1
2008052607 11:10:00 14614 0 0
2008052608 11:20:00 57313 0 1
2008052609 11:30:00 45533 1 1
2008052610 11:40:00 60842 0 0
2008052611 11:50:00 87031 0 0
2008052612 12:00:00 31127 1 0
2008052613 12:10:00 12268 1 0
2008052614 12:20:00 65530 1 0
2008052615 12:30:00 65197 0 0
2008052616 12:40:00 48290 0 0
2008052617 12:50:00 93901 1 0
2008052618 13:00:00 30629 0 0
2008052619 13:10:00 05255 0 1
2008052620 13:20:00 62574 0 0
2008052621 13:30:00 03384 1 0
2008052622 13:40:00 14740 0 0
2008052623 13:50:00 06995 0 1
2008052624 14:00:00 28095 0 0
2008052625 14:10:00 45908 0 0
2008052626 14:20:00 37606 0 1
2008052627 14:30:00 96887 0 1
2008052628 14:40:00 69362 0 0
2008052629 14:50:00 24479 1 0
2008052630 15:00:00 01749 0 0
2008052631 15:10:00 93168 0 0
2008052632 15:20:00 01494 0 1
2008052633 15:30:00 31177 1 1
2008052634 15:40:00 58657 0 0
2008052635 15:50:00 62183 0 0
2008052636 16:00:00 50169 0 0
2008052637 16:10:00 68856 1 0
2008052638 16:20:00 63793 0 0
2008052639 16:30:00 70464 0 1
2008052640 16:40:00 60565 0 1
2008052641 16:50:00 02632 0 0
2008052642 17:00:00 38558 0 1
2008052643 17:10:00 41726 0 0
2008052644 17:20:00 70239 0 0
2008052645 17:30:00 05394 0 0
2008052646 17:40:00 05507 1 0
2008052647 17:50:00 59963 1 0
2008052648 18:00:00 43928 0 0
2008052649 18:10:00 70020 1 1
2008052650 18:20:00 53658 0 0
2008052651 18:30:00 87159 0 0
2008052652 18:40:00 99098 1 0
2008052653 18:50:00 21743 0 0
2008052654 19:00:00 14529 0 0
2008052655 19:10:00 95073 0 0
2008052656 19:20:00 00470 1 0
2008052657 19:30:00 92542 0 0
2008052658 19:40:00 69827 0 0
2008052659 19:50:00 74806 0 0
2008052660 20:00:00 36711 0 1
2008052661 20:10:00 66864 1 0
2008052662 20:20:00 27994 0 1
2008052663 20:30:00 05002 1 1
2008052664 20:40:00 82526 0 0
2008052665 20:50:00 05008 1 1
2008052666 21:00:00 69594 0 0
2008052667 21:10:00 65710 0 0
2008052668 21:20:00 10727 0 1
2008052669 21:30:00 39582 0 0
2008052670 21:40:00 59566 1 1
2008052671 21:50:00 28099 0 1
2008052672 22:00:00 59279 0 0
