2008123001 10:10:00 53805 0 0
2008123002 10:20:00 92177 0 1
2008123003 10:30:00 46810 0 0
2008123004 10:40:00 20778 0 1
2008123005 10:50:00 58462 0 0
2008123006 11:00:00 21822 0 1
2008123007 11:10:00 41473 1 0
2008123008 11:20:00 23820 0 0
2008123009 11:30:00 28895 1 0
2008123010 11:40:00 66958 1 0
2008123011 11:50:00 16598 0 0
2008123012 12:00:00 42272 1 1
2008123013 12:10:00 89025 0 0
2008123014 12:20:00 60803 0 0
2008123015 12:30:00 66555 1 1
2008123016 12:40:00 94514 0 0
2008123017 12:50:00 02437 0 0
2008123018 13:00:00 63863 0 0
2008123019 13:10:00 65882 0 1
2008123020 13:20:00 13951 0 0
2008123021 13:30:00 01372 0 0
2008123022 13:40:00 00018 1 0
2008123023 13:50:00 78511 0 1
2008123024 14:00:00 34079 0 0
2008123025 14:10:00 08587 0 0
2008123026 14:20:00 76268 0 0
2008123027 14:30:00 77755 1 1
2008123028 14:40:00 79298 0 0
2008123029 14:50:00 95468 0 0
2008123030 15:00:00 04775 0 1
2008123031 15:10:00 81832 1 0
2008123032 15:20:00 45447 1 1
2008123033 15:30:00 84160 0 0
2008123034 15:40:00 58695 0 0
2008123035 15:50:00 55599 1 1
2008123036 16:00:00 79562 0 0
2008123037 16:10:00 95663 0 1
2008123038 16:20:00 43195 0 0
2008123039 16:30:00 32999 0 1
2008123040 16:40:00 01115 1 1
2008123041 16:50:00 64993 0 1
2008123042 17:00:00 62010 0 1
2008123043 17:10:00 50482 0 0
2008123044 17:20:00 23722 0 1
2008123045 17:30:00 89815 1 0
2008123046 17:40:00 94893 0 0
2008123047 17:50:00 31440 0 1
2008123048 18:00:00 82724 0 0
2008123049 18:10:00 78460 0 0
2008123050 18:20:00 83948 0 0
2008123051 18:30:00 31643 0 0
2008123052 18:40:00 04699 0 1
2008123053 18:50:00 84555 0 1
2008123054 19:00:00 37967 0 0
2008123055 19:10:00 08399 0 1
2008123056 19:20:00 30608 0 0
2008123057 19:30:00 94289 0 0
2008123058 19:40:00 89538 0 0
2008123059 19:50:00 03072 1 0
2008123060 20:00:00 17852 0 0
2008123061 20:10:00 66363 1 1
2008123062 20:20:00 95102 0 0
2008123063 20:30:00 59015 0 0
2008123064 20:40:00 99361 1 0
2008123065 20:50:00 97625 0 0
2008123066 21:00:00 12395 0 0
2008123067 21:10:00 76326 0 0
2008123068 21:20:00 21974 0 0
2008123069 21:30:00 12430 0 0
2008123070 21:40:00 06314 0 0
2008123071 21:50:00 39385 1 0
2008123072 22:00:00 94428 1 0
