2008071201 10:10:00 96023 0 0
2008071202 10:20:00 40131 0 1
2008071203 10:30:00 62710 0 0
2008071204 10:40:00 70333 0 1
2008071205 10:50:00 70456 0 0
2008071206 11:00:00 54458 1 0
2008071207 11:10:00 12648 0 0
2008071208 11:20:00 65742 0 0
2008071209 11:30:00 47114 0 1
2008071210 11:40:00 43428 1 0
2008071211 11:50:00 23028 0 0
2008071212 12:00:00 43846 0 0
2008071213 12:10:00 16048 0 0
2008071214 12:20:00 25332 0 1
2008071215 12:30:00 43890 0 0
2008071216 12:40:00 13816 0 0
2008071217 12:50:00 24523 0 0
2008071218 13:00:00 21874 0 0
2008071219 13:10:00 02097 1 0
2008071220 13:20:00 64224 0 1
2008071221 13:30:00 64057 0 0
2008071222 13:40:00 81717 0 1
2008071223 13:50:00 98979 1 1
2008071224 14:00:00 98202 0 1
2008071225 14:10:00 17374 0 0
2008071226 14:20:00 13487 0 0
2008071227 14:30:00 99814 1 0
2008071228 14:40:00 59061 0 0
2008071229 14:50:00 93218 0 0
2008071230 15:00:00 79201 0 0
2008071231 15:10:00 24326 0 0
2008071232 15:20:00 84693 0 0
2008071233 15:30:00 11440 1 1
2008071234 15:40:00 25301 0 0
2008071235 15:50:00 23702 0 0
2008071236 16:00:00 83205 0 0
2008071237 16:10:00 77274 1 0
2008071238 16:20:00 68828 1 1
2008071239 16:30:00 66888 1 1
2008071240 16:40:00 39829 0 0
2008071241 16:50:00 56594 1 0
2008071242 17:00:00 97723 1 0
2008071243 17:10:00 71738 1 0
2008071244 17:20:00 69133 0 1
2008071245 17:30:00 71209 0 0
2008071246 17:40:00 49267 0 0
2008071247 17:50:00 35696 0 1
2008071248 18:00:00 73674 0 0
2008071249 18:10:00 24839 0 0
2008071250 18:20:00 35707 0 1
2008071251 18:30:00 83911 0 1
2008071252 18:40:00 89905 1 0
2008071253 18:50:00 98109 0 0
2008071254 19:00:00 28027 0 0
2008071255 19:10:00 90787 0 1
2008071256 19:20:00 77864 1 0
2008071257 19:30:00 18226 0 1
2008071258 19:40:00 07245 0 0
2008071259 19:50:00 31351 1 0
2008071260 20:00:00 94056 0 0
2008071261 20:10:00 47355 0 1
2008071262 20:20:00 92486 0 0
2008071263 20:30:00 44096 1 0
2008071264 20:40:00 46244 0 1
2008071265 20:50:00 97499 0 1
2008071266 21:00:00 77928 1 0
2008071267 21:10:00 67137 0 0
2008071268 21:20:00 34672 0 0
2008071269 21:30:00 33738 1 0
2008071270 21:40:00 56124 0 0
2008071271 21:50:00 83121 0 1
2008071272 22:00:00 55278 1 0
