2008040301 10:10:00 43959 0 1
2008040302 10:20:00 43141 0 1
2008040303 10:30:00 24086 0 0
2008040304 10:40:00 28777 0 1
2008040305 10:50:00 99397 1 0
2008040306 11:00:00 60440 0 1
2008040307 11:10:00 89677 0 1
2008040308 11:20:00 49851 0 0
2008040309 11:30:00 56853 0 0
2008040310 11:40:00 92215 1 0
2008040311 11:50:00 67310 0 0
2008040312 12:00:00 55183 1 0
2008040313 12:10:00 57763 1 0
2008040314 12:20:00 54354 0 0
2008040315 12:30:00 94236 0 0
2008040316 12:40:00 73782 1 0
2008040317 12:50:00 59655 0 1
2008040318 13:00:00 09306 0 0
2008040319 13:10:00 82769 0 0
2008040320 13:20:00 40667 0 1
2008040321 13:30:00 97581 0 0
2008040322 13:40:00 88489 1 0
2008040323 13:50:00 91331 0 1
2008040324 14:00:00 56756 0 0
2008040325 14:10:00 00604 1 0
2008040326 14:20:00 80956 0 0
2008040327 14:30:00 62016 0 0
2008040328 14:40:00 49577 0 1
2008040329 14:50:00 02769 0 0
2008040330 15:00:00 31579 0 0
2008040331 15:10:00 34399 1 1
2008040332 15:20:00 35355 1 1
2008040333 15:30:00 22119 1 1
2008040334 15:40:00 76188 0 1
2008040335 15:50:00 34568 0 0
2008040336 16:00:00 88006 1 1
2008040337 16:10:00 60709 0 0
2008040338 16:20:00 25364 0 0
2008040339 16:30:00 64121 0 1
2008040340 16:40:00 15642 0 0
2008040341 16:50:00 91201 0 0
2008040342 17:00:00 31380 1 0
2008040343 17:10:00 14588 0 1
2008040344 17:20:00 20051 1 0
2008040345 17:30:00 45560 1 0
2008040346 17:40:00 07505 0 1
2008040347 17:50:00 77372 1 0
2008040348 18:00:00 80906 0 0
2008040349 18:10:00 11209 1 0
2008040350 18:20:00 30721 0 0
2008040351 18:30:00 81826 1 0
2008040352 18:40:00 85386 0 0
2008040353 18:50:00 11397 1 0
2008040354 19:00:00 03939 0 1
2008040355 19:10:00 09045 1 0
2008040356 19:20:00 52773 0 1
2008040357 19:30:00 04004 1 1
2008040358 19:40:00 81265 0 0
2008040359 19:50:00 65410 0 0
2008040360 20:00:00 15614 0 0
2008040361 20:10:00 69882 0 1
2008040362 20:20:00 43805 0 0
2008040363 20:30:00 29706 0 0
2008040364 20:40:00 56386 0 0
2008040365 20:50:00 36240 0 0
2008040366 21:00:00 13899 0 1
2008040367 21:10:00 78557 0 1
2008040368 21:20:00 93555 0 1
2008040369 21:30:00 92949 1 1
2008040370 21:40:00 46231 0 0
2008040371 21:50:00 28662 0 1
2008040372 22:00:00 38786 0 0
