2008032901 10:10:00 21044 0 1
2008032902 10:20:00 19783 0 0
2008032903 10:30:00 75335 0 1
2008032904 10:40:00 89620 0 0
2008032905 10:50:00 52671 0 0
2008032906 11:00:00 94967 1 0
2008032907 11:10:00 30225 0 1
2008032908 11:20:00 25202 1 1
2008032909 11:30:00 35922 0 1
2008032910 11:40:00 91218 0 0
2008032911 11:50:00 67712 1 0
2008032912 12:00:00 97881 0 1
2008032913 12:10:00 95017 0 0
2008032914 12:20:00 06669 1 1
2008032915 12:30:00 39184 0 0
2008032916 12:40:00 03966 0 1
2008032917 12:50:00 35467 0 0
2008032918 13:00:00 29084 0 0
2008032919 13:10:00 62617 1 0
2008032920 13:20:00 89561 0 0
2008032921 13:30:00 19703 0 0
2008032922 13:40:00 89595 0 1
2008032923 13:50:00 78791 1 0
2008032924 14:00:00 57833 0 1
2008032925 14:10:00 34579 0 0
2008032926 14:20:00 83495 0 0
2008032927 14:30:00 83512 0 0
2008032928 14:40:00 21039 0 0
2008032929 14:50:00 58845 1 0
2008032930 15:00:00 69394 0 0
2008032931 15:10:00 59461 0 0
2008032932 15:20:00 08280 0 0
2008032933 15:30:00 59764 0 0
2008032934 15:40:00 19733 0 1
2008032935 15:50:00 84934 0 0
2008032936 16:00:00 01059 1 0
2008032937 16:10:00 78252 0 1
2008032938 16:20:00 56742 0 0
2008032939 16:30:00 34048 0 0
2008032940 16:40:00 01533 0 1
2008032941 16:50:00 90749 0 0
2008032942 17:00:00 31772 0 1
2008032943 17:10:00 03838 0 1
2008032944 17:20:00 97161 0 1
2008032945 17:30:00 69730 0 0
2008032946 17:40:00 81245 0 0
2008032947 17:50:00 28300 0 1
2008032948 18:00:00 74050 0 1
2008032949 18:10:00 91414 0 1
2008032950 18:20:00 24119 0 1
2008032951 18:30:00 23226 1 1
2008032952 18:40:00 14515 0 1
2008032953 18:50:00 35565 1 1
2008032954 19:00:00 06740 0 0
2008032955 19:10:00 58259 0 0
2008032956 19:20:00 06776 0 1
2008032957 19:30:00 96684 1 0
2008032958 19:40:00 10762 0 0
2008032959 19:50:00 47584 0 0
2008032960 20:00:00 70645 0 0
2008032961 20:10:00 27759 1 0
2008032962 20:20:00 22412 1 0
2008032963 20:30:00 31752 0 0
2008032964 20:40:00 88020 1 1
2008032965 20:50:00 44033 1 1
2008032966 21:00:00 79175 0 0
2008032967 21:10:00 62376 0 0
2008032968 21:20:00 12980 0 0
2008032969 21:30:00 06700 0 1
2008032970 21:40:00 11003 1 1
2008032971 21:50:00 32742 0 0
2008032972 22:00:00 01545 0 1
