2009042701 10:10:00 50142 0 0
2009042702 10:20:00 16087 0 0
2009042703 10:30:00 65137 0 0
2009042704 10:40:00 93802 0 0
2009042705 10:50:00 98830 1 0
2009042706 11:00:00 09377 0 1
2009042707 11:10:00 26022 0 1
2009042708 11:20:00 72195 0 0
2009042709 11:30:00 56955 0 1
2009042710 11:40:00 37830 0 0
2009042711 11:50:00 22599 1 1
2009042712 12:00:00 91625 0 0
2009042713 12:10:00 94483 1 0
2009042714 12:20:00 36352 1 0
2009042715 12:30:00 68564 0 0
2009042716 12:40:00 65716 0 0
2009042717 12:50:00 62222 1 1
2009042718 13:00:00 45544 1 1
2009042719 13:10:00 46501 0 0
2009042720 13:20:00 52143 0 0
2009042721 13:30:00 31002 0 1
2009042722 13:40:00 05627 0 0
2009042723 13:50:00 72334 0 1
2009042724 14:00:00 88576 1 0
2009042725 14:10:00 89386 0 0
2009042726 14:20:00 64354 0 0
2009042727 14:30:00 26633 1 1
2009042728 14:40:00 16977 0 1
2009042729 14:50:00 59916 1 0
2009042730 15:00:00 96475 0 0
2009042731 15:10:00 07647 0 0
2009042732 15:20:00 91433 0 1
2009042733 15:30:00 71072 0 0
2009042734 15:40:00 71049 0 0
2009042735 15:50:00 23132 0 0
2009042736 16:00:00 22705 1 0
2009042737 16:10:00 92019 0 0
2009042738 16:20:00 44525 1 1
2009042739 16:30:00 12891 0 0
2009042740 16:40:00 11553 1 1
2009042741 16:50:00 94295 0 0
2009042742 17:00:00 15632 0 0
2009042743 17:10:00 11945 1 0
2009042744 17:20:00 01874 0 0
2009042745 17:30:00 21442 0 1
2009042746 17:40:00 67155 0 1
2009042747 17:50:00 65037 0 0
2009042748 18:00:00 24451 1 0
2009042749 18:10:00 98682 0 0
2009042750 18:20:00 51149 1 0
2009042751 18:30:00 30000 1 1
2009042752 18:40:00 85176 0 0
2009042753 18:50:00 57291 0 0
2009042754 19:00:00 43200 0 1
2009042755 19:10:00 11638 1 0
2009042756 19:20:00 18285 0 0
2009042757 19:30:00 64356 0 0
2009042758 19:40:00 18127 1 0
2009042759 19:50:00 39348 1 0
2009042760 20:00:00 20559 0 1
2009042761 20:10:00 20498 0 0
2009042762 20:20:00 33812 1 0
2009042763 20:30:00 72512 0 0
2009042764 20:40:00 91681 0 0
2009042765 20:50:00 54501 1 0
2009042766 21:00:00 39759 0 0
2009042767 21:10:00 06769 0 0
2009042768 21:20:00 80447 0 1
2009042769 21:30:00 70066 1 1
2009042770 21:40:00 23354 1 0
2009042771 21:50:00 87151 0 1
2009042772 22:00:00 77460 1 0
2009042773 22:10:00 43700 0 1
2009042774 22:20:00 48722 0 1
2009042775 22:30:00 00565 1 1
2009042776 22:40:00 04861 0 0
2009042777 22:50:00 91311 0 1
2009042778 23:00:00 16978 0 0
2009042779 23:10:00 76528 0 0
2009042780 23:20:00 43584 0 0
2009042781 23:30:00 32105 0 0
2009042782 23:40:00 36222 0 1
2009042783 23:50:00 65791 0 0
2009042784 00:00:00 77656 1 1
