2009030201 10:10:00 18751 0 0
2009030202 10:20:00 02926 0 0
2009030203 10:30:00 22879 1 0
2009030204 10:40:00 24134 0 0
2009030205 10:50:00 56195 0 0
2009030206 11:00:00 32740 0 0
2009030207 11:10:00 25196 0 0
2009030208 11:20:00 30491 0 0
2009030209 11:30:00 87961 0 0
2009030210 11:40:00 90798 0 0
2009030211 11:50:00 19516 0 0
2009030212 12:00:00 80931 0 0
2009030213 12:10:00 97363 0 1
2009030214 12:20:00 21030 0 1
2009030215 12:30:00 40127 0 0
2009030216 12:40:00 84397 0 0
2009030217 12:50:00 83657 0 0
2009030218 13:00:00 78200 0 1
2009030219 13:10:00 34795 0 0
2009030220 13:20:00 90533 0 1
2009030221 13:30:00 48909 0 1
2009030222 13:40:00 61619 1 0
2009030223 13:50:00 41350 0 0
2009030224 14:00:00 45832 0 0
2009030225 14:10:00 23366 1 1
2009030226 14:20:00 58597 1 0
2009030227 14:30:00 76107 0 0
2009030228 14:40:00 83340 1 0
2009030229 14:50:00 04728 0 0
2009030230 15:00:00 47397 0 0
2009030231 15:10:00 37444 0 1
2009030232 15:20:00 98471 0 0
2009030233 15:30:00 15408 0 0
2009030234 15:40:00 36115 0 1
2009030235 15:50:00 49589 0 0
2009030236 16:00:00 83728 0 0
2009030237 16:10:00 43295 0 0
2009030238 16:20:00 33199 1 1
2009030239 16:30:00 77811 1 1
2009030240 16:40:00 30727 0 1
2009030241 16:50:00 29051 0 0
2009030242 17:00:00 17469 0 0
2009030243 17:10:00 70524 0 0
2009030244 17:20:00 86821 1 0
2009030245 17:30:00 25690 0 0
2009030246 17:40:00 87238 0 0
2009030247 17:50:00 86576 0 0
2009030248 18:00:00 40692 0 0
2009030249 18:10:00 59568 1 0
2009030250 18:20:00 24989 0 1
2009030251 18:30:00 92535 0 1
2009030252 18:40:00 35918 0 0
2009030253 18:50:00 64417 1 0
2009030254 19:00:00 27984 0 0
2009030255 19:10:00 87912 0 0
2009030256 19:20:00 90634 0 0
2009030257 19:30:00 18247 0 0
2009030258 19:40:00 21026 0 0
2009030259 19:50:00 65543 1 0
2009030260 20:00:00 54147 0 0
2009030261 20:10:00 50150 0 0
2009030262 20:20:00 22183 1 0
2009030263 20:30:00 83977 0 1
2009030264 20:40:00 39948 1 0
2009030265 20:50:00 93752 0 0
2009030266 21:00:00 98011 0 1
2009030267 21:10:00 40932 0 0
2009030268 21:20:00 59730 0 0
2009030269 21:30:00 71914 0 0
2009030270 21:40:00 45453 1 0
2009030271 21:50:00 32297 1 0
2009030272 22:00:00 03868 0 1
