2009062801 10:10:00 54055 0 1
2009062802 10:20:00 39155 0 1
2009062803 10:30:00 92885 0 1
2009062804 10:40:00 01510 0 0
2009062805 10:50:00 06522 0 1
2009062806 11:00:00 89165 0 0
2009062807 11:10:00 56504 1 0
2009062808 11:20:00 77061 1 0
2009062809 11:30:00 66763 1 0
2009062810 11:40:00 23327 1 0
2009062811 11:50:00 04700 0 1
2009062812 12:00:00 19766 0 1
2009062813 12:10:00 01088 1 1
2009062814 12:20:00 57912 0 0
2009062815 12:30:00 35057 0 0
2009062816 12:40:00 70832 0 0
2009062817 12:50:00 56594 1 0
2009062818 13:00:00 96202 0 1
2009062819 13:10:00 11354 1 0
2009062820 13:20:00 63946 0 0
2009062821 13:30:00 36498 0 0
2009062822 13:40:00 83592 0 0
2009062823 13:50:00 80763 0 0
2009062824 14:00:00 06641 1 0
2009062825 14:10:00 67740 1 0
2009062826 14:20:00 02127 0 0
2009062827 14:30:00 49323 0 1
2009062828 14:40:00 83567 0 0
2009062829 14:50:00 69786 0 0
2009062830 15:00:00 34555 0 1
2009062831 15:10:00 20646 0 1
2009062832 15:20:00 45629 0 0
2009062833 15:30:00 00315 1 0
2009062834 15:40:00 51624 0 0
2009062835 15:50:00 24581 0 0
2009062836 16:00:00 74289 0 0
2009062837 16:10:00 93218 0 0
2009062838 16:20:00 66805 1 0
2009062839 16:30:00 42059 0 0
2009062840 16:40:00 45408 1 0
2009062841 16:50:00 14270 0 0
2009062842 17:00:00 27100 0 1
2009062843 17:10:00 23395 1 0
2009062844 17:20:00 59617 0 0
2009062845 17:30:00 37500 0 1
2009062846 17:40:00 06368 0 0
2009062847 17:50:00 48582 0 0
2009062848 18:00:00 64524 0 0
2009062849 18:10:00 00017 1 0
2009062850 18:20:00 69219 0 0
2009062851 18:30:00 49553 0 1
2009062852 18:40:00 91472 0 0
2009062853 18:50:00 26421 0 0
2009062854 19:00:00 46218 0 0
2009062855 19:10:00 52292 1 1
2009062856 19:20:00 58540 1 0
2009062857 19:30:00 13333 1 1
2009062858 19:40:00 31887 0 1
2009062859 19:50:00 19089 0 0
2009062860 20:00:00 25672 0 0
2009062861 20:10:00 53032 0 0
2009062862 20:20:00 53075 0 0
2009062863 20:30:00 90142 0 0
2009062864 20:40:00 53473 0 0
2009062865 20:50:00 22965 1 0
2009062866 21:00:00 45445 1 1
2009062867 21:10:00 71701 1 0
2009062868 21:20:00 12881 0 1
2009062869 21:30:00 31717 0 1
2009062870 21:40:00 48518 0 0
2009062871 21:50:00 50770 0 1
2009062872 22:00:00 77311 1 1
2009062873 22:10:00 38344 1 1
2009062874 22:20:00 40265 0 0
2009062875 22:30:00 44257 1 0
2009062876 22:40:00 18699 0 1
2009062877 22:50:00 64599 0 1
2009062878 23:00:00 27586 0 0
2009062879 23:10:00 51324 0 0
2009062880 23:20:00 19145 1 0
2009062881 23:30:00 74996 0 1
2009062882 23:40:00 89541 0 0
2009062883 23:50:00 09080 1 1
2009062884 00:00:00 96825 0 0
