2009030401 10:10:00 91184 1 0
2009030402 10:20:00 36724 0 0
2009030403 10:30:00 07128 0 0
2009030404 10:40:00 89061 0 0
2009030405 10:50:00 87582 0 0
2009030406 11:00:00 54439 1 0
2009030407 11:10:00 72849 0 0
2009030408 11:20:00 52375 0 0
2009030409 11:30:00 62877 0 1
2009030410 11:40:00 91999 1 1
2009030411 11:50:00 70349 0 0
2009030412 12:00:00 22001 1 1
2009030413 12:10:00 94890 0 0
2009030414 12:20:00 75165 0 0
2009030415 12:30:00 42789 0 0
2009030416 12:40:00 79350 0 0
2009030417 12:50:00 64207 0 0
2009030418 13:00:00 08811 1 1
2009030419 13:10:00 35643 0 0
2009030420 13:20:00 97084 0 0
2009030421 13:30:00 57097 0 0
2009030422 13:40:00 00409 1 0
2009030423 13:50:00 56643 1 0
2009030424 14:00:00 34906 0 0
2009030425 14:10:00 97419 0 0
2009030426 14:20:00 69226 0 1
2009030427 14:30:00 14561 0 0
2009030428 14:40:00 80411 0 1
2009030429 14:50:00 28570 0 0
2009030430 15:00:00 52558 1 1
2009030431 15:10:00 91828 0 1
2009030432 15:20:00 03089 1 0
2009030433 15:30:00 57461 0 0
2009030434 15:40:00 01110 1 1
2009030435 15:50:00 83256 0 0
2009030436 16:00:00 52775 0 1
2009030437 16:10:00 74378 0 0
2009030438 16:20:00 16184 1 0
2009030439 16:30:00 29143 0 0
2009030440 16:40:00 06637 1 0
2009030441 16:50:00 71372 0 0
2009030442 17:00:00 04672 0 0
2009030443 17:10:00 72781 1 0
2009030444 17:20:00 44012 1 0
2009030445 17:30:00 42265 1 0
2009030446 17:40:00 22931 1 0
2009030447 17:50:00 50024 1 0
2009030448 18:00:00 54893 0 0
2009030449 18:10:00 52928 0 0
2009030450 18:20:00 55111 1 1
2009030451 18:30:00 49608 0 0
2009030452 18:40:00 83583 0 0
2009030453 18:50:00 35447 0 1
2009030454 19:00:00 42572 0 0
2009030455 19:10:00 81358 0 0
2009030456 19:20:00 71576 0 0
2009030457 19:30:00 14787 0 1
2009030458 19:40:00 11496 1 0
2009030459 19:50:00 85718 0 0
2009030460 20:00:00 04543 0 0
2009030461 20:10:00 78115 0 1
2009030462 20:20:00 88604 1 0
2009030463 20:30:00 52713 0 0
2009030464 20:40:00 25096 0 0
2009030465 20:50:00 53670 0 0
2009030466 21:00:00 19734 0 0
2009030467 21:10:00 81291 0 0
2009030468 21:20:00 16321 0 0
2009030469 21:30:00 66921 1 0
2009030470 21:40:00 49688 0 1
2009030471 21:50:00 15575 1 1
2009030472 22:00:00 41087 0 0
