2009101501 10:10:00 73206 0 0
2009101502 10:20:00 08424 0 1
2009101503 10:30:00 04039 1 0
2009101504 10:40:00 64865 0 0
2009101505 10:50:00 59862 0 0
2009101506 11:00:00 62257 1 0
2009101507 11:10:00 51219 0 0
2009101508 11:20:00 38626 0 1
2009101509 11:30:00 20826 0 0
2009101510 11:40:00 72413 0 0
2009101511 11:50:00 82270 1 0
2009101512 12:00:00 12926 0 0
2009101513 12:10:00 50161 0 1
2009101514 12:20:00 52418 0 0
2009101515 12:30:00 09502 0 0
2009101516 12:40:00 89290 0 0
2009101517 12:50:00 63097 0 0
2009101518 13:00:00 86050 0 1
2009101519 13:10:00 12228 1 1
2009101520 13:20:00 53657 0 0
2009101521 13:30:00 44068 1 0
2009101522 13:40:00 73411 0 1
2009101523 13:50:00 84084 0 0
2009101524 14:00:00 70769 1 0
2009101525 14:10:00 64283 0 0
2009101526 14:20:00 33310 1 0
2009101527 14:30:00 64124 0 0
2009101528 14:40:00 53284 0 0
2009101529 14:50:00 73204 0 0
2009101530 15:00:00 68222 0 1
2009101531 15:10:00 00285 1 0
2009101532 15:20:00 48549 0 0
2009101533 15:30:00 80104 0 0
2009101534 15:40:00 80630 0 0
2009101535 15:50:00 14974 0 0
2009101536 16:00:00 10274 0 0
2009101537 16:10:00 93396 1 0
2009101538 16:20:00 38905 0 0
2009101539 16:30:00 16973 0 0
2009101540 16:40:00 35590 1 0
2009101541 16:50:00 81935 0 0
2009101542 17:00:00 43956 0 0
2009101543 17:10:00 31983 0 0
2009101544 17:20:00 85765 0 0
2009101545 17:30:00 60132 0 0
2009101546 17:40:00 25406 0 0
2009101547 17:50:00 88199 1 1
2009101548 18:00:00 49110 0 1
2009101549 18:10:00 35933 0 1
2009101550 18:20:00 05624 0 0
2009101551 18:30:00 12425 0 0
2009101552 18:40:00 27360 0 0
2009101553 18:50:00 92571 0 0
2009101554 19:00:00 71645 0 0
2009101555 19:10:00 29615 0 0
2009101556 19:20:00 35716 0 0
2009101557 19:30:00 74663 0 1
2009101558 19:40:00 99035 1 0
2009101559 19:50:00 90314 0 0
2009101560 20:00:00 36322 1 1
2009101561 20:10:00 63168 0 0
2009101562 20:20:00 56163 0 0
2009101563 20:30:00 17412 0 0
2009101564 20:40:00 27601 0 0
2009101565 20:50:00 90005 1 1
2009101566 21:00:00 33294 1 0
2009101567 21:10:00 37033 0 1
2009101568 21:20:00 39741 0 0
2009101569 21:30:00 70792 1 0
2009101570 21:40:00 94083 0 0
2009101571 21:50:00 19284 0 0
2009101572 22:00:00 94243 0 0
2009101573 22:10:00 71933 0 1
2009101574 22:20:00 32648 0 0
2009101575 22:30:00 61168 1 0
2009101576 22:40:00 22846 1 0
2009101577 22:50:00 76396 0 0
2009101578 23:00:00 21747 0 1
2009101579 23:10:00 77930 1 0
2009101580 23:20:00 16989 0 1
2009101581 23:30:00 64755 0 1
2009101582 23:40:00 64286 0 0
2009101583 23:50:00 54902 0 0
2009101584 00:00:00 47553 0 1
