2009100301 10:10:00 33544 1 1
2009100302 10:20:00 33711 1 1
2009100303 10:30:00 01556 0 1
2009100304 10:40:00 99153 1 0
2009100305 10:50:00 73514 0 0
2009100306 11:00:00 31759 0 0
2009100307 11:10:00 73966 0 1
2009100308 11:20:00 22844 1 1
2009100309 11:30:00 63281 0 0
2009100310 11:40:00 17548 0 0
2009100311 11:50:00 66890 1 0
2009100312 12:00:00 30313 1 1
2009100313 12:10:00 77045 1 0
2009100314 12:20:00 98776 0 1
2009100315 12:30:00 95486 0 0
2009100316 12:40:00 08776 0 1
2009100317 12:50:00 92386 0 0
2009100318 13:00:00 34602 0 0
2009100319 13:10:00 50682 0 0
2009100320 13:20:00 27910 0 0
2009100321 13:30:00 49917 1 0
2009100322 13:40:00 99606 1 1
2009100323 13:50:00 22282 1 1
2009100324 14:00:00 60191 0 1
2009100325 14:10:00 46404 1 1
2009100326 14:20:00 26856 0 0
2009100327 14:30:00 80265 0 0
2009100328 14:40:00 82404 0 1
2009100329 14:50:00 05835 0 0
2009100330 15:00:00 01482 0 0
2009100331 15:10:00 22936 1 0
2009100332 15:20:00 15104 1 0
2009100333 15:30:00 26745 0 0
2009100334 15:40:00 82611 0 1
2009100335 15:50:00 45361 0 0
2009100336 16:00:00 67977 0 1
2009100337 16:10:00 49160 0 0
2009100338 16:20:00 86195 0 0
2009100339 16:30:00 85815 1 0
2009100340 16:40:00 36125 0 0
2009100341 16:50:00 42071 0 0
2009100342 17:00:00 14046 0 0
2009100343 17:10:00 89618 0 0
2009100344 17:20:00 43570 0 0
2009100345 17:30:00 60088 1 1
2009100346 17:40:00 78614 0 0
2009100347 17:50:00 37671 0 0
2009100348 18:00:00 81876 1 0
2009100349 18:10:00 35689 0 0
2009100350 18:20:00 90255 0 1
2009100351 18:30:00 51747 0 1
2009100352 18:40:00 63623 1 0
2009100353 18:50:00 22448 1 1
2009100354 19:00:00 52649 0 0
2009100355 19:10:00 87390 0 0
2009100356 19:20:00 79769 1 0
2009100357 19:30:00 52765 0 0
2009100358 19:40:00 89041 0 0
2009100359 19:50:00 93194 0 0
2009100360 20:00:00 85220 0 1
2009100361 20:10:00 62616 1 1
2009100362 20:20:00 76401 0 0
2009100363 20:30:00 46150 0 0
2009100364 20:40:00 78948 0 0
2009100365 20:50:00 07245 0 0
2009100366 21:00:00 49258 0 0
2009100367 21:10:00 08151 0 1
2009100368 21:20:00 47920 0 0
2009100369 21:30:00 45210 0 0
2009100370 21:40:00 06183 0 0
2009100371 21:50:00 31552 0 1
2009100372 22:00:00 55953 1 0
2009100373 22:10:00 02688 0 1
2009100374 22:20:00 59886 0 1
2009100375 22:30:00 00686 1 1
2009100376 22:40:00 71870 0 0
2009100377 22:50:00 88022 1 1
2009100378 23:00:00 64606 1 1
2009100379 23:10:00 02100 0 1
2009100380 23:20:00 96298 0 0
2009100381 23:30:00 79628 0 0
2009100382 23:40:00 16803 0 0
2009100383 23:50:00 42056 0 0
2009100384 00:00:00 32267 1 0
