2009021101 10:10:00 56800 0 1
2009021102 10:20:00 23299 1 1
2009021103 10:30:00 39887 0 1
2009021104 10:40:00 88345 1 0
2009021105 10:50:00 13294 0 0
2009021106 11:00:00 78049 0 0
2009021107 11:10:00 38980 0 0
2009021108 11:20:00 96933 1 1
2009021109 11:30:00 57693 0 0
2009021110 11:40:00 98227 0 1
2009021111 11:50:00 80449 0 1
2009021112 12:00:00 71187 1 0
2009021113 12:10:00 19496 0 0
2009021114 12:20:00 80961 0 0
2009021115 12:30:00 47860 0 0
2009021116 12:40:00 19262 0 1
2009021117 12:50:00 38065 0 0
2009021118 13:00:00 38099 0 1
2009021119 13:10:00 40203 0 0
2009021120 13:20:00 41997 0 1
2009021121 13:30:00 03139 0 0
2009021122 13:40:00 32625 0 0
2009021123 13:50:00 61862 0 0
2009021124 14:00:00 56434 0 1
2009021125 14:10:00 28258 1 0
2009021126 14:20:00 30520 0 0
2009021127 14:30:00 50506 1 0
2009021128 14:40:00 88325 1 0
2009021129 14:50:00 77710 1 0
2009021130 15:00:00 13208 0 0
2009021131 15:10:00 76541 0 0
2009021132 15:20:00 90572 0 0
2009021133 15:30:00 54775 0 1
2009021134 15:40:00 06494 0 1
2009021135 15:50:00 16184 1 0
2009021136 16:00:00 98224 0 1
2009021137 16:10:00 78301 0 0
2009021138 16:20:00 20874 0 0
2009021139 16:30:00 60738 0 0
2009021140 16:40:00 68394 0 0
2009021141 16:50:00 66378 1 0
2009021142 17:00:00 31576 0 0
2009021143 17:10:00 81778 0 1
2009021144 17:20:00 77130 1 0
2009021145 17:30:00 20897 0 0
2009021146 17:40:00 38808 1 1
2009021147 17:50:00 95887 0 1
2009021148 18:00:00 53317 1 0
2009021149 18:10:00 77914 1 0
2009021150 18:20:00 54244 0 1
2009021151 18:30:00 06196 0 0
2009021152 18:40:00 41630 0 0
2009021153 18:50:00 81440 0 1
2009021154 19:00:00 05121 0 1
2009021155 19:10:00 91880 0 1
2009021156 19:20:00 77121 1 1
2009021157 19:30:00 72575 0 1
2009021158 19:40:00 54708 0 0
2009021159 19:50:00 97473 0 0
2009021160 20:00:00 12775 0 1
2009021161 20:10:00 85858 1 1
2009021162 20:20:00 46672 1 0
2009021163 20:30:00 00156 1 0
2009021164 20:40:00 25490 0 0
2009021165 20:50:00 12986 0 0
2009021166 21:00:00 98997 1 1
2009021167 21:10:00 62674 1 0
2009021168 21:20:00 12535 0 1
2009021169 21:30:00 73920 0 0
2009021170 21:40:00 23642 0 0
2009021171 21:50:00 94497 1 0
2009021172 22:00:00 04358 0 0
