2009012301 10:10:00 67601 1 0
2009012302 10:20:00 50553 1 1
2009012303 10:30:00 26201 1 0
2009012304 10:40:00 71946 0 0
2009012305 10:50:00 51026 0 0
2009012306 11:00:00 78237 0 0
2009012307 11:10:00 94813 0 0
2009012308 11:20:00 73929 0 1
2009012309 11:30:00 12744 0 1
2009012310 11:40:00 06436 0 0
2009012311 11:50:00 54970 0 0
2009012312 12:00:00 48740 0 0
2009012313 12:10:00 56455 0 1
2009012314 12:20:00 42415 1 0
2009012315 12:30:00 87571 0 0
2009012316 12:40:00 90400 0 1
2009012317 12:50:00 08635 0 0
2009012318 13:00:00 63003 0 1
2009012319 13:10:00 73990 0 1
2009012320 13:20:00 58947 0 0
2009012321 13:30:00 06032 1 0
2009012322 13:40:00 30440 0 1
2009012323 13:50:00 67795 1 0
2009012324 14:00:00 21687 0 0
2009012325 14:10:00 51429 0 0
2009012326 14:20:00 57218 0 0
2009012327 14:30:00 58624 0 0
2009012328 14:40:00 87724 1 0
2009012329 14:50:00 42481 1 0
2009012330 15:00:00 88463 1 0
2009012331 15:10:00 70840 0 0
2009012332 15:20:00 98226 0 1
2009012333 15:30:00 55189 1 0
2009012334 15:40:00 80904 0 0
2009012335 15:50:00 45403 1 0
2009012336 16:00:00 27529 0 0
2009012337 16:10:00 18579 0 0
2009012338 16:20:00 10409 0 0
2009012339 16:30:00 45209 0 0
2009012340 16:40:00 41123 1 0
2009012341 16:50:00 03487 0 0
2009012342 17:00:00 03387 1 0
2009012343 17:10:00 47116 0 1
2009012344 17:20:00 73520 0 0
2009012345 17:30:00 84890 1 0
2009012346 17:40:00 51339 0 1
2009012347 17:50:00 72863 0 0
2009012348 18:00:00 99602 1 0
2009012349 18:10:00 92554 0 1
2009012350 18:20:00 64977 0 1
2009012351 18:30:00 73414 0 1
2009012352 18:40:00 57527 1 0
2009012353 18:50:00 69779 0 1
2009012354 19:00:00 43387 1 0
2009012355 19:10:00 49183 0 0
2009012356 19:20:00 30861 0 0
2009012357 19:30:00 56667 1 1
2009012358 19:40:00 26747 0 1
2009012359 19:50:00 89284 0 0
2009012360 20:00:00 61191 1 1
2009012361 20:10:00 61517 0 0
2009012362 20:20:00 19969 1 1
2009012363 20:30:00 59952 1 0
2009012364 20:40:00 76405 0 0
2009012365 20:50:00 29235 1 0
2009012366 21:00:00 02466 0 1
2009012367 21:10:00 09871 0 0
2009012368 21:20:00 42974 0 0
2009012369 21:30:00 57546 1 0
2009012370 21:40:00 26761 0 0
2009012371 21:50:00 88872 1 0
2009012372 22:00:00 82038 0 0
