2009092501 10:10:00 12473 0 0
2009092502 10:20:00 17359 0 0
2009092503 10:30:00 37282 0 1
2009092504 10:40:00 56315 0 0
2009092505 10:50:00 62384 0 0
2009092506 11:00:00 87168 0 0
2009092507 11:10:00 52891 0 0
2009092508 11:20:00 75615 0 0
2009092509 11:30:00 30019 1 0
2009092510 11:40:00 36093 0 0
2009092511 11:50:00 99158 1 0
2009092512 12:00:00 06743 0 0
2009092513 12:10:00 82171 0 1
2009092514 12:20:00 31831 0 0
2009092515 12:30:00 18916 0 0
2009092516 12:40:00 75023 0 0
2009092517 12:50:00 55794 1 0
2009092518 13:00:00 12011 0 1
2009092519 13:10:00 39834 0 0
2009092520 13:20:00 88378 1 0
2009092521 13:30:00 67009 0 1
2009092522 13:40:00 92436 0 0
2009092523 13:50:00 61443 0 1
2009092524 14:00:00 08006 1 1
2009092525 14:10:00 13592 0 0
2009092526 14:20:00 91277 0 1
2009092527 14:30:00 73785 1 0
2009092528 14:40:00 54152 0 0
2009092529 14:50:00 43281 0 0
2009092530 15:00:00 15526 1 0
2009092531 15:10:00 91235 0 0
2009092532 15:20:00 18910 0 0
2009092533 15:30:00 23105 0 0
2009092534 15:40:00 36790 0 0
2009092535 15:50:00 45341 0 0
2009092536 16:00:00 06744 0 1
2009092537 16:10:00 61440 0 1
2009092538 16:20:00 37941 0 0
2009092539 16:30:00 56498 0 0
2009092540 16:40:00 99532 1 0
2009092541 16:50:00 87397 0 0
2009092542 17:00:00 57203 0 0
2009092543 17:10:00 10574 0 0
2009092544 17:20:00 07459 0 0
2009092545 17:30:00 81171 1 1
2009092546 17:40:00 95863 0 0
2009092547 17:50:00 69198 0 0
2009092548 18:00:00 92249 1 0
2009092549 18:10:00 96123 0 0
2009092550 18:20:00 74817 0 0
2009092551 18:30:00 85904 0 0
2009092552 18:40:00 48434 1 1
2009092553 18:50:00 39010 0 1
2009092554 19:00:00 16519 0 0
2009092555 19:10:00 19410 0 0
2009092556 19:20:00 86522 0 1
2009092557 19:30:00 81152 1 0
2009092558 19:40:00 58471 0 0
2009092559 19:50:00 47736 1 0
2009092560 20:00:00 30962 0 0
2009092561 20:10:00 88992 1 1
2009092562 20:20:00 77969 1 1
2009092563 20:30:00 58062 0 0
2009092564 20:40:00 99161 1 1
2009092565 20:50:00 21180 1 0
2009092566 21:00:00 94588 0 1
2009092567 21:10:00 84921 0 0
2009092568 21:20:00 99242 1 1
2009092569 21:30:00 04186 0 0
2009092570 21:40:00 09063 1 0
2009092571 21:50:00 70084 1 0
2009092572 22:00:00 83380 1 0
2009092573 22:10:00 50449 0 1
2009092574 22:20:00 52047 0 0
2009092575 22:30:00 88302 1 0
2009092576 22:40:00 45968 0 0
2009092577 22:50:00 02684 0 0
2009092578 23:00:00 63664 1 1
2009092579 23:10:00 50058 1 0
2009092580 23:20:00 52657 0 0
2009092581 23:30:00 12700 0 1
2009092582 23:40:00 20420 0 0
2009092583 23:50:00 13453 0 0
2009092584 00:00:00 89863 1 0
