2009061201 10:10:00 39875 0 0
2009061202 10:20:00 51381 0 0
2009061203 10:30:00 67525 0 1
2009061204 10:40:00 68460 0 0
2009061205 10:50:00 09941 1 0
2009061206 11:00:00 04558 0 1
2009061207 11:10:00 30275 0 0
2009061208 11:20:00 58942 0 0
2009061209 11:30:00 03918 0 0
2009061210 11:40:00 52123 0 0
2009061211 11:50:00 38299 0 1
2009061212 12:00:00 33976 1 0
2009061213 12:10:00 90371 0 0
2009061214 12:20:00 97208 0 0
2009061215 12:30:00 65087 0 0
2009061216 12:40:00 93243 0 0
2009061217 12:50:00 49377 0 1
2009061218 13:00:00 72885 0 1
2009061219 13:10:00 18851 1 0
2009061220 13:20:00 22704 1 0
2009061221 13:30:00 54500 1 1
2009061222 13:40:00 88349 1 0
2009061223 13:50:00 78469 0 0
2009061224 14:00:00 74407 1 0
2009061225 14:10:00 96548 0 0
2009061226 14:20:00 51073 0 0
2009061227 14:30:00 93751 0 0
2009061228 14:40:00 49149 0 0
2009061229 14:50:00 90400 0 1
2009061230 15:00:00 87033 0 1
2009061231 15:10:00 01489 0 0
2009061232 15:20:00 88764 1 0
2009061233 15:30:00 54835 0 0
2009061234 15:40:00 25865 0 0
2009061235 15:50:00 10733 0 1
2009061236 16:00:00 28244 1 1
2009061237 16:10:00 06208 0 0
2009061238 16:20:00 91758 0 0
2009061239 16:30:00 79404 0 1
2009061240 16:40:00 58803 1 0
2009061241 16:50:00 88036 1 0
2009061242 17:00:00 90475 0 0
2009061243 17:10:00 53787 0 1
2009061244 17:20:00 27031 0 0
2009061245 17:30:00 88245 1 0
2009061246 17:40:00 79611 0 1
2009061247 17:50:00 60097 1 0
2009061248 18:00:00 15686 0 1
2009061249 18:10:00 06491 0 0
2009061250 18:20:00 01663 0 1
2009061251 18:30:00 06080 1 1
2009061252 18:40:00 68195 0 0
2009061253 18:50:00 77730 1 0
2009061254 19:00:00 87006 0 1
2009061255 19:10:00 63373 1 1
2009061256 19:20:00 06108 0 0
2009061257 19:30:00 13074 0 0
2009061258 19:40:00 58904 0 0
2009061259 19:50:00 77431 1 0
2009061260 20:00:00 44565 1 1
2009061261 20:10:00 53755 0 1
2009061262 20:20:00 28036 0 0
2009061263 20:30:00 60897 0 0
2009061264 20:40:00 43336 1 1
2009061265 20:50:00 93100 0 1
2009061266 21:00:00 82956 0 0
2009061267 21:10:00 49550 0 1
2009061268 21:20:00 10833 0 1
2009061269 21:30:00 02389 0 0
2009061270 21:40:00 12199 1 1
2009061271 21:50:00 70147 0 0
2009061272 22:00:00 48650 0 0
2009061273 22:10:00 53264 0 0
2009061274 22:20:00 81222 0 1
2009061275 22:30:00 43268 0 0
2009061276 22:40:00 30074 1 0
2009061277 22:50:00 75693 0 0
2009061278 23:00:00 00948 1 0
2009061279 23:10:00 02073 1 0
2009061280 23:20:00 89919 1 1
2009061281 23:30:00 47190 0 0
2009061282 23:40:00 04729 0 0
2009061283 23:50:00 64478 1 0
2009061284 00:00:00 62043 0 0
