2009040201 10:10:00 50696 0 1
2009040202 10:20:00 77708 1 0
2009040203 10:30:00 28809 1 0
2009040204 10:40:00 89423 0 0
2009040205 10:50:00 77827 1 0
2009040206 11:00:00 84008 0 1
2009040207 11:10:00 38511 0 1
2009040208 11:20:00 83318 1 0
2009040209 11:30:00 29345 0 0
2009040210 11:40:00 72633 0 1
2009040211 11:50:00 99135 1 0
2009040212 12:00:00 96712 0 0
2009040213 12:10:00 51672 0 0
2009040214 12:20:00 38404 0 1
2009040215 12:30:00 04696 0 1
2009040216 12:40:00 22013 1 0
2009040217 12:50:00 82890 1 0
2009040218 13:00:00 15229 0 1
2009040219 13:10:00 32514 0 0
2009040220 13:20:00 64550 0 1
2009040221 13:30:00 77447 1 1
2009040222 13:40:00 91407 0 0
2009040223 13:50:00 03813 0 0
2009040224 14:00:00 99783 1 0
2009040225 14:10:00 85030 0 1
2009040226 14:20:00 52888 0 1
2009040227 14:30:00 73068 0 0
2009040228 14:40:00 39719 0 0
2009040229 14:50:00 92622 0 1
2009040230 15:00:00 50660 0 1
2009040231 15:10:00 65716 0 0
2009040232 15:20:00 67274 0 0
2009040233 15:30:00 90467 0 0
2009040234 15:40:00 87636 0 1
2009040235 15:50:00 39172 0 0
2009040236 16:00:00 79969 1 1
2009040237 16:10:00 42020 0 1
2009040238 16:20:00 88750 1 0
2009040239 16:30:00 60065 1 0
2009040240 16:40:00 03141 0 1
2009040241 16:50:00 31667 0 1
2009040242 17:00:00 77833 1 1
2009040243 17:10:00 42647 0 0
2009040244 17:20:00 35868 0 1
2009040245 17:30:00 59258 0 0
2009040246 17:40:00 81337 0 1
2009040247 17:50:00 21667 0 1
2009040248 18:00:00 36842 0 0
2009040249 18:10:00 60973 0 0
2009040250 18:20:00 36780 0 0
2009040251 18:30:00 83082 0 0
2009040252 18:40:00 96902 1 0
2009040253 18:50:00 63816 0 0
2009040254 19:00:00 99578 1 0
2009040255 19:10:00 76592 0 0
2009040256 19:20:00 36787 0 1
2009040257 19:30:00 09615 0 0
2009040258 19:40:00 03435 0 0
2009040259 19:50:00 78001 0 1
2009040260 20:00:00 35314 1 0
2009040261 20:10:00 83979 0 1
2009040262 20:20:00 99934 1 0
2009040263 20:30:00 19788 0 1
2009040264 20:40:00 24410 1 0
2009040265 20:50:00 79039 0 0
2009040266 21:00:00 09599 0 1
2009040267 21:10:00 44079 1 0
2009040268 21:20:00 91649 0 0
2009040269 21:30:00 07297 0 0
2009040270 21:40:00 85313 0 1
2009040271 21:50:00 69428 0 0
2009040272 22:00:00 63541 0 0
