2009071901 10:10:00 02827 0 0
2009071902 10:20:00 88185 1 0
2009071903 10:30:00 72305 0 0
2009071904 10:40:00 37460 0 0
2009071905 10:50:00 93939 1 1
2009071906 11:00:00 13041 0 0
2009071907 11:10:00 04966 0 1
2009071908 11:20:00 71576 0 0
2009071909 11:30:00 18528 0 0
2009071910 11:40:00 85256 0 0
2009071911 11:50:00 39266 0 1
2009071912 12:00:00 95580 1 0
2009071913 12:10:00 48628 0 0
2009071914 12:20:00 78204 0 0
2009071915 12:30:00 14782 0 0
2009071916 12:40:00 45575 1 1
2009071917 12:50:00 02130 0 0
2009071918 13:00:00 50792 0 0
2009071919 13:10:00 73883 0 1
2009071920 13:20:00 95504 1 0
2009071921 13:30:00 12994 0 1
2009071922 13:40:00 05836 0 0
2009071923 13:50:00 33388 1 1
2009071924 14:00:00 65681 1 0
2009071925 14:10:00 70067 1 0
2009071926 14:20:00 82721 0 0
2009071927 14:30:00 47631 0 0
2009071928 14:40:00 01555 0 1
2009071929 14:50:00 05483 0 0
2009071930 15:00:00 92173 0 0
2009071931 15:10:00 34326 1 0
2009071932 15:20:00 95743 0 0
2009071933 15:30:00 23283 1 0
2009071934 15:40:00 89747 0 1
2009071935 15:50:00 15428 0 0
2009071936 16:00:00 33997 1 1
2009071937 16:10:00 37839 0 0
2009071938 16:20:00 95212 0 1
2009071939 16:30:00 69216 0 0
2009071940 16:40:00 57046 0 0
2009071941 16:50:00 52279 1 0
2009071942 17:00:00 92305 0 0
2009071943 17:10:00 24754 0 0
2009071944 17:20:00 33757 1 1
2009071945 17:30:00 48587 0 0
2009071946 17:40:00 53490 0 0
2009071947 17:50:00 15555 1 1
2009071948 18:00:00 02910 0 0
2009071949 18:10:00 44264 1 0
2009071950 18:20:00 13032 0 0
2009071951 18:30:00 61645 1 0
2009071952 18:40:00 37602 0 0
2009071953 18:50:00 53224 0 1
2009071954 19:00:00 81703 0 0
2009071955 19:10:00 86598 0 0
2009071956 19:20:00 37372 1 0
2009071957 19:30:00 39948 1 0
2009071958 19:40:00 76897 0 0
2009071959 19:50:00 37168 0 0
2009071960 20:00:00 85017 0 0
2009071961 20:10:00 79314 0 0
2009071962 20:20:00 45190 0 0
2009071963 20:30:00 05866 0 1
2009071964 20:40:00 97315 0 0
2009071965 20:50:00 85684 0 0
2009071966 21:00:00 81600 0 1
2009071967 21:10:00 46721 0 0
2009071968 21:20:00 38498 0 0
2009071969 21:30:00 78832 1 0
2009071970 21:40:00 30774 0 1
2009071971 21:50:00 85989 0 1
2009071972 22:00:00 25993 0 1
2009071973 22:10:00 86615 1 0
2009071974 22:20:00 98321 0 0
2009071975 22:30:00 53936 0 0
2009071976 22:40:00 63668 1 1
2009071977 22:50:00 18931 0 0
2009071978 23:00:00 29061 0 0
2009071979 23:10:00 86830 1 0
2009071980 23:20:00 10158 1 0
2009071981 23:30:00 66855 1 1
2009071982 23:40:00 26245 1 0
2009071983 23:50:00 90138 0 0
2009071984 00:00:00 70645 0 0
