2009041301 10:10:00 99798 1 0
2009041302 10:20:00 58089 0 0
2009041303 10:30:00 25517 1 0
2009041304 10:40:00 02146 0 0
2009041305 10:50:00 92490 0 0
2009041306 11:00:00 82108 0 0
2009041307 11:10:00 09919 1 1
2009041308 11:20:00 67231 0 0
2009041309 11:30:00 25112 0 1
2009041310 11:40:00 54482 1 0
2009041311 11:50:00 23537 0 0
2009041312 12:00:00 78072 0 0
2009041313 12:10:00 90921 1 0
2009041314 12:20:00 08217 0 0
2009041315 12:30:00 16240 0 0
2009041316 12:40:00 39943 1 0
2009041317 12:50:00 21656 0 1
2009041318 13:00:00 08622 0 1
2009041319 13:10:00 37480 0 0
2009041320 13:20:00 36190 0 0
2009041321 13:30:00 08829 1 0
2009041322 13:40:00 04328 0 0
2009041323 13:50:00 39700 0 1
2009041324 14:00:00 93983 1 0
2009041325 14:10:00 81302 0 0
2009041326 14:20:00 81208 0 0
2009041327 14:30:00 47509 0 0
2009041328 14:40:00 64379 0 0
2009041329 14:50:00 51913 0 0
2009041330 15:00:00 07649 0 0
2009041331 15:10:00 49232 0 1
2009041332 15:20:00 78068 0 0
2009041333 15:30:00 25053 0 0
2009041334 15:40:00 71540 0 0
2009041335 15:50:00 34073 0 0
2009041336 16:00:00 36381 1 0
2009041337 16:10:00 15568 1 0
2009041338 16:20:00 22523 1 0
2009041339 16:30:00 40429 1 0
2009041340 16:40:00 80092 1 0
2009041341 16:50:00 10369 0 0
2009041342 17:00:00 12452 0 0
2009041343 17:10:00 80438 0 0
2009041344 17:20:00 25954 0 0
2009041345 17:30:00 13757 0 1
2009041346 17:40:00 91618 0 0
2009041347 17:50:00 47570 0 0
2009041348 18:00:00 93961 1 0
2009041349 18:10:00 79824 0 0
2009041350 18:20:00 15252 0 1
2009041351 18:30:00 34664 0 1
2009041352 18:40:00 75383 0 1
2009041353 18:50:00 85280 0 0
2009041354 19:00:00 62296 1 0
2009041355 19:10:00 38670 0 0
2009041356 19:20:00 45772 0 1
2009041357 19:30:00 17723 1 0
2009041358 19:40:00 52339 0 1
2009041359 19:50:00 01267 0 0
2009041360 20:00:00 07498 0 0
2009041361 20:10:00 03862 0 0
2009041362 20:20:00 30196 0 0
2009041363 20:30:00 84353 0 1
2009041364 20:40:00 03162 0 0
2009041365 20:50:00 52285 1 0
2009041366 21:00:00 39995 1 1
2009041367 21:10:00 78492 0 0
2009041368 21:20:00 36142 0 0
2009041369 21:30:00 55989 1 1
2009041370 21:40:00 73888 0 1
2009041371 21:50:00 87135 0 0
2009041372 22:00:00 61100 1 1
