2009020201 10:10:00 72005 0 1
2009020202 10:20:00 44531 1 0
2009020203 10:30:00 08675 0 0
2009020204 10:40:00 71946 0 0
2009020205 10:50:00 91622 0 1
2009020206 11:00:00 04962 0 0
2009020207 11:10:00 22953 1 0
2009020208 11:20:00 43864 0 0
2009020209 11:30:00 24189 0 0
2009020210 11:40:00 91752 0 0
2009020211 11:50:00 66479 1 0
2009020212 12:00:00 39246 0 0
2009020213 12:10:00 87821 1 0
2009020214 12:20:00 55482 1 0
2009020215 12:30:00 98358 0 0
2009020216 12:40:00 03111 0 1
2009020217 12:50:00 64332 0 1
2009020218 13:00:00 88631 1 0
2009020219 13:10:00 90251 0 0
2009020220 13:20:00 10476 0 0
2009020221 13:30:00 16033 0 1
2009020222 13:40:00 89227 0 1
2009020223 13:50:00 48827 1 0
2009020224 14:00:00 07706 1 0
2009020225 14:10:00 05386 0 0
2009020226 14:20:00 19491 0 0
2009020227 14:30:00 07468 0 0
2009020228 14:40:00 37615 0 0
2009020229 14:50:00 65199 0 1
2009020230 15:00:00 84016 0 0
2009020231 15:10:00 54325 0 0
2009020232 15:20:00 35297 0 0
2009020233 15:30:00 96825 0 0
2009020234 15:40:00 80083 1 0
2009020235 15:50:00 59580 1 0
2009020236 16:00:00 98281 0 0
2009020237 16:10:00 07054 1 0
2009020238 16:20:00 93838 0 1
2009020239 16:30:00 08868 1 1
2009020240 16:40:00 30284 0 0
2009020241 16:50:00 31779 0 1
2009020242 17:00:00 37431 0 0
2009020243 17:10:00 37735 1 0
2009020244 17:20:00 99233 1 1
2009020245 17:30:00 36661 1 1
2009020246 17:40:00 47913 0 0
2009020247 17:50:00 21435 0 0
2009020248 18:00:00 36315 1 0
2009020249 18:10:00 43419 1 0
2009020250 18:20:00 82805 1 0
2009020251 18:30:00 30738 0 0
2009020252 18:40:00 95016 0 0
2009020253 18:50:00 72319 0 0
2009020254 19:00:00 42909 0 1
2009020255 19:10:00 46021 0 0
2009020256 19:20:00 30024 1 0
2009020257 19:30:00 65168 0 0
2009020258 19:40:00 07746 1 0
2009020259 19:50:00 74923 0 0
2009020260 20:00:00 42652 0 0
2009020261 20:10:00 45612 0 0
2009020262 20:20:00 95931 1 0
2009020263 20:30:00 44200 1 1
2009020264 20:40:00 71622 0 1
2009020265 20:50:00 52751 0 0
2009020266 21:00:00 89787 0 1
2009020267 21:10:00 68927 0 0
2009020268 21:20:00 32877 0 1
2009020269 21:30:00 07932 0 0
2009020270 21:40:00 91642 0 0
2009020271 21:50:00 97854 0 0
2009020272 22:00:00 36409 0 0
