2009070701 10:10:00 69805 0 0
2009070702 10:20:00 07895 0 0
2009070703 10:30:00 29030 0 1
2009070704 10:40:00 91715 0 0
2009070705 10:50:00 24411 1 1
2009070706 11:00:00 09956 1 0
2009070707 11:10:00 43228 0 1
2009070708 11:20:00 28968 0 0
2009070709 11:30:00 22310 1 0
2009070710 11:40:00 91115 1 1
2009070711 11:50:00 70638 0 0
2009070712 12:00:00 31467 0 0
2009070713 12:10:00 12766 0 1
2009070714 12:20:00 53117 0 1
2009070715 12:30:00 85033 0 1
2009070716 12:40:00 23058 0 0
2009070717 12:50:00 21375 0 0
2009070718 13:00:00 65669 1 1
2009070719 13:10:00 70023 1 0
2009070720 13:20:00 01231 0 0
2009070721 13:30:00 09397 0 0
2009070722 13:40:00 45114 0 1
2009070723 13:50:00 41152 1 0
2009070724 14:00:00 75018 0 0
2009070725 14:10:00 22980 1 0
2009070726 14:20:00 65362 0 0
2009070727 14:30:00 43621 0 0
2009070728 14:40:00 26696 1 1
2009070729 14:50:00 44978 1 0
2009070730 15:00:00 92843 0 0
2009070731 15:10:00 28631 0 0
2009070732 15:20:00 42669 0 1
2009070733 15:30:00 24576 0 0
2009070734 15:40:00 74538 0 0
2009070735 15:50:00 41209 0 0
2009070736 16:00:00 83580 0 0
2009070737 16:10:00 31932 0 0
2009070738 16:20:00 31309 1 0
2009070739 16:30:00 92807 0 0
2009070740 16:40:00 56723 0 0
2009070741 16:50:00 59860 0 0
2009070742 17:00:00 45548 1 0
2009070743 17:10:00 60868 0 1
2009070744 17:20:00 81187 1 0
2009070745 17:30:00 79293 0 0
2009070746 17:40:00 04274 0 0
2009070747 17:50:00 48385 0 0
2009070748 18:00:00 52222 1 1
2009070749 18:10:00 32260 1 0
2009070750 18:20:00 60270 0 0
2009070751 18:30:00 76733 1 1
2009070752 18:40:00 19029 0 0
2009070753 18:50:00 59610 0 0
2009070754 19:00:00 45776 0 1
2009070755 19:10:00 50387 0 0
2009070756 19:20:00 91351 0 0
2009070757 19:30:00 62366 0 1
2009070758 19:40:00 40591 0 0
2009070759 19:50:00 20274 1 0
2009070760 20:00:00 32141 0 1
2009070761 20:10:00 79940 1 0
2009070762 20:20:00 44891 1 0
2009070763 20:30:00 17847 0 0
2009070764 20:40:00 45769 0 0
2009070765 20:50:00 06081 1 0
2009070766 21:00:00 70893 0 0
2009070767 21:10:00 47085 0 0
2009070768 21:20:00 31773 0 1
2009070769 21:30:00 12465 0 0
2009070770 21:40:00 43507 0 0
2009070771 21:50:00 01252 0 1
2009070772 22:00:00 10189 1 0
2009070773 22:10:00 68202 0 1
2009070774 22:20:00 12881 0 1
2009070775 22:30:00 98398 0 0
2009070776 22:40:00 38797 0 1
2009070777 22:50:00 14985 0 0
2009070778 23:00:00 76313 0 1
2009070779 23:10:00 10683 0 0
2009070780 23:20:00 44717 1 1
2009070781 23:30:00 37904 0 0
2009070782 23:40:00 91162 1 0
2009070783 23:50:00 74967 0 0
2009070784 00:00:00 23783 0 0
