2009012001 10:10:00 63057 0 0
2009012002 10:20:00 99409 1 0
2009012003 10:30:00 43290 0 0
2009012004 10:40:00 79803 0 0
2009012005 10:50:00 18295 0 0
2009012006 11:00:00 20906 0 0
2009012007 11:10:00 49767 0 1
2009012008 11:20:00 41771 0 1
2009012009 11:30:00 23864 0 0
2009012010 11:40:00 76965 0 0
2009012011 11:50:00 18900 0 1
2009012012 12:00:00 97603 0 0
2009012013 12:10:00 40873 0 0
2009012014 12:20:00 53259 0 0
2009012015 12:30:00 15611 0 1
2009012016 12:40:00 83479 0 0
2009012017 12:50:00 33951 1 0
2009012018 13:00:00 38133 0 1
2009012019 13:10:00 49890 0 0
2009012020 13:20:00 85331 0 1
2009012021 13:30:00 57624 0 0
2009012022 13:40:00 15134 1 0
2009012023 13:50:00 65273 0 0
2009012024 14:00:00 11638 1 0
2009012025 14:10:00 28407 0 0
2009012026 14:20:00 15305 0 0
2009012027 14:30:00 25317 0 0
2009012028 14:40:00 12416 0 0
2009012029 14:50:00 77623 1 0
2009012030 15:00:00 59977 1 1
2009012031 15:10:00 57158 0 0
2009012032 15:20:00 67145 0 0
2009012033 15:30:00 06056 1 0
2009012034 15:40:00 36467 0 0
2009012035 15:50:00 79315 0 0
2009012036 16:00:00 54154 0 0
2009012037 16:10:00 18695 0 0
2009012038 16:20:00 35094 0 0
2009012039 16:30:00 18956 0 0
2009012040 16:40:00 13385 1 0
2009012041 16:50:00 32440 0 1
2009012042 17:00:00 76748 1 0
2009012043 17:10:00 37564 0 0
2009012044 17:20:00 12265 1 0
2009012045 17:30:00 61165 1 0
2009012046 17:40:00 71395 0 0
2009012047 17:50:00 65221 0 1
2009012048 18:00:00 50740 0 0
2009012049 18:10:00 59841 0 0
2009012050 18:20:00 47582 0 0
2009012051 18:30:00 36911 0 1
2009012052 18:40:00 18231 0 0
2009012053 18:50:00 20365 0 0
2009012054 19:00:00 82213 1 0
2009012055 19:10:00 70744 1 1
2009012056 19:20:00 30824 0 0
2009012057 19:30:00 21092 0 0
2009012058 19:40:00 71638 0 0
2009012059 19:50:00 13303 1 1
2009012060 20:00:00 33040 1 1
2009012061 20:10:00 93421 0 0
2009012062 20:20:00 18392 0 0
2009012063 20:30:00 99108 1 0
2009012064 20:40:00 49039 0 0
2009012065 20:50:00 47667 0 1
2009012066 21:00:00 61079 0 0
2009012067 21:10:00 77731 1 0
2009012068 21:20:00 27300 0 1
2009012069 21:30:00 83705 0 0
2009012070 21:40:00 58278 0 0
2009012071 21:50:00 69538 0 0
2009012072 22:00:00 13487 0 0
