2009032701 10:10:00 27888 0 1
2009032702 10:20:00 44637 1 0
2009032703 10:30:00 89704 0 0
2009032704 10:40:00 83558 0 1
2009032705 10:50:00 37511 0 1
2009032706 11:00:00 79981 1 0
2009032707 11:10:00 29246 1 0
2009032708 11:20:00 61968 0 0
2009032709 11:30:00 59926 1 0
2009032710 11:40:00 75855 0 1
2009032711 11:50:00 23116 0 1
2009032712 12:00:00 25461 0 0
2009032713 12:10:00 94014 0 0
2009032714 12:20:00 55044 1 1
2009032715 12:30:00 36264 0 0
2009032716 12:40:00 62767 0 1
2009032717 12:50:00 61868 0 1
2009032718 13:00:00 26739 0 0
2009032719 13:10:00 17457 0 0
2009032720 13:20:00 37526 0 0
2009032721 13:30:00 56703 0 0
2009032722 13:40:00 75854 0 0
2009032723 13:50:00 58558 1 1
2009032724 14:00:00 70300 0 1
2009032725 14:10:00 98448 0 1
2009032726 14:20:00 16889 0 1
2009032727 14:30:00 51801 0 0
2009032728 14:40:00 08210 0 0
2009032729 14:50:00 66311 1 1
2009032730 15:00:00 36742 0 0
2009032731 15:10:00 71588 0 1
2009032732 15:20:00 93015 0 0
2009032733 15:30:00 81909 0 1
2009032734 15:40:00 61614 1 0
2009032735 15:50:00 25554 1 1
2009032736 16:00:00 62241 1 0
2009032737 16:10:00 91595 0 1
2009032738 16:20:00 40956 0 0
2009032739 16:30:00 73619 0 0
2009032740 16:40:00 26764 0 0
2009032741 16:50:00 89098 0 0
2009032742 17:00:00 18349 0 0
2009032743 17:10:00 68905 0 0
2009032744 17:20:00 44950 1 0
2009032745 17:30:00 72979 0 1
2009032746 17:40:00 89170 0 0
2009032747 17:50:00 09983 1 0
2009032748 18:00:00 81050 0 1
2009032749 18:10:00 64138 0 0
2009032750 18:20:00 79918 1 0
2009032751 18:30:00 43727 0 1
2009032752 18:40:00 97399 0 1
2009032753 18:50:00 87746 1 0
2009032754 19:00:00 15201 0 0
2009032755 19:10:00 86586 0 0
2009032756 19:20:00 53159 0 0
2009032757 19:30:00 26296 1 0
2009032758 19:40:00 13993 0 1
2009032759 19:50:00 05513 1 0
2009032760 20:00:00 33047 1 0
2009032761 20:10:00 17734 1 0
2009032762 20:20:00 05833 0 1
2009032763 20:30:00 21834 0 0
2009032764 20:40:00 20846 0 0
2009032765 20:50:00 68241 0 0
2009032766 21:00:00 69852 0 0
2009032767 21:10:00 15995 0 1
2009032768 21:20:00 90286 0 0
2009032769 21:30:00 76107 0 0
2009032770 21:40:00 25991 0 1
2009032771 21:50:00 40726 0 0
2009032772 22:00:00 56113 0 1
