2009041001 10:10:00 84328 0 0
2009041002 10:20:00 64001 0 1
2009041003 10:30:00 58019 0 0
2009041004 10:40:00 83181 0 1
2009041005 10:50:00 66762 1 0
2009041006 11:00:00 72975 0 0
2009041007 11:10:00 50154 0 0
2009041008 11:20:00 84229 0 1
2009041009 11:30:00 54016 0 0
2009041010 11:40:00 51273 0 0
2009041011 11:50:00 60258 0 0
2009041012 12:00:00 83564 0 0
2009041013 12:10:00 23910 0 0
2009041014 12:20:00 15153 1 0
2009041015 12:30:00 97391 0 0
2009041016 12:40:00 49222 0 1
2009041017 12:50:00 24317 0 0
2009041018 13:00:00 56184 0 0
2009041019 13:10:00 10089 1 0
2009041020 13:20:00 59659 0 0
2009041021 13:30:00 10513 0 0
2009041022 13:40:00 16922 0 1
2009041023 13:50:00 44647 1 0
2009041024 14:00:00 60879 0 0
2009041025 14:10:00 45277 0 1
2009041026 14:20:00 85158 0 0
2009041027 14:30:00 22336 1 1
2009041028 14:40:00 74583 0 0
2009041029 14:50:00 19007 0 1
2009041030 15:00:00 43477 1 1
2009041031 15:10:00 50288 0 1
2009041032 15:20:00 55995 1 1
2009041033 15:30:00 34861 0 0
2009041034 15:40:00 84338 0 1
2009041035 15:50:00 08917 0 0
2009041036 16:00:00 23380 1 0
2009041037 16:10:00 54715 0 0
2009041038 16:20:00 52412 0 0
2009041039 16:30:00 73755 1 1
2009041040 16:40:00 28203 1 0
2009041041 16:50:00 02625 0 0
2009041042 17:00:00 09460 0 0
2009041043 17:10:00 48272 0 1
2009041044 17:20:00 98301 0 0
2009041045 17:30:00 78741 1 0
2009041046 17:40:00 27110 0 1
2009041047 17:50:00 91230 0 0
2009041048 18:00:00 32320 1 0
2009041049 18:10:00 55955 1 1
2009041050 18:20:00 99807 1 0
2009041051 18:30:00 69231 0 0
2009041052 18:40:00 78134 0 0
2009041053 18:50:00 39432 0 0
2009041054 19:00:00 09229 0 1
2009041055 19:10:00 82939 0 1
2009041056 19:20:00 35498 0 0
2009041057 19:30:00 61039 0 0
2009041058 19:40:00 14026 0 0
2009041059 19:50:00 46465 1 0
2009041060 20:00:00 74010 0 1
2009041061 20:10:00 12203 1 0
2009041062 20:20:00 70316 0 0
2009041063 20:30:00 52222 1 1
2009041064 20:40:00 78111 0 1
2009041065 20:50:00 75743 1 0
2009041066 21:00:00 16704 0 0
2009041067 21:10:00 14064 0 0
2009041068 21:20:00 81007 0 1
2009041069 21:30:00 88801 1 0
2009041070 21:40:00 27090 0 1
2009041071 21:50:00 56830 0 0
2009041072 22:00:00 60829 0 0
