2009061901 10:10:00 80406 0 0
2009061902 10:20:00 57644 0 1
2009061903 10:30:00 23038 0 0
2009061904 10:40:00 95155 0 1
2009061905 10:50:00 99175 1 0
2009061906 11:00:00 81390 0 0
2009061907 11:10:00 37504 0 0
2009061908 11:20:00 69925 1 0
2009061909 11:30:00 14263 0 0
2009061910 11:40:00 87484 0 1
2009061911 11:50:00 61076 0 0
2009061912 12:00:00 44732 1 0
2009061913 12:10:00 53065 0 0
2009061914 12:20:00 05268 0 0
2009061915 12:30:00 10892 0 0
2009061916 12:40:00 32146 0 0
2009061917 12:50:00 20464 0 1
2009061918 13:00:00 65863 0 0
2009061919 13:10:00 49375 0 0
2009061920 13:20:00 77822 1 1
2009061921 13:30:00 55776 1 1
2009061922 13:40:00 16549 0 0
2009061923 13:50:00 61085 0 0
2009061924 14:00:00 72218 1 0
2009061925 14:10:00 41344 0 1
2009061926 14:20:00 09611 0 1
2009061927 14:30:00 55039 1 0
2009061928 14:40:00 34307 1 0
2009061929 14:50:00 68209 0 0
2009061930 15:00:00 45290 0 0
2009061931 15:10:00 99186 1 0
2009061932 15:20:00 89206 0 0
2009061933 15:30:00 35827 0 0
2009061934 15:40:00 84114 0 1
2009061935 15:50:00 57629 0 0
2009061936 16:00:00 74662 0 1
2009061937 16:10:00 95032 0 0
2009061938 16:20:00 42189 0 0
2009061939 16:30:00 55997 1 1
2009061940 16:40:00 28708 0 0
2009061941 16:50:00 82100 0 1
2009061942 17:00:00 80979 0 1
2009061943 17:10:00 28818 1 1
2009061944 17:20:00 06291 0 0
2009061945 17:30:00 93133 0 1
2009061946 17:40:00 10441 0 1
2009061947 17:50:00 99760 1 0
2009061948 18:00:00 87711 1 1
2009061949 18:10:00 98572 0 0
2009061950 18:20:00 88156 1 0
2009061951 18:30:00 86185 0 0
2009061952 18:40:00 54263 0 0
2009061953 18:50:00 22175 1 0
2009061954 19:00:00 07538 0 0
2009061955 19:10:00 39355 1 1
2009061956 19:20:00 86649 1 0
2009061957 19:30:00 16498 0 0
2009061958 19:40:00 72932 0 0
2009061959 19:50:00 04511 0 1
2009061960 20:00:00 41823 0 0
2009061961 20:10:00 63078 0 0
2009061962 20:20:00 64713 0 0
2009061963 20:30:00 24206 1 0
2009061964 20:40:00 79618 0 0
2009061965 20:50:00 92699 0 1
2009061966 21:00:00 21830 0 0
2009061967 21:10:00 49309 0 0
2009061968 21:20:00 19849 0 0
2009061969 21:30:00 61725 0 0
2009061970 21:40:00 88210 1 0
2009061971 21:50:00 15413 0 0
2009061972 22:00:00 23470 0 0
2009061973 22:10:00 45200 0 1
2009061974 22:20:00 90318 0 0
2009061975 22:30:00 45482 1 0
2009061976 22:40:00 86480 0 0
2009061977 22:50:00 12370 0 0
2009061978 23:00:00 79755 1 1
2009061979 23:10:00 09982 1 0
2009061980 23:20:00 06144 0 1
2009061981 23:30:00 16983 0 0
2009061982 23:40:00 07959 0 1
2009061983 23:50:00 45147 0 0
2009061984 00:00:00 17977 0 1
