2009022401 10:10:00 19538 0 0
2009022402 10:20:00 21612 0 0
2009022403 10:30:00 99221 1 1
2009022404 10:40:00 58898 1 1
2009022405 10:50:00 10911 0 1
2009022406 11:00:00 05653 0 0
2009022407 11:10:00 66335 1 1
2009022408 11:20:00 12871 0 0
2009022409 11:30:00 25469 0 0
2009022410 11:40:00 63891 0 0
2009022411 11:50:00 29532 0 0
2009022412 12:00:00 33125 1 0
2009022413 12:10:00 84314 0 0
2009022414 12:20:00 51160 1 0
2009022415 12:30:00 43597 0 0
2009022416 12:40:00 67388 0 1
2009022417 12:50:00 78170 0 0
2009022418 13:00:00 41641 0 0
2009022419 13:10:00 50767 0 1
2009022420 13:20:00 64332 0 1
2009022421 13:30:00 24379 0 0
2009022422 13:40:00 43799 0 1
2009022423 13:50:00 46432 1 0
2009022424 14:00:00 64805 0 0
2009022425 14:10:00 84144 0 1
2009022426 14:20:00 11538 1 0
2009022427 14:30:00 60117 0 1
2009022428 14:40:00 11132 1 0
2009022429 14:50:00 06924 0 0
2009022430 15:00:00 08068 1 0
2009022431 15:10:00 62916 0 0
2009022432 15:20:00 12384 0 0
2009022433 15:30:00 52528 1 0
2009022434 15:40:00 14609 0 0
2009022435 15:50:00 22174 1 0
2009022436 16:00:00 90260 0 0
2009022437 16:10:00 81858 1 1
2009022438 16:20:00 55758 1 0
2009022439 16:30:00 94182 0 0
2009022440 16:40:00 37549 0 0
2009022441 16:50:00 62074 0 0
2009022442 17:00:00 65960 0 0
2009022443 17:10:00 81421 0 0
2009022444 17:20:00 35832 0 0
2009022445 17:30:00 20935 0 0
2009022446 17:40:00 29844 0 1
2009022447 17:50:00 53080 0 1
2009022448 18:00:00 38535 0 1
2009022449 18:10:00 79345 0 0
2009022450 18:20:00 00968 1 0
2009022451 18:30:00 75272 0 1
2009022452 18:40:00 09271 0 0
2009022453 18:50:00 47174 0 0
2009022454 19:00:00 43612 0 0
2009022455 19:10:00 25010 0 1
2009022456 19:20:00 58877 1 1
2009022457 19:30:00 59378 0 0
2009022458 19:40:00 44463 1 0
2009022459 19:50:00 26981 0 0
2009022460 20:00:00 73001 0 1
2009022461 20:10:00 41025 0 0
2009022462 20:20:00 60696 1 1
2009022463 20:30:00 15254 0 0
2009022464 20:40:00 41504 0 0
2009022465 20:50:00 86691 1 0
2009022466 21:00:00 25160 0 0
2009022467 21:10:00 69411 0 1
2009022468 21:20:00 11832 1 0
2009022469 21:30:00 28531 0 0
2009022470 21:40:00 40109 0 0
2009022471 21:50:00 67611 1 1
2009022472 22:00:00 55677 1 1
