2009010401 10:10:00 41719 0 0
2009010402 10:20:00 67683 1 0
2009010403 10:30:00 65407 0 0
2009010404 10:40:00 27401 0 0
2009010405 10:50:00 96069 0 0
2009010406 11:00:00 70152 0 0
2009010407 11:10:00 59467 0 0
2009010408 11:20:00 17082 0 0
2009010409 11:30:00 47314 0 0
2009010410 11:40:00 76043 0 0
2009010411 11:50:00 51490 0 0
2009010412 12:00:00 09350 0 0
2009010413 12:10:00 40942 0 0
2009010414 12:20:00 32850 0 0
2009010415 12:30:00 92374 0 0
2009010416 12:40:00 04316 0 0
2009010417 12:50:00 04727 0 1
2009010418 13:00:00 73146 0 0
2009010419 13:10:00 29465 0 0
2009010420 13:20:00 60499 0 1
2009010421 13:30:00 93847 0 0
2009010422 13:40:00 48952 0 0
2009010423 13:50:00 97366 0 1
2009010424 14:00:00 69037 0 0
2009010425 14:10:00 05453 0 0
2009010426 14:20:00 53283 0 0
2009010427 14:30:00 35608 0 0
2009010428 14:40:00 03258 0 0
2009010429 14:50:00 55084 1 0
2009010430 15:00:00 63808 0 1
2009010431 15:10:00 44192 1 0
2009010432 15:20:00 52595 1 1
2009010433 15:30:00 50563 1 0
2009010434 15:40:00 92834 0 0
2009010435 15:50:00 55263 1 0
2009010436 16:00:00 33138 1 0
2009010437 16:10:00 39240 0 0
2009010438 16:20:00 35380 1 0
2009010439 16:30:00 53901 0 0
2009010440 16:40:00 45651 0 0
2009010441 16:50:00 58214 0 0
2009010442 17:00:00 74320 0 0
2009010443 17:10:00 24268 1 0
2009010444 17:20:00 77410 1 0
2009010445 17:30:00 19509 0 0
2009010446 17:40:00 10709 0 0
2009010447 17:50:00 88701 1 0
2009010448 18:00:00 23040 0 1
2009010449 18:10:00 94380 0 0
2009010450 18:20:00 88386 1 0
2009010451 18:30:00 03385 1 0
2009010452 18:40:00 72119 0 1
2009010453 18:50:00 22528 1 0
2009010454 19:00:00 97828 0 1
2009010455 19:10:00 26864 0 0
2009010456 19:20:00 88433 1 1
2009010457 19:30:00 85268 0 0
2009010458 19:40:00 13700 0 1
2009010459 19:50:00 91987 1 0
2009010460 20:00:00 95800 0 1
2009010461 20:10:00 13471 0 0
2009010462 20:20:00 48842 1 0
2009010463 20:30:00 69973 1 0
2009010464 20:40:00 62990 0 1
2009010465 20:50:00 51330 0 1
2009010466 21:00:00 38684 0 0
2009010467 21:10:00 09270 0 0
2009010468 21:20:00 99023 1 0
2009010469 21:30:00 73377 1 1
2009010470 21:40:00 94476 1 0
2009010471 21:50:00 27539 0 0
2009010472 22:00:00 77678 1 0
