2009011101 10:10:00 21786 0 0
2009011102 10:20:00 11925 1 0
2009011103 10:30:00 71933 0 1
2009011104 10:40:00 17515 0 1
2009011105 10:50:00 40342 0 0
2009011106 11:00:00 83987 0 0
2009011107 11:10:00 49537 0 0
2009011108 11:20:00 57488 0 1
2009011109 11:30:00 41566 0 1
2009011110 11:40:00 28050 0 1
2009011111 11:50:00 30584 0 0
2009011112 12:00:00 31663 0 1
2009011113 12:10:00 71367 0 0
2009011114 12:20:00 12371 0 0
2009011115 12:30:00 05334 0 1
2009011116 12:40:00 56823 0 0
2009011117 12:50:00 06867 0 0
2009011118 13:00:00 71033 0 1
2009011119 13:10:00 85455 0 1
2009011120 13:20:00 66189 1 0
2009011121 13:30:00 10603 0 0
2009011122 13:40:00 71180 1 0
2009011123 13:50:00 58333 0 1
2009011124 14:00:00 57027 0 0
2009011125 14:10:00 47407 1 0
2009011126 14:20:00 71073 0 0
2009011127 14:30:00 71321 0 0
2009011128 14:40:00 18750 0 0
2009011129 14:50:00 62573 0 0
2009011130 15:00:00 78357 0 0
2009011131 15:10:00 82281 1 0
2009011132 15:20:00 14774 0 1
2009011133 15:30:00 10831 0 0
2009011134 15:40:00 23068 0 0
2009011135 15:50:00 23343 1 1
2009011136 16:00:00 50501 1 0
2009011137 16:10:00 57471 0 0
2009011138 16:20:00 01150 1 0
2009011139 16:30:00 49215 0 0
2009011140 16:40:00 53031 0 0
2009011141 16:50:00 85924 0 0
2009011142 17:00:00 29193 0 0
2009011143 17:10:00 79432 0 0
2009011144 17:20:00 41276 0 0
2009011145 17:30:00 39022 0 1
2009011146 17:40:00 91678 0 0
2009011147 17:50:00 84656 0 1
2009011148 18:00:00 16713 0 0
2009011149 18:10:00 49463 1 0
2009011150 18:20:00 55916 1 0
2009011151 18:30:00 98154 0 0
2009011152 18:40:00 11932 1 0
2009011153 18:50:00 73275 0 0
2009011154 19:00:00 98095 0 0
2009011155 19:10:00 54881 0 1
2009011156 19:20:00 95395 0 0
2009011157 19:30:00 97784 1 0
2009011158 19:40:00 39348 1 0
2009011159 19:50:00 60696 1 1
2009011160 20:00:00 55645 1 0
2009011161 20:10:00 12583 0 0
2009011162 20:20:00 47216 0 0
2009011163 20:30:00 87305 0 0
2009011164 20:40:00 53257 0 0
2009011165 20:50:00 95339 0 1
2009011166 21:00:00 90935 1 0
2009011167 21:10:00 19643 0 0
2009011168 21:20:00 67119 0 1
2009011169 21:30:00 53611 0 1
2009011170 21:40:00 12725 0 0
2009011171 21:50:00 06853 0 0
2009011172 22:00:00 89589 0 0
