2009072101 10:10:00 12343 0 1
2009072102 10:20:00 44257 1 0
2009072103 10:30:00 67950 0 0
2009072104 10:40:00 23660 0 1
2009072105 10:50:00 15136 1 0
2009072106 11:00:00 77302 1 0
2009072107 11:10:00 22791 1 0
2009072108 11:20:00 65741 0 0
2009072109 11:30:00 01032 1 0
2009072110 11:40:00 26384 0 0
2009072111 11:50:00 96706 0 0
2009072112 12:00:00 38262 0 1
2009072113 12:10:00 82550 0 1
2009072114 12:20:00 32492 0 0
2009072115 12:30:00 91461 0 0
2009072116 12:40:00 42203 1 0
2009072117 12:50:00 83778 0 1
2009072118 13:00:00 54487 1 0
2009072119 13:10:00 38636 0 1
2009072120 13:20:00 22262 1 1
2009072121 13:30:00 36293 0 0
2009072122 13:40:00 44360 1 0
2009072123 13:50:00 16063 0 0
2009072124 14:00:00 75735 1 0
2009072125 14:10:00 89109 0 0
2009072126 14:20:00 26262 1 1
2009072127 14:30:00 45642 0 0
2009072128 14:40:00 45666 0 1
2009072129 14:50:00 17587 0 0
2009072130 15:00:00 05137 0 0
2009072131 15:10:00 64793 0 0
2009072132 15:20:00 17183 1 0
2009072133 15:30:00 24112 0 1
2009072134 15:40:00 22223 1 1
2009072135 15:50:00 58813 1 0
2009072136 16:00:00 57573 1 0
2009072137 16:10:00 22293 1 0
2009072138 16:20:00 71661 0 1
2009072139 16:30:00 64965 0 0
2009072140 16:40:00 94874 0 0
2009072141 16:50:00 10033 1 1
2009072142 17:00:00 48439 1 0
2009072143 17:10:00 01203 0 0
2009072144 17:20:00 06660 1 1
2009072145 17:30:00 53514 1 0
2009072146 17:40:00 26917 0 0
2009072147 17:50:00 35075 0 0
2009072148 18:00:00 29154 0 0
2009072149 18:10:00 56417 0 0
2009072150 18:20:00 91643 0 0
2009072151 18:30:00 41001 0 1
2009072152 18:40:00 30287 0 0
2009072153 18:50:00 33410 1 0
2009072154 19:00:00 70839 0 0
2009072155 19:10:00 14015 0 0
2009072156 19:20:00 23194 0 0
2009072157 19:30:00 39837 0 0
2009072158 19:40:00 51272 0 1
2009072159 19:50:00 55170 1 0
2009072160 20:00:00 27633 0 1
2009072161 20:10:00 00061 1 0
2009072162 20:20:00 35670 0 0
2009072163 20:30:00 83343 1 1
2009072164 20:40:00 77980 1 0
2009072165 20:50:00 56589 1 0
2009072166 21:00:00 09239 0 0
2009072167 21:10:00 17612 0 0
2009072168 21:20:00 88127 1 0
2009072169 21:30:00 27600 0 1
2009072170 21:40:00 99951 1 0
2009072171 21:50:00 28230 1 0
2009072172 22:00:00 60895 0 0
2009072173 22:10:00 14671 0 0
2009072174 22:20:00 25045 0 0
2009072175 22:30:00 57630 0 0
2009072176 22:40:00 54775 0 1
2009072177 22:50:00 32118 0 1
2009072178 23:00:00 59231 0 0
2009072179 23:10:00 37813 0 0
2009072180 23:20:00 39043 0 0
2009072181 23:30:00 64769 0 0
2009072182 23:40:00 05370 0 0
2009072183 23:50:00 62932 0 0
2009072184 00:00:00 16767 0 1
