2009122501 10:10:00 76569 0 0
2009122502 10:20:00 79482 0 0
2009122503 10:30:00 67779 1 1
2009122504 10:40:00 18951 0 0
2009122505 10:50:00 96164 0 0
2009122506 11:00:00 81885 1 1
2009122507 11:10:00 02258 1 0
2009122508 11:20:00 93920 1 0
2009122509 11:30:00 13534 0 0
2009122510 11:40:00 30693 0 0
2009122511 11:50:00 12473 0 0
2009122512 12:00:00 84364 0 0
2009122513 12:10:00 57157 0 0
2009122514 12:20:00 13609 0 0
2009122515 12:30:00 50030 1 1
2009122516 12:40:00 21365 0 0
2009122517 12:50:00 06720 0 0
2009122518 13:00:00 39420 0 0
2009122519 13:10:00 56926 0 0
2009122520 13:20:00 96268 0 0
2009122521 13:30:00 65515 1 1
2009122522 13:40:00 41371 0 0
2009122523 13:50:00 64802 0 0
2009122524 14:00:00 41924 0 0
2009122525 14:10:00 33622 1 1
2009122526 14:20:00 78002 0 1
2009122527 14:30:00 16461 0 0
2009122528 14:40:00 38275 0 0
2009122529 14:50:00 25827 0 0
2009122530 15:00:00 40485 1 0
2009122531 15:10:00 97621 0 0
2009122532 15:20:00 04429 1 0
2009122533 15:30:00 44535 1 1
2009122534 15:40:00 31189 1 0
2009122535 15:50:00 98231 0 0
2009122536 16:00:00 10485 0 0
2009122537 16:10:00 65246 0 0
2009122538 16:20:00 92670 0 0
2009122539 16:30:00 29661 0 1
2009122540 16:40:00 99466 1 1
2009122541 16:50:00 64420 1 0
2009122542 17:00:00 80653 0 0
2009122543 17:10:00 55566 1 1
2009122544 17:20:00 25236 1 0
2009122545 17:30:00 34601 0 0
2009122546 17:40:00 71085 0 0
2009122547 17:50:00 31994 0 1
2009122548 18:00:00 94720 0 0
2009122549 18:10:00 61120 1 0
2009122550 18:20:00 27608 0 0
2009122551 18:30:00 38846 1 0
2009122552 18:40:00 34901 0 0
2009122553 18:50:00 30951 0 0
2009122554 19:00:00 81765 0 0
2009122555 19:10:00 43677 0 1
2009122556 19:20:00 69616 1 1
2009122557 19:30:00 67241 0 0
2009122558 19:40:00 61015 0 0
2009122559 19:50:00 44611 1 1
2009122560 20:00:00 32367 1 0
2009122561 20:10:00 10668 0 1
2009122562 20:20:00 51841 0 0
2009122563 20:30:00 77614 1 0
2009122564 20:40:00 88001 1 1
2009122565 20:50:00 88982 1 0
2009122566 21:00:00 18546 0 0
2009122567 21:10:00 31481 0 0
2009122568 21:20:00 83211 0 1
2009122569 21:30:00 70337 0 1
2009122570 21:40:00 90817 0 0
2009122571 21:50:00 19425 0 0
2009122572 22:00:00 94539 0 0
2009122573 22:10:00 26242 1 1
2009122574 22:20:00 91126 1 0
2009122575 22:30:00 43215 0 0
2009122576 22:40:00 17748 1 0
2009122577 22:50:00 58100 0 1
2009122578 23:00:00 65728 0 0
2009122579 23:10:00 95740 0 0
2009122580 23:20:00 57982 0 0
2009122581 23:30:00 88959 1 1
2009122582 23:40:00 57790 1 0
2009122583 23:50:00 36126 0 0
2009122584 00:00:00 70816 0 0
