2009040301 10:10:00 98772 0 1
2009040302 10:20:00 98418 0 0
2009040303 10:30:00 28301 0 0
2009040304 10:40:00 03427 0 0
2009040305 10:50:00 81041 0 0
2009040306 11:00:00 12253 1 0
2009040307 11:10:00 43597 0 0
2009040308 11:20:00 20549 0 0
2009040309 11:30:00 64039 0 0
2009040310 11:40:00 40202 0 1
2009040311 11:50:00 08588 0 1
2009040312 12:00:00 52390 0 0
2009040313 12:10:00 72566 0 1
2009040314 12:20:00 15904 0 0
2009040315 12:30:00 99001 1 1
2009040316 12:40:00 72569 0 0
2009040317 12:50:00 79243 0 0
2009040318 13:00:00 33153 1 0
2009040319 13:10:00 29840 0 0
2009040320 13:20:00 87340 0 0
2009040321 13:30:00 63830 0 0
2009040322 13:40:00 24686 0 1
2009040323 13:50:00 23445 0 1
2009040324 14:00:00 55038 1 0
2009040325 14:10:00 83918 0 0
2009040326 14:20:00 03707 0 1
2009040327 14:30:00 52258 1 0
2009040328 14:40:00 51748 0 0
2009040329 14:50:00 05915 0 0
2009040330 15:00:00 22602 1 0
2009040331 15:10:00 73265 0 0
2009040332 15:20:00 51670 0 0
2009040333 15:30:00 95414 0 1
2009040334 15:40:00 89312 0 0
2009040335 15:50:00 67516 0 0
2009040336 16:00:00 99847 1 0
2009040337 16:10:00 13155 1 1
2009040338 16:20:00 71401 0 0
2009040339 16:30:00 84190 0 0
2009040340 16:40:00 52458 0 0
2009040341 16:50:00 99553 1 1
2009040342 17:00:00 64843 0 0
2009040343 17:10:00 52555 1 1
2009040344 17:20:00 22734 1 0
2009040345 17:30:00 78459 0 0
2009040346 17:40:00 36046 0 0
2009040347 17:50:00 56999 0 1
2009040348 18:00:00 72866 0 1
2009040349 18:10:00 28275 1 0
2009040350 18:20:00 86206 0 0
2009040351 18:30:00 34241 0 0
2009040352 18:40:00 51412 0 0
2009040353 18:50:00 83836 1 0
2009040354 19:00:00 99793 1 0
2009040355 19:10:00 90629 0 0
2009040356 19:20:00 62015 0 0
2009040357 19:30:00 39200 0 1
2009040358 19:40:00 66024 1 0
2009040359 19:50:00 68083 0 0
2009040360 20:00:00 15871 0 0
2009040361 20:10:00 04242 0 1
2009040362 20:20:00 54178 0 0
2009040363 20:30:00 00820 1 0
2009040364 20:40:00 88623 1 0
2009040365 20:50:00 56281 0 0
2009040366 21:00:00 14715 0 0
2009040367 21:10:00 87564 0 0
2009040368 21:20:00 28278 1 0
2009040369 21:30:00 76596 0 0
2009040370 21:40:00 21123 1 0
2009040371 21:50:00 10023 1 0
2009040372 22:00:00 89881 1 1
