2009092101 10:10:00 06177 0 1
2009092102 10:20:00 10990 0 1
2009092103 10:30:00 28296 1 0
2009092104 10:40:00 58088 0 1
2009092105 10:50:00 29211 1 1
2009092106 11:00:00 86802 1 0
2009092107 11:10:00 01646 0 1
2009092108 11:20:00 05501 1 0
2009092109 11:30:00 62783 0 0
2009092110 11:40:00 33628 1 0
2009092111 11:50:00 85083 0 0
2009092112 12:00:00 96209 0 0
2009092113 12:10:00 34091 0 0
2009092114 12:20:00 78303 0 1
2009092115 12:30:00 53845 0 0
2009092116 12:40:00 27859 0 0
2009092117 12:50:00 43691 0 0
2009092118 13:00:00 64467 1 0
2009092119 13:10:00 34208 0 0
2009092120 13:20:00 37177 0 1
2009092121 13:30:00 04244 0 1
2009092122 13:40:00 73253 0 0
2009092123 13:50:00 86860 1 0
2009092124 14:00:00 80109 0 0
2009092125 14:10:00 84590 0 0
2009092126 14:20:00 51075 0 0
2009092127 14:30:00 67704 1 0
2009092128 14:40:00 55290 1 0
2009092129 14:50:00 12330 0 1
2009092130 15:00:00 87282 0 1
2009092131 15:10:00 53163 0 0
2009092132 15:20:00 09835 0 0
2009092133 15:30:00 65135 0 0
2009092134 15:40:00 38222 0 1
2009092135 15:50:00 60414 0 1
2009092136 16:00:00 36937 0 0
2009092137 16:10:00 03114 0 1
2009092138 16:20:00 70613 0 0
2009092139 16:30:00 12367 0 0
2009092140 16:40:00 16502 0 0
2009092141 16:50:00 27806 0 0
2009092142 17:00:00 30685 0 0
2009092143 17:10:00 46510 0 0
2009092144 17:20:00 76324 0 0
2009092145 17:30:00 66877 1 1
2009092146 17:40:00 96319 0 0
2009092147 17:50:00 63637 1 0
2009092148 18:00:00 03268 0 0
2009092149 18:10:00 96260 0 0
2009092150 18:20:00 84283 0 0
2009092151 18:30:00 83909 0 1
2009092152 18:40:00 33205 1 0
2009092153 18:50:00 16639 1 0
2009092154 19:00:00 24069 0 0
2009092155 19:10:00 73330 1 1
2009092156 19:20:00 23538 0 0
2009092157 19:30:00 55747 1 1
2009092158 19:40:00 88314 1 0
2009092159 19:50:00 62101 0 1
2009092160 20:00:00 27276 1 0
2009092161 20:10:00 77632 1 0
2009092162 20:20:00 33597 1 0
2009092163 20:30:00 54980 0 0
2009092164 20:40:00 40929 0 1
2009092165 20:50:00 60952 0 0
2009092166 21:00:00 19433 0 1
2009092167 21:10:00 11504 1 0
2009092168 21:20:00 98699 0 1
2009092169 21:30:00 10821 0 0
2009092170 21:40:00 74930 0 0
2009092171 21:50:00 05596 1 0
2009092172 22:00:00 51601 0 0
2009092173 22:10:00 87060 0 1
2009092174 22:20:00 77479 1 0
2009092175 22:30:00 05914 0 0
2009092176 22:40:00 58240 0 0
2009092177 22:50:00 29099 0 1
2009092178 23:00:00 18336 0 1
2009092179 23:10:00 81498 0 0
2009092180 23:20:00 72886 0 1
2009092181 23:30:00 92661 0 1
2009092182 23:40:00 67013 0 0
2009092183 23:50:00 69527 0 0
2009092184 00:00:00 84439 1 0
