2009030901 10:10:00 15717 0 1
2009030902 10:20:00 16169 1 0
2009030903 10:30:00 67675 1 0
2009030904 10:40:00 82526 0 0
2009030905 10:50:00 00743 1 0
2009030906 11:00:00 87174 0 0
2009030907 11:10:00 75304 0 0
2009030908 11:20:00 46935 0 0
2009030909 11:30:00 63432 0 0
2009030910 11:40:00 74512 0 0
2009030911 11:50:00 59868 0 1
2009030912 12:00:00 36647 1 0
2009030913 12:10:00 02678 0 0
2009030914 12:20:00 83003 0 1
2009030915 12:30:00 78876 1 0
2009030916 12:40:00 00122 1 1
2009030917 12:50:00 08259 0 0
2009030918 13:00:00 36777 0 1
2009030919 13:10:00 59270 0 0
2009030920 13:20:00 33582 1 0
2009030921 13:30:00 19250 0 0
2009030922 13:40:00 07668 0 1
2009030923 13:50:00 64474 1 1
2009030924 14:00:00 02545 0 1
2009030925 14:10:00 53465 0 0
2009030926 14:20:00 67621 1 0
2009030927 14:30:00 18429 0 0
2009030928 14:40:00 42123 0 0
2009030929 14:50:00 93318 1 0
2009030930 15:00:00 24456 1 0
2009030931 15:10:00 60628 1 0
2009030932 15:20:00 89488 0 1
2009030933 15:30:00 71514 0 0
2009030934 15:40:00 57955 0 1
2009030935 15:50:00 27015 0 0
2009030936 16:00:00 84319 0 0
2009030937 16:10:00 69851 0 0
2009030938 16:20:00 61476 0 0
2009030939 16:30:00 01969 0 1
2009030940 16:40:00 78735 1 0
2009030941 16:50:00 11649 1 0
2009030942 17:00:00 04255 0 1
2009030943 17:10:00 56306 0 0
2009030944 17:20:00 52329 0 0
2009030945 17:30:00 09056 1 0
2009030946 17:40:00 80710 0 0
2009030947 17:50:00 32113 0 1
2009030948 18:00:00 61660 1 1
2009030949 18:10:00 21863 0 0
2009030950 18:20:00 68229 0 1
2009030951 18:30:00 14810 0 0
2009030952 18:40:00 31487 0 0
2009030953 18:50:00 74287 0 0
2009030954 19:00:00 56130 0 0
2009030955 19:10:00 35650 0 0
2009030956 19:20:00 95112 0 1
2009030957 19:30:00 52952 0 0
2009030958 19:40:00 40124 0 0
2009030959 19:50:00 87428 0 0
2009030960 20:00:00 22012 1 0
2009030961 20:10:00 75349 0 0
2009030962 20:20:00 37852 0 0
2009030963 20:30:00 12213 1 0
2009030964 20:40:00 54618 0 0
2009030965 20:50:00 89404 0 1
2009030966 21:00:00 35224 0 1
2009030967 21:10:00 57751 1 0
2009030968 21:20:00 35138 0 0
2009030969 21:30:00 66998 1 1
2009030970 21:40:00 74136 0 0
2009030971 21:50:00 75500 1 1
2009030972 22:00:00 12825 0 0
