2009101801 10:10:00 22642 1 0
2009101802 10:20:00 61080 0 1
2009101803 10:30:00 76922 0 1
2009101804 10:40:00 30020 1 1
2009101805 10:50:00 66147 1 0
2009101806 11:00:00 74415 1 0
2009101807 11:10:00 98020 0 1
2009101808 11:20:00 71358 0 0
2009101809 11:30:00 79422 0 1
2009101810 11:40:00 57286 0 0
2009101811 11:50:00 28864 1 0
2009101812 12:00:00 94911 1 1
2009101813 12:10:00 78679 0 0
2009101814 12:20:00 29247 1 0
2009101815 12:30:00 65453 0 0
2009101816 12:40:00 20677 0 1
2009101817 12:50:00 80875 1 0
2009101818 13:00:00 80604 0 0
2009101819 13:10:00 31805 0 0
2009101820 13:20:00 22987 1 0
2009101821 13:30:00 08484 0 1
2009101822 13:40:00 88705 1 0
2009101823 13:50:00 86283 0 0
2009101824 14:00:00 18066 0 1
2009101825 14:10:00 45409 1 0
2009101826 14:20:00 24204 1 0
2009101827 14:30:00 56803 0 0
2009101828 14:40:00 80261 0 0
2009101829 14:50:00 24135 0 0
2009101830 15:00:00 12302 0 0
2009101831 15:10:00 45162 0 0
2009101832 15:20:00 25603 0 0
2009101833 15:30:00 59765 0 0
2009101834 15:40:00 75227 0 1
2009101835 15:50:00 84558 0 1
2009101836 16:00:00 72888 0 1
2009101837 16:10:00 12783 0 0
2009101838 16:20:00 60666 1 1
2009101839 16:30:00 33587 1 0
2009101840 16:40:00 80087 1 0
2009101841 16:50:00 69350 0 0
2009101842 17:00:00 70744 1 1
2009101843 17:10:00 33990 1 1
2009101844 17:20:00 66190 1 0
2009101845 17:30:00 80893 1 0
2009101846 17:40:00 01222 0 1
2009101847 17:50:00 50347 0 0
2009101848 18:00:00 73400 0 1
2009101849 18:10:00 66522 1 1
2009101850 18:20:00 26516 0 0
2009101851 18:30:00 04018 1 0
2009101852 18:40:00 95052 0 0
2009101853 18:50:00 86712 0 0
2009101854 19:00:00 29672 0 0
2009101855 19:10:00 02787 0 1
2009101856 19:20:00 39236 0 0
2009101857 19:30:00 21164 1 0
2009101858 19:40:00 34642 0 0
2009101859 19:50:00 46666 1 1
2009101860 20:00:00 54938 0 0
2009101861 20:10:00 18120 1 0
2009101862 20:20:00 95419 0 0
2009101863 20:30:00 46014 0 0
2009101864 20:40:00 85644 0 1
2009101865 20:50:00 72325 0 0
2009101866 21:00:00 41008 0 1
2009101867 21:10:00 38351 1 0
2009101868 21:20:00 96191 0 1
2009101869 21:30:00 24164 0 0
2009101870 21:40:00 69838 0 1
2009101871 21:50:00 20431 0 0
2009101872 22:00:00 86027 0 0
2009101873 22:10:00 02359 0 0
2009101874 22:20:00 31928 0 0
2009101875 22:30:00 95814 0 0
2009101876 22:40:00 58630 0 0
2009101877 22:50:00 16401 0 0
2009101878 23:00:00 44929 1 1
2009101879 23:10:00 45571 1 0
2009101880 23:20:00 31996 0 1
2009101881 23:30:00 61572 0 0
2009101882 23:40:00 78919 0 1
2009101883 23:50:00 78135 0 0
2009101884 00:00:00 05987 0 0
