2009032301 10:10:00 78737 1 1
2009032302 10:20:00 81047 0 0
2009032303 10:30:00 12538 0 0
2009032304 10:40:00 18100 1 1
2009032305 10:50:00 56412 0 0
2009032306 11:00:00 80385 0 0
2009032307 11:10:00 57323 0 1
2009032308 11:20:00 59660 0 1
2009032309 11:30:00 38343 1 1
2009032310 11:40:00 22926 1 0
2009032311 11:50:00 61364 0 0
2009032312 12:00:00 51766 0 1
2009032313 12:10:00 45480 1 0
2009032314 12:20:00 09626 0 1
2009032315 12:30:00 99847 1 0
2009032316 12:40:00 33087 1 0
2009032317 12:50:00 36127 0 0
2009032318 13:00:00 26769 0 0
2009032319 13:10:00 07357 0 0
2009032320 13:20:00 71239 0 0
2009032321 13:30:00 05696 0 1
2009032322 13:40:00 63064 0 0
2009032323 13:50:00 39501 0 0
2009032324 14:00:00 44555 1 1
2009032325 14:10:00 21675 0 0
2009032326 14:20:00 31850 0 0
2009032327 14:30:00 09135 0 0
2009032328 14:40:00 45242 0 1
2009032329 14:50:00 42416 1 0
2009032330 15:00:00 91443 0 1
2009032331 15:10:00 58404 0 1
2009032332 15:20:00 10957 0 0
2009032333 15:30:00 82247 1 0
2009032334 15:40:00 42858 0 1
2009032335 15:50:00 37889 0 1
2009032336 16:00:00 17509 0 0
2009032337 16:10:00 21625 0 0
2009032338 16:20:00 39052 0 0
2009032339 16:30:00 72475 0 0
2009032340 16:40:00 05769 0 0
2009032341 16:50:00 29804 0 0
2009032342 17:00:00 02320 0 0
2009032343 17:10:00 60791 0 0
2009032344 17:20:00 30006 1 1
2009032345 17:30:00 21910 0 0
2009032346 17:40:00 83468 0 0
2009032347 17:50:00 12145 1 0
2009032348 18:00:00 00223 1 1
2009032349 18:10:00 11077 1 1
2009032350 18:20:00 08528 0 0
2009032351 18:30:00 85501 1 0
2009032352 18:40:00 21324 0 0
2009032353 18:50:00 84298 0 0
2009032354 19:00:00 73522 0 1
2009032355 19:10:00 14358 0 0
2009032356 19:20:00 94720 0 0
2009032357 19:30:00 00526 1 0
2009032358 19:40:00 13337 1 1
2009032359 19:50:00 88528 1 0
2009032360 20:00:00 86644 1 1
2009032361 20:10:00 33678 1 0
2009032362 20:20:00 73849 0 0
2009032363 20:30:00 12721 0 0
2009032364 20:40:00 35571 1 0
2009032365 20:50:00 52249 1 0
2009032366 21:00:00 68486 0 0
2009032367 21:10:00 34289 0 0
2009032368 21:20:00 03556 0 1
2009032369 21:30:00 11159 1 0
2009032370 21:40:00 66830 1 0
2009032371 21:50:00 58043 0 0
2009032372 22:00:00 62496 0 0
