2009080801 10:10:00 47439 1 0
2009080802 10:20:00 63498 0 0
2009080803 10:30:00 58263 0 0
2009080804 10:40:00 24057 0 0
2009080805 10:50:00 98713 0 0
2009080806 11:00:00 78064 0 0
2009080807 11:10:00 30561 0 0
2009080808 11:20:00 31227 0 1
2009080809 11:30:00 48739 0 0
2009080810 11:40:00 44175 1 0
2009080811 11:50:00 27832 0 0
2009080812 12:00:00 04689 0 0
2009080813 12:10:00 02545 0 1
2009080814 12:20:00 82943 0 0
2009080815 12:30:00 91761 0 0
2009080816 12:40:00 20038 1 0
2009080817 12:50:00 62858 0 1
2009080818 13:00:00 98745 0 0
2009080819 13:10:00 70694 0 0
2009080820 13:20:00 01971 0 0
2009080821 13:30:00 19091 0 0
2009080822 13:40:00 84572 0 0
2009080823 13:50:00 31237 0 0
2009080824 14:00:00 83785 0 0
2009080825 14:10:00 53548 1 0
2009080826 14:20:00 64589 0 0
2009080827 14:30:00 88726 1 0
2009080828 14:40:00 63019 0 0
2009080829 14:50:00 52928 0 0
2009080830 15:00:00 75573 1 0
2009080831 15:10:00 74087 0 0
2009080832 15:20:00 35827 0 0
2009080833 15:30:00 63895 0 0
2009080834 15:40:00 06750 0 0
2009080835 15:50:00 95355 0 1
2009080836 16:00:00 88567 1 0
2009080837 16:10:00 12299 1 1
2009080838 16:20:00 04936 0 0
2009080839 16:30:00 10100 1 1
2009080840 16:40:00 65769 0 0
2009080841 16:50:00 42572 0 0
2009080842 17:00:00 92977 1 1
2009080843 17:10:00 74683 0 0
2009080844 17:20:00 46167 0 0
2009080845 17:30:00 99563 1 0
2009080846 17:40:00 51714 0 0
2009080847 17:50:00 82555 0 1
2009080848 18:00:00 73921 0 0
2009080849 18:10:00 98132 0 0
2009080850 18:20:00 10664 0 1
2009080851 18:30:00 36436 0 0
2009080852 18:40:00 58249 0 0
2009080853 18:50:00 68300 0 1
2009080854 19:00:00 78580 0 0
2009080855 19:10:00 70310 0 0
2009080856 19:20:00 68543 0 0
2009080857 19:30:00 14433 1 1
2009080858 19:40:00 73071 0 0
2009080859 19:50:00 90755 0 1
2009080860 20:00:00 63065 0 0
2009080861 20:10:00 18645 0 0
2009080862 20:20:00 97430 0 0
2009080863 20:30:00 99970 1 0
2009080864 20:40:00 79722 1 1
2009080865 20:50:00 43116 0 1
2009080866 21:00:00 82882 1 1
2009080867 21:10:00 40323 0 1
2009080868 21:20:00 49238 0 0
2009080869 21:30:00 31022 0 1
2009080870 21:40:00 08515 0 1
2009080871 21:50:00 41634 0 0
2009080872 22:00:00 98630 0 0
2009080873 22:10:00 90429 0 0
2009080874 22:20:00 72204 1 0
2009080875 22:30:00 16487 0 0
2009080876 22:40:00 49204 0 0
2009080877 22:50:00 56147 0 0
2009080878 23:00:00 92612 0 0
2009080879 23:10:00 98569 0 0
2009080880 23:20:00 83393 1 1
2009080881 23:30:00 51587 1 0
2009080882 23:40:00 78434 0 1
2009080883 23:50:00 90683 0 0
2009080884 00:00:00 23150 0 0
