2009051201 10:10:00 36932 0 0
2009051202 10:20:00 72284 1 0
2009051203 10:30:00 96176 0 0
2009051204 10:40:00 80771 0 1
2009051205 10:50:00 20689 0 0
2009051206 11:00:00 45573 1 0
2009051207 11:10:00 43180 0 0
2009051208 11:20:00 91095 0 0
2009051209 11:30:00 87061 0 0
2009051210 11:40:00 10483 0 0
2009051211 11:50:00 09492 0 0
2009051212 12:00:00 71590 0 0
2009051213 12:10:00 24464 1 1
2009051214 12:20:00 40083 1 0
2009051215 12:30:00 88139 1 0
2009051216 12:40:00 26222 1 1
2009051217 12:50:00 32575 0 1
2009051218 13:00:00 10138 1 0
2009051219 13:10:00 88230 1 0
2009051220 13:20:00 48943 0 0
2009051221 13:30:00 53032 0 0
2009051222 13:40:00 72136 0 0
2009051223 13:50:00 55490 1 0
2009051224 14:00:00 99903 1 0
2009051225 14:10:00 34472 1 0
2009051226 14:20:00 40958 0 0
2009051227 14:30:00 24708 0 0
2009051228 14:40:00 99021 1 0
2009051229 14:50:00 92662 0 1
2009051230 15:00:00 44814 1 0
2009051231 15:10:00 56244 0 1
2009051232 15:20:00 43904 0 0
2009051233 15:30:00 13029 0 0
2009051234 15:40:00 53143 0 0
2009051235 15:50:00 71415 0 0
2009051236 16:00:00 87808 1 1
2009051237 16:10:00 09914 1 0
2009051238 16:20:00 66352 1 0
2009051239 16:30:00 94190 0 0
2009051240 16:40:00 79082 0 0
2009051241 16:50:00 36612 1 0
2009051242 17:00:00 92234 1 0
2009051243 17:10:00 87079 0 0
2009051244 17:20:00 15766 0 1
2009051245 17:30:00 92500 0 1
2009051246 17:40:00 35595 1 1
2009051247 17:50:00 09280 0 0
2009051248 18:00:00 82067 0 0
2009051249 18:10:00 39411 0 1
2009051250 18:20:00 93831 0 0
2009051251 18:30:00 49309 0 0
2009051252 18:40:00 70945 0 0
2009051253 18:50:00 22126 1 0
2009051254 19:00:00 75326 0 0
2009051255 19:10:00 81148 1 0
2009051256 19:20:00 51853 0 0
2009051257 19:30:00 61916 0 0
2009051258 19:40:00 48588 0 1
2009051259 19:50:00 61721 0 0
2009051260 20:00:00 38481 0 0
2009051261 20:10:00 33537 1 0
2009051262 20:20:00 03495 0 0
2009051263 20:30:00 90434 0 1
2009051264 20:40:00 00650 1 0
2009051265 20:50:00 39218 0 0
2009051266 21:00:00 97264 0 0
2009051267 21:10:00 33763 1 0
2009051268 21:20:00 72861 0 0
2009051269 21:30:00 37193 0 0
2009051270 21:40:00 18901 0 0
2009051271 21:50:00 51487 0 0
2009051272 22:00:00 81473 0 0
2009051273 22:10:00 48998 0 1
2009051274 22:20:00 52606 0 1
2009051275 22:30:00 29949 1 1
2009051276 22:40:00 88875 1 0
2009051277 22:50:00 17363 0 1
2009051278 23:00:00 74247 0 0
2009051279 23:10:00 65008 0 1
2009051280 23:20:00 89952 1 0
2009051281 23:30:00 39405 0 0
2009051282 23:40:00 86514 0 0
2009051283 23:50:00 72975 0 0
2009051284 00:00:00 12122 1 1
