2009053101 10:10:00 08486 0 0
2009053102 10:20:00 64409 1 0
2009053103 10:30:00 15720 0 0
2009053104 10:40:00 35684 0 0
2009053105 10:50:00 66321 1 0
2009053106 11:00:00 48954 0 0
2009053107 11:10:00 15686 0 1
2009053108 11:20:00 02571 0 0
2009053109 11:30:00 69713 0 0
2009053110 11:40:00 73125 0 0
2009053111 11:50:00 86858 1 1
2009053112 12:00:00 69414 0 1
2009053113 12:10:00 08735 0 0
2009053114 12:20:00 44365 1 0
2009053115 12:30:00 78859 1 0
2009053116 12:40:00 47295 0 0
2009053117 12:50:00 39521 0 0
2009053118 13:00:00 28902 0 0
2009053119 13:10:00 38039 0 0
2009053120 13:20:00 76057 0 0
2009053121 13:30:00 73830 0 0
2009053122 13:40:00 33103 1 0
2009053123 13:50:00 89904 1 0
2009053124 14:00:00 88297 1 0
2009053125 14:10:00 63901 0 0
2009053126 14:20:00 66941 1 0
2009053127 14:30:00 99133 1 1
2009053128 14:40:00 26572 0 0
2009053129 14:50:00 29274 1 0
2009053130 15:00:00 79591 0 0
2009053131 15:10:00 87341 0 0
2009053132 15:20:00 04613 0 0
2009053133 15:30:00 90156 0 0
2009053134 15:40:00 88511 1 1
2009053135 15:50:00 12299 1 1
2009053136 16:00:00 61719 0 0
2009053137 16:10:00 69711 0 1
2009053138 16:20:00 31832 0 0
2009053139 16:30:00 44629 1 0
2009053140 16:40:00 95669 0 1
2009053141 16:50:00 86318 0 0
2009053142 17:00:00 54441 1 1
2009053143 17:10:00 71953 0 0
2009053144 17:20:00 64270 0 0
2009053145 17:30:00 16339 0 1
2009053146 17:40:00 28667 0 1
2009053147 17:50:00 44015 1 0
2009053148 18:00:00 68163 0 0
2009053149 18:10:00 45284 0 0
2009053150 18:20:00 46344 0 1
2009053151 18:30:00 23923 0 0
2009053152 18:40:00 87391 0 0
2009053153 18:50:00 67809 0 0
2009053154 19:00:00 93608 0 0
2009053155 19:10:00 99967 1 0
2009053156 19:20:00 27790 1 0
2009053157 19:30:00 67150 0 0
2009053158 19:40:00 30435 0 0
2009053159 19:50:00 73767 1 1
2009053160 20:00:00 98192 0 0
2009053161 20:10:00 74826 0 0
2009053162 20:20:00 15476 0 0
2009053163 20:30:00 95867 0 0
2009053164 20:40:00 88423 1 0
2009053165 20:50:00 73845 0 0
2009053166 21:00:00 42859 0 0
2009053167 21:10:00 46397 0 0
2009053168 21:20:00 99909 1 1
2009053169 21:30:00 35787 0 1
2009053170 21:40:00 92074 0 0
2009053171 21:50:00 59261 0 0
2009053172 22:00:00 89921 1 0
2009053173 22:10:00 66305 1 0
2009053174 22:20:00 52459 0 0
2009053175 22:30:00 97384 0 0
2009053176 22:40:00 03474 0 1
2009053177 22:50:00 56440 0 1
2009053178 23:00:00 99180 1 0
2009053179 23:10:00 41658 0 0
2009053180 23:20:00 72277 1 1
2009053181 23:30:00 71991 0 1
2009053182 23:40:00 20790 0 0
2009053183 23:50:00 49458 1 0
2009053184 00:00:00 84345 0 0
