2009111101 10:10:00 97584 0 0
2009111102 10:20:00 13719 0 0
2009111103 10:30:00 43222 0 1
2009111104 10:40:00 55299 1 1
2009111105 10:50:00 68819 1 0
2009111106 11:00:00 81045 0 0
2009111107 11:10:00 67055 0 1
2009111108 11:20:00 37147 0 0
2009111109 11:30:00 30034 1 0
2009111110 11:40:00 86286 0 0
2009111111 11:50:00 70323 0 1
2009111112 12:00:00 07608 0 0
2009111113 12:10:00 67839 0 0
2009111114 12:20:00 49100 0 1
2009111115 12:30:00 49503 0 0
2009111116 12:40:00 26315 0 0
2009111117 12:50:00 43921 0 0
2009111118 13:00:00 34019 0 0
2009111119 13:10:00 20862 0 0
2009111120 13:20:00 70780 1 0
2009111121 13:30:00 26972 0 0
2009111122 13:40:00 57009 0 1
2009111123 13:50:00 59787 0 1
2009111124 14:00:00 51871 0 0
2009111125 14:10:00 06689 1 0
2009111126 14:20:00 45320 0 0
2009111127 14:30:00 44120 1 0
2009111128 14:40:00 50928 0 0
2009111129 14:50:00 83689 0 0
2009111130 15:00:00 37646 0 1
2009111131 15:10:00 45365 0 0
2009111132 15:20:00 64817 0 0
2009111133 15:30:00 88785 1 0
2009111134 15:40:00 32413 0 0
2009111135 15:50:00 12650 0 0
2009111136 16:00:00 61329 0 0
2009111137 16:10:00 02102 0 0
2009111138 16:20:00 08775 0 1
2009111139 16:30:00 88828 1 1
2009111140 16:40:00 21450 0 0
2009111141 16:50:00 11488 1 1
2009111142 17:00:00 70955 0 1
2009111143 17:10:00 43884 0 1
2009111144 17:20:00 22092 1 0
2009111145 17:30:00 29474 0 1
2009111146 17:40:00 22053 1 0
2009111147 17:50:00 80848 1 1
2009111148 18:00:00 88118 1 1
2009111149 18:10:00 45807 0 0
2009111150 18:20:00 55453 1 0
2009111151 18:30:00 18550 0 1
2009111152 18:40:00 92763 0 0
2009111153 18:50:00 45690 0 0
2009111154 19:00:00 81753 0 0
2009111155 19:10:00 89165 0 0
2009111156 19:20:00 96993 1 1
2009111157 19:30:00 72510 0 0
2009111158 19:40:00 62810 0 0
2009111159 19:50:00 34446 1 1
2009111160 20:00:00 63922 0 1
2009111161 20:10:00 22461 1 0
2009111162 20:20:00 06030 1 1
2009111163 20:30:00 23904 0 0
2009111164 20:40:00 71669 0 1
2009111165 20:50:00 75547 1 0
2009111166 21:00:00 19907 1 0
2009111167 21:10:00 81342 0 0
2009111168 21:20:00 48106 0 0
2009111169 21:30:00 39074 0 0
2009111170 21:40:00 50228 0 1
2009111171 21:50:00 62613 1 0
2009111172 22:00:00 79901 1 0
2009111173 22:10:00 97439 0 0
2009111174 22:20:00 14863 0 0
2009111175 22:30:00 11487 1 0
2009111176 22:40:00 17347 0 0
2009111177 22:50:00 92382 0 0
2009111178 23:00:00 36440 0 1
2009111179 23:10:00 15605 0 0
2009111180 23:20:00 98980 1 0
2009111181 23:30:00 63503 0 0
2009111182 23:40:00 44685 1 0
2009111183 23:50:00 58514 1 0
2009111184 00:00:00 57535 1 1
