2009041901 10:10:00 32681 0 0
2009041902 10:20:00 23034 0 0
2009041903 10:30:00 14493 1 0
2009041904 10:40:00 25709 0 0
2009041905 10:50:00 35764 0 0
2009041906 11:00:00 03891 0 0
2009041907 11:10:00 61691 1 0
2009041908 11:20:00 38438 0 0
2009041909 11:30:00 37778 1 1
2009041910 11:40:00 12537 0 0
2009041911 11:50:00 77944 1 1
2009041912 12:00:00 90398 0 0
2009041913 12:10:00 27319 0 0
2009041914 12:20:00 31634 0 0
2009041915 12:30:00 28100 0 1
2009041916 12:40:00 08039 1 0
2009041917 12:50:00 65851 0 0
2009041918 13:00:00 73764 1 0
2009041919 13:10:00 46558 0 1
2009041920 13:20:00 39403 0 0
2009041921 13:30:00 37722 1 1
2009041922 13:40:00 64961 0 0
2009041923 13:50:00 10345 0 0
2009041924 14:00:00 47321 0 0
2009041925 14:10:00 92006 0 1
2009041926 14:20:00 47689 0 0
2009041927 14:30:00 45395 0 0
2009041928 14:40:00 20899 0 1
2009041929 14:50:00 68735 0 0
2009041930 15:00:00 38955 0 1
2009041931 15:10:00 38706 0 0
2009041932 15:20:00 45257 0 0
2009041933 15:30:00 87038 0 0
2009041934 15:40:00 57763 1 0
2009041935 15:50:00 01524 0 0
2009041936 16:00:00 98751 0 0
2009041937 16:10:00 21905 0 0
2009041938 16:20:00 19678 0 0
2009041939 16:30:00 23431 0 0
2009041940 16:40:00 40671 0 0
2009041941 16:50:00 72948 0 0
2009041942 17:00:00 16413 0 0
2009041943 17:10:00 45069 0 0
2009041944 17:20:00 61026 0 0
2009041945 17:30:00 63586 0 0
2009041946 17:40:00 22747 1 1
2009041947 17:50:00 38522 0 1
2009041948 18:00:00 74389 0 0
2009041949 18:10:00 77507 1 0
2009041950 18:20:00 74956 0 0
2009041951 18:30:00 35603 0 0
2009041952 18:40:00 13135 1 0
2009041953 18:50:00 93105 0 0
2009041954 19:00:00 82983 0 0
2009041955 19:10:00 32848 0 1
2009041956 19:20:00 49511 0 1
2009041957 19:30:00 40490 1 0
2009041958 19:40:00 67787 1 1
2009041959 19:50:00 17602 0 0
2009041960 20:00:00 61362 0 0
2009041961 20:10:00 41978 0 0
2009041962 20:20:00 34448 1 1
2009041963 20:30:00 31345 1 0
2009041964 20:40:00 32551 0 1
2009041965 20:50:00 61222 0 1
2009041966 21:00:00 80462 0 0
2009041967 21:10:00 28266 1 1
2009041968 21:20:00 98854 1 0
2009041969 21:30:00 27388 0 1
2009041970 21:40:00 69121 0 1
2009041971 21:50:00 29969 1 1
2009041972 22:00:00 49397 0 0
