2009102801 10:10:00 83963 0 0
2009102802 10:20:00 68862 1 0
2009102803 10:30:00 98075 0 0
2009102804 10:40:00 21931 0 0
2009102805 10:50:00 72328 0 0
2009102806 11:00:00 48612 0 0
2009102807 11:10:00 26327 0 0
2009102808 11:20:00 52187 0 0
2009102809 11:30:00 14070 0 1
2009102810 11:40:00 72145 0 0
2009102811 11:50:00 63335 1 1
2009102812 12:00:00 06140 0 0
2009102813 12:10:00 89619 0 0
2009102814 12:20:00 72635 0 0
2009102815 12:30:00 19666 0 1
2009102816 12:40:00 58537 1 0
2009102817 12:50:00 78625 0 0
2009102818 13:00:00 62075 0 0
2009102819 13:10:00 84203 0 0
2009102820 13:20:00 78859 1 0
2009102821 13:30:00 29001 0 1
2009102822 13:40:00 73390 1 0
2009102823 13:50:00 51548 1 0
2009102824 14:00:00 36409 0 0
2009102825 14:10:00 16002 0 1
2009102826 14:20:00 98110 0 1
2009102827 14:30:00 47707 1 1
2009102828 14:40:00 39212 0 1
2009102829 14:50:00 68442 0 1
2009102830 15:00:00 44699 1 1
2009102831 15:10:00 25636 0 1
2009102832 15:20:00 63801 0 0
2009102833 15:30:00 31315 1 0
2009102834 15:40:00 41086 0 0
2009102835 15:50:00 77827 1 0
2009102836 16:00:00 13953 0 0
2009102837 16:10:00 35887 0 1
2009102838 16:20:00 08870 1 0
2009102839 16:30:00 49671 0 0
2009102840 16:40:00 03360 1 0
2009102841 16:50:00 67060 0 1
2009102842 17:00:00 03030 1 1
2009102843 17:10:00 50569 1 0
2009102844 17:20:00 37148 0 0
2009102845 17:30:00 20399 0 1
2009102846 17:40:00 66276 1 0
2009102847 17:50:00 91959 1 1
2009102848 18:00:00 18519 0 0
2009102849 18:10:00 27346 0 0
2009102850 18:20:00 11979 1 1
2009102851 18:30:00 04773 0 1
2009102852 18:40:00 82341 0 0
2009102853 18:50:00 44430 1 0
2009102854 19:00:00 56560 1 0
2009102855 19:10:00 79536 0 0
2009102856 19:20:00 80525 0 1
2009102857 19:30:00 25617 0 0
2009102858 19:40:00 85183 0 0
2009102859 19:50:00 79277 0 1
2009102860 20:00:00 01890 0 0
2009102861 20:10:00 72495 0 0
2009102862 20:20:00 57755 1 1
2009102863 20:30:00 83771 0 1
2009102864 20:40:00 79167 0 0
2009102865 20:50:00 73464 0 1
2009102866 21:00:00 67948 0 0
2009102867 21:10:00 81330 0 1
2009102868 21:20:00 21129 1 0
2009102869 21:30:00 93662 0 1
2009102870 21:40:00 58041 0 0
2009102871 21:50:00 50011 1 1
2009102872 22:00:00 39986 1 0
2009102873 22:10:00 76726 1 0
2009102874 22:20:00 28152 0 0
2009102875 22:30:00 20041 1 0
2009102876 22:40:00 89460 0 0
2009102877 22:50:00 63884 0 1
2009102878 23:00:00 01744 0 1
2009102879 23:10:00 92491 0 0
2009102880 23:20:00 38009 0 1
2009102881 23:30:00 14152 1 0
2009102882 23:40:00 19878 0 1
2009102883 23:50:00 03407 0 0
2009102884 00:00:00 71888 0 1
