2009071701 10:10:00 79958 1 0
2009071702 10:20:00 72826 0 0
2009071703 10:30:00 59736 0 0
2009071704 10:40:00 00145 1 0
2009071705 10:50:00 32127 0 0
2009071706 11:00:00 80884 1 1
2009071707 11:10:00 36886 0 1
2009071708 11:20:00 05128 0 0
2009071709 11:30:00 28428 0 0
2009071710 11:40:00 00461 1 0
2009071711 11:50:00 25779 0 1
2009071712 12:00:00 37162 0 0
2009071713 12:10:00 22599 1 1
2009071714 12:20:00 17350 0 0
2009071715 12:30:00 44769 1 0
2009071716 12:40:00 81477 0 1
2009071717 12:50:00 50005 1 1
2009071718 13:00:00 01257 0 0
2009071719 13:10:00 78751 1 0
2009071720 13:20:00 10725 0 0
2009071721 13:30:00 84480 1 0
2009071722 13:40:00 96508 0 0
2009071723 13:50:00 03094 1 0
2009071724 14:00:00 34305 1 0
2009071725 14:10:00 65382 0 0
2009071726 14:20:00 21364 0 0
2009071727 14:30:00 57763 1 0
2009071728 14:40:00 65664 1 1
2009071729 14:50:00 99351 1 0
2009071730 15:00:00 87087 0 0
2009071731 15:10:00 07153 0 0
2009071732 15:20:00 99583 1 0
2009071733 15:30:00 63890 0 0
2009071734 15:40:00 49155 0 1
2009071735 15:50:00 09234 0 0
2009071736 16:00:00 35051 0 0
2009071737 16:10:00 50895 0 0
2009071738 16:20:00 78788 1 1
2009071739 16:30:00 06792 0 0
2009071740 16:40:00 53172 0 0
2009071741 16:50:00 30893 0 0
2009071742 17:00:00 94627 0 0
2009071743 17:10:00 27583 0 0
2009071744 17:20:00 50657 0 0
2009071745 17:30:00 19804 0 0
2009071746 17:40:00 22824 1 0
2009071747 17:50:00 07734 1 0
2009071748 18:00:00 52574 1 0
2009071749 18:10:00 83334 1 1
2009071750 18:20:00 43254 0 0
2009071751 18:30:00 44878 1 1
2009071752 18:40:00 49036 0 0
2009071753 18:50:00 87766 1 1
2009071754 19:00:00 73201 0 0
2009071755 19:10:00 82592 0 0
2009071756 19:20:00 86239 0 0
2009071757 19:30:00 11909 1 1
2009071758 19:40:00 01900 0 1
2009071759 19:50:00 17428 0 0
2009071760 20:00:00 44231 1 0
2009071761 20:10:00 89471 0 0
2009071762 20:20:00 75095 0 0
2009071763 20:30:00 45912 0 0
2009071764 20:40:00 41426 1 0
2009071765 20:50:00 32111 0 1
2009071766 21:00:00 31542 0 0
2009071767 21:10:00 90105 0 0
2009071768 21:20:00 02663 0 1
2009071769 21:30:00 80115 0 1
2009071770 21:40:00 31827 0 0
2009071771 21:50:00 46346 0 0
2009071772 22:00:00 72891 0 0
2009071773 22:10:00 78318 0 0
2009071774 22:20:00 66207 1 0
2009071775 22:30:00 69647 1 0
2009071776 22:40:00 22258 1 0
2009071777 22:50:00 02237 1 0
2009071778 23:00:00 66686 1 1
2009071779 23:10:00 09261 0 0
2009071780 23:20:00 85952 0 0
2009071781 23:30:00 30322 1 1
2009071782 23:40:00 02816 0 0
2009071783 23:50:00 71771 1 1
2009071784 00:00:00 26526 0 0
