2009031501 10:10:00 51028 0 0
2009031502 10:20:00 67424 0 1
2009031503 10:30:00 19954 1 0
2009031504 10:40:00 50792 0 0
2009031505 10:50:00 54093 0 0
2009031506 11:00:00 46612 1 0
2009031507 11:10:00 37899 0 1
2009031508 11:20:00 13687 0 0
2009031509 11:30:00 77931 1 0
2009031510 11:40:00 63894 0 0
2009031511 11:50:00 72512 0 0
2009031512 12:00:00 40357 0 0
2009031513 12:10:00 37862 0 0
2009031514 12:20:00 46317 0 0
2009031515 12:30:00 66842 1 0
2009031516 12:40:00 65490 0 0
2009031517 12:50:00 19607 0 0
2009031518 13:00:00 06058 1 0
2009031519 13:10:00 91287 0 0
2009031520 13:20:00 66381 1 0
2009031521 13:30:00 81098 0 0
2009031522 13:40:00 57313 0 1
2009031523 13:50:00 77642 1 0
2009031524 14:00:00 87736 1 0
2009031525 14:10:00 31439 0 0
2009031526 14:20:00 56247 0 0
2009031527 14:30:00 63937 0 0
2009031528 14:40:00 00311 1 1
2009031529 14:50:00 13057 0 0
2009031530 15:00:00 85121 0 1
2009031531 15:10:00 66357 1 0
2009031532 15:20:00 39434 0 1
2009031533 15:30:00 03024 1 0
2009031534 15:40:00 46227 0 1
2009031535 15:50:00 49567 0 0
2009031536 16:00:00 93966 1 1
2009031537 16:10:00 36830 0 0
2009031538 16:20:00 45367 0 0
2009031539 16:30:00 47245 0 0
2009031540 16:40:00 33003 1 1
2009031541 16:50:00 92829 0 0
2009031542 17:00:00 87810 1 0
2009031543 17:10:00 36621 1 0
2009031544 17:20:00 14722 0 1
2009031545 17:30:00 47037 0 0
2009031546 17:40:00 40485 1 0
2009031547 17:50:00 90044 1 1
2009031548 18:00:00 31878 0 1
2009031549 18:10:00 25441 0 1
2009031550 18:20:00 10912 0 0
2009031551 18:30:00 95475 0 0
2009031552 18:40:00 77608 1 0
2009031553 18:50:00 52546 1 0
2009031554 19:00:00 85072 0 0
2009031555 19:10:00 30198 0 0
2009031556 19:20:00 18084 0 0
2009031557 19:30:00 73909 0 1
2009031558 19:40:00 75022 0 1
2009031559 19:50:00 83530 0 0
2009031560 20:00:00 20778 0 1
2009031561 20:10:00 56725 0 0
2009031562 20:20:00 17373 0 1
2009031563 20:30:00 54902 0 0
2009031564 20:40:00 54143 0 0
2009031565 20:50:00 81235 0 0
2009031566 21:00:00 85926 0 0
2009031567 21:10:00 24148 0 0
2009031568 21:20:00 82175 0 0
2009031569 21:30:00 81715 0 0
2009031570 21:40:00 04654 0 0
2009031571 21:50:00 39870 0 0
2009031572 22:00:00 68769 0 0
