2009060401 10:10:00 29172 0 0
2009060402 10:20:00 59912 1 0
2009060403 10:30:00 66956 1 0
2009060404 10:40:00 28910 0 0
2009060405 10:50:00 30981 0 0
2009060406 11:00:00 22380 1 0
2009060407 11:10:00 70402 0 0
2009060408 11:20:00 96145 0 0
2009060409 11:30:00 48687 0 0
2009060410 11:40:00 38836 1 0
2009060411 11:50:00 35629 0 0
2009060412 12:00:00 88951 1 0
2009060413 12:10:00 64134 0 0
2009060414 12:20:00 56914 0 0
2009060415 12:30:00 58923 0 0
2009060416 12:40:00 49512 0 0
2009060417 12:50:00 11267 1 0
2009060418 13:00:00 57783 1 0
2009060419 13:10:00 81861 1 0
2009060420 13:20:00 72754 1 0
2009060421 13:30:00 07659 0 0
2009060422 13:40:00 68530 0 0
2009060423 13:50:00 59416 0 0
2009060424 14:00:00 35682 0 0
2009060425 14:10:00 18673 0 0
2009060426 14:20:00 08969 0 1
2009060427 14:30:00 32992 0 1
2009060428 14:40:00 91764 0 0
2009060429 14:50:00 10658 0 0
2009060430 15:00:00 48817 1 0
2009060431 15:10:00 38490 0 0
2009060432 15:20:00 40431 1 0
2009060433 15:30:00 93879 0 0
2009060434 15:40:00 73691 0 0
2009060435 15:50:00 67471 0 0
2009060436 16:00:00 71200 0 1
2009060437 16:10:00 45117 0 1
2009060438 16:20:00 38700 0 1
2009060439 16:30:00 82853 1 0
2009060440 16:40:00 54084 0 0
2009060441 16:50:00 61481 0 0
2009060442 17:00:00 03328 1 0
2009060443 17:10:00 72625 0 0
2009060444 17:20:00 85699 0 1
2009060445 17:30:00 67016 0 0
2009060446 17:40:00 74839 0 0
2009060447 17:50:00 03091 1 0
2009060448 18:00:00 25716 0 0
2009060449 18:10:00 82118 0 1
2009060450 18:20:00 33594 1 0
2009060451 18:30:00 39813 0 0
2009060452 18:40:00 60969 0 1
2009060453 18:50:00 82865 1 0
2009060454 19:00:00 92826 0 0
2009060455 19:10:00 89989 1 1
2009060456 19:20:00 66476 1 0
2009060457 19:30:00 59895 0 0
2009060458 19:40:00 20075 1 0
2009060459 19:50:00 67102 0 0
2009060460 20:00:00 21393 0 1
2009060461 20:10:00 71129 1 0
2009060462 20:20:00 19183 1 0
2009060463 20:30:00 71620 0 0
2009060464 20:40:00 99091 1 0
2009060465 20:50:00 60517 0 0
2009060466 21:00:00 65686 1 1
2009060467 21:10:00 57747 1 1
2009060468 21:20:00 88333 1 1
2009060469 21:30:00 41686 0 1
2009060470 21:40:00 44176 1 0
2009060471 21:50:00 29130 0 0
2009060472 22:00:00 61638 1 0
2009060473 22:10:00 42995 0 1
2009060474 22:20:00 65221 0 1
2009060475 22:30:00 56802 0 0
2009060476 22:40:00 58896 1 0
2009060477 22:50:00 54271 0 0
2009060478 23:00:00 20364 0 0
2009060479 23:10:00 60864 0 0
2009060480 23:20:00 44616 1 1
2009060481 23:30:00 26080 0 1
2009060482 23:40:00 14064 0 0
2009060483 23:50:00 09753 0 0
2009060484 00:00:00 35695 0 0
