2009032801 10:10:00 72431 0 0
2009032802 10:20:00 98735 0 0
2009032803 10:30:00 42102 0 0
2009032804 10:40:00 68190 0 0
2009032805 10:50:00 09427 0 0
2009032806 11:00:00 84906 0 0
2009032807 11:10:00 53053 0 0
2009032808 11:20:00 44080 1 1
2009032809 11:30:00 98945 1 0
2009032810 11:40:00 52550 1 1
2009032811 11:50:00 27076 0 0
2009032812 12:00:00 34468 1 0
2009032813 12:10:00 90991 1 1
2009032814 12:20:00 58148 0 0
2009032815 12:30:00 46395 0 0
2009032816 12:40:00 67439 0 0
2009032817 12:50:00 65544 1 1
2009032818 13:00:00 36595 0 1
2009032819 13:10:00 63091 0 0
2009032820 13:20:00 58695 0 0
2009032821 13:30:00 18321 0 0
2009032822 13:40:00 48654 0 0
2009032823 13:50:00 70880 0 1
2009032824 14:00:00 51429 0 0
2009032825 14:10:00 09212 0 1
2009032826 14:20:00 49277 0 1
2009032827 14:30:00 22974 1 0
2009032828 14:40:00 40705 0 0
2009032829 14:50:00 38962 0 0
2009032830 15:00:00 00289 1 0
2009032831 15:10:00 52666 0 1
2009032832 15:20:00 65848 0 1
2009032833 15:30:00 58069 0 0
2009032834 15:40:00 71573 0 0
2009032835 15:50:00 12184 1 0
2009032836 16:00:00 92739 0 0
2009032837 16:10:00 86993 0 1
2009032838 16:20:00 16068 0 0
2009032839 16:30:00 56774 0 1
2009032840 16:40:00 34278 0 0
2009032841 16:50:00 93280 0 0
2009032842 17:00:00 37399 1 1
2009032843 17:10:00 79250 0 0
2009032844 17:20:00 78306 0 0
2009032845 17:30:00 91030 0 1
2009032846 17:40:00 93068 0 0
2009032847 17:50:00 11067 1 0
2009032848 18:00:00 38396 1 0
2009032849 18:10:00 12994 0 1
2009032850 18:20:00 07043 1 0
2009032851 18:30:00 75766 1 1
2009032852 18:40:00 60792 0 0
2009032853 18:50:00 04917 0 0
2009032854 19:00:00 03384 1 0
2009032855 19:10:00 70765 1 0
2009032856 19:20:00 98072 0 0
2009032857 19:30:00 50084 1 0
2009032858 19:40:00 76336 0 1
2009032859 19:50:00 21213 1 0
2009032860 20:00:00 29474 0 1
2009032861 20:10:00 44857 1 0
2009032862 20:20:00 68260 0 0
2009032863 20:30:00 26789 0 0
2009032864 20:40:00 27985 0 0
2009032865 20:50:00 22245 1 0
2009032866 21:00:00 31237 0 0
2009032867 21:10:00 50072 1 0
2009032868 21:20:00 20559 0 1
2009032869 21:30:00 49962 1 0
2009032870 21:40:00 28378 0 0
2009032871 21:50:00 27771 1 1
2009032872 22:00:00 24517 0 0
