2009110501 10:10:00 63054 0 0
2009110502 10:20:00 38720 0 0
2009110503 10:30:00 15067 0 0
2009110504 10:40:00 70700 1 1
2009110505 10:50:00 01317 0 0
2009110506 11:00:00 38309 1 0
2009110507 11:10:00 36192 0 0
2009110508 11:20:00 00360 1 0
2009110509 11:30:00 67641 1 0
2009110510 11:40:00 71551 0 1
2009110511 11:50:00 16781 0 0
2009110512 12:00:00 60585 0 1
2009110513 12:10:00 46907 0 0
2009110514 12:20:00 80169 0 0
2009110515 12:30:00 93289 0 0
2009110516 12:40:00 37093 0 0
2009110517 12:50:00 31132 1 0
2009110518 13:00:00 12453 0 0
2009110519 13:10:00 63398 1 0
2009110520 13:20:00 71415 0 0
2009110521 13:30:00 32043 0 0
2009110522 13:40:00 96614 1 0
2009110523 13:50:00 76292 0 1
2009110524 14:00:00 66650 1 0
2009110525 14:10:00 53712 0 0
2009110526 14:20:00 09253 0 0
2009110527 14:30:00 03543 0 0
2009110528 14:40:00 36257 0 0
2009110529 14:50:00 25288 1 1
2009110530 15:00:00 22237 1 0
2009110531 15:10:00 57993 0 1
2009110532 15:20:00 79338 0 1
2009110533 15:30:00 78486 0 0
2009110534 15:40:00 90772 0 1
2009110535 15:50:00 17966 0 1
2009110536 16:00:00 39700 0 1
2009110537 16:10:00 68988 0 1
2009110538 16:20:00 30149 0 0
2009110539 16:30:00 74909 0 1
2009110540 16:40:00 81451 0 0
2009110541 16:50:00 87009 0 1
2009110542 17:00:00 28549 0 0
2009110543 17:10:00 20398 0 0
2009110544 17:20:00 64339 0 1
2009110545 17:30:00 07499 0 1
2009110546 17:40:00 68884 1 1
2009110547 17:50:00 70306 0 0
2009110548 18:00:00 36945 0 0
2009110549 18:10:00 43139 0 0
2009110550 18:20:00 29370 0 0
2009110551 18:30:00 65818 0 1
2009110552 18:40:00 09048 1 0
2009110553 18:50:00 00044 1 1
2009110554 19:00:00 17835 0 0
2009110555 19:10:00 78375 0 0
2009110556 19:20:00 93219 0 0
2009110557 19:30:00 47352 0 0
2009110558 19:40:00 72259 1 0
2009110559 19:50:00 78125 0 0
2009110560 20:00:00 80824 1 0
2009110561 20:10:00 87362 0 0
2009110562 20:20:00 12724 0 0
2009110563 20:30:00 67294 0 0
2009110564 20:40:00 72026 0 0
2009110565 20:50:00 87735 1 0
2009110566 21:00:00 97392 0 0
2009110567 21:10:00 64695 1 0
2009110568 21:20:00 07257 0 0
2009110569 21:30:00 25255 1 1
2009110570 21:40:00 77151 1 1
2009110571 21:50:00 25677 0 1
2009110572 22:00:00 78029 0 0
2009110573 22:10:00 47038 0 0
2009110574 22:20:00 83944 0 1
2009110575 22:30:00 96092 0 0
2009110576 22:40:00 01446 0 1
2009110577 22:50:00 98954 1 0
2009110578 23:00:00 03290 0 0
2009110579 23:10:00 39557 0 1
2009110580 23:20:00 21617 0 0
2009110581 23:30:00 31805 0 0
2009110582 23:40:00 31515 0 1
2009110583 23:50:00 16044 0 1
2009110584 00:00:00 07889 0 1
