2009091401 10:10:00 90698 0 0
2009091402 10:20:00 22089 1 0
2009091403 10:30:00 33460 1 0
2009091404 10:40:00 11286 1 0
2009091405 10:50:00 91090 0 1
2009091406 11:00:00 78326 0 0
2009091407 11:10:00 62748 0 0
2009091408 11:20:00 39750 0 0
2009091409 11:30:00 95444 0 1
2009091410 11:40:00 75123 0 0
2009091411 11:50:00 65546 1 0
2009091412 12:00:00 00657 1 0
2009091413 12:10:00 11224 1 1
2009091414 12:20:00 79536 0 0
2009091415 12:30:00 81798 0 0
2009091416 12:40:00 30437 0 0
2009091417 12:50:00 40028 1 0
2009091418 13:00:00 23513 0 0
2009091419 13:10:00 71765 1 0
2009091420 13:20:00 70355 0 1
2009091421 13:30:00 46538 0 0
2009091422 13:40:00 54675 0 0
2009091423 13:50:00 43939 0 1
2009091424 14:00:00 03261 0 0
2009091425 14:10:00 81725 0 0
2009091426 14:20:00 56009 0 1
2009091427 14:30:00 90401 0 0
2009091428 14:40:00 13521 0 0
2009091429 14:50:00 65786 0 0
2009091430 15:00:00 10212 0 1
2009091431 15:10:00 75387 0 0
2009091432 15:20:00 16912 0 0
2009091433 15:30:00 78201 0 0
2009091434 15:40:00 91092 0 0
2009091435 15:50:00 76751 1 0
2009091436 16:00:00 88495 1 0
2009091437 16:10:00 83086 0 0
2009091438 16:20:00 34286 0 0
2009091439 16:30:00 29035 0 0
2009091440 16:40:00 96319 0 0
2009091441 16:50:00 82837 1 0
2009091442 17:00:00 72573 0 0
2009091443 17:10:00 58124 0 0
2009091444 17:20:00 42068 0 0
2009091445 17:30:00 96005 0 1
2009091446 17:40:00 87574 0 0
2009091447 17:50:00 43885 0 1
2009091448 18:00:00 24143 0 0
2009091449 18:10:00 75666 0 1
2009091450 18:20:00 08781 0 0
2009091451 18:30:00 84235 0 0
2009091452 18:40:00 92715 0 0
2009091453 18:50:00 53153 0 0
2009091454 19:00:00 90185 0 0
2009091455 19:10:00 40679 0 0
2009091456 19:20:00 79333 0 1
2009091457 19:30:00 48577 0 1
2009091458 19:40:00 35115 0 1
2009091459 19:50:00 98782 0 0
2009091460 20:00:00 93192 0 0
2009091461 20:10:00 24993 0 1
2009091462 20:20:00 52834 0 0
2009091463 20:30:00 37968 0 0
2009091464 20:40:00 33921 1 0
2009091465 20:50:00 97511 0 1
2009091466 21:00:00 68790 0 0
2009091467 21:10:00 88876 1 0
2009091468 21:20:00 08120 0 0
2009091469 21:30:00 54889 0 1
2009091470 21:40:00 17691 0 0
2009091471 21:50:00 64956 0 0
2009091472 22:00:00 55503 1 0
2009091473 22:10:00 98691 0 0
2009091474 22:20:00 12636 0 1
2009091475 22:30:00 03522 0 1
2009091476 22:40:00 31312 1 0
2009091477 22:50:00 25837 0 0
2009091478 23:00:00 24545 0 1
2009091479 23:10:00 13000 0 1
2009091480 23:20:00 36383 1 1
2009091481 23:30:00 20814 0 0
2009091482 23:40:00 53637 0 0
2009091483 23:50:00 22031 1 0
2009091484 00:00:00 38941 0 0
