2009091101 10:10:00 64776 0 1
2009091102 10:20:00 90164 0 0
2009091103 10:30:00 84670 0 0
2009091104 10:40:00 97300 0 1
2009091105 10:50:00 36410 0 0
2009091106 11:00:00 65139 0 0
2009091107 11:10:00 84700 0 1
2009091108 11:20:00 52790 0 0
2009091109 11:30:00 20673 0 0
2009091110 11:40:00 63996 0 1
2009091111 11:50:00 43267 0 0
2009091112 12:00:00 83798 0 0
2009091113 12:10:00 65066 0 1
2009091114 12:20:00 90905 1 0
2009091115 12:30:00 01418 0 0
2009091116 12:40:00 84854 1 0
2009091117 12:50:00 12319 0 0
2009091118 13:00:00 90461 0 0
2009091119 13:10:00 56311 0 1
2009091120 13:20:00 10005 1 1
2009091121 13:30:00 76831 0 0
2009091122 13:40:00 42199 0 1
2009091123 13:50:00 92533 0 1
2009091124 14:00:00 42375 0 0
2009091125 14:10:00 86095 0 0
2009091126 14:20:00 89363 0 1
2009091127 14:30:00 38802 1 0
2009091128 14:40:00 31759 0 0
2009091129 14:50:00 85410 0 0
2009091130 15:00:00 38602 0 0
2009091131 15:10:00 83286 0 0
2009091132 15:20:00 52867 0 0
2009091133 15:30:00 49191 0 1
2009091134 15:40:00 54310 0 0
2009091135 15:50:00 49483 1 0
2009091136 16:00:00 65593 1 0
2009091137 16:10:00 66224 1 1
2009091138 16:20:00 04682 0 0
2009091139 16:30:00 83694 0 0
2009091140 16:40:00 27123 0 0
2009091141 16:50:00 65735 0 0
2009091142 17:00:00 39004 0 1
2009091143 17:10:00 20756 0 0
2009091144 17:20:00 36442 0 1
2009091145 17:30:00 63913 0 0
2009091146 17:40:00 08505 0 1
2009091147 17:50:00 19144 1 1
2009091148 18:00:00 96376 0 0
2009091149 18:10:00 50725 0 0
2009091150 18:20:00 76884 0 1
2009091151 18:30:00 55282 1 1
2009091152 18:40:00 31268 0 0
2009091153 18:50:00 33888 1 1
2009091154 19:00:00 20514 0 0
2009091155 19:10:00 08465 0 0
2009091156 19:20:00 92302 0 0
2009091157 19:30:00 14887 0 1
2009091158 19:40:00 87212 0 1
2009091159 19:50:00 18322 0 1
2009091160 20:00:00 81400 0 1
2009091161 20:10:00 05636 0 1
2009091162 20:20:00 51727 0 1
2009091163 20:30:00 44440 1 1
2009091164 20:40:00 59798 0 0
2009091165 20:50:00 40423 1 0
2009091166 21:00:00 12923 0 0
2009091167 21:10:00 46847 0 0
2009091168 21:20:00 19832 0 0
2009091169 21:30:00 67504 0 0
2009091170 21:40:00 02680 0 0
2009091171 21:50:00 44053 1 0
2009091172 22:00:00 29110 0 1
2009091173 22:10:00 46392 0 0
2009091174 22:20:00 94510 0 0
2009091175 22:30:00 29329 0 0
2009091176 22:40:00 35169 0 0
2009091177 22:50:00 33934 1 0
2009091178 23:00:00 40163 0 0
2009091179 23:10:00 73869 0 0
2009091180 23:20:00 02878 0 1
2009091181 23:30:00 16479 0 0
2009091182 23:40:00 53688 0 1
2009091183 23:50:00 72597 0 0
2009091184 00:00:00 10671 0 0
