2010071301 10:10:00 79320 0 0
2010071302 10:20:00 89303 0 1
2010071303 10:30:00 52991 0 1
2010071304 10:40:00 47519 0 0
2010071305 10:50:00 69626 1 1
2010071306 11:00:00 13878 0 1
2010071307 11:10:00 58271 0 0
2010071308 11:20:00 99517 1 0
2010071309 11:30:00 89357 0 0
2010071310 11:40:00 23321 1 0
2010071311 11:50:00 20136 0 0
2010071312 12:00:00 49489 1 0
2010071313 12:10:00 49832 0 0
2010071314 12:20:00 82470 0 0
2010071315 12:30:00 20004 1 1
2010071316 12:40:00 17102 1 0
2010071317 12:50:00 28000 0 1
2010071318 13:00:00 31059 0 0
2010071319 13:10:00 24497 1 0
2010071320 13:20:00 81532 0 0
2010071321 13:30:00 47703 1 0
2010071322 13:40:00 01299 0 1
2010071323 13:50:00 27861 0 0
2010071324 14:00:00 40733 0 1
2010071325 14:10:00 61549 0 0
2010071326 14:20:00 60464 0 1
2010071327 14:30:00 01152 1 0
2010071328 14:40:00 39387 1 0
2010071329 14:50:00 24507 0 0
2010071330 15:00:00 45319 0 0
2010071331 15:10:00 71323 0 1
2010071332 15:20:00 79144 0 1
2010071333 15:30:00 51505 1 1
2010071334 15:40:00 43593 0 0
2010071335 15:50:00 98810 1 0
2010071336 16:00:00 90382 0 0
2010071337 16:10:00 72505 0 1
2010071338 16:20:00 29613 0 0
2010071339 16:30:00 70839 0 0
2010071340 16:40:00 75254 0 0
2010071341 16:50:00 40282 0 1
2010071342 17:00:00 01244 0 1
2010071343 17:10:00 95654 0 0
2010071344 17:20:00 32565 0 1
2010071345 17:30:00 92546 0 0
2010071346 17:40:00 28490 0 0
2010071347 17:50:00 34191 0 1
2010071348 18:00:00 53386 1 0
2010071349 18:10:00 99707 1 1
2010071350 18:20:00 95108 0 0
2010071351 18:30:00 16440 0 1
2010071352 18:40:00 62050 0 1
2010071353 18:50:00 44622 1 1
2010071354 19:00:00 50909 0 1
2010071355 19:10:00 77446 1 1
2010071356 19:20:00 87724 1 0
2010071357 19:30:00 00732 1 0
2010071358 19:40:00 02132 0 0
2010071359 19:50:00 26052 0 0
2010071360 20:00:00 66301 1 0
2010071361 20:10:00 25232 1 1
2010071362 20:20:00 17069 0 0
2010071363 20:30:00 41415 1 0
2010071364 20:40:00 89683 0 0
2010071365 20:50:00 28274 1 0
2010071366 21:00:00 90049 1 0
2010071367 21:10:00 73682 0 0
2010071368 21:20:00 00424 1 1
2010071369 21:30:00 69791 0 0
2010071370 21:40:00 64597 0 0
2010071371 21:50:00 91195 1 0
2010071372 22:00:00 95776 0 1
2010071373 22:10:00 52047 0 0
2010071374 22:20:00 36133 0 1
2010071375 22:30:00 13535 0 1
2010071376 22:40:00 87429 0 0
2010071377 22:50:00 97342 0 0
2010071378 23:00:00 61492 0 0
2010071379 23:10:00 69629 1 0
2010071380 23:20:00 34921 0 0
2010071381 23:30:00 33757 1 1
2010071382 23:40:00 21840 0 0
2010071383 23:50:00 76221 0 1
2010071384 00:00:00 02355 0 1
