2010071801 10:10:00 46106 0 0
2010071802 10:20:00 75396 0 0
2010071803 10:30:00 88619 1 0
2010071804 10:40:00 69267 0 0
2010071805 10:50:00 50945 0 0
2010071806 11:00:00 14519 0 0
2010071807 11:10:00 32169 0 0
2010071808 11:20:00 62795 0 0
2010071809 11:30:00 25377 0 1
2010071810 11:40:00 88892 1 0
2010071811 11:50:00 28072 0 0
2010071812 12:00:00 28278 1 0
2010071813 12:10:00 71874 0 0
2010071814 12:20:00 79673 0 0
2010071815 12:30:00 51873 0 0
2010071816 12:40:00 82050 0 1
2010071817 12:50:00 10294 0 0
2010071818 13:00:00 73576 0 0
2010071819 13:10:00 49706 0 0
2010071820 13:20:00 84261 0 0
2010071821 13:30:00 24381 0 0
2010071822 13:40:00 17781 1 0
2010071823 13:50:00 97738 1 0
2010071824 14:00:00 43183 0 0
2010071825 14:10:00 08554 0 1
2010071826 14:20:00 54244 0 1
2010071827 14:30:00 76592 0 0
2010071828 14:40:00 34233 0 1
2010071829 14:50:00 62926 0 0
2010071830 15:00:00 89675 0 0
2010071831 15:10:00 31100 1 1
2010071832 15:20:00 86981 0 0
2010071833 15:30:00 32339 1 1
2010071834 15:40:00 56371 0 0
2010071835 15:50:00 31197 1 0
2010071836 16:00:00 78934 0 0
2010071837 16:10:00 83819 1 0
2010071838 16:20:00 10587 0 0
2010071839 16:30:00 64075 0 0
2010071840 16:40:00 50519 1 0
2010071841 16:50:00 85822 1 1
2010071842 17:00:00 57272 0 1
2010071843 17:10:00 82595 0 1
2010071844 17:20:00 77713 1 0
2010071845 17:30:00 07552 0 1
2010071846 17:40:00 91080 0 1
2010071847 17:50:00 26208 1 0
2010071848 18:00:00 80884 1 1
2010071849 18:10:00 54716 0 0
2010071850 18:20:00 27196 0 0
2010071851 18:30:00 93326 1 0
2010071852 18:40:00 96063 0 0
2010071853 18:50:00 97625 0 0
2010071854 19:00:00 59513 1 0
2010071855 19:10:00 28245 1 0
2010071856 19:20:00 97474 0 1
2010071857 19:30:00 04668 0 1
2010071858 19:40:00 10104 1 0
2010071859 19:50:00 18699 0 1
2010071860 20:00:00 16809 0 0
2010071861 20:10:00 77030 1 1
2010071862 20:20:00 26288 1 1
2010071863 20:30:00 65126 0 0
2010071864 20:40:00 73684 0 0
2010071865 20:50:00 83061 0 0
2010071866 21:00:00 80821 1 0
2010071867 21:10:00 56271 0 0
2010071868 21:20:00 22165 1 0
2010071869 21:30:00 65789 0 0
2010071870 21:40:00 84890 1 0
2010071871 21:50:00 50585 1 1
2010071872 22:00:00 84514 0 0
2010071873 22:10:00 79039 0 0
2010071874 22:20:00 14437 1 0
2010071875 22:30:00 16067 0 0
2010071876 22:40:00 27563 0 0
2010071877 22:50:00 56709 0 0
2010071878 23:00:00 48831 1 0
2010071879 23:10:00 46897 0 0
2010071880 23:20:00 84479 1 0
2010071881 23:30:00 94810 0 0
2010071882 23:40:00 34066 0 1
2010071883 23:50:00 21142 1 0
2010071884 00:00:00 82765 0 0
