2010040601 10:10:00 09953 1 0
2010040602 10:20:00 87227 0 1
2010040603 10:30:00 30762 0 0
2010040604 10:40:00 99414 1 1
2010040605 10:50:00 66345 1 0
2010040606 11:00:00 22780 1 0
2010040607 11:10:00 98743 0 0
2010040608 11:20:00 80768 0 0
2010040609 11:30:00 46903 0 0
2010040610 11:40:00 96142 0 0
2010040611 11:50:00 75426 0 0
2010040612 12:00:00 91913 1 0
2010040613 12:10:00 56643 1 0
2010040614 12:20:00 73628 0 0
2010040615 12:30:00 75273 0 0
2010040616 12:40:00 85420 0 0
2010040617 12:50:00 00278 1 0
2010040618 13:00:00 45510 1 0
2010040619 13:10:00 73767 1 1
2010040620 13:20:00 07467 0 0
2010040621 13:30:00 43266 0 1
2010040622 13:40:00 36716 0 0
2010040623 13:50:00 27193 0 0
2010040624 14:00:00 84885 1 1
2010040625 14:10:00 17712 1 0
2010040626 14:20:00 16035 0 0
2010040627 14:30:00 60665 1 1
2010040628 14:40:00 01591 0 0
2010040629 14:50:00 00894 1 0
2010040630 15:00:00 20117 0 1
2010040631 15:10:00 00608 1 0
2010040632 15:20:00 78963 0 0
2010040633 15:30:00 20915 0 0
2010040634 15:40:00 38208 0 0
2010040635 15:50:00 31985 0 0
2010040636 16:00:00 73816 0 0
2010040637 16:10:00 22936 1 0
2010040638 16:20:00 07246 0 0
2010040639 16:30:00 14809 0 0
2010040640 16:40:00 28515 0 1
2010040641 16:50:00 72166 0 1
2010040642 17:00:00 28357 0 0
2010040643 17:10:00 80317 0 0
2010040644 17:20:00 26084 0 0
2010040645 17:30:00 58843 1 0
2010040646 17:40:00 09293 0 0
2010040647 17:50:00 42038 0 0
2010040648 18:00:00 75574 1 0
2010040649 18:10:00 36164 0 0
2010040650 18:20:00 73204 0 0
2010040651 18:30:00 23992 0 1
2010040652 18:40:00 60573 0 0
2010040653 18:50:00 48754 0 0
2010040654 19:00:00 85778 0 1
2010040655 19:10:00 96297 0 0
2010040656 19:20:00 83154 0 0
2010040657 19:30:00 01564 0 0
2010040658 19:40:00 74380 0 0
2010040659 19:50:00 80408 0 0
2010040660 20:00:00 00511 1 1
2010040661 20:10:00 19554 0 1
2010040662 20:20:00 14482 1 0
2010040663 20:30:00 89772 0 1
2010040664 20:40:00 57677 0 1
2010040665 20:50:00 90079 1 0
2010040666 21:00:00 12693 0 0
2010040667 21:10:00 38868 1 1
2010040668 21:20:00 38906 0 0
2010040669 21:30:00 47558 0 1
2010040670 21:40:00 07356 0 0
2010040671 21:50:00 03373 1 1
2010040672 22:00:00 03732 0 0
2010040673 22:10:00 74313 0 1
2010040674 22:20:00 12031 0 0
2010040675 22:30:00 07463 0 0
2010040676 22:40:00 10779 0 1
2010040677 22:50:00 48975 0 0
2010040678 23:00:00 70441 0 1
2010040679 23:10:00 06863 0 0
2010040680 23:20:00 35420 0 0
2010040681 23:30:00 52465 0 0
2010040682 23:40:00 64355 0 1
2010040683 23:50:00 03615 0 0
2010040684 00:00:00 04103 0 0
