2010052101 10:10:00 26174 0 0
2010052102 10:20:00 23920 0 0
2010052103 10:30:00 72485 0 0
2010052104 10:40:00 07591 0 0
2010052105 10:50:00 87350 0 0
2010052106 11:00:00 04357 0 0
2010052107 11:10:00 61638 1 0
2010052108 11:20:00 62436 0 0
2010052109 11:30:00 42195 0 0
2010052110 11:40:00 90820 0 0
2010052111 11:50:00 71088 0 1
2010052112 12:00:00 04467 1 0
2010052113 12:10:00 28641 0 0
2010052114 12:20:00 53713 0 0
2010052115 12:30:00 93089 0 0
2010052116 12:40:00 91957 1 0
2010052117 12:50:00 76413 0 0
2010052118 13:00:00 69373 0 1
2010052119 13:10:00 68532 0 0
2010052120 13:20:00 24609 0 0
2010052121 13:30:00 15502 1 0
2010052122 13:40:00 38805 1 0
2010052123 13:50:00 66101 1 1
2010052124 14:00:00 49775 0 1
2010052125 14:10:00 86424 0 1
2010052126 14:20:00 15446 0 1
2010052127 14:30:00 57753 1 0
2010052128 14:40:00 97390 0 0
2010052129 14:50:00 05428 0 0
2010052130 15:00:00 60200 0 1
2010052131 15:10:00 91330 0 1
2010052132 15:20:00 65288 0 1
2010052133 15:30:00 67143 0 0
2010052134 15:40:00 10339 0 1
2010052135 15:50:00 34429 1 0
2010052136 16:00:00 45640 0 0
2010052137 16:10:00 99260 1 0
2010052138 16:20:00 28032 0 0
2010052139 16:30:00 67901 0 0
2010052140 16:40:00 21070 0 1
2010052141 16:50:00 29024 0 0
2010052142 17:00:00 00103 1 0
2010052143 17:10:00 58596 1 0
2010052144 17:20:00 05630 0 0
2010052145 17:30:00 89962 1 0
2010052146 17:40:00 88296 1 0
2010052147 17:50:00 08220 0 1
2010052148 18:00:00 45670 0 0
2010052149 18:10:00 42694 0 0
2010052150 18:20:00 59558 1 1
2010052151 18:30:00 05654 0 0
2010052152 18:40:00 22065 1 0
2010052153 18:50:00 96872 0 0
2010052154 19:00:00 31257 0 0
2010052155 19:10:00 98196 0 0
2010052156 19:20:00 20762 0 0
2010052157 19:30:00 44066 1 1
2010052158 19:40:00 81389 0 0
2010052159 19:50:00 54825 0 0
2010052160 20:00:00 75303 0 1
2010052161 20:10:00 60289 0 0
2010052162 20:20:00 62020 0 1
2010052163 20:30:00 34514 0 0
2010052164 20:40:00 99443 1 1
2010052165 20:50:00 06508 0 0
2010052166 21:00:00 42875 0 0
2010052167 21:10:00 47969 0 1
2010052168 21:20:00 54114 0 1
2010052169 21:30:00 41443 1 1
2010052170 21:40:00 60994 0 1
2010052171 21:50:00 31062 0 0
2010052172 22:00:00 10674 0 0
2010052173 22:10:00 77010 1 1
2010052174 22:20:00 24182 0 0
2010052175 22:30:00 46567 0 0
2010052176 22:40:00 44771 1 1
2010052177 22:50:00 47699 0 1
2010052178 23:00:00 84897 1 0
2010052179 23:10:00 38915 0 0
2010052180 23:20:00 71516 0 0
2010052181 23:30:00 12875 0 0
2010052182 23:40:00 31516 0 0
2010052183 23:50:00 99660 1 1
2010052184 00:00:00 72560 0 0
