2010082601 10:10:00 55492 1 0
2010082602 10:20:00 91776 0 1
2010082603 10:30:00 66316 1 0
2010082604 10:40:00 86866 1 1
2010082605 10:50:00 02374 0 0
2010082606 11:00:00 37121 0 1
2010082607 11:10:00 11817 1 0
2010082608 11:20:00 15302 0 0
2010082609 11:30:00 84457 1 0
2010082610 11:40:00 97104 0 0
2010082611 11:50:00 65092 0 0
2010082612 12:00:00 19577 0 1
2010082613 12:10:00 79230 0 0
2010082614 12:20:00 43570 0 0
2010082615 12:30:00 46715 0 0
2010082616 12:40:00 03997 0 1
2010082617 12:50:00 14936 0 0
2010082618 13:00:00 77485 1 0
2010082619 13:10:00 89196 0 0
2010082620 13:20:00 87879 1 0
2010082621 13:30:00 10673 0 0
2010082622 13:40:00 72371 0 0
2010082623 13:50:00 80494 0 1
2010082624 14:00:00 74274 0 0
2010082625 14:10:00 92491 0 0
2010082626 14:20:00 41299 0 1
2010082627 14:30:00 57194 0 0
2010082628 14:40:00 36520 0 0
2010082629 14:50:00 19334 0 1
2010082630 15:00:00 36273 0 0
2010082631 15:10:00 43654 0 0
2010082632 15:20:00 85917 0 0
2010082633 15:30:00 07820 0 0
2010082634 15:40:00 84552 0 1
2010082635 15:50:00 63364 1 0
2010082636 16:00:00 39781 0 0
2010082637 16:10:00 23530 0 0
2010082638 16:20:00 14311 0 1
2010082639 16:30:00 08607 0 0
2010082640 16:40:00 02027 1 0
2010082641 16:50:00 82264 1 0
2010082642 17:00:00 77547 1 0
2010082643 17:10:00 41563 0 0
2010082644 17:20:00 19937 1 0
2010082645 17:30:00 45341 0 0
2010082646 17:40:00 41917 0 0
2010082647 17:50:00 35945 0 0
2010082648 18:00:00 21619 0 0
2010082649 18:10:00 38766 0 1
2010082650 18:20:00 35260 0 0
2010082651 18:30:00 27573 0 0
2010082652 18:40:00 20607 0 0
2010082653 18:50:00 33191 1 1
2010082654 19:00:00 85803 1 0
2010082655 19:10:00 19013 0 0
2010082656 19:20:00 33609 1 0
2010082657 19:30:00 69796 0 0
2010082658 19:40:00 70946 0 0
2010082659 19:50:00 55424 1 1
2010082660 20:00:00 32810 0 0
2010082661 20:10:00 56889 0 1
2010082662 20:20:00 64629 1 0
2010082663 20:30:00 23893 0 0
2010082664 20:40:00 25896 0 0
2010082665 20:50:00 74702 1 0
2010082666 21:00:00 84463 1 0
2010082667 21:10:00 19186 1 0
2010082668 21:20:00 98032 0 0
2010082669 21:30:00 36253 0 0
2010082670 21:40:00 85778 0 1
2010082671 21:50:00 64194 0 0
2010082672 22:00:00 21190 1 0
2010082673 22:10:00 52113 0 1
2010082674 22:20:00 91366 0 1
2010082675 22:30:00 86612 1 0
2010082676 22:40:00 33714 1 0
2010082677 22:50:00 21557 0 1
2010082678 23:00:00 13595 0 1
2010082679 23:10:00 71052 0 0
2010082680 23:20:00 54592 1 0
2010082681 23:30:00 68028 0 0
2010082682 23:40:00 12103 1 0
2010082683 23:50:00 00015 1 0
2010082684 00:00:00 08995 0 1
