2010060701 10:10:00 50148 0 0
2010060702 10:20:00 51591 1 0
2010060703 10:30:00 86852 1 0
2010060704 10:40:00 21669 0 1
2010060705 10:50:00 53280 0 0
2010060706 11:00:00 43362 1 0
2010060707 11:10:00 05789 0 0
2010060708 11:20:00 06296 0 0
2010060709 11:30:00 71227 0 1
2010060710 11:40:00 40943 0 0
2010060711 11:50:00 44125 1 0
2010060712 12:00:00 27604 0 0
2010060713 12:10:00 59996 1 1
2010060714 12:20:00 72338 0 1
2010060715 12:30:00 23251 1 0
2010060716 12:40:00 61014 0 0
2010060717 12:50:00 91770 0 1
2010060718 13:00:00 64464 1 1
2010060719 13:10:00 80962 0 0
2010060720 13:20:00 51710 0 0
2010060721 13:30:00 24831 0 0
2010060722 13:40:00 88137 1 0
2010060723 13:50:00 63814 0 0
2010060724 14:00:00 02184 0 0
2010060725 14:10:00 18365 0 0
2010060726 14:20:00 03851 0 0
2010060727 14:30:00 98849 1 0
2010060728 14:40:00 34236 0 0
2010060729 14:50:00 71208 0 0
2010060730 15:00:00 94145 0 0
2010060731 15:10:00 28898 1 1
2010060732 15:20:00 98694 0 0
2010060733 15:30:00 44159 1 0
2010060734 15:40:00 00106 1 0
2010060735 15:50:00 00742 1 0
2010060736 16:00:00 61346 0 0
2010060737 16:10:00 34655 0 1
2010060738 16:20:00 62711 0 1
2010060739 16:30:00 26313 0 1
2010060740 16:40:00 13004 0 1
2010060741 16:50:00 42803 0 0
2010060742 17:00:00 66834 1 0
2010060743 17:10:00 05248 0 0
2010060744 17:20:00 90783 0 0
2010060745 17:30:00 41860 0 0
2010060746 17:40:00 66025 1 0
2010060747 17:50:00 24118 0 1
2010060748 18:00:00 40996 0 1
2010060749 18:10:00 00233 1 1
2010060750 18:20:00 89601 0 0
2010060751 18:30:00 10333 0 1
2010060752 18:40:00 33653 1 0
2010060753 18:50:00 93619 0 0
2010060754 19:00:00 97724 1 0
2010060755 19:10:00 89525 0 1
2010060756 19:20:00 50165 0 0
2010060757 19:30:00 51416 0 0
2010060758 19:40:00 12236 1 0
2010060759 19:50:00 21483 0 0
2010060760 20:00:00 18948 0 0
2010060761 20:10:00 97535 0 1
2010060762 20:20:00 20913 0 0
2010060763 20:30:00 89594 0 0
2010060764 20:40:00 94527 0 0
2010060765 20:50:00 76492 0 0
2010060766 21:00:00 40588 0 1
2010060767 21:10:00 38001 0 1
2010060768 21:20:00 47610 0 0
2010060769 21:30:00 79665 0 1
2010060770 21:40:00 10339 0 1
2010060771 21:50:00 81094 0 0
2010060772 22:00:00 25702 0 0
2010060773 22:10:00 55442 1 1
2010060774 22:20:00 28928 0 0
2010060775 22:30:00 87799 1 1
2010060776 22:40:00 46338 0 1
2010060777 22:50:00 13155 1 1
2010060778 23:00:00 33245 1 0
2010060779 23:10:00 40136 0 0
2010060780 23:20:00 89771 0 1
2010060781 23:30:00 75036 0 0
2010060782 23:40:00 85092 0 0
2010060783 23:50:00 35521 1 0
2010060784 00:00:00 42874 0 0
