2010062601 10:10:00 97144 0 1
2010062602 10:20:00 46044 0 1
2010062603 10:30:00 37754 1 0
2010062604 10:40:00 09309 0 0
2010062605 10:50:00 56609 1 0
2010062606 11:00:00 89631 0 0
2010062607 11:10:00 27720 1 0
2010062608 11:20:00 10521 0 0
2010062609 11:30:00 03298 0 0
2010062610 11:40:00 70161 0 1
2010062611 11:50:00 10624 0 0
2010062612 12:00:00 70109 0 0
2010062613 12:10:00 97301 0 0
2010062614 12:20:00 83092 0 0
2010062615 12:30:00 53828 0 1
2010062616 12:40:00 97604 0 0
2010062617 12:50:00 68900 0 1
2010062618 13:00:00 51853 0 0
2010062619 13:10:00 82802 1 0
2010062620 13:20:00 12750 0 0
2010062621 13:30:00 70000 1 1
2010062622 13:40:00 57073 0 0
2010062623 13:50:00 71583 0 0
2010062624 14:00:00 50707 0 1
2010062625 14:10:00 67098 0 0
2010062626 14:20:00 30871 0 0
2010062627 14:30:00 71662 0 1
2010062628 14:40:00 47204 0 0
2010062629 14:50:00 19558 0 1
2010062630 15:00:00 08455 0 1
2010062631 15:10:00 37591 0 0
2010062632 15:20:00 92815 0 0
2010062633 15:30:00 70109 0 0
2010062634 15:40:00 19866 0 1
2010062635 15:50:00 91721 0 0
2010062636 16:00:00 19582 0 0
2010062637 16:10:00 11153 1 0
2010062638 16:20:00 45069 0 0
2010062639 16:30:00 24054 0 0
2010062640 16:40:00 75140 0 0
2010062641 16:50:00 06838 0 1
2010062642 17:00:00 36191 0 1
2010062643 17:10:00 41693 0 0
2010062644 17:20:00 26022 0 1
2010062645 17:30:00 56153 0 0
2010062646 17:40:00 20440 0 1
2010062647 17:50:00 74364 0 0
2010062648 18:00:00 43608 0 0
2010062649 18:10:00 94770 0 1
2010062650 18:20:00 52626 0 1
2010062651 18:30:00 78418 0 0
2010062652 18:40:00 75062 0 0
2010062653 18:50:00 00250 1 0
2010062654 19:00:00 60678 1 0
2010062655 19:10:00 01931 0 0
2010062656 19:20:00 80152 0 0
2010062657 19:30:00 24038 0 0
2010062658 19:40:00 71408 0 0
2010062659 19:50:00 28199 0 1
2010062660 20:00:00 57093 0 0
2010062661 20:10:00 30746 0 0
2010062662 20:20:00 79068 0 0
2010062663 20:30:00 51966 0 1
2010062664 20:40:00 65355 0 1
2010062665 20:50:00 48767 0 1
2010062666 21:00:00 18314 0 0
2010062667 21:10:00 43678 0 0
2010062668 21:20:00 61983 0 0
2010062669 21:30:00 33999 1 1
2010062670 21:40:00 37102 0 0
2010062671 21:50:00 86110 0 1
2010062672 22:00:00 41389 0 0
2010062673 22:10:00 71853 0 0
2010062674 22:20:00 35568 1 0
2010062675 22:30:00 92546 0 0
2010062676 22:40:00 50875 0 0
2010062677 22:50:00 13833 0 1
2010062678 23:00:00 05561 1 0
2010062679 23:10:00 91614 0 0
2010062680 23:20:00 82039 0 0
2010062681 23:30:00 17196 1 0
2010062682 23:40:00 48371 0 0
2010062683 23:50:00 77534 1 0
2010062684 00:00:00 75560 1 0
