2010120601 10:10:00 76519 0 0
2010120602 10:20:00 57826 0 0
2010120603 10:30:00 07897 0 0
2010120604 10:40:00 76786 1 0
2010120605 10:50:00 04131 0 1
2010120606 11:00:00 72937 0 0
2010120607 11:10:00 56128 0 0
2010120608 11:20:00 59460 0 0
2010120609 11:30:00 90831 0 0
2010120610 11:40:00 38033 0 1
2010120611 11:50:00 83225 0 1
2010120612 12:00:00 49165 0 0
2010120613 12:10:00 28009 0 1
2010120614 12:20:00 40400 1 1
2010120615 12:30:00 19975 1 0
2010120616 12:40:00 36139 0 0
2010120617 12:50:00 20203 1 0
2010120618 13:00:00 44268 1 0
2010120619 13:10:00 07110 0 1
2010120620 13:20:00 73730 1 0
2010120621 13:30:00 75681 0 0
2010120622 13:40:00 82141 0 1
2010120623 13:50:00 21748 0 0
2010120624 14:00:00 60525 0 1
2010120625 14:10:00 66841 1 0
2010120626 14:20:00 45232 0 1
2010120627 14:30:00 86299 0 1
2010120628 14:40:00 68347 0 0
2010120629 14:50:00 72017 0 0
2010120630 15:00:00 93099 0 1
2010120631 15:10:00 73783 1 0
2010120632 15:20:00 87012 0 0
2010120633 15:30:00 39038 0 0
2010120634 15:40:00 16077 0 1
2010120635 15:50:00 25630 0 0
2010120636 16:00:00 12444 0 1
2010120637 16:10:00 36259 0 0
2010120638 16:20:00 23592 0 0
2010120639 16:30:00 30428 0 0
2010120640 16:40:00 44414 1 1
2010120641 16:50:00 74112 0 1
2010120642 17:00:00 61077 0 1
2010120643 17:10:00 98612 0 0
2010120644 17:20:00 51532 1 0
2010120645 17:30:00 64919 0 1
2010120646 17:40:00 22211 1 1
2010120647 17:50:00 66708 1 0
2010120648 18:00:00 87337 0 1
2010120649 18:10:00 88066 1 1
2010120650 18:20:00 26875 0 0
2010120651 18:30:00 51898 0 1
2010120652 18:40:00 04811 0 1
2010120653 18:50:00 39707 0 1
2010120654 19:00:00 12139 1 0
2010120655 19:10:00 65207 0 0
2010120656 19:20:00 10104 1 0
2010120657 19:30:00 01274 0 0
2010120658 19:40:00 35344 1 1
2010120659 19:50:00 71024 0 0
2010120660 20:00:00 20085 1 0
2010120661 20:10:00 21332 0 1
2010120662 20:20:00 68876 1 0
2010120663 20:30:00 26632 1 0
2010120664 20:40:00 63394 1 0
2010120665 20:50:00 27894 0 0
2010120666 21:00:00 16303 0 1
2010120667 21:10:00 65659 1 0
2010120668 21:20:00 20385 0 0
2010120669 21:30:00 47468 1 0
2010120670 21:40:00 76519 0 0
2010120671 21:50:00 56149 0 0
2010120672 22:00:00 83865 1 0
2010120673 22:10:00 12585 0 1
2010120674 22:20:00 16463 0 0
2010120675 22:30:00 51085 0 0
2010120676 22:40:00 83373 1 1
2010120677 22:50:00 42869 0 0
2010120678 23:00:00 10154 1 0
2010120679 23:10:00 06204 0 0
2010120680 23:20:00 72735 1 0
2010120681 23:30:00 87929 0 1
2010120682 23:40:00 50242 0 1
2010120683 23:50:00 80933 0 1
2010120684 00:00:00 78909 0 1
