2010110101 10:10:00 55643 1 0
2010110102 10:20:00 26556 0 1
2010110103 10:30:00 09144 0 1
2010110104 10:40:00 68430 0 0
2010110105 10:50:00 40314 0 0
2010110106 11:00:00 82310 0 0
2010110107 11:10:00 11347 1 0
2010110108 11:20:00 12581 0 0
2010110109 11:30:00 80549 0 0
2010110110 11:40:00 31271 0 0
2010110111 11:50:00 85031 0 0
2010110112 12:00:00 97232 0 1
2010110113 12:10:00 42475 1 0
2010110114 12:20:00 27057 0 0
2010110115 12:30:00 72999 0 1
2010110116 12:40:00 99032 1 0
2010110117 12:50:00 03848 0 1
2010110118 13:00:00 33829 1 0
2010110119 13:10:00 83659 0 0
2010110120 13:20:00 94663 0 1
2010110121 13:30:00 44358 1 0
2010110122 13:40:00 57592 1 0
2010110123 13:50:00 82749 0 0
2010110124 14:00:00 00974 1 0
2010110125 14:10:00 45431 1 0
2010110126 14:20:00 12422 0 1
2010110127 14:30:00 39503 0 0
2010110128 14:40:00 98804 1 0
2010110129 14:50:00 69618 1 0
2010110130 15:00:00 01827 0 0
2010110131 15:10:00 06800 0 1
2010110132 15:20:00 15709 0 0
2010110133 15:30:00 61201 0 0
2010110134 15:40:00 95454 0 1
2010110135 15:50:00 03571 0 0
2010110136 16:00:00 86080 0 1
2010110137 16:10:00 55110 1 1
2010110138 16:20:00 34604 0 0
2010110139 16:30:00 34005 0 1
2010110140 16:40:00 89906 1 0
2010110141 16:50:00 27793 1 0
2010110142 17:00:00 30661 0 1
2010110143 17:10:00 66726 1 0
2010110144 17:20:00 03675 0 0
2010110145 17:30:00 53893 0 0
2010110146 17:40:00 08480 0 0
2010110147 17:50:00 14373 0 1
2010110148 18:00:00 13803 0 0
2010110149 18:10:00 92730 0 0
2010110150 18:20:00 88775 1 1
2010110151 18:30:00 64819 0 0
2010110152 18:40:00 97228 0 1
2010110153 18:50:00 07626 0 1
2010110154 19:00:00 38757 0 1
2010110155 19:10:00 12879 0 0
2010110156 19:20:00 48800 1 1
2010110157 19:30:00 67249 0 0
2010110158 19:40:00 07632 0 0
2010110159 19:50:00 69537 0 0
2010110160 20:00:00 63873 0 0
2010110161 20:10:00 13955 0 1
2010110162 20:20:00 73567 0 0
2010110163 20:30:00 43988 0 1
2010110164 20:40:00 16266 0 1
2010110165 20:50:00 59203 0 0
2010110166 21:00:00 31711 0 1
2010110167 21:10:00 17782 1 0
2010110168 21:20:00 57951 0 0
2010110169 21:30:00 79227 0 1
2010110170 21:40:00 66954 1 0
2010110171 21:50:00 51166 1 1
2010110172 22:00:00 99436 1 0
2010110173 22:10:00 55436 1 0
2010110174 22:20:00 85501 1 0
2010110175 22:30:00 02068 1 0
2010110176 22:40:00 59354 0 0
2010110177 22:50:00 65097 0 0
2010110178 23:00:00 40632 0 0
2010110179 23:10:00 81184 1 0
2010110180 23:20:00 69566 0 1
2010110181 23:30:00 17731 1 0
2010110182 23:40:00 69405 0 0
2010110183 23:50:00 01053 1 0
2010110184 00:00:00 37329 1 0
