2010092201 10:10:00 84193 0 0
2010092202 10:20:00 29106 0 0
2010092203 10:30:00 89143 0 0
2010092204 10:40:00 72269 1 0
2010092205 10:50:00 26900 0 1
2010092206 11:00:00 41756 0 0
2010092207 11:10:00 56282 0 1
2010092208 11:20:00 88340 1 0
2010092209 11:30:00 32123 0 0
2010092210 11:40:00 69438 0 0
2010092211 11:50:00 65026 0 0
2010092212 12:00:00 06211 0 1
2010092213 12:10:00 16600 1 1
2010092214 12:20:00 95343 0 1
2010092215 12:30:00 88580 1 0
2010092216 12:40:00 33802 1 0
2010092217 12:50:00 76121 0 1
2010092218 13:00:00 22835 1 0
2010092219 13:10:00 65008 0 1
2010092220 13:20:00 29194 0 0
2010092221 13:30:00 97805 0 0
2010092222 13:40:00 23374 1 0
2010092223 13:50:00 97527 0 0
2010092224 14:00:00 28864 1 0
2010092225 14:10:00 19777 0 1
2010092226 14:20:00 51444 0 1
2010092227 14:30:00 97294 0 0
2010092228 14:40:00 50238 0 0
2010092229 14:50:00 79817 0 0
2010092230 15:00:00 57000 0 1
2010092231 15:10:00 27558 0 1
2010092232 15:20:00 85869 1 0
2010092233 15:30:00 85299 0 1
2010092234 15:40:00 27828 0 1
2010092235 15:50:00 54681 0 0
2010092236 16:00:00 27640 0 0
2010092237 16:10:00 92536 0 0
2010092238 16:20:00 62552 0 1
2010092239 16:30:00 90352 0 0
2010092240 16:40:00 60771 0 1
2010092241 16:50:00 82888 1 1
2010092242 17:00:00 32618 0 0
2010092243 17:10:00 05450 0 0
2010092244 17:20:00 78984 0 0
2010092245 17:30:00 38554 0 1
2010092246 17:40:00 21550 0 1
2010092247 17:50:00 55016 1 0
2010092248 18:00:00 17564 0 0
2010092249 18:10:00 86179 0 0
2010092250 18:20:00 59949 1 1
2010092251 18:30:00 82762 0 0
2010092252 18:40:00 21434 0 1
2010092253 18:50:00 95767 0 1
2010092254 19:00:00 45745 0 0
2010092255 19:10:00 83845 1 0
2010092256 19:20:00 58350 0 0
2010092257 19:30:00 46927 0 0
2010092258 19:40:00 81580 0 0
2010092259 19:50:00 90148 0 0
2010092260 20:00:00 16821 0 0
2010092261 20:10:00 95439 0 0
2010092262 20:20:00 31396 1 0
2010092263 20:30:00 55170 1 0
2010092264 20:40:00 30961 0 0
2010092265 20:50:00 22891 1 0
2010092266 21:00:00 18204 0 0
2010092267 21:10:00 12121 1 1
2010092268 21:20:00 82802 1 0
2010092269 21:30:00 74524 0 0
2010092270 21:40:00 22963 1 0
2010092271 21:50:00 74862 0 0
2010092272 22:00:00 92064 0 0
2010092273 22:10:00 82955 0 1
2010092274 22:20:00 24408 1 0
2010092275 22:30:00 17437 0 0
2010092276 22:40:00 04316 0 0
2010092277 22:50:00 74058 0 0
2010092278 23:00:00 65239 0 0
2010092279 23:10:00 71686 0 1
2010092280 23:20:00 15714 0 0
2010092281 23:30:00 49684 0 0
2010092282 23:40:00 76782 1 0
2010092283 23:50:00 28650 0 0
2010092284 00:00:00 90537 0 0
