2010051801 10:10:00 78907 0 0
2010051802 10:20:00 42425 1 0
2010051803 10:30:00 17024 0 0
2010051804 10:40:00 71912 0 0
2010051805 10:50:00 02506 0 0
2010051806 11:00:00 14855 0 1
2010051807 11:10:00 91653 0 0
2010051808 11:20:00 91738 0 0
2010051809 11:30:00 36460 0 0
2010051810 11:40:00 75634 0 0
2010051811 11:50:00 75049 0 0
2010051812 12:00:00 68898 1 1
2010051813 12:10:00 64268 0 0
2010051814 12:20:00 92503 0 0
2010051815 12:30:00 76490 0 0
2010051816 12:40:00 27498 0 0
2010051817 12:50:00 38838 1 1
2010051818 13:00:00 61544 0 1
2010051819 13:10:00 56003 0 1
2010051820 13:20:00 15740 0 0
2010051821 13:30:00 20116 0 1
2010051822 13:40:00 87813 1 0
2010051823 13:50:00 95486 0 0
2010051824 14:00:00 79024 0 0
2010051825 14:10:00 37085 0 0
2010051826 14:20:00 96635 1 0
2010051827 14:30:00 80781 0 0
2010051828 14:40:00 56687 1 0
2010051829 14:50:00 46453 1 0
2010051830 15:00:00 88376 1 0
2010051831 15:10:00 37668 0 1
2010051832 15:20:00 09686 0 1
2010051833 15:30:00 58511 1 1
2010051834 15:40:00 85096 0 0
2010051835 15:50:00 25446 0 1
2010051836 16:00:00 03785 0 0
2010051837 16:10:00 11844 1 1
2010051838 16:20:00 04384 0 0
2010051839 16:30:00 01014 1 0
2010051840 16:40:00 99220 1 1
2010051841 16:50:00 49232 0 1
2010051842 17:00:00 16587 0 0
2010051843 17:10:00 70522 0 1
2010051844 17:20:00 95031 0 0
2010051845 17:30:00 63828 0 1
2010051846 17:40:00 82563 0 0
2010051847 17:50:00 61806 0 0
2010051848 18:00:00 51987 0 0
2010051849 18:10:00 97525 0 1
2010051850 18:20:00 39945 1 0
2010051851 18:30:00 44840 1 0
2010051852 18:40:00 08245 0 0
2010051853 18:50:00 00861 1 0
2010051854 19:00:00 75156 0 0
2010051855 19:10:00 38476 0 0
2010051856 19:20:00 73257 0 0
2010051857 19:30:00 20408 0 0
2010051858 19:40:00 68005 0 1
2010051859 19:50:00 48102 0 0
2010051860 20:00:00 33174 1 0
2010051861 20:10:00 20189 0 0
2010051862 20:20:00 53071 0 0
2010051863 20:30:00 31071 0 0
2010051864 20:40:00 70791 1 0
2010051865 20:50:00 84471 1 0
2010051866 21:00:00 94201 0 0
2010051867 21:10:00 44318 1 0
2010051868 21:20:00 88965 1 0
2010051869 21:30:00 68638 1 0
2010051870 21:40:00 72419 0 0
2010051871 21:50:00 79805 0 0
2010051872 22:00:00 23586 0 0
2010051873 22:10:00 56783 0 0
2010051874 22:20:00 37150 0 0
2010051875 22:30:00 85344 0 1
2010051876 22:40:00 65257 0 0
2010051877 22:50:00 06578 0 0
2010051878 23:00:00 36315 1 0
2010051879 23:10:00 84542 0 0
2010051880 23:20:00 05169 0 0
2010051881 23:30:00 82178 0 0
2010051882 23:40:00 17002 0 1
2010051883 23:50:00 69926 1 0
2010051884 00:00:00 72346 0 0
