2010052301 10:10:00 05634 0 0
2010052302 10:20:00 64848 0 1
2010052303 10:30:00 23964 0 0
2010052304 10:40:00 87918 0 0
2010052305 10:50:00 22647 1 0
2010052306 11:00:00 80654 0 0
2010052307 11:10:00 49907 1 0
2010052308 11:20:00 43568 0 0
2010052309 11:30:00 62768 0 0
2010052310 11:40:00 10478 0 0
2010052311 11:50:00 15016 0 0
2010052312 12:00:00 83585 0 1
2010052313 12:10:00 08755 0 1
2010052314 12:20:00 70164 0 0
2010052315 12:30:00 61217 0 0
2010052316 12:40:00 45391 0 0
2010052317 12:50:00 28288 1 1
2010052318 13:00:00 60962 0 0
2010052319 13:10:00 82660 0 1
2010052320 13:20:00 28344 0 1
2010052321 13:30:00 10557 0 1
2010052322 13:40:00 22740 1 0
2010052323 13:50:00 65835 0 0
2010052324 14:00:00 51756 0 0
2010052325 14:10:00 70505 0 1
2010052326 14:20:00 59859 0 0
2010052327 14:30:00 59992 1 1
2010052328 14:40:00 39958 1 0
2010052329 14:50:00 25413 0 0
2010052330 15:00:00 19617 0 0
2010052331 15:10:00 77260 1 0
2010052332 15:20:00 94143 0 0
2010052333 15:30:00 78932 0 0
2010052334 15:40:00 55114 1 1
2010052335 15:50:00 65709 0 0
2010052336 16:00:00 21693 0 0
2010052337 16:10:00 69714 0 0
2010052338 16:20:00 45373 0 1
2010052339 16:30:00 45026 0 0
2010052340 16:40:00 58192 0 0
2010052341 16:50:00 10723 0 0
2010052342 17:00:00 30193 0 0
2010052343 17:10:00 45799 0 1
2010052344 17:20:00 17316 0 0
2010052345 17:30:00 09641 0 0
2010052346 17:40:00 96746 0 0
2010052347 17:50:00 76924 0 0
2010052348 18:00:00 52875 0 0
2010052349 18:10:00 95153 0 0
2010052350 18:20:00 43223 0 1
2010052351 18:30:00 80405 0 0
2010052352 18:40:00 74490 1 0
2010052353 18:50:00 93545 0 1
2010052354 19:00:00 52247 1 0
2010052355 19:10:00 82745 0 0
2010052356 19:20:00 01294 0 0
2010052357 19:30:00 21578 0 0
2010052358 19:40:00 24373 0 1
2010052359 19:50:00 25955 0 1
2010052360 20:00:00 65536 1 0
2010052361 20:10:00 29867 0 0
2010052362 20:20:00 38330 1 1
2010052363 20:30:00 23397 1 0
2010052364 20:40:00 47755 1 1
2010052365 20:50:00 19669 0 1
2010052366 21:00:00 87689 0 0
2010052367 21:10:00 14037 0 0
2010052368 21:20:00 46976 0 0
2010052369 21:30:00 48873 1 0
2010052370 21:40:00 47043 0 0
2010052371 21:50:00 23753 0 0
2010052372 22:00:00 13421 0 0
2010052373 22:10:00 17752 1 0
2010052374 22:20:00 78007 0 1
2010052375 22:30:00 57731 1 0
2010052376 22:40:00 19238 0 0
2010052377 22:50:00 22101 1 1
2010052378 23:00:00 96560 0 0
2010052379 23:10:00 09228 0 1
2010052380 23:20:00 64766 0 1
2010052381 23:30:00 18192 1 0
2010052382 23:40:00 82305 0 0
2010052383 23:50:00 31241 0 0
2010052384 00:00:00 82841 1 0
