2010020401 10:10:00 08579 0 0
2010020402 10:20:00 68375 0 0
2010020403 10:30:00 05650 0 0
2010020404 10:40:00 40292 0 1
2010020405 10:50:00 79268 0 0
2010020406 11:00:00 03844 0 1
2010020407 11:10:00 10590 0 0
2010020408 11:20:00 09297 0 0
2010020409 11:30:00 17853 0 0
2010020410 11:40:00 40990 0 1
2010020411 11:50:00 52854 0 0
2010020412 12:00:00 59949 1 1
2010020413 12:10:00 09958 1 0
2010020414 12:20:00 35943 0 0
2010020415 12:30:00 32107 0 0
2010020416 12:40:00 84724 0 0
2010020417 12:50:00 79717 1 1
2010020418 13:00:00 78450 0 0
2010020419 13:10:00 29362 0 0
2010020420 13:20:00 11790 1 0
2010020421 13:30:00 28025 0 0
2010020422 13:40:00 50604 0 0
2010020423 13:50:00 93440 0 1
2010020424 14:00:00 58389 0 0
2010020425 14:10:00 98141 0 1
2010020426 14:20:00 86372 0 0
2010020427 14:30:00 25330 0 1
2010020428 14:40:00 80257 0 0
2010020429 14:50:00 00719 1 0
2010020430 15:00:00 06543 0 0
2010020431 15:10:00 18993 0 1
2010020432 15:20:00 09343 0 1
2010020433 15:30:00 82791 0 0
2010020434 15:40:00 14043 0 0
2010020435 15:50:00 76706 1 0
2010020436 16:00:00 66264 1 0
2010020437 16:10:00 78528 0 0
2010020438 16:20:00 04270 0 0
2010020439 16:30:00 68970 0 0
2010020440 16:40:00 46644 1 1
2010020441 16:50:00 23564 0 0
2010020442 17:00:00 16812 0 0
2010020443 17:10:00 32662 0 1
2010020444 17:20:00 64137 0 0
2010020445 17:30:00 38009 0 1
2010020446 17:40:00 98780 0 0
2010020447 17:50:00 14954 0 0
2010020448 18:00:00 51442 0 1
2010020449 18:10:00 32093 0 0
2010020450 18:20:00 87099 0 1
2010020451 18:30:00 03130 0 0
2010020452 18:40:00 82176 0 0
2010020453 18:50:00 19058 0 0
2010020454 19:00:00 96048 0 0
2010020455 19:10:00 64285 0 0
2010020456 19:20:00 29286 1 0
2010020457 19:30:00 93269 0 0
2010020458 19:40:00 31094 0 0
2010020459 19:50:00 38827 1 0
2010020460 20:00:00 64055 0 1
2010020461 20:10:00 91260 0 0
2010020462 20:20:00 79401 0 0
2010020463 20:30:00 93786 0 0
2010020464 20:40:00 49696 0 1
2010020465 20:50:00 61472 0 0
2010020466 21:00:00 85619 0 0
2010020467 21:10:00 95452 0 0
2010020468 21:20:00 75003 0 1
2010020469 21:30:00 40565 0 1
2010020470 21:40:00 07143 0 0
2010020471 21:50:00 82347 0 0
2010020472 22:00:00 09692 0 0
2010020473 22:10:00 00994 1 1
2010020474 22:20:00 94125 0 0
2010020475 22:30:00 47509 0 0
2010020476 22:40:00 88710 1 0
2010020477 22:50:00 23257 1 0
2010020478 23:00:00 07269 0 0
2010020479 23:10:00 10365 0 0
2010020480 23:20:00 82596 0 0
2010020481 23:30:00 14171 1 1
2010020482 23:40:00 78865 1 0
2010020483 23:50:00 37341 1 0
2010020484 00:00:00 89030 0 1
