2010051301 10:10:00 19928 1 0
2010051302 10:20:00 95550 1 1
2010051303 10:30:00 34119 0 1
2010051304 10:40:00 32759 0 0
2010051305 10:50:00 89379 0 0
2010051306 11:00:00 02210 1 0
2010051307 11:10:00 53496 0 0
2010051308 11:20:00 53520 1 0
2010051309 11:30:00 40135 0 0
2010051310 11:40:00 83614 0 0
2010051311 11:50:00 44012 1 0
2010051312 12:00:00 28372 0 0
2010051313 12:10:00 42290 1 0
2010051314 12:20:00 27815 0 0
2010051315 12:30:00 46148 0 0
2010051316 12:40:00 50818 0 1
2010051317 12:50:00 05963 0 0
2010051318 13:00:00 47471 1 0
2010051319 13:10:00 50628 0 0
2010051320 13:20:00 03418 0 0
2010051321 13:30:00 26955 0 1
2010051322 13:40:00 10418 0 0
2010051323 13:50:00 24070 0 1
2010051324 14:00:00 95419 0 0
2010051325 14:10:00 37871 0 0
2010051326 14:20:00 49816 0 0
2010051327 14:30:00 03634 0 0
2010051328 14:40:00 69758 0 0
2010051329 14:50:00 25835 0 0
2010051330 15:00:00 62849 0 0
2010051331 15:10:00 55329 1 0
2010051332 15:20:00 42499 1 1
2010051333 15:30:00 33152 1 0
2010051334 15:40:00 25460 0 0
2010051335 15:50:00 43127 0 0
2010051336 16:00:00 49806 0 0
2010051337 16:10:00 17053 0 0
2010051338 16:20:00 48039 0 0
2010051339 16:30:00 67141 0 1
2010051340 16:40:00 73617 0 0
2010051341 16:50:00 16363 0 1
2010051342 17:00:00 00687 1 0
2010051343 17:10:00 05713 0 0
2010051344 17:20:00 01774 0 1
2010051345 17:30:00 87245 0 0
2010051346 17:40:00 65110 0 1
2010051347 17:50:00 48497 1 0
2010051348 18:00:00 83156 0 0
2010051349 18:10:00 56278 0 0
2010051350 18:20:00 17556 0 1
2010051351 18:30:00 62646 1 1
2010051352 18:40:00 08814 1 0
2010051353 18:50:00 09712 0 0
2010051354 19:00:00 60921 0 0
2010051355 19:10:00 99771 1 1
2010051356 19:20:00 54517 1 0
2010051357 19:30:00 33909 1 1
2010051358 19:40:00 79168 0 0
2010051359 19:50:00 00120 1 0
2010051360 20:00:00 22246 1 0
2010051361 20:10:00 67185 0 0
2010051362 20:20:00 45004 0 1
2010051363 20:30:00 40144 0 1
2010051364 20:40:00 20948 0 0
2010051365 20:50:00 45570 1 0
2010051366 21:00:00 81505 0 1
2010051367 21:10:00 40343 0 1
2010051368 21:20:00 78896 1 0
2010051369 21:30:00 44078 1 0
2010051370 21:40:00 62479 0 0
2010051371 21:50:00 34382 1 0
2010051372 22:00:00 80090 1 1
2010051373 22:10:00 37946 0 0
2010051374 22:20:00 93164 0 0
2010051375 22:30:00 96205 0 0
2010051376 22:40:00 63625 1 0
2010051377 22:50:00 59440 0 1
2010051378 23:00:00 35780 0 0
2010051379 23:10:00 31827 0 0
2010051380 23:20:00 13130 1 0
2010051381 23:30:00 57014 0 0
2010051382 23:40:00 96357 0 0
2010051383 23:50:00 46064 0 0
2010051384 00:00:00 14342 0 0
