2010010301 10:10:00 94057 0 0
2010010302 10:20:00 31848 0 1
2010010303 10:30:00 79344 0 1
2010010304 10:40:00 64978 0 0
2010010305 10:50:00 59399 0 1
2010010306 11:00:00 59996 1 1
2010010307 11:10:00 40872 0 0
2010010308 11:20:00 71855 0 1
2010010309 11:30:00 43974 0 0
2010010310 11:40:00 00610 1 0
2010010311 11:50:00 98806 1 0
2010010312 12:00:00 37874 0 0
2010010313 12:10:00 75471 0 0
2010010314 12:20:00 11141 1 1
2010010315 12:30:00 83749 0 0
2010010316 12:40:00 29161 0 1
2010010317 12:50:00 77704 1 0
2010010318 13:00:00 55009 1 1
2010010319 13:10:00 28534 0 0
2010010320 13:20:00 87776 1 1
2010010321 13:30:00 72161 0 1
2010010322 13:40:00 53593 1 0
2010010323 13:50:00 69881 0 1
2010010324 14:00:00 93845 0 0
2010010325 14:10:00 57741 1 0
2010010326 14:20:00 26857 0 0
2010010327 14:30:00 60601 1 0
2010010328 14:40:00 38632 0 0
2010010329 14:50:00 25432 0 0
2010010330 15:00:00 65245 0 0
2010010331 15:10:00 46214 0 0
2010010332 15:20:00 22630 1 0
2010010333 15:30:00 27871 0 0
2010010334 15:40:00 29436 0 0
2010010335 15:50:00 97884 0 1
2010010336 16:00:00 71550 0 1
2010010337 16:10:00 38101 0 1
2010010338 16:20:00 82011 0 1
2010010339 16:30:00 85915 0 0
2010010340 16:40:00 04649 0 0
2010010341 16:50:00 01340 0 0
2010010342 17:00:00 07221 0 1
2010010343 17:10:00 22109 1 0
2010010344 17:20:00 75822 0 1
2010010345 17:30:00 92050 0 1
2010010346 17:40:00 62545 0 1
2010010347 17:50:00 53334 1 1
2010010348 18:00:00 11680 1 0
2010010349 18:10:00 64700 0 1
2010010350 18:20:00 48954 0 0
2010010351 18:30:00 53268 0 0
2010010352 18:40:00 87116 0 1
2010010353 18:50:00 91196 1 0
2010010354 19:00:00 59385 0 0
2010010355 19:10:00 65336 0 1
2010010356 19:20:00 02394 0 0
2010010357 19:30:00 75216 0 0
2010010358 19:40:00 19809 0 0
2010010359 19:50:00 54788 0 1
2010010360 20:00:00 90207 0 0
2010010361 20:10:00 73787 1 1
2010010362 20:20:00 14578 0 0
2010010363 20:30:00 15921 0 0
2010010364 20:40:00 68742 0 0
2010010365 20:50:00 34250 0 0
2010010366 21:00:00 60196 0 0
2010010367 21:10:00 09873 0 0
2010010368 21:20:00 23519 0 0
2010010369 21:30:00 10405 0 0
2010010370 21:40:00 32918 0 0
2010010371 21:50:00 31764 0 0
2010010372 22:00:00 87314 0 0
2010010373 22:10:00 62298 1 0
2010010374 22:20:00 69389 0 0
2010010375 22:30:00 05067 1 0
2010010376 22:40:00 84608 0 0
2010010377 22:50:00 30365 1 0
2010010378 23:00:00 19829 0 0
2010010379 23:10:00 23401 0 0
2010010380 23:20:00 11328 1 0
2010010381 23:30:00 36605 1 0
2010010382 23:40:00 19618 0 0
2010010383 23:50:00 91110 1 1
2010010384 00:00:00 52552 1 1
