2010100801 10:10:00 70366 0 1
2010100802 10:20:00 70760 1 0
2010100803 10:30:00 61971 0 0
2010100804 10:40:00 08183 0 0
2010100805 10:50:00 37432 0 0
2010100806 11:00:00 70491 0 0
2010100807 11:10:00 40183 0 0
2010100808 11:20:00 60462 0 0
2010100809 11:30:00 55692 1 0
2010100810 11:40:00 74096 0 0
2010100811 11:50:00 39144 0 1
2010100812 12:00:00 77656 1 1
2010100813 12:10:00 60352 0 0
2010100814 12:20:00 11136 1 0
2010100815 12:30:00 12706 0 0
2010100816 12:40:00 45552 1 1
2010100817 12:50:00 03772 0 1
2010100818 13:00:00 15930 0 0
2010100819 13:10:00 17064 0 0
2010100820 13:20:00 47837 0 0
2010100821 13:30:00 90404 0 1
2010100822 13:40:00 81604 0 0
2010100823 13:50:00 25828 0 1
2010100824 14:00:00 20262 1 1
2010100825 14:10:00 32363 1 1
2010100826 14:20:00 16535 0 1
2010100827 14:30:00 27644 0 1
2010100828 14:40:00 43229 0 1
2010100829 14:50:00 00914 1 0
2010100830 15:00:00 38272 0 1
2010100831 15:10:00 29059 0 0
2010100832 15:20:00 69238 0 0
2010100833 15:30:00 96133 0 1
2010100834 15:40:00 50154 0 0
2010100835 15:50:00 19958 1 0
2010100836 16:00:00 33532 1 0
2010100837 16:10:00 98757 0 1
2010100838 16:20:00 63386 1 0
2010100839 16:30:00 66879 1 0
2010100840 16:40:00 76175 0 0
2010100841 16:50:00 94569 0 0
2010100842 17:00:00 96287 0 0
2010100843 17:10:00 69509 0 0
2010100844 17:20:00 54963 0 0
2010100845 17:30:00 84267 0 0
2010100846 17:40:00 12316 0 0
2010100847 17:50:00 61254 0 0
2010100848 18:00:00 83151 0 1
2010100849 18:10:00 36739 0 0
2010100850 18:20:00 64332 0 1
2010100851 18:30:00 95650 0 0
2010100852 18:40:00 21748 0 0
2010100853 18:50:00 80888 1 1
2010100854 19:00:00 33248 1 0
2010100855 19:10:00 48887 1 1
2010100856 19:20:00 38880 1 1
2010100857 19:30:00 17748 1 0
2010100858 19:40:00 78081 0 0
2010100859 19:50:00 79313 0 1
2010100860 20:00:00 78758 1 0
2010100861 20:10:00 70689 0 0
2010100862 20:20:00 00255 1 1
2010100863 20:30:00 62137 0 0
2010100864 20:40:00 59932 1 0
2010100865 20:50:00 19717 0 1
2010100866 21:00:00 73698 0 0
2010100867 21:10:00 83766 0 1
2010100868 21:20:00 03702 0 0
2010100869 21:30:00 10334 0 1
2010100870 21:40:00 21587 0 0
2010100871 21:50:00 58004 0 1
2010100872 22:00:00 46615 1 0
2010100873 22:10:00 18020 0 1
2010100874 22:20:00 29283 1 0
2010100875 22:30:00 22677 1 1
2010100876 22:40:00 60336 0 1
2010100877 22:50:00 36153 0 0
2010100878 23:00:00 75863 0 0
2010100879 23:10:00 07796 1 0
2010100880 23:20:00 80692 0 0
2010100881 23:30:00 07735 1 0
2010100882 23:40:00 07582 0 0
2010100883 23:50:00 13246 0 0
2010100884 00:00:00 45050 0 1
