2010032501 10:10:00 11543 1 0
2010032502 10:20:00 65959 0 1
2010032503 10:30:00 64769 0 0
2010032504 10:40:00 44671 1 0
2010032505 10:50:00 43291 0 0
2010032506 11:00:00 58233 0 1
2010032507 11:10:00 67144 0 1
2010032508 11:20:00 35633 0 1
2010032509 11:30:00 48272 0 1
2010032510 11:40:00 07176 0 0
2010032511 11:50:00 54678 0 0
2010032512 12:00:00 51948 0 0
2010032513 12:10:00 38926 0 0
2010032514 12:20:00 28891 1 0
2010032515 12:30:00 60676 1 1
2010032516 12:40:00 03627 0 0
2010032517 12:50:00 55160 1 0
2010032518 13:00:00 45535 1 1
2010032519 13:10:00 29542 0 0
2010032520 13:20:00 69735 0 0
2010032521 13:30:00 46354 0 0
2010032522 13:40:00 67697 1 0
2010032523 13:50:00 85012 0 0
2010032524 14:00:00 27233 1 1
2010032525 14:10:00 63185 0 0
2010032526 14:20:00 69923 1 0
2010032527 14:30:00 15057 0 0
2010032528 14:40:00 44838 1 1
2010032529 14:50:00 94842 0 0
2010032530 15:00:00 41559 0 1
2010032531 15:10:00 38731 0 0
2010032532 15:20:00 20009 1 1
2010032533 15:30:00 65152 0 0
2010032534 15:40:00 10240 0 0
2010032535 15:50:00 64511 0 1
2010032536 16:00:00 15817 0 0
2010032537 16:10:00 38478 0 0
2010032538 16:20:00 72010 0 1
2010032539 16:30:00 40656 0 1
2010032540 16:40:00 95310 0 0
2010032541 16:50:00 79823 0 0
2010032542 17:00:00 17656 0 1
2010032543 17:10:00 51973 0 0
2010032544 17:20:00 32484 0 1
2010032545 17:30:00 29918 1 0
2010032546 17:40:00 65969 0 1
2010032547 17:50:00 01441 0 1
2010032548 18:00:00 39325 1 0
2010032549 18:10:00 86479 0 0
2010032550 18:20:00 59628 0 0
2010032551 18:30:00 55725 1 0
2010032552 18:40:00 15818 0 1
2010032553 18:50:00 67813 0 0
2010032554 19:00:00 11230 1 0
2010032555 19:10:00 99489 1 0
2010032556 19:20:00 90178 0 0
2010032557 19:30:00 54244 0 1
2010032558 19:40:00 39691 0 0
2010032559 19:50:00 87350 0 0
2010032560 20:00:00 90629 0 0
2010032561 20:10:00 10365 0 0
2010032562 20:20:00 23948 0 0
2010032563 20:30:00 08041 1 0
2010032564 20:40:00 98584 0 0
2010032565 20:50:00 89798 0 0
2010032566 21:00:00 20220 1 1
2010032567 21:10:00 72644 0 1
2010032568 21:20:00 44803 1 0
2010032569 21:30:00 50244 0 1
2010032570 21:40:00 67532 0 0
2010032571 21:50:00 36772 0 1
2010032572 22:00:00 34936 0 0
2010032573 22:10:00 79837 0 0
2010032574 22:20:00 88647 1 0
2010032575 22:30:00 54401 1 0
2010032576 22:40:00 31289 0 0
2010032577 22:50:00 53525 1 1
2010032578 23:00:00 30787 0 1
2010032579 23:10:00 55944 1 1
2010032580 23:20:00 06020 1 1
2010032581 23:30:00 93031 0 0
2010032582 23:40:00 41350 0 0
2010032583 23:50:00 31951 0 0
2010032584 00:00:00 11326 1 0
