2010041201 10:10:00 31336 1 1
2010041202 10:20:00 85333 0 1
2010041203 10:30:00 79477 0 1
2010041204 10:40:00 75061 0 0
2010041205 10:50:00 39900 1 1
2010041206 11:00:00 18541 0 0
2010041207 11:10:00 44015 1 0
2010041208 11:20:00 70317 0 0
2010041209 11:30:00 30185 0 0
2010041210 11:40:00 80354 0 0
2010041211 11:50:00 39820 0 0
2010041212 12:00:00 31367 1 0
2010041213 12:10:00 33852 1 0
2010041214 12:20:00 05264 0 0
2010041215 12:30:00 71440 0 1
2010041216 12:40:00 83549 0 0
2010041217 12:50:00 04943 0 0
2010041218 13:00:00 76712 1 0
2010041219 13:10:00 99223 1 1
2010041220 13:20:00 62439 0 0
2010041221 13:30:00 17022 0 1
2010041222 13:40:00 59165 0 0
2010041223 13:50:00 57535 1 1
2010041224 14:00:00 24916 0 0
2010041225 14:10:00 03297 0 0
2010041226 14:20:00 43305 1 0
2010041227 14:30:00 84400 1 1
2010041228 14:40:00 18545 0 1
2010041229 14:50:00 53565 1 1
2010041230 15:00:00 40295 0 0
2010041231 15:10:00 92419 0 0
2010041232 15:20:00 30342 1 0
2010041233 15:30:00 37509 0 0
2010041234 15:40:00 28630 0 0
2010041235 15:50:00 32470 0 0
2010041236 16:00:00 19202 0 1
2010041237 16:10:00 75173 0 0
2010041238 16:20:00 32739 0 0
2010041239 16:30:00 46092 0 0
2010041240 16:40:00 04637 0 0
2010041241 16:50:00 87792 1 0
2010041242 17:00:00 12681 0 0
2010041243 17:10:00 84479 1 0
2010041244 17:20:00 14380 0 0
2010041245 17:30:00 49310 0 0
2010041246 17:40:00 82809 1 0
2010041247 17:50:00 95590 1 0
2010041248 18:00:00 31051 0 0
2010041249 18:10:00 91292 0 1
2010041250 18:20:00 69464 0 1
2010041251 18:30:00 67239 0 0
2010041252 18:40:00 76905 0 0
2010041253 18:50:00 46669 1 1
2010041254 19:00:00 18508 0 0
2010041255 19:10:00 98210 0 0
2010041256 19:20:00 81519 0 0
2010041257 19:30:00 29427 0 0
2010041258 19:40:00 92204 1 0
2010041259 19:50:00 94171 0 1
2010041260 20:00:00 75797 1 1
2010041261 20:10:00 96280 0 0
2010041262 20:20:00 97891 0 0
2010041263 20:30:00 14136 1 0
2010041264 20:40:00 45711 0 1
2010041265 20:50:00 74993 0 1
2010041266 21:00:00 60360 0 0
2010041267 21:10:00 38758 0 0
2010041268 21:20:00 55731 1 0
2010041269 21:30:00 30792 0 0
2010041270 21:40:00 30576 0 0
2010041271 21:50:00 03295 0 0
2010041272 22:00:00 96382 0 0
2010041273 22:10:00 00212 1 1
2010041274 22:20:00 53605 0 0
2010041275 22:30:00 67618 1 0
2010041276 22:40:00 92312 0 0
2010041277 22:50:00 06635 1 0
2010041278 23:00:00 28825 1 0
2010041279 23:10:00 57135 0 0
2010041280 23:20:00 76256 0 0
2010041281 23:30:00 54314 0 0
2010041282 23:40:00 80799 0 1
2010041283 23:50:00 73091 0 0
2010041284 00:00:00 57070 0 1
