2010021101 10:10:00 70918 0 0
2010021102 10:20:00 71590 0 0
2010021103 10:30:00 08307 0 0
2010021104 10:40:00 38557 0 1
2010021105 10:50:00 53005 0 1
2010021106 11:00:00 18937 0 0
2010021107 11:10:00 15430 0 0
2010021108 11:20:00 58081 0 0
2010021109 11:30:00 38254 0 0
2010021110 11:40:00 36578 0 0
2010021111 11:50:00 22720 1 0
2010021112 12:00:00 42613 0 0
2010021113 12:10:00 67092 0 0
2010021114 12:20:00 14955 0 1
2010021115 12:30:00 93887 0 1
2010021116 12:40:00 22170 1 0
2010021117 12:50:00 85334 0 1
2010021118 13:00:00 20324 0 0
2010021119 13:10:00 16541 0 0
2010021120 13:20:00 23944 0 1
2010021121 13:30:00 02483 0 0
2010021122 13:40:00 75817 0 0
2010021123 13:50:00 96740 0 0
2010021124 14:00:00 37214 0 0
2010021125 14:10:00 36899 0 1
2010021126 14:20:00 78232 0 1
2010021127 14:30:00 32198 0 0
2010021128 14:40:00 79536 0 0
2010021129 14:50:00 36357 1 0
2010021130 15:00:00 37825 0 0
2010021131 15:10:00 82882 1 1
2010021132 15:20:00 69439 0 0
2010021133 15:30:00 42797 0 1
2010021134 15:40:00 15410 0 0
2010021135 15:50:00 74658 0 0
2010021136 16:00:00 77426 1 0
2010021137 16:10:00 02971 0 0
2010021138 16:20:00 37915 0 0
2010021139 16:30:00 90700 0 1
2010021140 16:40:00 89708 0 0
2010021141 16:50:00 07755 1 1
2010021142 17:00:00 04602 0 0
2010021143 17:10:00 27821 0 0
2010021144 17:20:00 39309 1 0
2010021145 17:30:00 89273 0 0
2010021146 17:40:00 71619 0 0
2010021147 17:50:00 81358 0 0
2010021148 18:00:00 51732 0 0
2010021149 18:10:00 05136 0 0
2010021150 18:20:00 58980 0 0
2010021151 18:30:00 33246 1 0
2010021152 18:40:00 15305 0 0
2010021153 18:50:00 77075 1 0
2010021154 19:00:00 86677 1 1
2010021155 19:10:00 02354 0 0
2010021156 19:20:00 87377 0 1
2010021157 19:30:00 67142 0 0
2010021158 19:40:00 73468 0 0
2010021159 19:50:00 13643 0 0
2010021160 20:00:00 53000 0 1
2010021161 20:10:00 36846 0 0
2010021162 20:20:00 83317 1 0
2010021163 20:30:00 30653 0 0
2010021164 20:40:00 64414 1 1
2010021165 20:50:00 91011 0 1
2010021166 21:00:00 07959 0 1
2010021167 21:10:00 67254 0 0
2010021168 21:20:00 81053 0 0
2010021169 21:30:00 12741 0 0
2010021170 21:40:00 40812 0 0
2010021171 21:50:00 19407 0 0
2010021172 22:00:00 10152 1 0
2010021173 22:10:00 38388 1 1
2010021174 22:20:00 93242 0 1
2010021175 22:30:00 95042 0 0
2010021176 22:40:00 57011 0 1
2010021177 22:50:00 36532 0 0
2010021178 23:00:00 22965 1 0
2010021179 23:10:00 20989 0 1
2010021180 23:20:00 45484 1 1
2010021181 23:30:00 05216 0 0
2010021182 23:40:00 95628 0 0
2010021183 23:50:00 86500 0 1
2010021184 00:00:00 08768 0 0
