2010020801 10:10:00 92178 0 0
2010020802 10:20:00 09383 0 1
2010020803 10:30:00 38286 0 0
2010020804 10:40:00 74551 0 1
2010020805 10:50:00 17424 0 1
2010020806 11:00:00 26656 1 1
2010020807 11:10:00 22431 1 0
2010020808 11:20:00 45364 0 0
2010020809 11:30:00 27528 0 0
2010020810 11:40:00 16564 0 0
2010020811 11:50:00 85650 0 0
2010020812 12:00:00 63261 0 0
2010020813 12:10:00 95088 0 1
2010020814 12:20:00 02016 1 0
2010020815 12:30:00 06361 0 0
2010020816 12:40:00 03439 0 0
2010020817 12:50:00 80979 0 1
2010020818 13:00:00 84314 0 0
2010020819 13:10:00 99728 1 0
2010020820 13:20:00 48932 0 0
2010020821 13:30:00 50373 0 1
2010020822 13:40:00 16023 0 0
2010020823 13:50:00 68694 1 0
2010020824 14:00:00 05057 1 0
2010020825 14:10:00 12160 1 0
2010020826 14:20:00 81760 0 0
2010020827 14:30:00 01120 1 0
2010020828 14:40:00 65433 0 1
2010020829 14:50:00 45860 0 0
2010020830 15:00:00 20042 1 0
2010020831 15:10:00 33594 1 0
2010020832 15:20:00 03859 0 0
2010020833 15:30:00 29714 0 0
2010020834 15:40:00 84771 0 1
2010020835 15:50:00 60097 1 0
2010020836 16:00:00 99604 1 0
2010020837 16:10:00 32680 0 0
2010020838 16:20:00 95193 0 0
2010020839 16:30:00 64689 1 0
2010020840 16:40:00 03873 0 0
2010020841 16:50:00 28607 0 0
2010020842 17:00:00 84966 0 1
2010020843 17:10:00 95597 1 0
2010020844 17:20:00 25361 0 0
2010020845 17:30:00 99772 1 1
2010020846 17:40:00 36915 0 0
2010020847 17:50:00 36472 0 0
2010020848 18:00:00 73145 0 0
2010020849 18:10:00 94245 0 0
2010020850 18:20:00 19109 1 0
2010020851 18:30:00 91819 0 0
2010020852 18:40:00 13801 0 0
2010020853 18:50:00 95727 0 1
2010020854 19:00:00 23496 0 0
2010020855 19:10:00 75763 1 0
2010020856 19:20:00 45570 1 0
2010020857 19:30:00 21186 1 0
2010020858 19:40:00 94941 1 0
2010020859 19:50:00 97653 0 0
2010020860 20:00:00 04558 0 1
2010020861 20:10:00 80533 0 1
2010020862 20:20:00 27219 1 0
2010020863 20:30:00 68531 0 0
2010020864 20:40:00 05414 0 1
2010020865 20:50:00 69511 0 1
2010020866 21:00:00 20300 0 1
2010020867 21:10:00 51387 0 0
2010020868 21:20:00 13975 0 0
2010020869 21:30:00 62165 0 0
2010020870 21:40:00 38011 0 1
2010020871 21:50:00 86086 0 0
2010020872 22:00:00 51652 0 0
2010020873 22:10:00 53536 1 0
2010020874 22:20:00 48332 0 1
2010020875 22:30:00 35561 1 0
2010020876 22:40:00 81245 0 0
2010020877 22:50:00 62611 1 1
2010020878 23:00:00 26028 0 0
2010020879 23:10:00 72745 1 0
2010020880 23:20:00 38614 0 0
2010020881 23:30:00 55033 1 1
2010020882 23:40:00 02569 0 0
2010020883 23:50:00 48914 0 0
2010020884 00:00:00 05784 0 0
