2010101301 10:10:00 98229 0 1
2010101302 10:20:00 23257 1 0
2010101303 10:30:00 64003 0 1
2010101304 10:40:00 96989 1 1
2010101305 10:50:00 46774 0 1
2010101306 11:00:00 23323 1 1
2010101307 11:10:00 46097 0 0
2010101308 11:20:00 66712 1 0
2010101309 11:30:00 37527 0 0
2010101310 11:40:00 23308 1 0
2010101311 11:50:00 15651 0 0
2010101312 12:00:00 54510 1 0
2010101313 12:10:00 24394 0 0
2010101314 12:20:00 36184 0 0
2010101315 12:30:00 26076 0 0
2010101316 12:40:00 71074 0 0
2010101317 12:50:00 17216 0 0
2010101318 13:00:00 83492 0 0
2010101319 13:10:00 57174 0 0
2010101320 13:20:00 42730 0 0
2010101321 13:30:00 26003 0 1
2010101322 13:40:00 46856 0 0
2010101323 13:50:00 93928 1 0
2010101324 14:00:00 03278 0 0
2010101325 14:10:00 38424 0 1
2010101326 14:20:00 40668 0 1
2010101327 14:30:00 91843 0 0
2010101328 14:40:00 49382 0 0
2010101329 14:50:00 71575 0 1
2010101330 15:00:00 09454 0 1
2010101331 15:10:00 41422 1 1
2010101332 15:20:00 74200 0 1
2010101333 15:30:00 87559 0 1
2010101334 15:40:00 19790 0 0
2010101335 15:50:00 18761 0 0
2010101336 16:00:00 79659 0 0
2010101337 16:10:00 56412 0 0
2010101338 16:20:00 72450 0 0
2010101339 16:30:00 75509 1 0
2010101340 16:40:00 60111 0 1
2010101341 16:50:00 88682 1 0
2010101342 17:00:00 98273 0 0
2010101343 17:10:00 11978 1 0
2010101344 17:20:00 51446 0 1
2010101345 17:30:00 56118 0 1
2010101346 17:40:00 63195 0 0
2010101347 17:50:00 06978 0 0
2010101348 18:00:00 35966 0 1
2010101349 18:10:00 41406 1 0
2010101350 18:20:00 40088 1 1
2010101351 18:30:00 20313 0 1
2010101352 18:40:00 86213 0 0
2010101353 18:50:00 18169 1 0
2010101354 19:00:00 19726 0 0
2010101355 19:10:00 42976 0 0
2010101356 19:20:00 42224 1 1
2010101357 19:30:00 56727 0 1
2010101358 19:40:00 91385 0 0
2010101359 19:50:00 09930 1 0
2010101360 20:00:00 53911 0 1
2010101361 20:10:00 59814 0 0
2010101362 20:20:00 22866 1 1
2010101363 20:30:00 42107 0 0
2010101364 20:40:00 27642 0 0
2010101365 20:50:00 80245 0 0
2010101366 21:00:00 12491 0 0
2010101367 21:10:00 58805 1 0
2010101368 21:20:00 78463 0 0
2010101369 21:30:00 15819 0 0
2010101370 21:40:00 95900 1 1
2010101371 21:50:00 24607 0 0
2010101372 22:00:00 12566 0 1
2010101373 22:10:00 47672 0 0
2010101374 22:20:00 66871 1 0
2010101375 22:30:00 73374 1 0
2010101376 22:40:00 54104 0 0
2010101377 22:50:00 61118 1 1
2010101378 23:00:00 47991 0 1
2010101379 23:10:00 80966 0 1
2010101380 23:20:00 99366 1 1
2010101381 23:30:00 32477 0 1
2010101382 23:40:00 77698 1 0
2010101383 23:50:00 03308 1 0
2010101384 00:00:00 08214 0 0
