2010022701 10:10:00 34811 0 1
2010022702 10:20:00 08966 0 1
2010022703 10:30:00 65184 0 0
2010022704 10:40:00 96212 0 1
2010022705 10:50:00 50638 0 0
2010022706 11:00:00 69049 0 0
2010022707 11:10:00 88866 1 1
2010022708 11:20:00 30240 0 0
2010022709 11:30:00 12863 0 0
2010022710 11:40:00 37227 0 1
2010022711 11:50:00 37896 0 0
2010022712 12:00:00 96093 0 0
2010022713 12:10:00 49566 0 1
2010022714 12:20:00 59656 0 1
2010022715 12:30:00 85454 0 1
2010022716 12:40:00 46612 1 0
2010022717 12:50:00 04994 0 1
2010022718 13:00:00 92173 0 0
2010022719 13:10:00 73218 0 0
2010022720 13:20:00 17469 0 0
2010022721 13:30:00 34479 1 0
2010022722 13:40:00 22472 1 0
2010022723 13:50:00 63501 0 0
2010022724 14:00:00 28437 0 0
2010022725 14:10:00 23818 0 1
2010022726 14:20:00 68673 1 0
2010022727 14:30:00 82306 0 0
2010022728 14:40:00 34987 0 0
2010022729 14:50:00 11904 1 0
2010022730 15:00:00 18492 0 0
2010022731 15:10:00 40254 0 0
2010022732 15:20:00 49218 0 0
2010022733 15:30:00 34657 0 0
2010022734 15:40:00 34436 1 0
2010022735 15:50:00 10396 0 0
2010022736 16:00:00 92377 0 1
2010022737 16:10:00 75018 0 0
2010022738 16:20:00 16825 0 0
2010022739 16:30:00 60648 1 0
2010022740 16:40:00 32172 0 0
2010022741 16:50:00 89549 0 0
2010022742 17:00:00 22436 1 0
2010022743 17:10:00 27201 1 0
2010022744 17:20:00 99121 1 1
2010022745 17:30:00 64067 0 0
2010022746 17:40:00 85102 0 0
2010022747 17:50:00 83190 0 0
2010022748 18:00:00 94351 0 0
2010022749 18:10:00 47376 0 0
2010022750 18:20:00 20232 1 1
2010022751 18:30:00 54393 0 1
2010022752 18:40:00 10629 0 0
2010022753 18:50:00 73120 0 0
2010022754 19:00:00 39769 0 0
2010022755 19:10:00 70510 0 0
2010022756 19:20:00 94441 1 1
2010022757 19:30:00 38138 0 0
2010022758 19:40:00 43967 0 0
2010022759 19:50:00 13522 0 1
2010022760 20:00:00 32107 0 0
2010022761 20:10:00 13172 1 0
2010022762 20:20:00 96893 0 0
2010022763 20:30:00 08262 0 1
2010022764 20:40:00 73863 0 0
2010022765 20:50:00 79910 1 0
2010022766 21:00:00 29271 1 0
2010022767 21:10:00 17018 0 0
2010022768 21:20:00 83799 0 1
2010022769 21:30:00 78577 0 1
2010022770 21:40:00 84803 1 0
2010022771 21:50:00 35189 0 0
2010022772 22:00:00 28922 0 1
2010022773 22:10:00 97037 0 0
2010022774 22:20:00 63853 0 0
2010022775 22:30:00 27788 1 1
2010022776 22:40:00 99270 1 0
2010022777 22:50:00 04200 0 1
2010022778 23:00:00 31121 1 1
2010022779 23:10:00 70760 1 0
2010022780 23:20:00 16789 0 0
2010022781 23:30:00 74676 0 1
2010022782 23:40:00 56511 1 1
2010022783 23:50:00 23920 0 0
2010022784 00:00:00 31964 0 0
