2010122201 10:10:00 88930 1 0
2010122202 10:20:00 71680 0 0
2010122203 10:30:00 63354 1 0
2010122204 10:40:00 46605 1 0
2010122205 10:50:00 41052 0 0
2010122206 11:00:00 59354 0 0
2010122207 11:10:00 69407 0 0
2010122208 11:20:00 97116 0 1
2010122209 11:30:00 63879 0 0
2010122210 11:40:00 96417 0 0
2010122211 11:50:00 05439 0 0
2010122212 12:00:00 04051 1 0
2010122213 12:10:00 76157 0 0
2010122214 12:20:00 10322 0 1
2010122215 12:30:00 74186 0 0
2010122216 12:40:00 29726 0 0
2010122217 12:50:00 73132 0 0
2010122218 13:00:00 75416 0 0
2010122219 13:10:00 20099 1 1
2010122220 13:20:00 37947 0 0
2010122221 13:30:00 48277 0 1
2010122222 13:40:00 14848 0 1
2010122223 13:50:00 46307 0 0
2010122224 14:00:00 44108 1 0
2010122225 14:10:00 92413 0 0
2010122226 14:20:00 22557 1 1
2010122227 14:30:00 16789 0 0
2010122228 14:40:00 05781 0 0
2010122229 14:50:00 71274 0 0
2010122230 15:00:00 20584 0 0
2010122231 15:10:00 30196 0 0
2010122232 15:20:00 87551 0 1
2010122233 15:30:00 42783 0 0
2010122234 15:40:00 90167 0 0
2010122235 15:50:00 42177 0 1
2010122236 16:00:00 73287 0 0
2010122237 16:10:00 36738 0 0
2010122238 16:20:00 18717 0 1
2010122239 16:30:00 46559 0 1
2010122240 16:40:00 06629 1 0
2010122241 16:50:00 80498 0 0
2010122242 17:00:00 70486 0 0
2010122243 17:10:00 14706 0 0
2010122244 17:20:00 88822 1 1
2010122245 17:30:00 46538 0 0
2010122246 17:40:00 85621 0 0
2010122247 17:50:00 59222 0 1
2010122248 18:00:00 20545 0 1
2010122249 18:10:00 87958 0 0
2010122250 18:20:00 05879 0 0
2010122251 18:30:00 52279 1 0
2010122252 18:40:00 70092 1 0
2010122253 18:50:00 28407 0 0
2010122254 19:00:00 54840 0 0
2010122255 19:10:00 61368 0 0
2010122256 19:20:00 91437 0 0
2010122257 19:30:00 36147 0 0
2010122258 19:40:00 20496 0 0
2010122259 19:50:00 65782 0 0
2010122260 20:00:00 35719 0 0
2010122261 20:10:00 64979 0 1
2010122262 20:20:00 46184 0 0
2010122263 20:30:00 61662 1 1
2010122264 20:40:00 13729 0 0
2010122265 20:50:00 28355 0 1
2010122266 21:00:00 97106 0 0
2010122267 21:10:00 09597 0 0
2010122268 21:20:00 92684 0 0
2010122269 21:30:00 78224 0 1
2010122270 21:40:00 86965 0 0
2010122271 21:50:00 12302 0 0
2010122272 22:00:00 68475 0 0
2010122273 22:10:00 21629 0 0
2010122274 22:20:00 18337 0 1
2010122275 22:30:00 15437 0 0
2010122276 22:40:00 52276 1 0
2010122277 22:50:00 40300 0 1
2010122278 23:00:00 98123 0 0
2010122279 23:10:00 19277 0 1
2010122280 23:20:00 28963 0 0
2010122281 23:30:00 53986 0 0
2010122282 23:40:00 58194 0 0
2010122283 23:50:00 37104 0 0
2010122284 00:00:00 33514 1 0
