2010082401 10:10:00 15522 1 1
2010082402 10:20:00 50364 0 0
2010082403 10:30:00 35682 0 0
2010082404 10:40:00 04073 1 0
2010082405 10:50:00 17945 0 0
2010082406 11:00:00 90468 0 0
2010082407 11:10:00 39371 1 0
2010082408 11:20:00 55412 1 0
2010082409 11:30:00 22098 1 0
2010082410 11:40:00 23427 0 0
2010082411 11:50:00 25331 0 1
2010082412 12:00:00 71721 1 0
2010082413 12:10:00 58633 0 1
2010082414 12:20:00 91098 0 0
2010082415 12:30:00 08182 0 0
2010082416 12:40:00 37787 1 1
2010082417 12:50:00 92302 0 0
2010082418 13:00:00 14065 0 0
2010082419 13:10:00 06947 0 0
2010082420 13:20:00 10782 0 0
2010082421 13:30:00 68805 1 0
2010082422 13:40:00 63614 1 0
2010082423 13:50:00 39767 0 1
2010082424 14:00:00 01590 0 0
2010082425 14:10:00 46078 0 0
2010082426 14:20:00 57888 0 1
2010082427 14:30:00 70063 1 0
2010082428 14:40:00 43352 1 0
2010082429 14:50:00 64839 0 0
2010082430 15:00:00 64000 0 1
2010082431 15:10:00 41340 0 0
2010082432 15:20:00 45880 0 1
2010082433 15:30:00 65015 0 0
2010082434 15:40:00 88026 1 0
2010082435 15:50:00 87194 0 0
2010082436 16:00:00 58070 0 1
2010082437 16:10:00 38446 0 1
2010082438 16:20:00 55395 1 0
2010082439 16:30:00 08444 0 1
2010082440 16:40:00 92633 0 1
2010082441 16:50:00 06961 0 0
2010082442 17:00:00 30273 0 0
2010082443 17:10:00 22969 1 1
2010082444 17:20:00 51215 0 0
2010082445 17:30:00 24363 0 1
2010082446 17:40:00 34580 0 0
2010082447 17:50:00 98382 0 0
2010082448 18:00:00 51137 1 0
2010082449 18:10:00 80228 0 1
2010082450 18:20:00 64999 0 1
2010082451 18:30:00 50282 0 1
2010082452 18:40:00 15335 0 1
2010082453 18:50:00 97645 0 0
2010082454 19:00:00 59319 0 0
2010082455 19:10:00 63901 0 0
2010082456 19:20:00 92117 0 1
2010082457 19:30:00 72454 0 1
2010082458 19:40:00 48819 1 0
2010082459 19:50:00 46205 0 0
2010082460 20:00:00 19934 1 0
2010082461 20:10:00 63719 0 0
2010082462 20:20:00 46648 1 0
2010082463 20:30:00 57332 0 1
2010082464 20:40:00 09470 0 0
2010082465 20:50:00 08259 0 0
2010082466 21:00:00 59761 0 0
2010082467 21:10:00 93483 0 0
2010082468 21:20:00 36559 0 1
2010082469 21:30:00 40307 0 0
2010082470 21:40:00 38279 0 0
2010082471 21:50:00 68877 1 1
2010082472 22:00:00 83204 0 0
2010082473 22:10:00 38987 0 0
2010082474 22:20:00 04085 1 0
2010082475 22:30:00 78123 0 0
2010082476 22:40:00 43815 0 0
2010082477 22:50:00 14419 1 0
2010082478 23:00:00 57890 0 0
2010082479 23:10:00 70321 0 0
2010082480 23:20:00 16486 0 0
2010082481 23:30:00 12294 1 0
2010082482 23:40:00 45582 1 0
2010082483 23:50:00 66295 1 0
2010082484 00:00:00 56636 1 1
