2010062501 10:10:00 85381 0 0
2010062502 10:20:00 17981 0 0
2010062503 10:30:00 71260 0 0
2010062504 10:40:00 36889 0 1
2010062505 10:50:00 38994 0 1
2010062506 11:00:00 16636 1 1
2010062507 11:10:00 79196 0 0
2010062508 11:20:00 73383 1 1
2010062509 11:30:00 22745 1 0
2010062510 11:40:00 29498 0 0
2010062511 11:50:00 57049 0 0
2010062512 12:00:00 70870 0 0
2010062513 12:10:00 35246 0 0
2010062514 12:20:00 83111 0 1
2010062515 12:30:00 03492 0 0
2010062516 12:40:00 18022 0 1
2010062517 12:50:00 11081 1 0
2010062518 13:00:00 60910 0 0
2010062519 13:10:00 90297 0 0
2010062520 13:20:00 66940 1 0
2010062521 13:30:00 38277 0 1
2010062522 13:40:00 88699 1 1
2010062523 13:50:00 45381 0 0
2010062524 14:00:00 09099 1 1
2010062525 14:10:00 38043 0 0
2010062526 14:20:00 14536 0 0
2010062527 14:30:00 79616 0 1
2010062528 14:40:00 15893 0 0
2010062529 14:50:00 80107 0 0
2010062530 15:00:00 11112 1 1
2010062531 15:10:00 04480 1 0
2010062532 15:20:00 76739 1 0
2010062533 15:30:00 95016 0 0
2010062534 15:40:00 63192 0 0
2010062535 15:50:00 91975 1 0
2010062536 16:00:00 83950 0 0
2010062537 16:10:00 39121 0 1
2010062538 16:20:00 52113 0 1
2010062539 16:30:00 92482 0 0
2010062540 16:40:00 94516 0 0
2010062541 16:50:00 60990 0 1
2010062542 17:00:00 73059 0 0
2010062543 17:10:00 69183 0 0
2010062544 17:20:00 05298 0 0
2010062545 17:30:00 89805 1 0
2010062546 17:40:00 63846 0 0
2010062547 17:50:00 40938 0 0
2010062548 18:00:00 18860 1 0
2010062549 18:10:00 41872 0 0
2010062550 18:20:00 32650 0 0
2010062551 18:30:00 33730 1 0
2010062552 18:40:00 30135 0 0
2010062553 18:50:00 90774 0 1
2010062554 19:00:00 76766 1 1
2010062555 19:10:00 07761 1 0
2010062556 19:20:00 09218 0 0
2010062557 19:30:00 45421 1 0
2010062558 19:40:00 03917 0 0
2010062559 19:50:00 87888 1 1
2010062560 20:00:00 14146 1 0
2010062561 20:10:00 98783 0 0
2010062562 20:20:00 48719 0 0
2010062563 20:30:00 66831 1 0
2010062564 20:40:00 38852 1 0
2010062565 20:50:00 05872 0 0
2010062566 21:00:00 27732 1 0
2010062567 21:10:00 74537 0 0
2010062568 21:20:00 76684 1 0
2010062569 21:30:00 35509 1 0
2010062570 21:40:00 00159 1 0
2010062571 21:50:00 00910 1 0
2010062572 22:00:00 93574 0 0
2010062573 22:10:00 77858 1 1
2010062574 22:20:00 05001 1 1
2010062575 22:30:00 40694 0 0
2010062576 22:40:00 11257 1 0
2010062577 22:50:00 74447 1 1
2010062578 23:00:00 39498 0 0
2010062579 23:10:00 95107 0 0
2010062580 23:20:00 19649 0 0
2010062581 23:30:00 64225 0 1
2010062582 23:40:00 29874 0 0
2010062583 23:50:00 81381 0 0
2010062584 00:00:00 57043 0 0
