2010032401 10:10:00 54918 0 0
2010032402 10:20:00 43854 0 0
2010032403 10:30:00 44234 1 0
2010032404 10:40:00 14667 0 1
2010032405 10:50:00 49284 0 0
2010032406 11:00:00 90550 0 1
2010032407 11:10:00 15045 0 0
2010032408 11:20:00 78986 0 0
2010032409 11:30:00 42539 0 0
2010032410 11:40:00 07639 0 0
2010032411 11:50:00 07039 1 0
2010032412 12:00:00 21968 0 0
2010032413 12:10:00 29715 0 0
2010032414 12:20:00 89085 0 0
2010032415 12:30:00 24512 0 0
2010032416 12:40:00 27710 1 0
2010032417 12:50:00 04783 0 0
2010032418 13:00:00 32354 1 0
2010032419 13:10:00 06257 0 0
2010032420 13:20:00 01867 0 0
2010032421 13:30:00 01456 0 0
2010032422 13:40:00 58786 0 0
2010032423 13:50:00 88163 1 0
2010032424 14:00:00 62886 0 1
2010032425 14:10:00 68012 0 0
2010032426 14:20:00 68737 0 1
2010032427 14:30:00 75197 0 0
2010032428 14:40:00 12760 0 0
2010032429 14:50:00 20364 0 0
2010032430 15:00:00 43604 0 0
2010032431 15:10:00 75743 1 0
2010032432 15:20:00 85234 0 0
2010032433 15:30:00 28328 0 0
2010032434 15:40:00 04949 0 1
2010032435 15:50:00 91240 0 0
2010032436 16:00:00 75960 0 0
2010032437 16:10:00 12913 0 0
2010032438 16:20:00 04389 0 0
2010032439 16:30:00 26339 0 1
2010032440 16:40:00 51376 0 0
2010032441 16:50:00 61269 0 0
2010032442 17:00:00 32295 1 0
2010032443 17:10:00 34101 0 1
2010032444 17:20:00 22246 1 0
2010032445 17:30:00 89720 0 0
2010032446 17:40:00 41073 0 0
2010032447 17:50:00 96397 0 0
2010032448 18:00:00 54903 0 0
2010032449 18:10:00 53553 1 1
2010032450 18:20:00 05418 0 0
2010032451 18:30:00 89422 0 1
2010032452 18:40:00 87892 1 0
2010032453 18:50:00 93981 1 0
2010032454 19:00:00 96494 0 1
2010032455 19:10:00 84188 0 1
2010032456 19:20:00 93886 0 1
2010032457 19:30:00 27941 0 0
2010032458 19:40:00 14069 0 0
2010032459 19:50:00 58279 0 0
2010032460 20:00:00 63657 1 0
2010032461 20:10:00 42374 0 0
2010032462 20:20:00 46628 1 0
2010032463 20:30:00 58734 0 0
2010032464 20:40:00 21101 1 1
2010032465 20:50:00 71288 0 1
2010032466 21:00:00 56104 0 0
2010032467 21:10:00 04300 0 1
2010032468 21:20:00 05959 0 1
2010032469 21:30:00 53835 0 0
2010032470 21:40:00 76563 0 0
2010032471 21:50:00 05388 0 1
2010032472 22:00:00 87613 0 0
2010032473 22:10:00 82399 0 1
2010032474 22:20:00 01059 1 0
2010032475 22:30:00 47732 1 0
2010032476 22:40:00 87646 0 1
2010032477 22:50:00 98731 0 0
2010032478 23:00:00 53440 0 1
2010032479 23:10:00 89107 0 0
2010032480 23:20:00 34706 0 0
2010032481 23:30:00 09786 0 0
2010032482 23:40:00 62938 0 0
2010032483 23:50:00 38365 1 0
2010032484 00:00:00 93810 0 0
