2010053101 10:10:00 93936 1 0
2010053102 10:20:00 17573 0 0
2010053103 10:30:00 49373 0 1
2010053104 10:40:00 01683 0 0
2010053105 10:50:00 19969 1 1
2010053106 11:00:00 45103 0 0
2010053107 11:10:00 83990 0 1
2010053108 11:20:00 86634 1 0
2010053109 11:30:00 36248 0 0
2010053110 11:40:00 19123 1 0
2010053111 11:50:00 81220 0 1
2010053112 12:00:00 55555 1 1
2010053113 12:10:00 26624 1 0
2010053114 12:20:00 90140 0 0
2010053115 12:30:00 20305 0 0
2010053116 12:40:00 17859 0 0
2010053117 12:50:00 89239 0 0
2010053118 13:00:00 26516 0 0
2010053119 13:10:00 31885 0 1
2010053120 13:20:00 36292 0 1
2010053121 13:30:00 93023 0 0
2010053122 13:40:00 68223 0 1
2010053123 13:50:00 79844 0 1
2010053124 14:00:00 09003 1 1
2010053125 14:10:00 16339 0 1
2010053126 14:20:00 17969 0 1
2010053127 14:30:00 83302 1 0
2010053128 14:40:00 13085 0 0
2010053129 14:50:00 12060 0 1
2010053130 15:00:00 92489 0 0
2010053131 15:10:00 64327 0 0
2010053132 15:20:00 07246 0 0
2010053133 15:30:00 53615 0 0
2010053134 15:40:00 97362 0 0
2010053135 15:50:00 50067 1 0
2010053136 16:00:00 05677 0 1
2010053137 16:10:00 23801 0 0
2010053138 16:20:00 19371 0 0
2010053139 16:30:00 29496 0 0
2010053140 16:40:00 03806 0 0
2010053141 16:50:00 07035 1 0
2010053142 17:00:00 77544 1 1
2010053143 17:10:00 70910 0 0
2010053144 17:20:00 48722 0 1
2010053145 17:30:00 29253 1 0
2010053146 17:40:00 45682 0 0
2010053147 17:50:00 55862 1 0
2010053148 18:00:00 16925 0 0
2010053149 18:10:00 27827 0 0
2010053150 18:20:00 24178 0 0
2010053151 18:30:00 08962 0 0
2010053152 18:40:00 18000 0 1
2010053153 18:50:00 05559 1 1
2010053154 19:00:00 88396 1 0
2010053155 19:10:00 87115 0 1
2010053156 19:20:00 93140 0 0
2010053157 19:30:00 05036 1 0
2010053158 19:40:00 64942 0 0
2010053159 19:50:00 91548 0 0
2010053160 20:00:00 35307 1 0
2010053161 20:10:00 33861 1 0
2010053162 20:20:00 93938 1 0
2010053163 20:30:00 38198 0 0
2010053164 20:40:00 82201 1 0
2010053165 20:50:00 15354 0 0
2010053166 21:00:00 57541 1 0
2010053167 21:10:00 02634 0 0
2010053168 21:20:00 55315 1 0
2010053169 21:30:00 33578 1 0
2010053170 21:40:00 08536 0 0
2010053171 21:50:00 75334 0 1
2010053172 22:00:00 32122 0 1
2010053173 22:10:00 23714 0 0
2010053174 22:20:00 25223 1 1
2010053175 22:30:00 39090 0 1
2010053176 22:40:00 25149 0 0
2010053177 22:50:00 89637 0 0
2010053178 23:00:00 60266 0 1
2010053179 23:10:00 95564 1 0
2010053180 23:20:00 22886 1 1
2010053181 23:30:00 26936 0 0
2010053182 23:40:00 83640 0 0
2010053183 23:50:00 68186 0 0
2010053184 00:00:00 74612 0 0
