2010032701 10:10:00 27136 0 0
2010032702 10:20:00 82900 0 1
2010032703 10:30:00 47820 0 0
2010032704 10:40:00 68976 0 0
2010032705 10:50:00 21121 1 1
2010032706 11:00:00 79487 0 0
2010032707 11:10:00 20935 0 0
2010032708 11:20:00 02254 1 0
2010032709 11:30:00 89333 0 1
2010032710 11:40:00 76555 0 1
2010032711 11:50:00 68011 0 1
2010032712 12:00:00 43898 0 1
2010032713 12:10:00 88152 1 0
2010032714 12:20:00 25865 0 0
2010032715 12:30:00 54451 1 0
2010032716 12:40:00 76470 0 0
2010032717 12:50:00 79880 0 1
2010032718 13:00:00 85438 0 0
2010032719 13:10:00 46029 0 0
2010032720 13:20:00 14211 0 1
2010032721 13:30:00 54474 1 1
2010032722 13:40:00 34378 1 0
2010032723 13:50:00 57489 0 0
2010032724 14:00:00 87329 0 0
2010032725 14:10:00 12324 0 0
2010032726 14:20:00 01798 0 0
2010032727 14:30:00 53904 0 0
2010032728 14:40:00 38779 0 1
2010032729 14:50:00 31185 1 0
2010032730 15:00:00 50476 0 0
2010032731 15:10:00 37988 0 1
2010032732 15:20:00 42621 0 0
2010032733 15:30:00 07974 0 0
2010032734 15:40:00 30093 1 0
2010032735 15:50:00 41645 0 0
2010032736 16:00:00 43534 0 0
2010032737 16:10:00 47510 0 0
2010032738 16:20:00 15490 0 0
2010032739 16:30:00 56203 0 0
2010032740 16:40:00 78074 0 0
2010032741 16:50:00 95474 0 1
2010032742 17:00:00 34893 0 0
2010032743 17:10:00 05342 0 0
2010032744 17:20:00 04386 0 0
2010032745 17:30:00 60722 0 1
2010032746 17:40:00 14598 0 0
2010032747 17:50:00 05557 1 1
2010032748 18:00:00 29978 1 0
2010032749 18:10:00 12918 0 0
2010032750 18:20:00 75398 0 0
2010032751 18:30:00 14706 0 0
2010032752 18:40:00 98457 0 0
2010032753 18:50:00 41764 0 0
2010032754 19:00:00 27004 0 1
2010032755 19:10:00 50417 0 0
2010032756 19:20:00 28945 0 0
2010032757 19:30:00 36903 0 0
2010032758 19:40:00 62108 0 0
2010032759 19:50:00 53108 0 0
2010032760 20:00:00 82744 0 1
2010032761 20:10:00 41867 0 0
2010032762 20:20:00 94390 0 0
2010032763 20:30:00 07352 0 0
2010032764 20:40:00 95660 0 1
2010032765 20:50:00 32161 0 1
2010032766 21:00:00 62594 0 0
2010032767 21:10:00 64539 0 0
2010032768 21:20:00 35081 0 0
2010032769 21:30:00 64815 0 0
2010032770 21:40:00 66149 1 0
2010032771 21:50:00 49419 1 0
2010032772 22:00:00 73617 0 0
2010032773 22:10:00 31227 0 1
2010032774 22:20:00 99677 1 1
2010032775 22:30:00 25464 0 1
2010032776 22:40:00 58868 1 1
2010032777 22:50:00 86038 0 0
2010032778 23:00:00 23440 0 1
2010032779 23:10:00 31450 0 0
2010032780 23:20:00 04801 0 0
2010032781 23:30:00 48692 0 0
2010032782 23:40:00 83521 0 0
2010032783 23:50:00 30572 0 0
2010032784 00:00:00 52995 0 1
