2010120101 10:10:00 91909 1 1
2010120102 10:20:00 32797 0 1
2010120103 10:30:00 11116 1 1
2010120104 10:40:00 27371 0 0
2010120105 10:50:00 58911 0 1
2010120106 11:00:00 60459 0 0
2010120107 11:10:00 68746 0 0
2010120108 11:20:00 57654 0 0
2010120109 11:30:00 62397 0 0
2010120110 11:40:00 64148 0 0
2010120111 11:50:00 98000 0 1
2010120112 12:00:00 11437 1 0
2010120113 12:10:00 53201 0 0
2010120114 12:20:00 67515 0 1
2010120115 12:30:00 20678 0 0
2010120116 12:40:00 47438 1 0
2010120117 12:50:00 81627 0 0
2010120118 13:00:00 70157 0 0
2010120119 13:10:00 09615 0 0
2010120120 13:20:00 59783 0 0
2010120121 13:30:00 01669 0 1
2010120122 13:40:00 60113 0 1
2010120123 13:50:00 77144 1 1
2010120124 14:00:00 54043 0 0
2010120125 14:10:00 76322 0 1
2010120126 14:20:00 63899 0 1
2010120127 14:30:00 84665 0 1
2010120128 14:40:00 48738 0 0
2010120129 14:50:00 52662 0 1
2010120130 15:00:00 75287 0 0
2010120131 15:10:00 22997 1 1
2010120132 15:20:00 90537 0 0
2010120133 15:30:00 02861 0 0
2010120134 15:40:00 53480 0 0
2010120135 15:50:00 95024 0 0
2010120136 16:00:00 10707 0 1
2010120137 16:10:00 08989 0 1
2010120138 16:20:00 49158 0 0
2010120139 16:30:00 59771 0 1
2010120140 16:40:00 77529 1 0
2010120141 16:50:00 09277 0 1
2010120142 17:00:00 92396 0 0
2010120143 17:10:00 93504 0 0
2010120144 17:20:00 12917 0 0
2010120145 17:30:00 30183 0 0
2010120146 17:40:00 92551 0 1
2010120147 17:50:00 49097 0 0
2010120148 18:00:00 05149 0 0
2010120149 18:10:00 34996 0 1
2010120150 18:20:00 55623 1 0
2010120151 18:30:00 84759 0 0
2010120152 18:40:00 03095 1 0
2010120153 18:50:00 34556 0 1
2010120154 19:00:00 37575 0 1
2010120155 19:10:00 56692 1 0
2010120156 19:20:00 90989 1 1
2010120157 19:30:00 92374 0 0
2010120158 19:40:00 31622 0 1
2010120159 19:50:00 03654 0 0
2010120160 20:00:00 60447 0 1
2010120161 20:10:00 27137 0 0
2010120162 20:20:00 69585 0 1
2010120163 20:30:00 22186 1 0
2010120164 20:40:00 00260 1 0
2010120165 20:50:00 48213 0 0
2010120166 21:00:00 43490 1 0
2010120167 21:10:00 24741 0 0
2010120168 21:20:00 36789 0 0
2010120169 21:30:00 94447 1 1
2010120170 21:40:00 78299 0 1
2010120171 21:50:00 89022 0 1
2010120172 22:00:00 00391 1 0
2010120173 22:10:00 43773 0 1
2010120174 22:20:00 69837 0 0
2010120175 22:30:00 61304 0 0
2010120176 22:40:00 54744 0 1
2010120177 22:50:00 90501 0 0
2010120178 23:00:00 55638 1 0
2010120179 23:10:00 46117 0 1
2010120180 23:20:00 78580 0 0
2010120181 23:30:00 65067 0 0
2010120182 23:40:00 07949 0 1
2010120183 23:50:00 21536 0 0
2010120184 00:00:00 82723 0 0
