2010051601 10:10:00 03574 0 0
2010051602 10:20:00 33073 1 0
2010051603 10:30:00 76065 0 0
2010051604 10:40:00 40467 1 0
2010051605 10:50:00 31968 0 0
2010051606 11:00:00 58193 0 0
2010051607 11:10:00 67019 0 0
2010051608 11:20:00 01502 0 0
2010051609 11:30:00 26816 0 0
2010051610 11:40:00 56262 0 1
2010051611 11:50:00 86821 1 0
2010051612 12:00:00 69768 0 0
2010051613 12:10:00 18937 0 0
2010051614 12:20:00 91202 0 1
2010051615 12:30:00 47626 0 1
2010051616 12:40:00 75695 0 0
2010051617 12:50:00 13192 1 0
2010051618 13:00:00 63701 0 0
2010051619 13:10:00 39306 1 0
2010051620 13:20:00 99926 1 0
2010051621 13:30:00 37492 0 0
2010051622 13:40:00 78656 0 1
2010051623 13:50:00 14988 0 1
2010051624 14:00:00 95192 0 0
2010051625 14:10:00 83512 0 0
2010051626 14:20:00 59729 0 0
2010051627 14:30:00 18887 1 1
2010051628 14:40:00 22592 1 0
2010051629 14:50:00 60466 0 1
2010051630 15:00:00 05870 0 0
2010051631 15:10:00 56840 0 0
2010051632 15:20:00 76420 0 0
2010051633 15:30:00 68957 0 0
2010051634 15:40:00 43695 0 0
2010051635 15:50:00 43981 0 0
2010051636 16:00:00 96597 0 0
2010051637 16:10:00 18549 0 0
2010051638 16:20:00 70279 0 0
2010051639 16:30:00 25005 0 1
2010051640 16:40:00 57312 0 0
2010051641 16:50:00 85014 0 0
2010051642 17:00:00 02286 1 0
2010051643 17:10:00 16445 0 1
2010051644 17:20:00 71301 0 0
2010051645 17:30:00 68942 0 0
2010051646 17:40:00 79422 0 1
2010051647 17:50:00 55154 1 0
2010051648 18:00:00 39952 1 0
2010051649 18:10:00 82733 0 1
2010051650 18:20:00 69702 0 0
2010051651 18:30:00 31136 1 0
2010051652 18:40:00 93621 0 0
2010051653 18:50:00 54002 0 1
2010051654 19:00:00 28977 0 1
2010051655 19:10:00 16727 0 1
2010051656 19:20:00 79619 0 0
2010051657 19:30:00 42682 0 0
2010051658 19:40:00 52240 1 0
2010051659 19:50:00 78840 1 0
2010051660 20:00:00 71203 0 0
2010051661 20:10:00 09824 0 0
2010051662 20:20:00 23431 0 0
2010051663 20:30:00 46416 1 0
2010051664 20:40:00 77797 1 1
2010051665 20:50:00 60202 0 1
2010051666 21:00:00 62534 0 0
2010051667 21:10:00 47934 0 0
2010051668 21:20:00 24738 0 0
2010051669 21:30:00 32680 0 0
2010051670 21:40:00 01580 0 0
2010051671 21:50:00 77041 1 0
2010051672 22:00:00 56239 0 0
2010051673 22:10:00 09965 1 0
2010051674 22:20:00 38116 0 1
2010051675 22:30:00 68002 0 1
2010051676 22:40:00 43413 1 0
2010051677 22:50:00 82682 0 0
2010051678 23:00:00 21014 0 0
2010051679 23:10:00 63512 0 0
2010051680 23:20:00 41590 0 0
2010051681 23:30:00 46189 0 0
2010051682 23:40:00 66753 1 0
2010051683 23:50:00 97500 0 1
2010051684 00:00:00 65808 0 1
