2010070301 10:10:00 19518 0 0
2010070302 10:20:00 21979 0 1
2010070303 10:30:00 89822 1 1
2010070304 10:40:00 06899 0 1
2010070305 10:50:00 16648 1 0
2010070306 11:00:00 06479 0 0
2010070307 11:10:00 80284 0 0
2010070308 11:20:00 58754 0 0
2010070309 11:30:00 99545 1 1
2010070310 11:40:00 76588 0 1
2010070311 11:50:00 27109 0 0
2010070312 12:00:00 33314 1 0
2010070313 12:10:00 15047 0 0
2010070314 12:20:00 19571 0 0
2010070315 12:30:00 89057 0 0
2010070316 12:40:00 10794 0 0
2010070317 12:50:00 26039 0 0
2010070318 13:00:00 68216 0 0
2010070319 13:10:00 90773 0 1
2010070320 13:20:00 18495 0 0
2010070321 13:30:00 16916 0 0
2010070322 13:40:00 86901 0 0
2010070323 13:50:00 88061 1 0
2010070324 14:00:00 40432 1 0
2010070325 14:10:00 37488 0 1
2010070326 14:20:00 22977 1 1
2010070327 14:30:00 40440 1 1
2010070328 14:40:00 81713 0 0
2010070329 14:50:00 55764 1 0
2010070330 15:00:00 51099 0 1
2010070331 15:10:00 43314 1 0
2010070332 15:20:00 60145 0 0
2010070333 15:30:00 62809 0 0
2010070334 15:40:00 53612 0 0
2010070335 15:50:00 87904 0 0
2010070336 16:00:00 58265 0 0
2010070337 16:10:00 49214 0 0
2010070338 16:20:00 39459 0 0
2010070339 16:30:00 53046 0 0
2010070340 16:40:00 14118 1 1
2010070341 16:50:00 69179 0 0
2010070342 17:00:00 30923 0 0
2010070343 17:10:00 59095 0 0
2010070344 17:20:00 50122 0 1
2010070345 17:30:00 21992 0 1
2010070346 17:40:00 92889 0 1
2010070347 17:50:00 46718 0 0
2010070348 18:00:00 82929 0 1
2010070349 18:10:00 36346 1 0
2010070350 18:20:00 38824 1 0
2010070351 18:30:00 21419 0 0
2010070352 18:40:00 18714 0 0
2010070353 18:50:00 48707 0 1
2010070354 19:00:00 76596 0 0
2010070355 19:10:00 49756 0 0
2010070356 19:20:00 03625 0 0
2010070357 19:30:00 27046 0 0
2010070358 19:40:00 46015 0 0
2010070359 19:50:00 34795 0 0
2010070360 20:00:00 05250 0 0
2010070361 20:10:00 01178 1 0
2010070362 20:20:00 51538 1 0
2010070363 20:30:00 22477 1 1
2010070364 20:40:00 83724 0 0
2010070365 20:50:00 08200 0 1
2010070366 21:00:00 11834 1 0
2010070367 21:10:00 58030 0 1
2010070368 21:20:00 52226 1 1
2010070369 21:30:00 27966 0 1
2010070370 21:40:00 52735 0 0
2010070371 21:50:00 61432 0 0
2010070372 22:00:00 99885 1 1
2010070373 22:10:00 27968 0 0
2010070374 22:20:00 80650 0 0
2010070375 22:30:00 77896 1 0
2010070376 22:40:00 02394 0 0
2010070377 22:50:00 74948 0 0
2010070378 23:00:00 70539 0 0
2010070379 23:10:00 20145 0 0
2010070380 23:20:00 00541 1 0
2010070381 23:30:00 07238 0 0
2010070382 23:40:00 25584 1 0
2010070383 23:50:00 53786 0 0
2010070384 00:00:00 68922 0 1
