2010091701 10:10:00 69444 0 1
2010091702 10:20:00 89102 0 0
2010091703 10:30:00 32431 0 0
2010091704 10:40:00 05743 0 0
2010091705 10:50:00 71686 0 1
2010091706 11:00:00 07425 0 0
2010091707 11:10:00 88090 1 1
2010091708 11:20:00 33544 1 1
2010091709 11:30:00 91596 0 0
2010091710 11:40:00 73350 1 0
2010091711 11:50:00 25286 1 0
2010091712 12:00:00 52368 0 0
2010091713 12:10:00 97165 0 0
2010091714 12:20:00 48858 1 1
2010091715 12:30:00 84161 0 1
2010091716 12:40:00 42900 0 1
2010091717 12:50:00 23153 0 0
2010091718 13:00:00 35483 0 0
2010091719 13:10:00 51169 1 0
2010091720 13:20:00 54204 0 0
2010091721 13:30:00 02151 0 1
2010091722 13:40:00 85500 1 1
2010091723 13:50:00 46304 0 0
2010091724 14:00:00 21405 0 0
2010091725 14:10:00 26863 0 0
2010091726 14:20:00 89677 0 1
2010091727 14:30:00 76933 0 1
2010091728 14:40:00 37205 0 0
2010091729 14:50:00 04874 0 0
2010091730 15:00:00 52021 0 0
2010091731 15:10:00 68108 0 0
2010091732 15:20:00 37860 0 0
2010091733 15:30:00 91358 0 0
2010091734 15:40:00 46015 0 0
2010091735 15:50:00 97342 0 0
2010091736 16:00:00 88481 1 0
2010091737 16:10:00 12323 0 1
2010091738 16:20:00 76514 0 0
2010091739 16:30:00 82541 0 0
2010091740 16:40:00 29105 0 0
2010091741 16:50:00 77870 1 0
2010091742 17:00:00 38167 0 0
2010091743 17:10:00 32620 0 0
2010091744 17:20:00 88269 1 0
2010091745 17:30:00 36415 0 0
2010091746 17:40:00 76240 0 0
2010091747 17:50:00 77398 1 0
2010091748 18:00:00 89495 0 0
2010091749 18:10:00 24853 0 0
2010091750 18:20:00 60279 0 0
2010091751 18:30:00 68458 0 0
2010091752 18:40:00 00680 1 0
2010091753 18:50:00 52563 1 0
2010091754 19:00:00 00861 1 0
2010091755 19:10:00 13462 0 0
2010091756 19:20:00 02234 1 0
2010091757 19:30:00 95763 0 0
2010091758 19:40:00 22321 1 0
2010091759 19:50:00 97848 0 1
2010091760 20:00:00 06190 0 0
2010091761 20:10:00 37589 0 0
2010091762 20:20:00 87511 0 1
2010091763 20:30:00 85936 0 0
2010091764 20:40:00 31814 0 0
2010091765 20:50:00 97231 0 0
2010091766 21:00:00 89312 0 0
2010091767 21:10:00 65749 0 0
2010091768 21:20:00 88973 1 0
2010091769 21:30:00 86922 0 1
2010091770 21:40:00 86270 0 0
2010091771 21:50:00 57423 0 0
2010091772 22:00:00 86384 0 0
2010091773 22:10:00 03167 0 0
2010091774 22:20:00 51411 0 1
2010091775 22:30:00 11400 1 1
2010091776 22:40:00 06217 0 0
2010091777 22:50:00 09563 0 0
2010091778 23:00:00 81228 0 1
2010091779 23:10:00 61272 0 1
2010091780 23:20:00 32397 1 0
2010091781 23:30:00 75167 0 0
2010091782 23:40:00 98995 1 1
2010091783 23:50:00 72635 0 0
2010091784 00:00:00 14062 0 0
