2010121701 10:10:00 57765 1 0
2010121702 10:20:00 52599 1 1
2010121703 10:30:00 71500 0 1
2010121704 10:40:00 89561 0 0
2010121705 10:50:00 22358 1 0
2010121706 11:00:00 35773 0 1
2010121707 11:10:00 00042 1 0
2010121708 11:20:00 40609 0 0
2010121709 11:30:00 36194 0 0
2010121710 11:40:00 47702 1 0
2010121711 11:50:00 77470 1 0
2010121712 12:00:00 33070 1 1
2010121713 12:10:00 30947 0 0
2010121714 12:20:00 49266 0 1
2010121715 12:30:00 26570 0 0
2010121716 12:40:00 16729 0 0
2010121717 12:50:00 36467 0 0
2010121718 13:00:00 43388 1 1
2010121719 13:10:00 57361 0 0
2010121720 13:20:00 27523 0 0
2010121721 13:30:00 75229 0 1
2010121722 13:40:00 29111 0 1
2010121723 13:50:00 25940 0 0
2010121724 14:00:00 62181 0 1
2010121725 14:10:00 86455 0 1
2010121726 14:20:00 28510 0 0
2010121727 14:30:00 40710 0 0
2010121728 14:40:00 32330 1 1
2010121729 14:50:00 15391 0 0
2010121730 15:00:00 26495 0 0
2010121731 15:10:00 40716 0 0
2010121732 15:20:00 66299 1 1
2010121733 15:30:00 72443 0 1
2010121734 15:40:00 98336 0 1
2010121735 15:50:00 85786 0 0
2010121736 16:00:00 90870 0 0
2010121737 16:10:00 89577 0 1
2010121738 16:20:00 95749 0 0
2010121739 16:30:00 69857 0 0
2010121740 16:40:00 55780 1 0
2010121741 16:50:00 19883 0 1
2010121742 17:00:00 63000 0 1
2010121743 17:10:00 81133 1 1
2010121744 17:20:00 75327 0 0
2010121745 17:30:00 07602 0 0
2010121746 17:40:00 35230 0 0
2010121747 17:50:00 57456 0 0
2010121748 18:00:00 37156 0 0
2010121749 18:10:00 07731 1 0
2010121750 18:20:00 96444 0 1
2010121751 18:30:00 26219 1 0
2010121752 18:40:00 46765 0 0
2010121753 18:50:00 80493 0 0
2010121754 19:00:00 72327 0 0
2010121755 19:10:00 44815 1 0
2010121756 19:20:00 80838 1 1
2010121757 19:30:00 60154 0 0
2010121758 19:40:00 44459 1 0
2010121759 19:50:00 06520 0 0
2010121760 20:00:00 77161 1 1
2010121761 20:10:00 63167 0 0
2010121762 20:20:00 41637 0 0
2010121763 20:30:00 58721 0 0
2010121764 20:40:00 41382 0 0
2010121765 20:50:00 05562 1 0
2010121766 21:00:00 88755 1 1
2010121767 21:10:00 34424 1 1
2010121768 21:20:00 55377 1 1
2010121769 21:30:00 90969 1 1
2010121770 21:40:00 44874 1 0
2010121771 21:50:00 34574 0 0
2010121772 22:00:00 57606 0 1
2010121773 22:10:00 47176 0 0
2010121774 22:20:00 20558 0 1
2010121775 22:30:00 81179 1 0
2010121776 22:40:00 20879 0 0
2010121777 22:50:00 32603 0 0
2010121778 23:00:00 19456 0 0
2010121779 23:10:00 73193 0 0
2010121780 23:20:00 13071 0 0
2010121781 23:30:00 31010 0 1
2010121782 23:40:00 22531 1 0
2010121783 23:50:00 02485 0 0
2010121784 00:00:00 85438 0 0
