2010011101 10:10:00 89808 1 1
2010011102 10:20:00 86723 0 0
2010011103 10:30:00 47562 0 0
2010011104 10:40:00 97309 0 0
2010011105 10:50:00 71866 0 1
2010011106 11:00:00 83781 0 0
2010011107 11:10:00 02866 0 1
2010011108 11:20:00 42177 0 1
2010011109 11:30:00 12681 0 0
2010011110 11:40:00 65539 1 0
2010011111 11:50:00 78646 0 1
2010011112 12:00:00 17190 1 0
2010011113 12:10:00 18320 0 0
2010011114 12:20:00 81412 0 0
2010011115 12:30:00 89217 0 0
2010011116 12:40:00 20715 0 0
2010011117 12:50:00 68526 0 0
2010011118 13:00:00 83589 0 0
2010011119 13:10:00 32813 0 0
2010011120 13:20:00 40643 0 0
2010011121 13:30:00 80786 0 0
2010011122 13:40:00 94028 0 0
2010011123 13:50:00 27305 0 0
2010011124 14:00:00 55889 1 1
2010011125 14:10:00 66879 1 0
2010011126 14:20:00 96132 0 0
2010011127 14:30:00 85718 0 0
2010011128 14:40:00 87797 1 1
2010011129 14:50:00 80308 0 0
2010011130 15:00:00 97668 0 1
2010011131 15:10:00 91592 0 0
2010011132 15:20:00 34126 0 0
2010011133 15:30:00 18947 0 0
2010011134 15:40:00 12703 0 0
2010011135 15:50:00 68275 0 0
2010011136 16:00:00 95542 1 0
2010011137 16:10:00 57006 0 1
2010011138 16:20:00 32424 0 1
2010011139 16:30:00 47123 0 0
2010011140 16:40:00 33569 1 0
2010011141 16:50:00 35637 0 0
2010011142 17:00:00 28541 0 0
2010011143 17:10:00 17926 0 0
2010011144 17:20:00 56173 0 0
2010011145 17:30:00 96912 1 0
2010011146 17:40:00 14280 0 0
2010011147 17:50:00 74292 0 1
2010011148 18:00:00 46988 0 1
2010011149 18:10:00 31253 0 0
2010011150 18:20:00 56609 1 0
2010011151 18:30:00 03005 1 1
2010011152 18:40:00 68994 0 1
2010011153 18:50:00 51385 0 0
2010011154 19:00:00 97480 0 0
2010011155 19:10:00 08162 0 0
2010011156 19:20:00 13021 0 0
2010011157 19:30:00 18469 0 0
2010011158 19:40:00 12393 0 1
2010011159 19:50:00 45976 0 0
2010011160 20:00:00 47063 0 0
2010011161 20:10:00 29142 0 0
2010011162 20:20:00 14687 0 0
2010011163 20:30:00 13804 0 0
2010011164 20:40:00 50905 0 0
2010011165 20:50:00 83049 0 0
2010011166 21:00:00 61869 0 0
2010011167 21:10:00 49974 1 0
2010011168 21:20:00 44513 1 0
2010011169 21:30:00 53257 0 0
2010011170 21:40:00 80033 1 1
2010011171 21:50:00 36467 0 0
2010011172 22:00:00 68876 1 0
2010011173 22:10:00 47340 0 0
2010011174 22:20:00 42266 1 1
2010011175 22:30:00 56049 0 0
2010011176 22:40:00 87747 1 1
2010011177 22:50:00 33541 1 0
2010011178 23:00:00 51142 1 0
2010011179 23:10:00 33968 1 0
2010011180 23:20:00 37196 0 0
2010011181 23:30:00 99179 1 0
2010011182 23:40:00 37292 0 1
2010011183 23:50:00 82550 0 1
2010011184 00:00:00 69980 1 0
