2010081601 10:10:00 26202 1 1
2010081602 10:20:00 19773 0 1
2010081603 10:30:00 44899 1 1
2010081604 10:40:00 80000 1 1
2010081605 10:50:00 47647 0 0
2010081606 11:00:00 21676 0 1
2010081607 11:10:00 64698 1 0
2010081608 11:20:00 85642 0 0
2010081609 11:30:00 73400 0 1
2010081610 11:40:00 45425 1 0
2010081611 11:50:00 43753 0 0
2010081612 12:00:00 23585 0 1
2010081613 12:10:00 85680 0 0
2010081614 12:20:00 01747 0 1
2010081615 12:30:00 31584 0 0
2010081616 12:40:00 69717 0 1
2010081617 12:50:00 75820 0 0
2010081618 13:00:00 84240 0 0
2010081619 13:10:00 03289 0 0
2010081620 13:20:00 83652 0 0
2010081621 13:30:00 86292 0 1
2010081622 13:40:00 06589 0 0
2010081623 13:50:00 09862 0 0
2010081624 14:00:00 49206 0 0
2010081625 14:10:00 59109 0 0
2010081626 14:20:00 10320 0 0
2010081627 14:30:00 15082 0 0
2010081628 14:40:00 64543 0 0
2010081629 14:50:00 59207 0 0
2010081630 15:00:00 18113 1 1
2010081631 15:10:00 99077 1 1
2010081632 15:20:00 54032 0 0
2010081633 15:30:00 41193 1 0
2010081634 15:40:00 71106 1 0
2010081635 15:50:00 71137 1 0
2010081636 16:00:00 76652 1 0
2010081637 16:10:00 57846 0 0
2010081638 16:20:00 34258 0 0
2010081639 16:30:00 20572 0 0
2010081640 16:40:00 08920 0 0
2010081641 16:50:00 45280 0 0
2010081642 17:00:00 02797 0 1
2010081643 17:10:00 26012 0 0
2010081644 17:20:00 15006 0 1
2010081645 17:30:00 07153 0 0
2010081646 17:40:00 45849 0 0
2010081647 17:50:00 70476 0 0
2010081648 18:00:00 72738 1 0
2010081649 18:10:00 67237 0 0
2010081650 18:20:00 43636 0 1
2010081651 18:30:00 58884 1 1
2010081652 18:40:00 43379 1 0
2010081653 18:50:00 09920 1 0
2010081654 19:00:00 00951 1 0
2010081655 19:10:00 63003 0 1
2010081656 19:20:00 14856 0 0
2010081657 19:30:00 96725 0 0
2010081658 19:40:00 29791 0 0
2010081659 19:50:00 54830 0 0
2010081660 20:00:00 10856 0 0
2010081661 20:10:00 24930 0 0
2010081662 20:20:00 07257 0 0
2010081663 20:30:00 45109 0 0
2010081664 20:40:00 83479 0 0
2010081665 20:50:00 54735 0 0
2010081666 21:00:00 68647 1 0
2010081667 21:10:00 28152 0 0
2010081668 21:20:00 29938 1 0
2010081669 21:30:00 83850 1 0
2010081670 21:40:00 82664 0 1
2010081671 21:50:00 04613 0 0
2010081672 22:00:00 82444 0 1
2010081673 22:10:00 84543 0 0
2010081674 22:20:00 61684 1 0
2010081675 22:30:00 21249 1 0
2010081676 22:40:00 06877 0 1
2010081677 22:50:00 41292 0 1
2010081678 23:00:00 90842 0 0
2010081679 23:10:00 26146 0 0
2010081680 23:20:00 16075 0 0
2010081681 23:30:00 00117 1 1
2010081682 23:40:00 38680 0 0
2010081683 23:50:00 32359 1 0
2010081684 00:00:00 07047 1 0
