2010100401 10:10:00 63387 1 0
2010100402 10:20:00 95166 0 1
2010100403 10:30:00 31293 0 0
2010100404 10:40:00 40060 1 1
2010100405 10:50:00 78541 0 0
2010100406 11:00:00 61236 0 0
2010100407 11:10:00 42674 0 0
2010100408 11:20:00 29059 0 0
2010100409 11:30:00 47305 0 0
2010100410 11:40:00 60381 0 0
2010100411 11:50:00 81505 0 1
2010100412 12:00:00 72253 1 0
2010100413 12:10:00 91584 0 0
2010100414 12:20:00 73017 0 0
2010100415 12:30:00 23268 1 0
2010100416 12:40:00 55289 1 0
2010100417 12:50:00 83417 0 0
2010100418 13:00:00 52323 0 1
2010100419 13:10:00 66480 1 0
2010100420 13:20:00 32472 0 0
2010100421 13:30:00 46464 1 1
2010100422 13:40:00 82526 0 0
2010100423 13:50:00 88700 1 1
2010100424 14:00:00 95297 0 0
2010100425 14:10:00 44266 1 1
2010100426 14:20:00 86692 1 0
2010100427 14:30:00 97229 0 1
2010100428 14:40:00 62497 0 0
2010100429 14:50:00 82593 0 0
2010100430 15:00:00 52008 0 1
2010100431 15:10:00 23694 0 0
2010100432 15:20:00 00737 1 1
2010100433 15:30:00 80652 0 0
2010100434 15:40:00 75709 1 0
2010100435 15:50:00 78002 0 1
2010100436 16:00:00 03409 0 0
2010100437 16:10:00 46766 0 1
2010100438 16:20:00 86049 0 0
2010100439 16:30:00 83436 0 0
2010100440 16:40:00 22528 1 0
2010100441 16:50:00 58372 0 0
2010100442 17:00:00 16026 0 0
2010100443 17:10:00 03620 0 0
2010100444 17:20:00 17680 0 0
2010100445 17:30:00 36926 0 0
2010100446 17:40:00 18826 1 0
2010100447 17:50:00 68683 1 0
2010100448 18:00:00 12778 0 1
2010100449 18:10:00 66251 1 0
2010100450 18:20:00 51004 0 1
2010100451 18:30:00 77368 1 0
2010100452 18:40:00 22399 1 1
2010100453 18:50:00 26905 0 0
2010100454 19:00:00 98451 0 0
2010100455 19:10:00 34928 0 0
2010100456 19:20:00 69458 0 0
2010100457 19:30:00 07259 0 0
2010100458 19:40:00 46668 1 1
2010100459 19:50:00 26152 0 0
2010100460 20:00:00 55966 1 1
2010100461 20:10:00 19724 0 0
2010100462 20:20:00 74909 0 1
2010100463 20:30:00 17306 0 0
2010100464 20:40:00 43076 0 0
2010100465 20:50:00 40424 1 1
2010100466 21:00:00 07553 0 1
2010100467 21:10:00 75923 0 0
2010100468 21:20:00 20384 0 0
2010100469 21:30:00 00285 1 0
2010100470 21:40:00 80509 0 0
2010100471 21:50:00 68792 0 0
2010100472 22:00:00 98397 0 0
2010100473 22:10:00 01717 0 1
2010100474 22:20:00 79148 0 0
2010100475 22:30:00 65413 0 0
2010100476 22:40:00 97816 0 0
2010100477 22:50:00 64704 0 0
2010100478 23:00:00 08943 0 0
2010100479 23:10:00 85881 1 1
2010100480 23:20:00 66486 1 0
2010100481 23:30:00 62807 0 0
2010100482 23:40:00 12281 1 0
2010100483 23:50:00 33631 1 0
2010100484 00:00:00 99846 1 0
