2010061601 10:10:00 35584 1 0
2010061602 10:20:00 29117 0 1
2010061603 10:30:00 59751 0 0
2010061604 10:40:00 12847 0 0
2010061605 10:50:00 03540 0 0
2010061606 11:00:00 83791 0 0
2010061607 11:10:00 23061 0 0
2010061608 11:20:00 22121 1 1
2010061609 11:30:00 66217 1 0
2010061610 11:40:00 47724 1 0
2010061611 11:50:00 57279 0 0
2010061612 12:00:00 19401 0 0
2010061613 12:10:00 43202 0 1
2010061614 12:20:00 53321 1 0
2010061615 12:30:00 22384 1 0
2010061616 12:40:00 98687 0 0
2010061617 12:50:00 88124 1 0
2010061618 13:00:00 81976 0 0
2010061619 13:10:00 65979 0 1
2010061620 13:20:00 56711 0 1
2010061621 13:30:00 81398 0 0
2010061622 13:40:00 82098 0 0
2010061623 13:50:00 58345 0 0
2010061624 14:00:00 88816 1 0
2010061625 14:10:00 30335 1 1
2010061626 14:20:00 07927 0 0
2010061627 14:30:00 77359 1 0
2010061628 14:40:00 90176 0 0
2010061629 14:50:00 20890 0 0
2010061630 15:00:00 68397 0 0
2010061631 15:10:00 39639 0 0
2010061632 15:20:00 46377 0 1
2010061633 15:30:00 40180 0 0
2010061634 15:40:00 44917 1 0
2010061635 15:50:00 52522 1 1
2010061636 16:00:00 37494 0 1
2010061637 16:10:00 58640 0 0
2010061638 16:20:00 94155 0 1
2010061639 16:30:00 49751 0 0
2010061640 16:40:00 71483 0 0
2010061641 16:50:00 11372 1 0
2010061642 17:00:00 02107 0 0
2010061643 17:10:00 74714 1 0
2010061644 17:20:00 34161 0 1
2010061645 17:30:00 85429 0 0
2010061646 17:40:00 27107 0 0
2010061647 17:50:00 00645 1 0
2010061648 18:00:00 03950 0 0
2010061649 18:10:00 52408 0 0
2010061650 18:20:00 07604 0 0
2010061651 18:30:00 00396 1 0
2010061652 18:40:00 63716 0 0
2010061653 18:50:00 09524 0 0
2010061654 19:00:00 42752 0 0
2010061655 19:10:00 02567 0 0
2010061656 19:20:00 37480 0 0
2010061657 19:30:00 84571 0 0
2010061658 19:40:00 98767 0 1
2010061659 19:50:00 61428 0 0
2010061660 20:00:00 09384 0 0
2010061661 20:10:00 49728 0 0
2010061662 20:20:00 85750 0 0
2010061663 20:30:00 83081 0 0
2010061664 20:40:00 97256 0 0
2010061665 20:50:00 53465 0 0
2010061666 21:00:00 96877 0 1
2010061667 21:10:00 72559 0 1
2010061668 21:20:00 79632 0 0
2010061669 21:30:00 00998 1 1
2010061670 21:40:00 04646 0 1
2010061671 21:50:00 13497 0 0
2010061672 22:00:00 43887 0 1
2010061673 22:10:00 93201 0 0
2010061674 22:20:00 67751 1 0
2010061675 22:30:00 92258 1 0
2010061676 22:40:00 01203 0 0
2010061677 22:50:00 94461 1 0
2010061678 23:00:00 01044 1 1
2010061679 23:10:00 95764 0 0
2010061680 23:20:00 99543 1 0
2010061681 23:30:00 18180 1 0
2010061682 23:40:00 84675 0 0
2010061683 23:50:00 34309 1 0
2010061684 00:00:00 70974 0 0
