2010010801 10:10:00 15491 0 0
2010010802 10:20:00 98065 0 0
2010010803 10:30:00 72747 1 1
2010010804 10:40:00 77351 1 0
2010010805 10:50:00 02070 1 1
2010010806 11:00:00 00987 1 0
2010010807 11:10:00 80372 0 0
2010010808 11:20:00 67936 0 0
2010010809 11:30:00 53907 0 0
2010010810 11:40:00 18148 1 0
2010010811 11:50:00 55639 1 0
2010010812 12:00:00 12054 0 0
2010010813 12:10:00 39743 0 0
2010010814 12:20:00 70991 0 1
2010010815 12:30:00 38587 0 0
2010010816 12:40:00 43367 1 0
2010010817 12:50:00 23840 0 0
2010010818 13:00:00 81414 0 1
2010010819 13:10:00 51167 1 0
2010010820 13:20:00 94753 0 0
2010010821 13:30:00 95578 1 0
2010010822 13:40:00 80047 1 0
2010010823 13:50:00 12822 0 1
2010010824 14:00:00 81507 0 0
2010010825 14:10:00 11160 1 0
2010010826 14:20:00 47941 0 0
2010010827 14:30:00 53113 0 1
2010010828 14:40:00 17888 0 1
2010010829 14:50:00 95625 0 0
2010010830 15:00:00 98407 0 0
2010010831 15:10:00 22410 1 0
2010010832 15:20:00 90904 1 0
2010010833 15:30:00 79574 0 0
2010010834 15:40:00 62692 1 0
2010010835 15:50:00 16749 0 0
2010010836 16:00:00 39627 0 0
2010010837 16:10:00 20053 1 0
2010010838 16:20:00 08006 1 1
2010010839 16:30:00 70389 0 0
2010010840 16:40:00 18778 0 1
2010010841 16:50:00 44229 1 1
2010010842 17:00:00 81352 0 0
2010010843 17:10:00 85149 0 0
2010010844 17:20:00 47591 0 0
2010010845 17:30:00 98616 0 1
2010010846 17:40:00 55593 1 0
2010010847 17:50:00 41137 1 0
2010010848 18:00:00 08257 0 0
2010010849 18:10:00 34186 0 0
2010010850 18:20:00 20630 0 0
2010010851 18:30:00 61142 1 0
2010010852 18:40:00 76303 0 1
2010010853 18:50:00 86107 0 0
2010010854 19:00:00 76373 0 1
2010010855 19:10:00 76215 0 0
2010010856 19:20:00 72587 0 0
2010010857 19:30:00 31177 1 1
2010010858 19:40:00 21395 0 0
2010010859 19:50:00 27238 1 0
2010010860 20:00:00 04680 0 0
2010010861 20:10:00 35576 1 0
2010010862 20:20:00 75679 0 0
2010010863 20:30:00 40402 1 0
2010010864 20:40:00 75178 0 0
2010010865 20:50:00 84229 0 1
2010010866 21:00:00 54829 0 0
2010010867 21:10:00 05695 0 0
2010010868 21:20:00 39858 0 1
2010010869 21:30:00 88120 1 0
2010010870 21:40:00 91265 0 0
2010010871 21:50:00 45022 0 1
2010010872 22:00:00 82290 1 0
2010010873 22:10:00 97229 0 1
2010010874 22:20:00 72125 0 0
2010010875 22:30:00 12299 1 1
2010010876 22:40:00 85987 0 0
2010010877 22:50:00 80941 0 0
2010010878 23:00:00 95850 0 0
2010010879 23:10:00 12479 0 0
2010010880 23:20:00 28738 0 0
2010010881 23:30:00 37159 0 0
2010010882 23:40:00 29865 0 0
2010010883 23:50:00 76674 1 0
2010010884 00:00:00 70735 1 0
