2011041801 10:10:00 77870 1 0
2011041802 10:20:00 73715 1 0
2011041803 10:30:00 94464 1 1
2011041804 10:40:00 76301 0 0
2011041805 10:50:00 22067 1 0
2011041806 11:00:00 08060 1 1
2011041807 11:10:00 73957 0 0
2011041808 11:20:00 75258 0 0
2011041809 11:30:00 34700 0 1
2011041810 11:40:00 45521 1 0
2011041811 11:50:00 05400 0 1
2011041812 12:00:00 80751 0 0
2011041813 12:10:00 16680 1 0
2011041814 12:20:00 29354 0 0
2011041815 12:30:00 93892 0 0
2011041816 12:40:00 69648 1 0
2011041817 12:50:00 91114 1 1
2011041818 13:00:00 34620 0 0
2011041819 13:10:00 26332 0 1
2011041820 13:20:00 72927 0 0
2011041821 13:30:00 82030 0 1
2011041822 13:40:00 83782 0 0
2011041823 13:50:00 26161 0 1
2011041824 14:00:00 74768 1 0
2011041825 14:10:00 30852 0 0
2011041826 14:20:00 16850 0 0
2011041827 14:30:00 12843 0 0
2011041828 14:40:00 73061 0 0
2011041829 14:50:00 68776 0 1
2011041830 15:00:00 37262 0 1
2011041831 15:10:00 25457 0 0
2011041832 15:20:00 53039 0 0
2011041833 15:30:00 92884 0 1
2011041834 15:40:00 26199 0 1
2011041835 15:50:00 71139 1 0
2011041836 16:00:00 66489 1 0
2011041837 16:10:00 36012 0 0
2011041838 16:20:00 53527 1 0
2011041839 16:30:00 97765 1 0
2011041840 16:40:00 59257 0 0
2011041841 16:50:00 66972 1 0
2011041842 17:00:00 28348 0 0
2011041843 17:10:00 39547 0 0
2011041844 17:20:00 65758 0 0
2011041845 17:30:00 19811 0 1
2011041846 17:40:00 74314 0 0
2011041847 17:50:00 32896 0 0
2011041848 18:00:00 06770 0 1
2011041849 18:10:00 96690 1 0
2011041850 18:20:00 08706 0 0
2011041851 18:30:00 03831 0 0
2011041852 18:40:00 88264 1 0
2011041853 18:50:00 65700 0 1
2011041854 19:00:00 81849 1 0
2011041855 19:10:00 41542 0 0
2011041856 19:20:00 80642 0 0
2011041857 19:30:00 19042 0 0
2011041858 19:40:00 51561 1 0
2011041859 19:50:00 68821 1 0
2011041860 20:00:00 73930 0 0
2011041861 20:10:00 58814 1 0
2011041862 20:20:00 73774 1 1
2011041863 20:30:00 66352 1 0
2011041864 20:40:00 03853 0 0
2011041865 20:50:00 80814 1 0
2011041866 21:00:00 66794 1 0
2011041867 21:10:00 30480 0 0
2011041868 21:20:00 32975 0 0
2011041869 21:30:00 13655 0 1
2011041870 21:40:00 36905 0 0
2011041871 21:50:00 39403 0 0
2011041872 22:00:00 38798 0 0
2011041873 22:10:00 86010 0 1
2011041874 22:20:00 77574 1 0
2011041875 22:30:00 92471 0 0
2011041876 22:40:00 20574 0 0
2011041877 22:50:00 00404 1 1
2011041878 23:00:00 18819 1 0
2011041879 23:10:00 28330 0 1
2011041880 23:20:00 24935 0 0
2011041881 23:30:00 66259 1 0
2011041882 23:40:00 76145 0 0
2011041883 23:50:00 54247 0 0
2011041884 00:00:00 59256 0 0
