2011011401 10:10:00 90662 0 1
2011011402 10:20:00 39809 0 0
2011011403 10:30:00 04670 0 0
2011011404 10:40:00 26962 0 0
2011011405 10:50:00 22558 1 1
2011011406 11:00:00 62086 0 0
2011011407 11:10:00 21046 0 0
2011011408 11:20:00 44830 1 0
2011011409 11:30:00 40140 0 0
2011011410 11:40:00 23773 0 1
2011011411 11:50:00 57618 0 0
2011011412 12:00:00 07557 0 1
2011011413 12:10:00 75518 1 0
2011011414 12:20:00 36686 1 1
2011011415 12:30:00 52314 0 0
2011011416 12:40:00 85384 0 0
2011011417 12:50:00 25638 0 0
2011011418 13:00:00 38927 0 0
2011011419 13:10:00 79616 0 1
2011011420 13:20:00 07219 0 0
2011011421 13:30:00 95260 0 0
2011011422 13:40:00 73219 0 0
2011011423 13:50:00 16670 1 0
2011011424 14:00:00 23036 0 0
2011011425 14:10:00 89483 0 0
2011011426 14:20:00 62847 0 0
2011011427 14:30:00 94043 0 0
2011011428 14:40:00 41850 0 0
2011011429 14:50:00 01856 0 0
2011011430 15:00:00 73227 0 1
2011011431 15:10:00 28155 0 1
2011011432 15:20:00 69484 0 1
2011011433 15:30:00 00036 1 0
2011011434 15:40:00 59193 0 0
2011011435 15:50:00 99000 1 1
2011011436 16:00:00 30569 0 0
2011011437 16:10:00 18150 1 0
2011011438 16:20:00 80173 0 0
2011011439 16:30:00 87631 0 0
2011011440 16:40:00 46095 0 0
2011011441 16:50:00 68035 0 0
2011011442 17:00:00 03805 0 0
2011011443 17:10:00 74685 0 0
2011011444 17:20:00 28775 0 1
2011011445 17:30:00 26756 0 0
2011011446 17:40:00 96767 0 1
2011011447 17:50:00 18611 0 1
2011011448 18:00:00 97125 0 0
2011011449 18:10:00 82103 0 0
2011011450 18:20:00 19712 0 0
2011011451 18:30:00 09737 0 1
2011011452 18:40:00 28730 0 0
2011011453 18:50:00 38137 0 0
2011011454 19:00:00 69586 0 0
2011011455 19:10:00 95037 0 0
2011011456 19:20:00 29017 0 0
2011011457 19:30:00 89682 0 0
2011011458 19:40:00 04928 0 0
2011011459 19:50:00 08050 1 1
2011011460 20:00:00 35882 0 1
2011011461 20:10:00 09228 0 1
2011011462 20:20:00 89999 1 1
2011011463 20:30:00 21508 0 0
2011011464 20:40:00 18312 0 0
2011011465 20:50:00 71869 0 0
2011011466 21:00:00 90254 0 0
2011011467 21:10:00 14455 1 1
2011011468 21:20:00 89290 0 0
2011011469 21:30:00 53571 1 0
2011011470 21:40:00 31772 0 1
2011011471 21:50:00 49677 0 1
2011011472 22:00:00 25800 0 1
2011011473 22:10:00 78313 0 1
2011011474 22:20:00 10170 1 0
2011011475 22:30:00 64383 0 1
2011011476 22:40:00 80615 0 0
2011011477 22:50:00 90311 0 1
2011011478 23:00:00 33057 1 0
2011011479 23:10:00 92298 1 0
2011011480 23:20:00 21422 0 1
2011011481 23:30:00 46317 0 0
2011011482 23:40:00 22005 1 1
2011011483 23:50:00 52811 0 1
2011011484 00:00:00 62275 1 0
