2011061301 10:10:00 13650 0 0
2011061302 10:20:00 80678 0 0
2011061303 10:30:00 66960 1 0
2011061304 10:40:00 94044 0 1
2011061305 10:50:00 40917 0 0
2011061306 11:00:00 76349 0 0
2011061307 11:10:00 48032 0 0
2011061308 11:20:00 76718 1 0
2011061309 11:30:00 07464 0 1
2011061310 11:40:00 19937 1 0
2011061311 11:50:00 98508 0 0
2011061312 12:00:00 00948 1 0
2011061313 12:10:00 52352 0 0
2011061314 12:20:00 52581 1 0
2011061315 12:30:00 76185 0 0
2011061316 12:40:00 41121 1 1
2011061317 12:50:00 48898 1 1
2011061318 13:00:00 67084 0 0
2011061319 13:10:00 54649 0 0
2011061320 13:20:00 29257 1 0
2011061321 13:30:00 13525 0 1
2011061322 13:40:00 02699 0 1
2011061323 13:50:00 17683 0 0
2011061324 14:00:00 75181 0 1
2011061325 14:10:00 63438 0 0
2011061326 14:20:00 84050 0 1
2011061327 14:30:00 86332 0 1
2011061328 14:40:00 97793 1 0
2011061329 14:50:00 49452 1 0
2011061330 15:00:00 81279 0 0
2011061331 15:10:00 87994 0 1
2011061332 15:20:00 95196 0 0
2011061333 15:30:00 86828 1 1
2011061334 15:40:00 89199 0 1
2011061335 15:50:00 53495 0 0
2011061336 16:00:00 38331 1 1
2011061337 16:10:00 59970 1 0
2011061338 16:20:00 18466 0 1
2011061339 16:30:00 04708 0 0
2011061340 16:40:00 24074 0 0
2011061341 16:50:00 47194 0 0
2011061342 17:00:00 32329 1 0
2011061343 17:10:00 11287 1 0
2011061344 17:20:00 40601 0 0
2011061345 17:30:00 09377 0 1
2011061346 17:40:00 17909 0 1
2011061347 17:50:00 99208 1 0
2011061348 18:00:00 28716 0 0
2011061349 18:10:00 76312 0 0
2011061350 18:20:00 23428 0 0
2011061351 18:30:00 55812 1 0
2011061352 18:40:00 67369 0 0
2011061353 18:50:00 55948 1 0
2011061354 19:00:00 77812 1 0
2011061355 19:10:00 76229 0 1
2011061356 19:20:00 22049 1 0
2011061357 19:30:00 12313 0 1
2011061358 19:40:00 58506 1 0
2011061359 19:50:00 26808 0 1
2011061360 20:00:00 91844 0 1
2011061361 20:10:00 97010 0 1
2011061362 20:20:00 64702 0 0
2011061363 20:30:00 09888 0 1
2011061364 20:40:00 70423 0 0
2011061365 20:50:00 99972 1 0
2011061366 21:00:00 65508 1 0
2011061367 21:10:00 62167 0 0
2011061368 21:20:00 19312 0 0
2011061369 21:30:00 88535 1 1
2011061370 21:40:00 70031 1 0
2011061371 21:50:00 21601 0 0
2011061372 22:00:00 46248 0 0
2011061373 22:10:00 79798 1 0
2011061374 22:20:00 31014 0 0
2011061375 22:30:00 28905 0 0
2011061376 22:40:00 22574 1 0
2011061377 22:50:00 90727 0 1
2011061378 23:00:00 39311 1 1
2011061379 23:10:00 74795 1 0
2011061380 23:20:00 08915 0 0
2011061381 23:30:00 15054 0 0
2011061382 23:40:00 71152 1 0
2011061383 23:50:00 18998 0 1
2011061384 00:00:00 41661 0 1
