2011063001 10:10:00 33729 1 0
2011063002 10:20:00 25412 0 0
2011063003 10:30:00 42825 0 0
2011063004 10:40:00 53393 1 1
2011063005 10:50:00 02912 0 0
2011063006 11:00:00 78687 0 0
2011063007 11:10:00 78539 0 0
2011063008 11:20:00 58469 0 0
2011063009 11:30:00 55929 1 1
2011063010 11:40:00 93997 1 1
2011063011 11:50:00 30186 0 0
2011063012 12:00:00 83962 0 0
2011063013 12:10:00 72790 1 0
2011063014 12:20:00 13532 0 0
2011063015 12:30:00 63872 0 0
2011063016 12:40:00 71321 0 0
2011063017 12:50:00 94361 0 0
2011063018 13:00:00 46698 1 0
2011063019 13:10:00 81254 0 0
2011063020 13:20:00 75914 0 0
2011063021 13:30:00 50720 0 0
2011063022 13:40:00 87792 1 0
2011063023 13:50:00 76061 0 0
2011063024 14:00:00 29679 0 0
2011063025 14:10:00 30709 0 0
2011063026 14:20:00 42733 0 1
2011063027 14:30:00 10983 0 0
2011063028 14:40:00 86236 0 0
2011063029 14:50:00 60635 1 0
2011063030 15:00:00 40193 0 0
2011063031 15:10:00 30097 1 0
2011063032 15:20:00 02301 0 0
2011063033 15:30:00 34496 1 0
2011063034 15:40:00 78267 0 0
2011063035 15:50:00 61382 0 0
2011063036 16:00:00 19364 0 0
2011063037 16:10:00 38383 1 1
2011063038 16:20:00 35972 0 0
2011063039 16:30:00 51004 0 1
2011063040 16:40:00 36726 0 0
2011063041 16:50:00 68333 0 1
2011063042 17:00:00 84985 0 0
2011063043 17:10:00 72013 0 0
2011063044 17:20:00 24795 0 0
2011063045 17:30:00 41208 0 0
2011063046 17:40:00 31572 0 0
2011063047 17:50:00 29242 1 1
2011063048 18:00:00 43825 0 0
2011063049 18:10:00 10861 0 0
2011063050 18:20:00 46014 0 0
2011063051 18:30:00 64335 0 1
2011063052 18:40:00 81671 0 0
2011063053 18:50:00 36541 0 0
2011063054 19:00:00 10925 0 0
2011063055 19:10:00 59152 0 0
2011063056 19:20:00 89938 1 0
2011063057 19:30:00 06562 0 0
2011063058 19:40:00 72172 0 0
2011063059 19:50:00 99484 1 1
2011063060 20:00:00 10109 1 0
2011063061 20:10:00 14328 0 0
2011063062 20:20:00 78360 0 0
2011063063 20:30:00 13339 1 1
2011063064 20:40:00 19415 0 0
2011063065 20:50:00 59152 0 0
2011063066 21:00:00 37219 0 0
2011063067 21:10:00 06631 1 0
2011063068 21:20:00 77653 1 0
2011063069 21:30:00 80531 0 0
2011063070 21:40:00 86450 0 0
2011063071 21:50:00 53601 0 0
2011063072 22:00:00 01940 0 0
2011063073 22:10:00 83094 0 0
2011063074 22:20:00 21007 0 1
2011063075 22:30:00 30008 1 1
2011063076 22:40:00 77876 1 0
2011063077 22:50:00 33437 1 0
2011063078 23:00:00 44844 1 1
2011063079 23:10:00 93688 0 1
2011063080 23:20:00 15397 0 0
2011063081 23:30:00 23284 1 0
2011063082 23:40:00 06726 0 0
2011063083 23:50:00 92550 0 1
2011063084 00:00:00 70039 1 0
