2011091101 10:10:00 39715 0 0
2011091102 10:20:00 46715 0 0
2011091103 10:30:00 85432 0 0
2011091104 10:40:00 63860 0 0
2011091105 10:50:00 88854 1 0
2011091106 11:00:00 22644 1 1
2011091107 11:10:00 45626 0 1
2011091108 11:20:00 79020 0 1
2011091109 11:30:00 71896 0 0
2011091110 11:40:00 40877 0 1
2011091111 11:50:00 64454 1 1
2011091112 12:00:00 85290 0 0
2011091113 12:10:00 15563 1 0
2011091114 12:20:00 15923 0 0
2011091115 12:30:00 97017 0 0
2011091116 12:40:00 99707 1 1
2011091117 12:50:00 28797 0 1
2011091118 13:00:00 92884 0 1
2011091119 13:10:00 22224 1 1
2011091120 13:20:00 65481 0 0
2011091121 13:30:00 23723 0 0
2011091122 13:40:00 90843 0 0
2011091123 13:50:00 50304 0 0
2011091124 14:00:00 85899 1 1
2011091125 14:10:00 08979 0 1
2011091126 14:20:00 42318 0 0
2011091127 14:30:00 23893 0 0
2011091128 14:40:00 73726 1 0
2011091129 14:50:00 26579 0 0
2011091130 15:00:00 11676 1 1
2011091131 15:10:00 44883 1 1
2011091132 15:20:00 38307 1 0
2011091133 15:30:00 76119 0 1
2011091134 15:40:00 03564 0 0
2011091135 15:50:00 15903 0 0
2011091136 16:00:00 77997 1 1
2011091137 16:10:00 46183 0 0
2011091138 16:20:00 59631 0 0
2011091139 16:30:00 44097 1 0
2011091140 16:40:00 33219 1 0
2011091141 16:50:00 57038 0 0
2011091142 17:00:00 09462 0 0
2011091143 17:10:00 35540 1 0
2011091144 17:20:00 42707 0 1
2011091145 17:30:00 90694 0 0
2011091146 17:40:00 95942 1 0
2011091147 17:50:00 11579 1 0
2011091148 18:00:00 80709 0 0
2011091149 18:10:00 86893 1 0
2011091150 18:20:00 74297 0 0
2011091151 18:30:00 28683 0 0
2011091152 18:40:00 11097 1 0
2011091153 18:50:00 03927 0 0
2011091154 19:00:00 13522 0 1
2011091155 19:10:00 04206 0 0
2011091156 19:20:00 04704 0 0
2011091157 19:30:00 49565 0 1
2011091158 19:40:00 92066 0 1
2011091159 19:50:00 95103 0 0
2011091160 20:00:00 48568 0 0
2011091161 20:10:00 90254 0 0
2011091162 20:20:00 74178 0 0
2011091163 20:30:00 95271 0 0
2011091164 20:40:00 66846 1 0
2011091165 20:50:00 83075 0 0
2011091166 21:00:00 55590 1 0
2011091167 21:10:00 58237 0 0
2011091168 21:20:00 01822 0 1
2011091169 21:30:00 36926 0 0
2011091170 21:40:00 63056 0 0
2011091171 21:50:00 07679 0 0
2011091172 22:00:00 63759 0 0
2011091173 22:10:00 00279 1 0
2011091174 22:20:00 64335 0 1
2011091175 22:30:00 90759 0 0
2011091176 22:40:00 04004 1 1
2011091177 22:50:00 00565 1 1
2011091178 23:00:00 26162 0 0
2011091179 23:10:00 99631 1 0
2011091180 23:20:00 08291 0 0
2011091181 23:30:00 25715 0 0
2011091182 23:40:00 13182 1 0
2011091183 23:50:00 83126 0 0
2011091184 00:00:00 53707 0 1
