2011041601 10:10:00 44086 1 0
2011041602 10:20:00 84099 0 1
2011041603 10:30:00 59860 0 0
2011041604 10:40:00 58686 0 1
2011041605 10:50:00 24520 0 0
2011041606 11:00:00 04376 0 0
2011041607 11:10:00 97177 0 1
2011041608 11:20:00 84726 0 0
2011041609 11:30:00 18357 0 0
2011041610 11:40:00 18257 0 0
2011041611 11:50:00 07507 0 0
2011041612 12:00:00 14742 0 0
2011041613 12:10:00 81135 1 0
2011041614 12:20:00 39591 0 0
2011041615 12:30:00 72247 1 0
2011041616 12:40:00 92929 1 1
2011041617 12:50:00 47493 1 0
2011041618 13:00:00 36400 0 1
2011041619 13:10:00 41583 0 0
2011041620 13:20:00 92711 0 1
2011041621 13:30:00 17911 0 1
2011041622 13:40:00 23992 0 1
2011041623 13:50:00 31813 0 0
2011041624 14:00:00 66449 1 1
2011041625 14:10:00 65195 0 0
2011041626 14:20:00 31900 0 1
2011041627 14:30:00 52173 0 0
2011041628 14:40:00 03956 0 0
2011041629 14:50:00 85325 0 0
2011041630 15:00:00 27541 0 0
2011041631 15:10:00 43729 0 0
2011041632 15:20:00 12258 1 0
2011041633 15:30:00 06658 1 0
2011041634 15:40:00 96118 0 1
2011041635 15:50:00 66195 1 0
2011041636 16:00:00 22662 1 1
2011041637 16:10:00 97320 0 0
2011041638 16:20:00 10793 0 0
2011041639 16:30:00 40373 0 1
2011041640 16:40:00 16415 0 0
2011041641 16:50:00 85099 0 1
2011041642 17:00:00 84211 0 1
2011041643 17:10:00 00956 1 0
2011041644 17:20:00 51137 1 0
2011041645 17:30:00 27253 1 0
2011041646 17:40:00 32125 0 0
2011041647 17:50:00 15334 0 1
2011041648 18:00:00 04273 0 0
2011041649 18:10:00 49239 0 0
2011041650 18:20:00 50837 0 0
2011041651 18:30:00 18941 0 0
2011041652 18:40:00 04325 0 0
2011041653 18:50:00 33450 1 0
2011041654 19:00:00 21439 0 0
2011041655 19:10:00 85287 0 0
2011041656 19:20:00 23327 1 0
2011041657 19:30:00 97941 1 0
2011041658 19:40:00 22326 1 0
2011041659 19:50:00 94410 1 0
2011041660 20:00:00 97047 0 0
2011041661 20:10:00 92655 0 1
2011041662 20:20:00 63232 0 1
2011041663 20:30:00 40472 1 0
2011041664 20:40:00 91570 0 0
2011041665 20:50:00 71146 1 0
2011041666 21:00:00 21760 0 0
2011041667 21:10:00 74464 1 1
2011041668 21:20:00 21962 0 0
2011041669 21:30:00 88201 1 0
2011041670 21:40:00 20378 0 0
2011041671 21:50:00 33462 1 0
2011041672 22:00:00 33179 1 0
2011041673 22:10:00 99792 1 0
2011041674 22:20:00 66834 1 0
2011041675 22:30:00 95408 0 0
2011041676 22:40:00 42625 0 0
2011041677 22:50:00 45895 0 0
2011041678 23:00:00 35112 0 1
2011041679 23:10:00 27545 0 1
2011041680 23:20:00 82895 1 0
2011041681 23:30:00 71526 0 0
2011041682 23:40:00 36603 1 0
2011041683 23:50:00 78949 0 1
2011041684 00:00:00 66212 1 1
