2011022001 10:10:00 07894 0 0
2011022002 10:20:00 51248 0 0
2011022003 10:30:00 03226 0 1
2011022004 10:40:00 49743 0 0
2011022005 10:50:00 33739 1 0
2011022006 11:00:00 96003 0 1
2011022007 11:10:00 56515 1 1
2011022008 11:20:00 82179 0 0
2011022009 11:30:00 72270 1 0
2011022010 11:40:00 16197 1 0
2011022011 11:50:00 93014 0 0
2011022012 12:00:00 34060 0 1
2011022013 12:10:00 47449 1 1
2011022014 12:20:00 37014 0 0
2011022015 12:30:00 20942 0 0
2011022016 12:40:00 05472 0 0
2011022017 12:50:00 48393 0 1
2011022018 13:00:00 51596 1 0
2011022019 13:10:00 52899 0 1
2011022020 13:20:00 93795 0 0
2011022021 13:30:00 68007 0 1
2011022022 13:40:00 47496 1 0
2011022023 13:50:00 99252 1 1
2011022024 14:00:00 00385 1 0
2011022025 14:10:00 54344 0 1
2011022026 14:20:00 24896 0 0
2011022027 14:30:00 07828 0 1
2011022028 14:40:00 89263 0 0
2011022029 14:50:00 31060 0 1
2011022030 15:00:00 79662 0 1
2011022031 15:10:00 48119 0 1
2011022032 15:20:00 81552 0 1
2011022033 15:30:00 25339 0 1
2011022034 15:40:00 13856 0 0
2011022035 15:50:00 72201 1 0
2011022036 16:00:00 99684 1 0
2011022037 16:10:00 35792 0 0
2011022038 16:20:00 47411 1 1
2011022039 16:30:00 14979 0 1
2011022040 16:40:00 75095 0 0
2011022041 16:50:00 10840 0 0
2011022042 17:00:00 14221 0 1
2011022043 17:10:00 89088 0 1
2011022044 17:20:00 44791 1 0
2011022045 17:30:00 09354 0 0
2011022046 17:40:00 66110 1 1
2011022047 17:50:00 80536 0 0
2011022048 18:00:00 96795 0 0
2011022049 18:10:00 83014 0 0
2011022050 18:20:00 48589 0 0
2011022051 18:30:00 82916 0 0
2011022052 18:40:00 01346 0 0
2011022053 18:50:00 83714 0 0
2011022054 19:00:00 38424 0 1
2011022055 19:10:00 98993 1 1
2011022056 19:20:00 29302 0 0
2011022057 19:30:00 00503 1 0
2011022058 19:40:00 47664 0 1
2011022059 19:50:00 57043 0 0
2011022060 20:00:00 26765 0 0
2011022061 20:10:00 97790 1 0
2011022062 20:20:00 85750 0 0
2011022063 20:30:00 92832 0 0
2011022064 20:40:00 48170 0 0
2011022065 20:50:00 26583 0 0
2011022066 21:00:00 01304 0 0
2011022067 21:10:00 39952 1 0
2011022068 21:20:00 73948 0 0
2011022069 21:30:00 81344 0 1
2011022070 21:40:00 42469 1 0
2011022071 21:50:00 53821 0 0
2011022072 22:00:00 92667 0 1
2011022073 22:10:00 88667 1 1
2011022074 22:20:00 93534 0 0
2011022075 22:30:00 55756 1 0
2011022076 22:40:00 39821 0 0
2011022077 22:50:00 78071 0 0
2011022078 23:00:00 24557 0 1
2011022079 23:10:00 31327 1 0
2011022080 23:20:00 74520 0 0
2011022081 23:30:00 91756 0 0
2011022082 23:40:00 22809 1 0
2011022083 23:50:00 16207 0 0
2011022084 00:00:00 43376 1 0
