2011051301 10:10:00 24797 0 1
2011051302 10:20:00 97239 0 0
2011051303 10:30:00 66411 1 1
2011051304 10:40:00 02666 0 1
2011051305 10:50:00 21365 0 0
2011051306 11:00:00 81870 1 0
2011051307 11:10:00 53299 0 1
2011051308 11:20:00 69028 0 0
2011051309 11:30:00 11249 1 0
2011051310 11:40:00 21021 0 0
2011051311 11:50:00 10715 0 0
2011051312 12:00:00 20473 0 0
2011051313 12:10:00 35968 0 0
2011051314 12:20:00 82284 1 0
2011051315 12:30:00 56585 1 1
2011051316 12:40:00 44768 1 0
2011051317 12:50:00 76755 1 1
2011051318 13:00:00 83869 1 0
2011051319 13:10:00 51361 0 0
2011051320 13:20:00 35832 0 0
2011051321 13:30:00 12403 0 0
2011051322 13:40:00 50974 0 0
2011051323 13:50:00 77685 1 0
2011051324 14:00:00 07554 0 1
2011051325 14:10:00 55570 1 0
2011051326 14:20:00 83124 0 0
2011051327 14:30:00 10474 0 1
2011051328 14:40:00 37405 0 0
2011051329 14:50:00 67556 0 1
2011051330 15:00:00 71391 0 0
2011051331 15:10:00 32229 1 1
2011051332 15:20:00 00384 1 0
2011051333 15:30:00 58156 0 0
2011051334 15:40:00 70218 0 0
2011051335 15:50:00 18948 0 0
2011051336 16:00:00 22187 1 0
2011051337 16:10:00 20532 0 0
2011051338 16:20:00 59409 0 0
2011051339 16:30:00 60066 1 1
2011051340 16:40:00 72726 1 0
2011051341 16:50:00 50198 0 0
2011051342 17:00:00 37516 0 0
2011051343 17:10:00 31438 0 0
2011051344 17:20:00 99392 1 0
2011051345 17:30:00 98662 0 1
2011051346 17:40:00 81407 0 0
2011051347 17:50:00 95039 0 0
2011051348 18:00:00 11539 1 0
2011051349 18:10:00 57486 0 0
2011051350 18:20:00 97122 0 1
2011051351 18:30:00 98567 0 0
2011051352 18:40:00 12427 0 0
2011051353 18:50:00 92846 0 0
2011051354 19:00:00 60996 0 1
2011051355 19:10:00 05157 0 0
2011051356 19:20:00 35031 0 0
2011051357 19:30:00 36621 1 0
2011051358 19:40:00 92137 0 0
2011051359 19:50:00 60375 0 0
2011051360 20:00:00 59601 0 0
2011051361 20:10:00 59792 0 0
2011051362 20:20:00 13231 0 0
2011051363 20:30:00 18375 0 0
2011051364 20:40:00 60689 1 0
2011051365 20:50:00 03572 0 0
2011051366 21:00:00 65759 0 0
2011051367 21:10:00 35179 0 0
2011051368 21:20:00 50746 0 0
2011051369 21:30:00 19084 0 0
2011051370 21:40:00 53136 0 0
2011051371 21:50:00 93781 0 0
2011051372 22:00:00 46366 0 1
2011051373 22:10:00 54348 0 0
2011051374 22:20:00 29593 0 0
2011051375 22:30:00 22620 1 0
2011051376 22:40:00 88211 1 1
2011051377 22:50:00 93751 0 0
2011051378 23:00:00 41919 0 1
2011051379 23:10:00 17637 0 0
2011051380 23:20:00 96943 1 0
2011051381 23:30:00 20801 0 0
2011051382 23:40:00 93869 0 0
2011051383 23:50:00 28317 0 0
2011051384 00:00:00 07514 0 0
