2011090201 10:10:00 30527 0 0
2011090202 10:20:00 55565 1 1
2011090203 10:30:00 53266 0 1
2011090204 10:40:00 92070 0 1
2011090205 10:50:00 92497 0 0
2011090206 11:00:00 27837 0 0
2011090207 11:10:00 92982 1 0
2011090208 11:20:00 04996 0 1
2011090209 11:30:00 40043 1 0
2011090210 11:40:00 58318 0 0
2011090211 11:50:00 21438 0 0
2011090212 12:00:00 64911 0 1
2011090213 12:10:00 32476 0 0
2011090214 12:20:00 49715 0 0
2011090215 12:30:00 44970 1 0
2011090216 12:40:00 56179 0 0
2011090217 12:50:00 97740 1 0
2011090218 13:00:00 27680 0 0
2011090219 13:10:00 73388 1 1
2011090220 13:20:00 21531 0 0
2011090221 13:30:00 22055 1 1
2011090222 13:40:00 49025 0 0
2011090223 13:50:00 40175 0 0
2011090224 14:00:00 73513 0 0
2011090225 14:10:00 27674 0 0
2011090226 14:20:00 12108 1 0
2011090227 14:30:00 29542 0 0
2011090228 14:40:00 88175 1 0
2011090229 14:50:00 40086 1 0
2011090230 15:00:00 97530 0 0
2011090231 15:10:00 11390 1 0
2011090232 15:20:00 28085 0 0
2011090233 15:30:00 86594 0 0
2011090234 15:40:00 83056 0 0
2011090235 15:50:00 84260 0 0
2011090236 16:00:00 85829 1 0
2011090237 16:10:00 39379 1 0
2011090238 16:20:00 20926 0 0
2011090239 16:30:00 15309 0 0
2011090240 16:40:00 83779 0 1
2011090241 16:50:00 06176 0 0
2011090242 17:00:00 68945 0 0
2011090243 17:10:00 36863 0 0
2011090244 17:20:00 67515 0 1
2011090245 17:30:00 57786 1 0
2011090246 17:40:00 17502 0 0
2011090247 17:50:00 03602 0 0
2011090248 18:00:00 78682 0 0
2011090249 18:10:00 42476 1 0
2011090250 18:20:00 09772 0 1
2011090251 18:30:00 48181 0 1
2011090252 18:40:00 78908 0 0
2011090253 18:50:00 96037 0 0
2011090254 19:00:00 52059 0 0
2011090255 19:10:00 82261 1 0
2011090256 19:20:00 95061 0 0
2011090257 19:30:00 65396 0 0
2011090258 19:40:00 91571 0 0
2011090259 19:50:00 09361 0 0
2011090260 20:00:00 83697 0 0
2011090261 20:10:00 17206 0 0
2011090262 20:20:00 14922 0 1
2011090263 20:30:00 08912 0 0
2011090264 20:40:00 86180 0 0
2011090265 20:50:00 27928 0 0
2011090266 21:00:00 78630 0 0
2011090267 21:10:00 82966 0 1
2011090268 21:20:00 54560 1 0
2011090269 21:30:00 62533 0 1
2011090270 21:40:00 93338 1 1
2011090271 21:50:00 69883 0 1
2011090272 22:00:00 81731 0 0
2011090273 22:10:00 41249 0 0
2011090274 22:20:00 14122 1 1
2011090275 22:30:00 58340 0 0
2011090276 22:40:00 74389 0 0
2011090277 22:50:00 88323 1 1
2011090278 23:00:00 70379 0 0
2011090279 23:10:00 32456 0 0
2011090280 23:20:00 01027 1 0
2011090281 23:30:00 32235 1 0
2011090282 23:40:00 35460 0 0
2011090283 23:50:00 20625 0 0
2011090284 00:00:00 43845 0 0
