2011040701 10:10:00 91807 0 0
2011040702 10:20:00 49168 0 0
2011040703 10:30:00 51609 0 0
2011040704 10:40:00 08059 1 0
2011040705 10:50:00 75375 0 0
2011040706 11:00:00 48050 0 1
2011040707 11:10:00 26383 0 1
2011040708 11:20:00 60954 0 0
2011040709 11:30:00 68507 0 0
2011040710 11:40:00 71364 0 0
2011040711 11:50:00 23624 0 0
2011040712 12:00:00 66208 1 0
2011040713 12:10:00 58792 0 0
2011040714 12:20:00 57074 0 0
2011040715 12:30:00 95329 0 0
2011040716 12:40:00 87861 1 0
2011040717 12:50:00 38744 0 1
2011040718 13:00:00 63956 0 0
2011040719 13:10:00 95456 0 0
2011040720 13:20:00 44961 1 0
2011040721 13:30:00 95424 0 1
2011040722 13:40:00 29390 0 0
2011040723 13:50:00 88359 1 0
2011040724 14:00:00 48823 1 0
2011040725 14:10:00 99048 1 0
2011040726 14:20:00 86209 0 0
2011040727 14:30:00 70533 0 1
2011040728 14:40:00 31333 1 1
2011040729 14:50:00 27771 1 1
2011040730 15:00:00 27151 0 1
2011040731 15:10:00 48085 0 0
2011040732 15:20:00 39555 0 1
2011040733 15:30:00 93896 0 0
2011040734 15:40:00 14501 0 0
2011040735 15:50:00 77269 1 0
2011040736 16:00:00 98599 0 1
2011040737 16:10:00 70305 0 0
2011040738 16:20:00 17159 1 0
2011040739 16:30:00 09737 0 1
2011040740 16:40:00 35912 0 0
2011040741 16:50:00 88400 1 1
2011040742 17:00:00 67933 0 1
2011040743 17:10:00 93396 1 0
2011040744 17:20:00 95258 0 0
2011040745 17:30:00 43988 0 1
2011040746 17:40:00 99180 1 0
2011040747 17:50:00 05776 0 1
2011040748 18:00:00 63672 1 0
2011040749 18:10:00 95324 0 0
2011040750 18:20:00 74006 0 1
2011040751 18:30:00 38433 0 1
2011040752 18:40:00 47911 0 1
2011040753 18:50:00 13118 1 1
2011040754 19:00:00 40705 0 0
2011040755 19:10:00 13599 0 1
2011040756 19:20:00 65932 0 0
2011040757 19:30:00 97628 0 0
2011040758 19:40:00 05041 1 0
2011040759 19:50:00 48993 0 1
2011040760 20:00:00 94270 0 0
2011040761 20:10:00 93835 0 0
2011040762 20:20:00 31708 0 0
2011040763 20:30:00 13784 0 0
2011040764 20:40:00 09952 1 0
2011040765 20:50:00 64583 0 0
2011040766 21:00:00 77166 1 1
2011040767 21:10:00 14049 0 0
2011040768 21:20:00 11966 1 1
2011040769 21:30:00 94236 0 0
2011040770 21:40:00 82274 1 0
2011040771 21:50:00 22862 1 0
2011040772 22:00:00 65302 0 0
2011040773 22:10:00 43190 0 0
2011040774 22:20:00 98485 0 0
2011040775 22:30:00 30294 0 0
2011040776 22:40:00 55510 1 0
2011040777 22:50:00 72904 0 0
2011040778 23:00:00 21219 1 0
2011040779 23:10:00 89475 0 0
2011040780 23:20:00 93965 1 0
2011040781 23:30:00 03023 1 0
2011040782 23:40:00 85669 0 1
2011040783 23:50:00 00880 1 1
2011040784 00:00:00 52539 1 0
