2011090301 10:10:00 44974 1 0
2011090302 10:20:00 94242 0 1
2011090303 10:30:00 56591 1 0
2011090304 10:40:00 88875 1 0
2011090305 10:50:00 51034 0 0
2011090306 11:00:00 54494 1 1
2011090307 11:10:00 64263 0 0
2011090308 11:20:00 14161 1 1
2011090309 11:30:00 53487 0 0
2011090310 11:40:00 70415 0 0
2011090311 11:50:00 39497 0 0
2011090312 12:00:00 02394 0 0
2011090313 12:10:00 13031 0 0
2011090314 12:20:00 80222 0 1
2011090315 12:30:00 42404 1 1
2011090316 12:40:00 60937 0 0
2011090317 12:50:00 70956 0 0
2011090318 13:00:00 60303 0 1
2011090319 13:10:00 39449 0 1
2011090320 13:20:00 99890 1 0
2011090321 13:30:00 07491 0 0
2011090322 13:40:00 37056 0 0
2011090323 13:50:00 98097 0 0
2011090324 14:00:00 85409 0 0
2011090325 14:10:00 93478 0 0
2011090326 14:20:00 99498 1 0
2011090327 14:30:00 39298 0 0
2011090328 14:40:00 05686 0 1
2011090329 14:50:00 05843 0 0
2011090330 15:00:00 94691 0 0
2011090331 15:10:00 43866 0 1
2011090332 15:20:00 76123 0 0
2011090333 15:30:00 19010 0 1
2011090334 15:40:00 58452 0 0
2011090335 15:50:00 59343 0 1
2011090336 16:00:00 23381 1 0
2011090337 16:10:00 06993 0 1
2011090338 16:20:00 01352 0 0
2011090339 16:30:00 62309 0 0
2011090340 16:40:00 85844 1 1
2011090341 16:50:00 59333 0 1
2011090342 17:00:00 61441 0 1
2011090343 17:10:00 85247 0 0
2011090344 17:20:00 14269 0 0
2011090345 17:30:00 13535 0 1
2011090346 17:40:00 38327 1 0
2011090347 17:50:00 10076 1 0
2011090348 18:00:00 13101 1 1
2011090349 18:10:00 39954 1 0
2011090350 18:20:00 00713 1 0
2011090351 18:30:00 90584 0 0
2011090352 18:40:00 23543 0 0
2011090353 18:50:00 57447 0 1
2011090354 19:00:00 46620 1 0
2011090355 19:10:00 57741 1 0
2011090356 19:20:00 40686 0 1
2011090357 19:30:00 95398 0 0
2011090358 19:40:00 82835 1 0
2011090359 19:50:00 69676 1 1
2011090360 20:00:00 05558 1 1
2011090361 20:10:00 33572 1 0
2011090362 20:20:00 16979 0 1
2011090363 20:30:00 90262 0 1
2011090364 20:40:00 03615 0 0
2011090365 20:50:00 40328 0 0
2011090366 21:00:00 24980 0 0
2011090367 21:10:00 04101 0 1
2011090368 21:20:00 82928 0 0
2011090369 21:30:00 29690 0 0
2011090370 21:40:00 09962 1 0
2011090371 21:50:00 82213 1 0
2011090372 22:00:00 52573 1 0
2011090373 22:10:00 07792 1 0
2011090374 22:20:00 10895 0 0
2011090375 22:30:00 19574 0 0
2011090376 22:40:00 27654 0 0
2011090377 22:50:00 90391 0 0
2011090378 23:00:00 52558 1 1
2011090379 23:10:00 55237 1 0
2011090380 23:20:00 50325 0 0
2011090381 23:30:00 73701 1 0
2011090382 23:40:00 64120 0 0
2011090383 23:50:00 76574 0 0
2011090384 00:00:00 27837 0 0
