2011060201 10:10:00 41208 0 0
2011060202 10:20:00 54940 0 0
2011060203 10:30:00 08085 1 0
2011060204 10:40:00 96994 1 1
2011060205 10:50:00 11703 1 0
2011060206 11:00:00 41974 0 0
2011060207 11:10:00 54140 0 0
2011060208 11:20:00 66252 1 1
2011060209 11:30:00 36276 0 0
2011060210 11:40:00 86904 0 0
2011060211 11:50:00 97261 0 0
2011060212 12:00:00 99030 1 1
2011060213 12:10:00 73533 0 1
2011060214 12:20:00 06447 0 1
2011060215 12:30:00 12028 0 0
2011060216 12:40:00 68133 0 1
2011060217 12:50:00 40631 0 0
2011060218 13:00:00 15481 0 0
2011060219 13:10:00 33918 1 0
2011060220 13:20:00 86645 1 0
2011060221 13:30:00 49189 0 0
2011060222 13:40:00 75157 0 0
2011060223 13:50:00 57192 0 0
2011060224 14:00:00 06995 0 1
2011060225 14:10:00 14658 0 0
2011060226 14:20:00 56675 1 0
2011060227 14:30:00 20725 0 0
2011060228 14:40:00 74877 0 1
2011060229 14:50:00 64603 1 0
2011060230 15:00:00 83601 0 0
2011060231 15:10:00 98885 1 1
2011060232 15:20:00 09113 0 1
2011060233 15:30:00 99831 1 0
2011060234 15:40:00 23457 0 0
2011060235 15:50:00 46668 1 1
2011060236 16:00:00 70335 0 1
2011060237 16:10:00 91664 0 1
2011060238 16:20:00 72813 0 0
2011060239 16:30:00 13235 0 0
2011060240 16:40:00 88849 1 0
2011060241 16:50:00 41568 0 0
2011060242 17:00:00 77720 1 0
2011060243 17:10:00 89601 0 0
2011060244 17:20:00 02953 0 0
2011060245 17:30:00 38782 0 0
2011060246 17:40:00 97594 0 0
2011060247 17:50:00 88359 1 0
2011060248 18:00:00 85622 0 1
2011060249 18:10:00 11192 1 0
2011060250 18:20:00 91870 0 0
2011060251 18:30:00 60974 0 0
2011060252 18:40:00 01256 0 0
2011060253 18:50:00 36925 0 0
2011060254 19:00:00 02915 0 0
2011060255 19:10:00 65653 1 0
2011060256 19:20:00 03191 0 1
2011060257 19:30:00 19248 0 0
2011060258 19:40:00 66562 1 0
2011060259 19:50:00 67380 0 0
2011060260 20:00:00 64269 0 0
2011060261 20:10:00 51304 0 0
2011060262 20:20:00 33347 1 0
2011060263 20:30:00 10071 1 0
2011060264 20:40:00 69802 0 0
2011060265 20:50:00 38286 0 0
2011060266 21:00:00 09603 0 0
2011060267 21:10:00 75776 1 1
2011060268 21:20:00 06567 0 0
2011060269 21:30:00 34851 0 0
2011060270 21:40:00 48646 0 1
2011060271 21:50:00 22876 1 0
2011060272 22:00:00 77851 1 0
2011060273 22:10:00 12179 1 0
2011060274 22:20:00 49032 0 0
2011060275 22:30:00 12768 0 0
2011060276 22:40:00 15071 0 0
2011060277 22:50:00 93884 0 1
2011060278 23:00:00 56088 0 1
2011060279 23:10:00 68181 0 1
2011060280 23:20:00 43726 0 0
2011060281 23:30:00 15425 0 0
2011060282 23:40:00 40909 0 1
2011060283 23:50:00 74067 0 0
2011060284 00:00:00 97791 1 0
