2011040301 10:10:00 55571 1 0
2011040302 10:20:00 09944 1 1
2011040303 10:30:00 72899 0 1
2011040304 10:40:00 81378 0 0
2011040305 10:50:00 76840 0 0
2011040306 11:00:00 45651 0 0
2011040307 11:10:00 01538 0 0
2011040308 11:20:00 59293 0 0
2011040309 11:30:00 42024 0 0
2011040310 11:40:00 81700 0 1
2011040311 11:50:00 03519 0 0
2011040312 12:00:00 50483 0 0
2011040313 12:10:00 33082 1 0
2011040314 12:20:00 79889 0 1
2011040315 12:30:00 96953 1 0
2011040316 12:40:00 97977 1 1
2011040317 12:50:00 84794 0 0
2011040318 13:00:00 20631 0 0
2011040319 13:10:00 62374 0 0
2011040320 13:20:00 80582 0 0
2011040321 13:30:00 99641 1 0
2011040322 13:40:00 97064 0 0
2011040323 13:50:00 74044 0 1
2011040324 14:00:00 42346 0 0
2011040325 14:10:00 26853 0 0
2011040326 14:20:00 37265 0 0
2011040327 14:30:00 78040 0 1
2011040328 14:40:00 48253 0 0
2011040329 14:50:00 00752 1 0
2011040330 15:00:00 72848 0 1
2011040331 15:10:00 97638 0 0
2011040332 15:20:00 99019 1 0
2011040333 15:30:00 36193 0 0
2011040334 15:40:00 24057 0 0
2011040335 15:50:00 95997 1 1
2011040336 16:00:00 09515 0 1
2011040337 16:10:00 29385 0 0
2011040338 16:20:00 81253 0 0
2011040339 16:30:00 59027 0 0
2011040340 16:40:00 67074 0 0
2011040341 16:50:00 46053 0 0
2011040342 17:00:00 34456 1 0
2011040343 17:10:00 71555 0 1
2011040344 17:20:00 32593 0 0
2011040345 17:30:00 38107 0 0
2011040346 17:40:00 00390 1 0
2011040347 17:50:00 51867 0 0
2011040348 18:00:00 05657 0 0
2011040349 18:10:00 80570 0 0
2011040350 18:20:00 73166 0 1
2011040351 18:30:00 99697 1 0
2011040352 18:40:00 95149 0 0
2011040353 18:50:00 05550 1 1
2011040354 19:00:00 18262 0 1
2011040355 19:10:00 47171 0 1
2011040356 19:20:00 74052 0 0
2011040357 19:30:00 13158 1 0
2011040358 19:40:00 98662 0 1
2011040359 19:50:00 62312 0 0
2011040360 20:00:00 59808 0 1
2011040361 20:10:00 29312 0 0
2011040362 20:20:00 65440 0 1
2011040363 20:30:00 09187 0 0
2011040364 20:40:00 51783 0 0
2011040365 20:50:00 32336 1 1
2011040366 21:00:00 65501 1 0
2011040367 21:10:00 82620 0 0
2011040368 21:20:00 79285 0 0
2011040369 21:30:00 64256 0 0
2011040370 21:40:00 57554 1 1
2011040371 21:50:00 72195 0 0
2011040372 22:00:00 13974 0 0
2011040373 22:10:00 82499 0 1
2011040374 22:20:00 36269 0 0
2011040375 22:30:00 95494 0 1
2011040376 22:40:00 20460 0 0
2011040377 22:50:00 28269 1 0
2011040378 23:00:00 55666 1 1
2011040379 23:10:00 45279 0 0
2011040380 23:20:00 81525 0 1
2011040381 23:30:00 95046 0 0
2011040382 23:40:00 42554 0 1
2011040383 23:50:00 90669 0 1
2011040384 00:00:00 87703 1 0
