2011073101 10:10:00 18861 1 0
2011073102 10:20:00 95687 0 0
2011073103 10:30:00 44572 1 0
2011073104 10:40:00 15120 1 0
2011073105 10:50:00 05338 0 1
2011073106 11:00:00 94829 0 0
2011073107 11:10:00 58069 0 0
2011073108 11:20:00 79165 0 0
2011073109 11:30:00 01237 0 0
2011073110 11:40:00 35400 0 1
2011073111 11:50:00 93644 0 1
2011073112 12:00:00 66142 1 0
2011073113 12:10:00 61869 0 0
2011073114 12:20:00 32191 0 1
2011073115 12:30:00 85361 0 0
2011073116 12:40:00 67234 0 0
2011073117 12:50:00 79251 0 0
2011073118 13:00:00 94153 0 0
2011073119 13:10:00 01323 0 1
2011073120 13:20:00 63771 0 1
2011073121 13:30:00 39418 0 0
2011073122 13:40:00 98932 1 0
2011073123 13:50:00 48758 0 0
2011073124 14:00:00 39621 0 0
2011073125 14:10:00 23543 0 0
2011073126 14:20:00 34129 0 0
2011073127 14:30:00 70376 0 0
2011073128 14:40:00 64295 0 0
2011073129 14:50:00 06438 0 0
2011073130 15:00:00 95433 0 1
2011073131 15:10:00 95539 1 0
2011073132 15:20:00 95239 0 0
2011073133 15:30:00 18967 0 0
2011073134 15:40:00 43250 0 0
2011073135 15:50:00 60142 0 0
2011073136 16:00:00 18440 0 1
2011073137 16:10:00 14278 0 0
2011073138 16:20:00 86043 0 0
2011073139 16:30:00 59834 0 0
2011073140 16:40:00 45913 0 0
2011073141 16:50:00 58617 0 0
2011073142 17:00:00 87754 1 0
2011073143 17:10:00 82697 0 0
2011073144 17:20:00 45384 0 0
2011073145 17:30:00 40134 0 0
2011073146 17:40:00 46664 1 1
2011073147 17:50:00 23985 0 0
2011073148 18:00:00 15838 0 1
2011073149 18:10:00 35566 1 1
2011073150 18:20:00 44169 1 0
2011073151 18:30:00 18953 0 0
2011073152 18:40:00 07173 0 0
2011073153 18:50:00 48076 0 0
2011073154 19:00:00 15292 0 1
2011073155 19:10:00 30980 0 0
2011073156 19:20:00 36283 0 0
2011073157 19:30:00 73885 0 1
2011073158 19:40:00 63092 0 0
2011073159 19:50:00 19025 0 0
2011073160 20:00:00 61328 0 0
2011073161 20:10:00 69845 0 0
2011073162 20:20:00 45824 0 0
2011073163 20:30:00 79645 0 0
2011073164 20:40:00 62444 0 1
2011073165 20:50:00 77208 1 0
2011073166 21:00:00 94010 0 1
2011073167 21:10:00 44881 1 1
2011073168 21:20:00 54670 0 0
2011073169 21:30:00 58664 0 1
2011073170 21:40:00 48550 0 1
2011073171 21:50:00 42684 0 0
2011073172 22:00:00 83574 0 0
2011073173 22:10:00 86800 1 1
2011073174 22:20:00 24214 1 0
2011073175 22:30:00 90043 1 0
2011073176 22:40:00 18182 1 0
2011073177 22:50:00 15585 1 1
2011073178 23:00:00 10765 0 0
2011073179 23:10:00 84976 0 0
2011073180 23:20:00 71131 1 1
2011073181 23:30:00 97577 0 1
2011073182 23:40:00 56183 0 0
2011073183 23:50:00 63417 0 0
2011073184 00:00:00 63281 0 0
