2011030301 10:10:00 02346 0 0
2011030302 10:20:00 03075 1 0
2011030303 10:30:00 44715 1 0
2011030304 10:40:00 42394 0 0
2011030305 10:50:00 38788 0 1
2011030306 11:00:00 51984 0 0
2011030307 11:10:00 29501 0 0
2011030308 11:20:00 20420 0 0
2011030309 11:30:00 19442 0 1
2011030310 11:40:00 23804 0 0
2011030311 11:50:00 84479 1 0
2011030312 12:00:00 29038 0 0
2011030313 12:10:00 46782 0 0
2011030314 12:20:00 83055 0 1
2011030315 12:30:00 81037 0 0
2011030316 12:40:00 12879 0 0
2011030317 12:50:00 26885 0 1
2011030318 13:00:00 88056 1 0
2011030319 13:10:00 64203 0 0
2011030320 13:20:00 83107 0 0
2011030321 13:30:00 27012 0 0
2011030322 13:40:00 44236 1 0
2011030323 13:50:00 29384 0 0
2011030324 14:00:00 43489 1 0
2011030325 14:10:00 67555 0 1
2011030326 14:20:00 11954 1 0
2011030327 14:30:00 01514 0 0
2011030328 14:40:00 59534 1 0
2011030329 14:50:00 34816 0 0
2011030330 15:00:00 38087 0 0
2011030331 15:10:00 07572 0 0
2011030332 15:20:00 84595 0 1
2011030333 15:30:00 77903 1 0
2011030334 15:40:00 66604 1 0
2011030335 15:50:00 06087 1 0
2011030336 16:00:00 78141 0 1
2011030337 16:10:00 49827 0 0
2011030338 16:20:00 39506 0 0
2011030339 16:30:00 60648 1 0
2011030340 16:40:00 60059 1 0
2011030341 16:50:00 12924 0 0
2011030342 17:00:00 86359 0 0
2011030343 17:10:00 53395 1 0
2011030344 17:20:00 32982 0 0
2011030345 17:30:00 21991 0 1
2011030346 17:40:00 46371 0 0
2011030347 17:50:00 49806 0 0
2011030348 18:00:00 82208 1 0
2011030349 18:10:00 81627 0 0
2011030350 18:20:00 18108 1 0
2011030351 18:30:00 91244 0 1
2011030352 18:40:00 33724 1 0
2011030353 18:50:00 47589 0 0
2011030354 19:00:00 13711 0 1
2011030355 19:10:00 46265 0 0
2011030356 19:20:00 15577 1 1
2011030357 19:30:00 43126 0 0
2011030358 19:40:00 63213 0 0
2011030359 19:50:00 65996 0 1
2011030360 20:00:00 95511 1 1
2011030361 20:10:00 22468 1 0
2011030362 20:20:00 62756 0 0
2011030363 20:30:00 66512 1 0
2011030364 20:40:00 75553 1 1
2011030365 20:50:00 52448 0 1
2011030366 21:00:00 04250 0 0
2011030367 21:10:00 00926 1 0
2011030368 21:20:00 01800 0 1
2011030369 21:30:00 32061 0 0
2011030370 21:40:00 75817 0 0
2011030371 21:50:00 21095 0 0
2011030372 22:00:00 86503 0 0
2011030373 22:10:00 53883 0 1
2011030374 22:20:00 96974 1 0
2011030375 22:30:00 54286 0 0
2011030376 22:40:00 32111 0 1
2011030377 22:50:00 33685 1 0
2011030378 23:00:00 90605 0 0
2011030379 23:10:00 36692 1 0
2011030380 23:20:00 32587 0 0
2011030381 23:30:00 93355 1 1
2011030382 23:40:00 98107 0 0
2011030383 23:50:00 43061 0 0
2011030384 00:00:00 06274 0 0
