2011091901 10:10:00 39609 0 0
2011091902 10:20:00 43345 1 0
2011091903 10:30:00 82167 0 0
2011091904 10:40:00 17039 0 0
2011091905 10:50:00 42541 0 0
2011091906 11:00:00 73573 0 0
2011091907 11:10:00 38865 1 0
2011091908 11:20:00 21242 1 1
2011091909 11:30:00 36006 0 1
2011091910 11:40:00 88780 1 0
2011091911 11:50:00 86502 0 0
2011091912 12:00:00 02899 0 1
2011091913 12:10:00 82090 0 1
2011091914 12:20:00 59465 0 0
2011091915 12:30:00 48655 0 1
2011091916 12:40:00 51309 0 0
2011091917 12:50:00 29008 0 1
2011091918 13:00:00 04416 1 0
2011091919 13:10:00 51756 0 0
2011091920 13:20:00 21696 0 1
2011091921 13:30:00 93731 0 0
2011091922 13:40:00 95458 0 0
2011091923 13:50:00 66923 1 0
2011091924 14:00:00 33744 1 1
2011091925 14:10:00 64010 0 1
2011091926 14:20:00 40890 0 0
2011091927 14:30:00 80712 0 0
2011091928 14:40:00 87086 0 0
2011091929 14:50:00 06418 0 0
2011091930 15:00:00 23595 0 1
2011091931 15:10:00 85981 0 0
2011091932 15:20:00 40649 0 0
2011091933 15:30:00 50780 0 0
2011091934 15:40:00 73880 0 1
2011091935 15:50:00 14513 0 0
2011091936 16:00:00 75348 0 0
2011091937 16:10:00 81059 0 0
2011091938 16:20:00 33313 1 1
2011091939 16:30:00 52621 0 0
2011091940 16:40:00 00354 1 0
2011091941 16:50:00 01604 0 0
2011091942 17:00:00 15619 0 0
2011091943 17:10:00 13412 0 0
2011091944 17:20:00 32031 0 0
2011091945 17:30:00 82156 0 0
2011091946 17:40:00 49778 0 1
2011091947 17:50:00 40379 0 0
2011091948 18:00:00 56278 0 0
2011091949 18:10:00 37785 1 0
2011091950 18:20:00 18611 0 1
2011091951 18:30:00 71804 0 0
2011091952 18:40:00 96939 1 1
2011091953 18:50:00 55484 1 1
2011091954 19:00:00 22964 1 0
2011091955 19:10:00 46901 0 0
2011091956 19:20:00 32079 0 0
2011091957 19:30:00 33259 1 0
2011091958 19:40:00 17344 0 1
2011091959 19:50:00 63522 0 1
2011091960 20:00:00 22508 1 0
2011091961 20:10:00 49165 0 0
2011091962 20:20:00 90307 0 0
2011091963 20:30:00 22190 1 0
2011091964 20:40:00 70068 1 0
2011091965 20:50:00 89698 0 0
2011091966 21:00:00 96216 0 0
2011091967 21:10:00 73273 0 0
2011091968 21:20:00 20520 0 0
2011091969 21:30:00 89714 0 0
2011091970 21:40:00 97920 1 0
2011091971 21:50:00 41200 0 1
2011091972 22:00:00 81223 0 1
2011091973 22:10:00 72548 0 0
2011091974 22:20:00 56565 1 1
2011091975 22:30:00 67464 0 1
2011091976 22:40:00 94704 0 0
2011091977 22:50:00 04955 0 1
2011091978 23:00:00 38955 0 1
2011091979 23:10:00 63275 0 0
2011091980 23:20:00 50297 0 0
2011091981 23:30:00 78290 0 0
2011091982 23:40:00 66858 1 1
2011091983 23:50:00 84968 0 0
2011091984 00:00:00 12216 1 0
