2011031601 10:10:00 37003 0 1
2011031602 10:20:00 22029 1 0
2011031603 10:30:00 52431 0 0
2011031604 10:40:00 28335 0 1
2011031605 10:50:00 68456 0 0
2011031606 11:00:00 09138 0 0
2011031607 11:10:00 18899 1 1
2011031608 11:20:00 10059 1 0
2011031609 11:30:00 53206 0 0
2011031610 11:40:00 60744 0 1
2011031611 11:50:00 79531 0 0
2011031612 12:00:00 00775 1 1
2011031613 12:10:00 60368 0 0
2011031614 12:20:00 15299 0 1
2011031615 12:30:00 40369 0 0
2011031616 12:40:00 34221 0 1
2011031617 12:50:00 56749 0 0
2011031618 13:00:00 38230 0 0
2011031619 13:10:00 70231 0 0
2011031620 13:20:00 89715 0 0
2011031621 13:30:00 95113 0 1
2011031622 13:40:00 51281 0 0
2011031623 13:50:00 67461 0 0
2011031624 14:00:00 15082 0 0
2011031625 14:10:00 48238 0 0
2011031626 14:20:00 26335 0 1
2011031627 14:30:00 59567 1 0
2011031628 14:40:00 09349 0 0
2011031629 14:50:00 74090 0 1
2011031630 15:00:00 59589 1 0
2011031631 15:10:00 55505 1 1
2011031632 15:20:00 69817 0 0
2011031633 15:30:00 32787 0 1
2011031634 15:40:00 66754 1 0
2011031635 15:50:00 31040 0 1
2011031636 16:00:00 46570 0 0
2011031637 16:10:00 57728 1 0
2011031638 16:20:00 72902 0 0
2011031639 16:30:00 58359 0 0
2011031640 16:40:00 28350 0 0
2011031641 16:50:00 90546 0 0
2011031642 17:00:00 98705 0 0
2011031643 17:10:00 80010 1 1
2011031644 17:20:00 71804 0 0
2011031645 17:30:00 98464 0 1
2011031646 17:40:00 65208 0 0
2011031647 17:50:00 62030 0 1
2011031648 18:00:00 44282 1 1
2011031649 18:10:00 10534 0 0
2011031650 18:20:00 19520 0 0
2011031651 18:30:00 77336 1 1
2011031652 18:40:00 63467 0 0
2011031653 18:50:00 85651 0 0
2011031654 19:00:00 26231 1 0
2011031655 19:10:00 92056 0 0
2011031656 19:20:00 87797 1 1
2011031657 19:30:00 64383 0 1
2011031658 19:40:00 21801 0 0
2011031659 19:50:00 71539 0 0
2011031660 20:00:00 77797 1 1
2011031661 20:10:00 52978 0 0
2011031662 20:20:00 61849 0 0
2011031663 20:30:00 27430 0 0
2011031664 20:40:00 79758 1 0
2011031665 20:50:00 57018 0 0
2011031666 21:00:00 05439 0 0
2011031667 21:10:00 72034 0 0
2011031668 21:20:00 88259 1 0
2011031669 21:30:00 64495 1 0
2011031670 21:40:00 71387 0 0
2011031671 21:50:00 91741 0 0
2011031672 22:00:00 08923 0 0
2011031673 22:10:00 28961 0 0
2011031674 22:20:00 02140 0 0
2011031675 22:30:00 78495 0 0
2011031676 22:40:00 64373 0 1
2011031677 22:50:00 77543 1 0
2011031678 23:00:00 10945 0 0
2011031679 23:10:00 47750 1 0
2011031680 23:20:00 52870 0 0
2011031681 23:30:00 45505 1 1
2011031682 23:40:00 96876 0 0
2011031683 23:50:00 34182 0 0
2011031684 00:00:00 88308 1 0
