2011122701 10:10:00 45483 1 0
2011122702 10:20:00 39316 1 0
2011122703 10:30:00 11899 1 1
2011122704 10:40:00 78939 0 1
2011122705 10:50:00 16825 0 0
2011122706 11:00:00 65971 0 0
2011122707 11:10:00 36161 0 1
2011122708 11:20:00 14288 0 1
2011122709 11:30:00 48954 0 0
2011122710 11:40:00 62011 0 1
2011122711 11:50:00 62616 1 1
2011122712 12:00:00 40344 0 1
2011122713 12:10:00 25398 0 0
2011122714 12:20:00 19696 0 1
2011122715 12:30:00 80440 0 1
2011122716 12:40:00 68234 0 0
2011122717 12:50:00 16826 0 0
2011122718 13:00:00 72596 0 0
2011122719 13:10:00 34477 1 1
2011122720 13:20:00 78904 0 0
2011122721 13:30:00 71299 0 1
2011122722 13:40:00 82042 0 0
2011122723 13:50:00 63599 0 1
2011122724 14:00:00 20351 0 0
2011122725 14:10:00 41394 0 0
2011122726 14:20:00 91818 0 1
2011122727 14:30:00 84162 0 0
2011122728 14:40:00 13811 0 1
2011122729 14:50:00 77264 1 0
2011122730 15:00:00 35490 0 0
2011122731 15:10:00 78042 0 0
2011122732 15:20:00 52612 0 0
2011122733 15:30:00 30395 1 0
2011122734 15:40:00 35285 0 0
2011122735 15:50:00 21847 0 0
2011122736 16:00:00 51948 0 0
2011122737 16:10:00 39782 0 0
2011122738 16:20:00 78288 0 1
2011122739 16:30:00 74540 0 0
2011122740 16:40:00 72206 1 0
2011122741 16:50:00 28755 0 1
2011122742 17:00:00 33016 1 0
2011122743 17:10:00 77637 1 0
2011122744 17:20:00 27766 1 1
2011122745 17:30:00 63003 0 1
2011122746 17:40:00 58651 0 0
2011122747 17:50:00 59289 0 0
2011122748 18:00:00 54117 0 1
2011122749 18:10:00 27590 0 0
2011122750 18:20:00 90334 0 1
2011122751 18:30:00 07113 0 1
2011122752 18:40:00 17255 0 1
2011122753 18:50:00 33366 1 1
2011122754 19:00:00 53174 0 0
2011122755 19:10:00 25780 0 0
2011122756 19:20:00 38714 0 0
2011122757 19:30:00 31427 0 0
2011122758 19:40:00 61603 1 0
2011122759 19:50:00 64097 0 0
2011122760 20:00:00 42513 0 0
2011122761 20:10:00 89629 0 0
2011122762 20:20:00 83121 0 1
2011122763 20:30:00 59826 0 0
2011122764 20:40:00 14470 1 0
2011122765 20:50:00 21215 1 0
2011122766 21:00:00 06943 0 0
2011122767 21:10:00 49612 0 0
2011122768 21:20:00 29498 0 0
2011122769 21:30:00 66869 1 0
2011122770 21:40:00 11325 1 0
2011122771 21:50:00 44751 1 0
2011122772 22:00:00 01809 0 0
2011122773 22:10:00 51745 0 0
2011122774 22:20:00 84853 1 0
2011122775 22:30:00 67341 0 0
2011122776 22:40:00 18733 0 1
2011122777 22:50:00 93094 0 0
2011122778 23:00:00 81734 0 0
2011122779 23:10:00 00435 1 0
2011122780 23:20:00 11143 1 0
2011122781 23:30:00 47176 0 0
2011122782 23:40:00 15077 0 1
2011122783 23:50:00 72176 0 0
2011122784 00:00:00 88695 1 0
