2011032801 10:10:00 16940 0 0
2011032802 10:20:00 70456 0 0
2011032803 10:30:00 38251 0 0
2011032804 10:40:00 17246 0 0
2011032805 10:50:00 90275 0 0
2011032806 11:00:00 34131 0 1
2011032807 11:10:00 65589 1 0
2011032808 11:20:00 91413 0 0
2011032809 11:30:00 58516 1 0
2011032810 11:40:00 06382 0 0
2011032811 11:50:00 03496 0 0
2011032812 12:00:00 71239 0 0
2011032813 12:10:00 27286 1 0
2011032814 12:20:00 55895 1 0
2011032815 12:30:00 60169 0 0
2011032816 12:40:00 86432 0 0
2011032817 12:50:00 03199 0 1
2011032818 13:00:00 49783 0 0
2011032819 13:10:00 29732 0 0
2011032820 13:20:00 50775 0 1
2011032821 13:30:00 00737 1 1
2011032822 13:40:00 03503 0 0
2011032823 13:50:00 92830 0 0
2011032824 14:00:00 25335 0 1
2011032825 14:10:00 27579 0 0
2011032826 14:20:00 33907 1 0
2011032827 14:30:00 53296 0 0
2011032828 14:40:00 82540 0 0
2011032829 14:50:00 50850 0 0
2011032830 15:00:00 95016 0 0
2011032831 15:10:00 97830 0 0
2011032832 15:20:00 50955 0 1
2011032833 15:30:00 52646 0 1
2011032834 15:40:00 68699 1 1
2011032835 15:50:00 64113 0 1
2011032836 16:00:00 70191 0 1
2011032837 16:10:00 44172 1 0
2011032838 16:20:00 86501 0 0
2011032839 16:30:00 06720 0 0
2011032840 16:40:00 94502 0 0
2011032841 16:50:00 21377 0 1
2011032842 17:00:00 28155 0 1
2011032843 17:10:00 13400 0 1
2011032844 17:20:00 01813 0 0
2011032845 17:30:00 75348 0 0
2011032846 17:40:00 70271 0 0
2011032847 17:50:00 99765 1 0
2011032848 18:00:00 75671 0 0
2011032849 18:10:00 62102 0 0
2011032850 18:20:00 70383 0 1
2011032851 18:30:00 39574 0 0
2011032852 18:40:00 71332 0 1
2011032853 18:50:00 26548 0 0
2011032854 19:00:00 69136 0 0
2011032855 19:10:00 91142 1 0
2011032856 19:20:00 93065 0 0
2011032857 19:30:00 58451 0 0
2011032858 19:40:00 70053 1 0
2011032859 19:50:00 05427 0 0
2011032860 20:00:00 25887 0 1
2011032861 20:10:00 44723 1 0
2011032862 20:20:00 40363 0 1
2011032863 20:30:00 21232 1 1
2011032864 20:40:00 13575 0 1
2011032865 20:50:00 17101 1 1
2011032866 21:00:00 76709 1 0
2011032867 21:10:00 66415 1 0
2011032868 21:20:00 40037 1 0
2011032869 21:30:00 02152 0 0
2011032870 21:40:00 28183 0 0
2011032871 21:50:00 20418 0 0
2011032872 22:00:00 20035 1 0
2011032873 22:10:00 94459 1 0
2011032874 22:20:00 33143 1 0
2011032875 22:30:00 71235 0 0
2011032876 22:40:00 33187 1 0
2011032877 22:50:00 65228 0 1
2011032878 23:00:00 58527 1 0
2011032879 23:10:00 48574 0 0
2011032880 23:20:00 12789 0 0
2011032881 23:30:00 31562 0 0
2011032882 23:40:00 96426 0 0
2011032883 23:50:00 71148 1 0
2011032884 00:00:00 41386 0 0
