2011051101 10:10:00 21017 0 0
2011051102 10:20:00 23893 0 0
2011051103 10:30:00 64901 0 0
2011051104 10:40:00 92472 0 0
2011051105 10:50:00 47583 0 0
2011051106 11:00:00 93741 0 0
2011051107 11:10:00 25634 0 0
2011051108 11:20:00 34221 0 1
2011051109 11:30:00 98948 1 0
2011051110 11:40:00 81650 0 0
2011051111 11:50:00 74516 0 0
2011051112 12:00:00 29724 0 0
2011051113 12:10:00 35980 0 0
2011051114 12:20:00 72133 0 1
2011051115 12:30:00 93743 0 0
2011051116 12:40:00 50998 0 1
2011051117 12:50:00 18943 0 0
2011051118 13:00:00 41851 0 0
2011051119 13:10:00 95921 1 0
2011051120 13:20:00 75329 0 0
2011051121 13:30:00 00322 1 1
2011051122 13:40:00 80289 0 0
2011051123 13:50:00 20861 0 0
2011051124 14:00:00 96034 0 0
2011051125 14:10:00 40431 1 0
2011051126 14:20:00 50918 0 0
2011051127 14:30:00 05822 0 1
2011051128 14:40:00 21374 0 0
2011051129 14:50:00 59873 0 0
2011051130 15:00:00 92596 0 0
2011051131 15:10:00 91170 1 0
2011051132 15:20:00 03941 0 0
2011051133 15:30:00 28161 0 1
2011051134 15:40:00 56186 0 0
2011051135 15:50:00 63466 0 1
2011051136 16:00:00 54889 0 1
2011051137 16:10:00 95554 1 1
2011051138 16:20:00 75612 0 0
2011051139 16:30:00 04088 1 1
2011051140 16:40:00 09351 0 0
2011051141 16:50:00 49181 0 1
2011051142 17:00:00 89998 1 1
2011051143 17:10:00 06432 0 0
2011051144 17:20:00 72851 0 0
2011051145 17:30:00 48159 0 0
2011051146 17:40:00 41871 0 0
2011051147 17:50:00 65342 0 0
2011051148 18:00:00 76383 0 1
2011051149 18:10:00 69236 0 0
2011051150 18:20:00 32867 0 0
2011051151 18:30:00 30217 0 0
2011051152 18:40:00 62534 0 0
2011051153 18:50:00 91289 0 0
2011051154 19:00:00 28021 0 0
2011051155 19:10:00 91895 0 0
2011051156 19:20:00 47710 1 0
2011051157 19:30:00 49039 0 0
2011051158 19:40:00 96427 0 0
2011051159 19:50:00 84160 0 0
2011051160 20:00:00 47587 0 0
2011051161 20:10:00 34681 0 0
2011051162 20:20:00 74824 0 0
2011051163 20:30:00 02043 1 0
2011051164 20:40:00 82581 0 0
2011051165 20:50:00 61973 0 0
2011051166 21:00:00 54008 0 1
2011051167 21:10:00 34164 0 0
2011051168 21:20:00 28482 0 0
2011051169 21:30:00 73882 0 1
2011051170 21:40:00 92744 0 1
2011051171 21:50:00 23253 1 0
2011051172 22:00:00 53540 1 0
2011051173 22:10:00 69563 0 0
2011051174 22:20:00 49406 1 0
2011051175 22:30:00 22689 1 0
2011051176 22:40:00 60609 1 0
2011051177 22:50:00 44137 1 0
2011051178 23:00:00 11654 1 0
2011051179 23:10:00 66699 1 1
2011051180 23:20:00 31948 0 0
2011051181 23:30:00 88915 1 0
2011051182 23:40:00 93974 1 0
2011051183 23:50:00 18471 0 0
2011051184 00:00:00 92584 0 0
