2011020901 10:10:00 77496 1 0
2011020902 10:20:00 86454 0 1
2011020903 10:30:00 15810 0 0
2011020904 10:40:00 73292 0 1
2011020905 10:50:00 60847 0 0
2011020906 11:00:00 27696 0 1
2011020907 11:10:00 83459 0 0
2011020908 11:20:00 82286 1 0
2011020909 11:30:00 15292 0 1
2011020910 11:40:00 63852 0 0
2011020911 11:50:00 99656 1 1
2011020912 12:00:00 79838 0 1
2011020913 12:10:00 31469 0 0
2011020914 12:20:00 07037 1 0
2011020915 12:30:00 19826 0 0
2011020916 12:40:00 96062 0 0
2011020917 12:50:00 48165 0 0
2011020918 13:00:00 84010 0 1
2011020919 13:10:00 53925 0 0
2011020920 13:20:00 87240 0 0
2011020921 13:30:00 55158 1 0
2011020922 13:40:00 05212 0 1
2011020923 13:50:00 81225 0 1
2011020924 14:00:00 38149 0 0
2011020925 14:10:00 22638 1 0
2011020926 14:20:00 58132 0 0
2011020927 14:30:00 22243 1 0
2011020928 14:40:00 36737 0 1
2011020929 14:50:00 29800 0 1
2011020930 15:00:00 59057 0 0
2011020931 15:10:00 96622 1 1
2011020932 15:20:00 74191 0 1
2011020933 15:30:00 67476 0 0
2011020934 15:40:00 99152 1 0
2011020935 15:50:00 51157 1 0
2011020936 16:00:00 79324 0 0
2011020937 16:10:00 33142 1 0
2011020938 16:20:00 04886 0 1
2011020939 16:30:00 81277 0 1
2011020940 16:40:00 30911 0 1
2011020941 16:50:00 90407 0 0
2011020942 17:00:00 11232 1 1
2011020943 17:10:00 85522 1 1
2011020944 17:20:00 27246 1 0
2011020945 17:30:00 09300 0 1
2011020946 17:40:00 85341 0 0
2011020947 17:50:00 14375 0 0
2011020948 18:00:00 66935 1 0
2011020949 18:10:00 07868 0 1
2011020950 18:20:00 46709 0 0
2011020951 18:30:00 86101 0 1
2011020952 18:40:00 67569 0 0
2011020953 18:50:00 64577 0 1
2011020954 19:00:00 01370 0 0
2011020955 19:10:00 69789 0 0
2011020956 19:20:00 87690 0 0
2011020957 19:30:00 22078 1 0
2011020958 19:40:00 56332 0 1
2011020959 19:50:00 40944 0 1
2011020960 20:00:00 15531 1 0
2011020961 20:10:00 85170 0 0
2011020962 20:20:00 05208 0 0
2011020963 20:30:00 34793 0 0
2011020964 20:40:00 25173 0 0
2011020965 20:50:00 36051 0 0
2011020966 21:00:00 73202 0 1
2011020967 21:10:00 29308 0 0
2011020968 21:20:00 65620 1 0
2011020969 21:30:00 30631 0 0
2011020970 21:40:00 67581 0 0
2011020971 21:50:00 27621 0 0
2011020972 22:00:00 90240 0 0
2011020973 22:10:00 18165 1 0
2011020974 22:20:00 78851 1 0
2011020975 22:30:00 55684 1 0
2011020976 22:40:00 06508 0 0
2011020977 22:50:00 37630 0 0
2011020978 23:00:00 99558 1 1
2011020979 23:10:00 02695 0 0
2011020980 23:20:00 30093 1 0
2011020981 23:30:00 39912 1 0
2011020982 23:40:00 02684 0 0
2011020983 23:50:00 37449 0 1
2011020984 00:00:00 02817 0 0
