2011012101 10:10:00 85318 0 0
2011012102 10:20:00 61911 0 1
2011012103 10:30:00 24411 1 1
2011012104 10:40:00 52793 0 0
2011012105 10:50:00 06467 0 0
2011012106 11:00:00 10971 0 0
2011012107 11:10:00 77892 1 0
2011012108 11:20:00 94634 0 0
2011012109 11:30:00 17721 1 0
2011012110 11:40:00 03203 0 0
2011012111 11:50:00 52425 0 0
2011012112 12:00:00 41180 1 0
2011012113 12:10:00 22579 1 0
2011012114 12:20:00 11006 1 1
2011012115 12:30:00 95133 0 1
2011012116 12:40:00 65297 0 0
2011012117 12:50:00 23340 1 0
2011012118 13:00:00 47433 1 1
2011012119 13:10:00 29150 0 0
2011012120 13:20:00 25195 0 0
2011012121 13:30:00 34258 0 0
2011012122 13:40:00 54398 0 0
2011012123 13:50:00 49567 0 0
2011012124 14:00:00 05197 0 0
2011012125 14:10:00 02307 0 0
2011012126 14:20:00 59442 0 1
2011012127 14:30:00 27755 1 1
2011012128 14:40:00 36593 0 0
2011012129 14:50:00 18995 0 1
2011012130 15:00:00 35347 1 0
2011012131 15:10:00 57574 1 0
2011012132 15:20:00 89952 1 0
2011012133 15:30:00 51580 1 0
2011012134 15:40:00 84865 1 0
2011012135 15:50:00 62001 0 1
2011012136 16:00:00 14568 0 0
2011012137 16:10:00 65218 0 0
2011012138 16:20:00 04279 0 0
2011012139 16:30:00 14737 0 1
2011012140 16:40:00 20762 0 0
2011012141 16:50:00 88911 1 1
2011012142 17:00:00 58311 0 1
2011012143 17:10:00 06035 1 0
2011012144 17:20:00 33862 1 0
2011012145 17:30:00 69716 0 0
2011012146 17:40:00 66333 1 1
2011012147 17:50:00 94806 0 0
2011012148 18:00:00 11635 1 0
2011012149 18:10:00 12690 0 0
2011012150 18:20:00 22707 1 1
2011012151 18:30:00 01449 0 1
2011012152 18:40:00 56972 0 0
2011012153 18:50:00 29283 1 0
2011012154 19:00:00 10539 0 0
2011012155 19:10:00 25820 0 0
2011012156 19:20:00 85056 0 0
2011012157 19:30:00 59953 1 0
2011012158 19:40:00 31200 0 1
2011012159 19:50:00 49052 0 0
2011012160 20:00:00 53527 1 0
2011012161 20:10:00 47887 0 1
2011012162 20:20:00 48525 0 1
2011012163 20:30:00 15574 1 0
2011012164 20:40:00 35140 0 0
2011012165 20:50:00 75749 1 0
2011012166 21:00:00 24089 0 0
2011012167 21:10:00 80349 0 0
2011012168 21:20:00 10375 0 0
2011012169 21:30:00 22180 1 0
2011012170 21:40:00 31897 0 0
2011012171 21:50:00 06369 0 0
2011012172 22:00:00 76399 0 1
2011012173 22:10:00 31260 0 0
2011012174 22:20:00 71796 1 0
2011012175 22:30:00 79726 1 0
2011012176 22:40:00 52217 1 0
2011012177 22:50:00 54348 0 0
2011012178 23:00:00 32591 0 0
2011012179 23:10:00 56922 0 1
2011012180 23:20:00 19573 0 0
2011012181 23:30:00 91536 0 0
2011012182 23:40:00 36242 0 1
2011012183 23:50:00 57426 0 0
2011012184 00:00:00 33793 1 0
