2011042201 10:10:00 43103 0 0
2011042202 10:20:00 37610 0 0
2011042203 10:30:00 06434 0 1
2011042204 10:40:00 18381 0 0
2011042205 10:50:00 48728 0 0
2011042206 11:00:00 08714 0 0
2011042207 11:10:00 37442 0 1
2011042208 11:20:00 50928 0 0
2011042209 11:30:00 19682 0 0
2011042210 11:40:00 11626 1 1
2011042211 11:50:00 27757 1 1
2011042212 12:00:00 04581 0 0
2011042213 12:10:00 54862 0 0
2011042214 12:20:00 82765 0 0
2011042215 12:30:00 72876 0 0
2011042216 12:40:00 90468 0 0
2011042217 12:50:00 00059 1 0
2011042218 13:00:00 67404 0 1
2011042219 13:10:00 64204 0 0
2011042220 13:20:00 66523 1 0
2011042221 13:30:00 53953 0 0
2011042222 13:40:00 73593 0 0
2011042223 13:50:00 72755 1 1
2011042224 14:00:00 71625 0 0
2011042225 14:10:00 79167 0 0
2011042226 14:20:00 17484 0 1
2011042227 14:30:00 87450 0 0
2011042228 14:40:00 70438 0 0
2011042229 14:50:00 13465 0 0
2011042230 15:00:00 51238 0 0
2011042231 15:10:00 96568 0 0
2011042232 15:20:00 10207 0 0
2011042233 15:30:00 72549 0 0
2011042234 15:40:00 88091 1 0
2011042235 15:50:00 88060 1 1
2011042236 16:00:00 82153 0 0
2011042237 16:10:00 41154 1 0
2011042238 16:20:00 83732 0 0
2011042239 16:30:00 74102 0 0
2011042240 16:40:00 83655 0 1
2011042241 16:50:00 28143 0 0
2011042242 17:00:00 67563 0 0
2011042243 17:10:00 81803 1 0
2011042244 17:20:00 42926 0 0
2011042245 17:30:00 22857 1 0
2011042246 17:40:00 42876 0 0
2011042247 17:50:00 98305 0 0
2011042248 18:00:00 99347 1 0
2011042249 18:10:00 98430 0 0
2011042250 18:20:00 54172 0 0
2011042251 18:30:00 43563 0 0
2011042252 18:40:00 62641 1 0
2011042253 18:50:00 83347 1 0
2011042254 19:00:00 38553 0 1
2011042255 19:10:00 12079 0 0
2011042256 19:20:00 03659 0 0
2011042257 19:30:00 18798 0 0
2011042258 19:40:00 24305 0 0
2011042259 19:50:00 96986 1 0
2011042260 20:00:00 62646 1 1
2011042261 20:10:00 45413 1 0
2011042262 20:20:00 47617 0 0
2011042263 20:30:00 34656 0 1
2011042264 20:40:00 10004 1 1
2011042265 20:50:00 29865 0 0
2011042266 21:00:00 55555 1 1
2011042267 21:10:00 76932 0 0
2011042268 21:20:00 81982 0 0
2011042269 21:30:00 53219 0 0
2011042270 21:40:00 21482 0 0
2011042271 21:50:00 99164 1 0
2011042272 22:00:00 84282 0 1
2011042273 22:10:00 78360 0 0
2011042274 22:20:00 09517 0 0
2011042275 22:30:00 30465 0 0
2011042276 22:40:00 99318 1 0
2011042277 22:50:00 14219 0 0
2011042278 23:00:00 11231 1 0
2011042279 23:10:00 80054 1 0
2011042280 23:20:00 02321 0 0
2011042281 23:30:00 43248 0 0
2011042282 23:40:00 89863 1 0
2011042283 23:50:00 75372 0 0
2011042284 00:00:00 85395 0 0
