2011060701 10:10:00 88449 1 1
2011060702 10:20:00 36052 0 0
2011060703 10:30:00 60714 0 0
2011060704 10:40:00 21134 1 0
2011060705 10:50:00 78897 1 0
2011060706 11:00:00 53943 0 0
2011060707 11:10:00 02605 0 0
2011060708 11:20:00 49781 0 0
2011060709 11:30:00 18692 0 0
2011060710 11:40:00 20109 0 0
2011060711 11:50:00 25730 0 0
2011060712 12:00:00 90194 0 0
2011060713 12:10:00 21898 0 1
2011060714 12:20:00 28896 1 0
2011060715 12:30:00 19955 1 1
2011060716 12:40:00 50233 0 1
2011060717 12:50:00 18668 0 1
2011060718 13:00:00 72035 0 0
2011060719 13:10:00 17312 0 0
2011060720 13:20:00 09602 0 0
2011060721 13:30:00 71153 1 0
2011060722 13:40:00 23537 0 0
2011060723 13:50:00 30132 0 0
2011060724 14:00:00 94520 0 0
2011060725 14:10:00 18304 0 0
2011060726 14:20:00 94846 0 0
2011060727 14:30:00 95295 0 0
2011060728 14:40:00 20699 0 1
2011060729 14:50:00 57742 1 0
2011060730 15:00:00 62064 0 0
2011060731 15:10:00 07342 0 0
2011060732 15:20:00 05677 0 1
2011060733 15:30:00 27351 0 0
2011060734 15:40:00 03798 0 0
2011060735 15:50:00 78946 0 0
2011060736 16:00:00 13047 0 0
2011060737 16:10:00 62834 0 0
2011060738 16:20:00 57730 1 0
2011060739 16:30:00 83394 1 0
2011060740 16:40:00 94077 0 1
2011060741 16:50:00 49385 0 0
2011060742 17:00:00 24343 0 1
2011060743 17:10:00 38516 0 0
2011060744 17:20:00 62049 0 0
2011060745 17:30:00 75110 0 1
2011060746 17:40:00 47350 0 0
2011060747 17:50:00 70448 0 1
2011060748 18:00:00 32393 1 1
2011060749 18:10:00 97305 0 0
2011060750 18:20:00 83969 0 1
2011060751 18:30:00 97045 0 0
2011060752 18:40:00 56600 1 1
2011060753 18:50:00 89279 0 0
2011060754 19:00:00 54488 1 1
2011060755 19:10:00 43224 0 1
2011060756 19:20:00 79351 0 0
2011060757 19:30:00 63527 0 0
2011060758 19:40:00 35651 0 0
2011060759 19:50:00 19068 0 0
2011060760 20:00:00 07915 0 0
2011060761 20:10:00 74019 0 0
2011060762 20:20:00 59339 0 1
2011060763 20:30:00 09417 0 0
2011060764 20:40:00 21608 0 0
2011060765 20:50:00 90616 0 1
2011060766 21:00:00 21893 0 0
2011060767 21:10:00 27050 0 1
2011060768 21:20:00 88918 1 0
2011060769 21:30:00 96249 0 0
2011060770 21:40:00 22801 1 0
2011060771 21:50:00 55402 1 0
2011060772 22:00:00 29117 0 1
2011060773 22:10:00 02559 0 1
2011060774 22:20:00 42326 0 0
2011060775 22:30:00 52202 1 1
2011060776 22:40:00 01348 0 0
2011060777 22:50:00 34544 0 1
2011060778 23:00:00 48115 0 1
2011060779 23:10:00 03925 0 0
2011060780 23:20:00 72541 0 0
2011060781 23:30:00 33897 1 0
2011060782 23:40:00 21308 0 0
2011060783 23:50:00 68010 0 1
2011060784 00:00:00 27641 0 0
