2011081001 10:10:00 68101 0 1
2011081002 10:20:00 34015 0 0
2011081003 10:30:00 15243 0 0
2011081004 10:40:00 74561 0 0
2011081005 10:50:00 51368 0 0
2011081006 11:00:00 92384 0 0
2011081007 11:10:00 24194 0 0
2011081008 11:20:00 98923 1 0
2011081009 11:30:00 74837 0 0
2011081010 11:40:00 99776 1 1
2011081011 11:50:00 08030 1 1
2011081012 12:00:00 29519 0 0
2011081013 12:10:00 67066 0 1
2011081014 12:20:00 01532 0 0
2011081015 12:30:00 37907 0 0
2011081016 12:40:00 07936 0 0
2011081017 12:50:00 87611 0 1
2011081018 13:00:00 88259 1 0
2011081019 13:10:00 01490 0 0
2011081020 13:20:00 33515 1 1
2011081021 13:30:00 33647 1 0
2011081022 13:40:00 05726 0 0
2011081023 13:50:00 30771 0 1
2011081024 14:00:00 46718 0 0
2011081025 14:10:00 82025 0 0
2011081026 14:20:00 86396 0 0
2011081027 14:30:00 99813 1 0
2011081028 14:40:00 29729 0 0
2011081029 14:50:00 01623 0 0
2011081030 15:00:00 02718 0 0
2011081031 15:10:00 07314 0 0
2011081032 15:20:00 55242 1 1
2011081033 15:30:00 82147 0 0
2011081034 15:40:00 46065 0 0
2011081035 15:50:00 66495 1 0
2011081036 16:00:00 22319 1 0
2011081037 16:10:00 13775 0 1
2011081038 16:20:00 50345 0 0
2011081039 16:30:00 59863 0 0
2011081040 16:40:00 89199 0 1
2011081041 16:50:00 56701 0 0
2011081042 17:00:00 31652 0 0
2011081043 17:10:00 26297 1 0
2011081044 17:20:00 40243 0 0
2011081045 17:30:00 20619 0 0
2011081046 17:40:00 39008 0 1
2011081047 17:50:00 23368 1 0
2011081048 18:00:00 64176 0 0
2011081049 18:10:00 29275 1 0
2011081050 18:20:00 47913 0 0
2011081051 18:30:00 24843 0 0
2011081052 18:40:00 77677 1 1
2011081053 18:50:00 82522 0 1
2011081054 19:00:00 31979 0 1
2011081055 19:10:00 56509 1 0
2011081056 19:20:00 85877 1 1
2011081057 19:30:00 91415 0 0
2011081058 19:40:00 95104 0 0
2011081059 19:50:00 87988 0 1
2011081060 20:00:00 67573 0 0
2011081061 20:10:00 01046 1 0
2011081062 20:20:00 50087 1 0
2011081063 20:30:00 31062 0 0
2011081064 20:40:00 34265 0 0
2011081065 20:50:00 07328 0 0
2011081066 21:00:00 97184 0 0
2011081067 21:10:00 74562 0 0
2011081068 21:20:00 96153 0 0
2011081069 21:30:00 26889 0 1
2011081070 21:40:00 01518 0 0
2011081071 21:50:00 37400 0 1
2011081072 22:00:00 38602 0 0
2011081073 22:10:00 67498 0 0
2011081074 22:20:00 66116 1 1
2011081075 22:30:00 05540 1 0
2011081076 22:40:00 43943 0 0
2011081077 22:50:00 72082 0 0
2011081078 23:00:00 62483 0 0
2011081079 23:10:00 19408 0 0
2011081080 23:20:00 91925 1 0
2011081081 23:30:00 98235 0 0
2011081082 23:40:00 84935 0 0
2011081083 23:50:00 83231 0 0
2011081084 00:00:00 96054 0 0
