2011022301 10:10:00 47490 1 0
2011022302 10:20:00 08676 0 1
2011022303 10:30:00 68640 1 0
2011022304 10:40:00 54802 0 0
2011022305 10:50:00 96195 0 0
2011022306 11:00:00 57897 0 0
2011022307 11:10:00 16841 0 0
2011022308 11:20:00 04407 1 0
2011022309 11:30:00 13427 0 0
2011022310 11:40:00 13393 1 1
2011022311 11:50:00 65696 1 1
2011022312 12:00:00 81281 0 0
2011022313 12:10:00 44811 1 1
2011022314 12:20:00 73127 0 0
2011022315 12:30:00 09636 0 1
2011022316 12:40:00 37276 0 0
2011022317 12:50:00 01958 0 0
2011022318 13:00:00 18328 0 0
2011022319 13:10:00 24084 0 0
2011022320 13:20:00 08317 0 0
2011022321 13:30:00 37137 0 0
2011022322 13:40:00 41194 1 0
2011022323 13:50:00 15419 0 0
2011022324 14:00:00 10765 0 0
2011022325 14:10:00 49837 0 0
2011022326 14:20:00 19427 0 0
2011022327 14:30:00 76651 1 0
2011022328 14:40:00 67858 0 1
2011022329 14:50:00 72521 0 0
2011022330 15:00:00 93384 1 0
2011022331 15:10:00 43367 1 0
2011022332 15:20:00 11631 1 0
2011022333 15:30:00 87365 0 0
2011022334 15:40:00 17922 0 1
2011022335 15:50:00 03266 0 1
2011022336 16:00:00 39700 0 1
2011022337 16:10:00 32935 0 0
2011022338 16:20:00 14576 0 0
2011022339 16:30:00 45136 0 0
2011022340 16:40:00 38684 0 0
2011022341 16:50:00 17575 0 1
2011022342 17:00:00 92811 0 1
2011022343 17:10:00 50076 1 0
2011022344 17:20:00 46845 0 0
2011022345 17:30:00 70765 1 0
2011022346 17:40:00 71785 1 0
2011022347 17:50:00 96183 0 0
2011022348 18:00:00 33220 1 1
2011022349 18:10:00 20589 0 0
2011022350 18:20:00 85922 0 1
2011022351 18:30:00 89479 0 0
2011022352 18:40:00 63559 0 1
2011022353 18:50:00 77268 1 0
2011022354 19:00:00 97110 0 1
2011022355 19:10:00 51819 0 0
2011022356 19:20:00 09560 0 0
2011022357 19:30:00 66600 1 1
2011022358 19:40:00 32504 0 0
2011022359 19:50:00 17281 0 0
2011022360 20:00:00 85541 1 0
2011022361 20:10:00 70556 0 1
2011022362 20:20:00 21582 0 0
2011022363 20:30:00 23654 0 0
2011022364 20:40:00 12430 0 0
2011022365 20:50:00 96584 0 0
2011022366 21:00:00 87790 1 0
2011022367 21:10:00 58172 0 0
2011022368 21:20:00 55694 1 0
2011022369 21:30:00 93009 0 1
2011022370 21:40:00 17413 0 0
2011022371 21:50:00 27973 0 0
2011022372 22:00:00 36519 0 0
2011022373 22:10:00 99371 1 0
2011022374 22:20:00 49059 0 0
2011022375 22:30:00 67698 1 0
2011022376 22:40:00 79877 0 1
2011022377 22:50:00 29281 1 0
2011022378 23:00:00 45332 0 1
2011022379 23:10:00 72595 0 1
2011022380 23:20:00 24575 0 1
2011022381 23:30:00 92297 1 0
2011022382 23:40:00 50839 0 0
2011022383 23:50:00 57476 0 0
2011022384 00:00:00 69354 0 0
