2011112201 10:10:00 77664 1 1
2011112202 10:20:00 58803 1 0
2011112203 10:30:00 09422 0 1
2011112204 10:40:00 02261 1 0
2011112205 10:50:00 50004 1 1
2011112206 11:00:00 70548 0 0
2011112207 11:10:00 05669 0 1
2011112208 11:20:00 45911 0 1
2011112209 11:30:00 76413 0 0
2011112210 11:40:00 26268 1 0
2011112211 11:50:00 43296 0 0
2011112212 12:00:00 63695 1 0
2011112213 12:10:00 45671 0 0
2011112214 12:20:00 57205 0 0
2011112215 12:30:00 51269 0 0
2011112216 12:40:00 66345 1 0
2011112217 12:50:00 35848 0 1
2011112218 13:00:00 29580 0 0
2011112219 13:10:00 21748 0 0
2011112220 13:20:00 46222 0 1
2011112221 13:30:00 93572 0 0
2011112222 13:40:00 47953 0 0
2011112223 13:50:00 92707 0 1
2011112224 14:00:00 37137 0 0
2011112225 14:10:00 82943 0 0
2011112226 14:20:00 77410 1 0
2011112227 14:30:00 77662 1 1
2011112228 14:40:00 78421 0 0
2011112229 14:50:00 97645 0 0
2011112230 15:00:00 48899 1 1
2011112231 15:10:00 65746 0 0
2011112232 15:20:00 07394 0 0
2011112233 15:30:00 12757 0 1
2011112234 15:40:00 27255 1 1
2011112235 15:50:00 04110 0 1
2011112236 16:00:00 67596 0 0
2011112237 16:10:00 80025 1 0
2011112238 16:20:00 76443 0 1
2011112239 16:30:00 00759 1 0
2011112240 16:40:00 58477 0 1
2011112241 16:50:00 73323 1 1
2011112242 17:00:00 14471 1 0
2011112243 17:10:00 59219 0 0
2011112244 17:20:00 79681 0 0
2011112245 17:30:00 15615 0 0
2011112246 17:40:00 40070 1 1
2011112247 17:50:00 08484 0 1
2011112248 18:00:00 99086 1 0
2011112249 18:10:00 33871 1 0
2011112250 18:20:00 03088 1 1
2011112251 18:30:00 64888 0 1
2011112252 18:40:00 11625 1 0
2011112253 18:50:00 82293 1 0
2011112254 19:00:00 71330 0 1
2011112255 19:10:00 57029 0 0
2011112256 19:20:00 27389 0 0
2011112257 19:30:00 81636 0 1
2011112258 19:40:00 34498 1 0
2011112259 19:50:00 25512 1 0
2011112260 20:00:00 50825 0 0
2011112261 20:10:00 07701 1 0
2011112262 20:20:00 08425 0 0
2011112263 20:30:00 56935 0 0
2011112264 20:40:00 74002 0 1
2011112265 20:50:00 81981 0 0
2011112266 21:00:00 84035 0 0
2011112267 21:10:00 49749 0 0
2011112268 21:20:00 55523 1 0
2011112269 21:30:00 90957 1 0
2011112270 21:40:00 45175 0 0
2011112271 21:50:00 73566 0 1
2011112272 22:00:00 65820 0 0
2011112273 22:10:00 92773 0 1
2011112274 22:20:00 68829 1 0
2011112275 22:30:00 23882 0 1
2011112276 22:40:00 26343 0 1
2011112277 22:50:00 87885 1 1
2011112278 23:00:00 13627 0 0
2011112279 23:10:00 30964 0 0
2011112280 23:20:00 78152 0 0
2011112281 23:30:00 73685 0 0
2011112282 23:40:00 18010 0 1
2011112283 23:50:00 46737 0 1
2011112284 00:00:00 97884 0 1
