2011050101 10:10:00 22097 1 0
2011050102 10:20:00 17287 0 0
2011050103 10:30:00 92228 1 1
2011050104 10:40:00 96550 0 1
2011050105 10:50:00 46998 0 1
2011050106 11:00:00 19445 0 1
2011050107 11:10:00 64029 0 0
2011050108 11:20:00 92217 1 0
2011050109 11:30:00 71189 1 0
2011050110 11:40:00 87103 0 0
2011050111 11:50:00 52488 0 1
2011050112 12:00:00 85932 0 0
2011050113 12:10:00 49668 0 1
2011050114 12:20:00 26991 0 1
2011050115 12:30:00 27823 0 0
2011050116 12:40:00 47744 1 1
2011050117 12:50:00 30376 1 0
2011050118 13:00:00 56514 1 0
2011050119 13:10:00 00902 1 0
2011050120 13:20:00 90265 0 0
2011050121 13:30:00 84019 0 0
2011050122 13:40:00 58555 1 1
2011050123 13:50:00 52347 0 0
2011050124 14:00:00 70323 0 1
2011050125 14:10:00 96482 0 0
2011050126 14:20:00 84356 0 0
2011050127 14:30:00 88167 1 0
2011050128 14:40:00 01401 0 0
2011050129 14:50:00 90312 0 0
2011050130 15:00:00 02531 0 0
2011050131 15:10:00 85891 1 0
2011050132 15:20:00 14112 1 1
2011050133 15:30:00 05227 0 1
2011050134 15:40:00 72261 1 0
2011050135 15:50:00 55583 1 0
2011050136 16:00:00 33919 1 1
2011050137 16:10:00 65089 0 0
2011050138 16:20:00 65606 1 1
2011050139 16:30:00 59843 0 0
2011050140 16:40:00 63444 0 1
2011050141 16:50:00 99468 1 0
2011050142 17:00:00 69244 0 1
2011050143 17:10:00 35465 0 0
2011050144 17:20:00 60630 1 0
2011050145 17:30:00 24680 0 0
2011050146 17:40:00 62428 0 0
2011050147 17:50:00 31856 0 0
2011050148 18:00:00 94606 0 1
2011050149 18:10:00 54158 0 0
2011050150 18:20:00 69690 1 0
2011050151 18:30:00 77873 1 0
2011050152 18:40:00 37814 0 0
2011050153 18:50:00 99121 1 1
2011050154 19:00:00 97281 0 0
2011050155 19:10:00 69924 1 0
2011050156 19:20:00 80638 0 0
2011050157 19:30:00 36507 0 0
2011050158 19:40:00 24063 0 0
2011050159 19:50:00 13401 0 0
2011050160 20:00:00 66718 1 0
2011050161 20:10:00 27220 1 1
2011050162 20:20:00 85499 0 1
2011050163 20:30:00 92307 0 0
2011050164 20:40:00 26306 0 0
2011050165 20:50:00 98505 0 1
2011050166 21:00:00 75617 0 0
2011050167 21:10:00 28782 0 0
2011050168 21:20:00 03695 0 0
2011050169 21:30:00 95201 0 0
2011050170 21:40:00 69940 1 0
2011050171 21:50:00 03005 1 1
2011050172 22:00:00 70170 0 0
2011050173 22:10:00 89825 1 0
2011050174 22:20:00 80243 0 0
2011050175 22:30:00 54143 0 0
2011050176 22:40:00 67361 0 0
2011050177 22:50:00 60964 0 0
2011050178 23:00:00 27209 1 0
2011050179 23:10:00 36867 0 0
2011050180 23:20:00 22204 1 0
2011050181 23:30:00 44506 1 0
2011050182 23:40:00 78903 0 0
2011050183 23:50:00 27674 0 0
2011050184 00:00:00 59966 1 1
