2011062401 10:10:00 44094 1 0
2011062402 10:20:00 77660 1 1
2011062403 10:30:00 66703 1 0
2011062404 10:40:00 32707 0 1
2011062405 10:50:00 38783 0 0
2011062406 11:00:00 40763 0 0
2011062407 11:10:00 96269 0 0
2011062408 11:20:00 26653 1 0
2011062409 11:30:00 62491 0 0
2011062410 11:40:00 67579 0 0
2011062411 11:50:00 75934 0 0
2011062412 12:00:00 09601 0 0
2011062413 12:10:00 00033 1 1
2011062414 12:20:00 12023 0 0
2011062415 12:30:00 42802 0 0
2011062416 12:40:00 60737 0 1
2011062417 12:50:00 08557 0 1
2011062418 13:00:00 02695 0 0
2011062419 13:10:00 65566 1 1
2011062420 13:20:00 54282 0 1
2011062421 13:30:00 30847 0 0
2011062422 13:40:00 28467 0 0
2011062423 13:50:00 37749 1 0
2011062424 14:00:00 06288 0 1
2011062425 14:10:00 21011 0 1
2011062426 14:20:00 37539 0 0
2011062427 14:30:00 20574 0 0
2011062428 14:40:00 85583 1 0
2011062429 14:50:00 65344 0 1
2011062430 15:00:00 78609 0 0
2011062431 15:10:00 80997 0 1
2011062432 15:20:00 67538 0 0
2011062433 15:30:00 25056 0 0
2011062434 15:40:00 71313 0 1
2011062435 15:50:00 81199 1 1
2011062436 16:00:00 85264 0 0
2011062437 16:10:00 00104 1 0
2011062438 16:20:00 17972 0 0
2011062439 16:30:00 29256 1 0
2011062440 16:40:00 06032 1 0
2011062441 16:50:00 96319 0 0
2011062442 17:00:00 26527 0 0
2011062443 17:10:00 18200 0 1
2011062444 17:20:00 86795 0 0
2011062445 17:30:00 15377 0 1
2011062446 17:40:00 12956 0 0
2011062447 17:50:00 41262 0 1
2011062448 18:00:00 36239 0 0
2011062449 18:10:00 50914 0 0
2011062450 18:20:00 60099 1 1
2011062451 18:30:00 60941 0 0
2011062452 18:40:00 18069 0 0
2011062453 18:50:00 54094 0 0
2011062454 19:00:00 74952 0 0
2011062455 19:10:00 02189 0 0
2011062456 19:20:00 14840 0 0
2011062457 19:30:00 28300 0 1
2011062458 19:40:00 65779 0 1
2011062459 19:50:00 75129 0 0
2011062460 20:00:00 48825 1 0
2011062461 20:10:00 99349 1 0
2011062462 20:20:00 52052 0 0
2011062463 20:30:00 34490 1 0
2011062464 20:40:00 18149 1 0
2011062465 20:50:00 71487 0 0
2011062466 21:00:00 63981 0 0
2011062467 21:10:00 58381 0 0
2011062468 21:20:00 12184 1 0
2011062469 21:30:00 87046 0 0
2011062470 21:40:00 85210 0 0
2011062471 21:50:00 29523 0 0
2011062472 22:00:00 96829 0 0
2011062473 22:10:00 03991 0 1
2011062474 22:20:00 88996 1 1
2011062475 22:30:00 58156 0 0
2011062476 22:40:00 33492 1 0
2011062477 22:50:00 72007 0 1
2011062478 23:00:00 01364 0 0
2011062479 23:10:00 87968 0 0
2011062480 23:20:00 50929 0 1
2011062481 23:30:00 09632 0 0
2011062482 23:40:00 03069 1 0
2011062483 23:50:00 60752 0 0
2011062484 00:00:00 45798 0 0
