2011070301 10:10:00 92333 0 1
2011070302 10:20:00 59317 0 0
2011070303 10:30:00 24878 0 1
2011070304 10:40:00 32858 0 1
2011070305 10:50:00 72430 0 0
2011070306 11:00:00 17906 0 0
2011070307 11:10:00 90712 0 0
2011070308 11:20:00 22316 1 0
2011070309 11:30:00 59800 0 1
2011070310 11:40:00 21414 0 1
2011070311 11:50:00 21032 0 0
2011070312 12:00:00 26346 0 0
2011070313 12:10:00 41387 0 0
2011070314 12:20:00 47620 0 0
2011070315 12:30:00 97467 0 0
2011070316 12:40:00 02864 0 0
2011070317 12:50:00 93166 0 1
2011070318 13:00:00 48207 0 0
2011070319 13:10:00 57357 0 0
2011070320 13:20:00 17112 1 1
2011070321 13:30:00 31233 0 1
2011070322 13:40:00 61386 0 0
2011070323 13:50:00 65228 0 1
2011070324 14:00:00 61967 0 0
2011070325 14:10:00 03381 1 0
2011070326 14:20:00 90573 0 0
2011070327 14:30:00 87872 1 0
2011070328 14:40:00 91193 1 0
2011070329 14:50:00 07753 1 0
2011070330 15:00:00 73730 1 0
2011070331 15:10:00 36451 0 0
2011070332 15:20:00 95617 0 0
2011070333 15:30:00 34425 1 0
2011070334 15:40:00 79813 0 0
2011070335 15:50:00 42141 0 1
2011070336 16:00:00 90989 1 1
2011070337 16:10:00 56724 0 0
2011070338 16:20:00 28348 0 0
2011070339 16:30:00 46761 0 0
2011070340 16:40:00 86759 0 0
2011070341 16:50:00 58965 0 0
2011070342 17:00:00 77424 1 1
2011070343 17:10:00 27737 1 1
2011070344 17:20:00 84919 0 1
2011070345 17:30:00 35393 1 1
2011070346 17:40:00 75546 1 0
2011070347 17:50:00 03364 1 0
2011070348 18:00:00 34648 0 0
2011070349 18:10:00 57520 1 0
2011070350 18:20:00 60601 1 0
2011070351 18:30:00 15093 0 0
2011070352 18:40:00 68760 0 0
2011070353 18:50:00 72931 0 0
2011070354 19:00:00 83727 0 1
2011070355 19:10:00 48204 0 0
2011070356 19:20:00 78237 0 0
2011070357 19:30:00 37111 0 1
2011070358 19:40:00 58385 0 0
2011070359 19:50:00 11951 1 0
2011070360 20:00:00 11387 1 0
2011070361 20:10:00 24636 0 1
2011070362 20:20:00 76002 0 1
2011070363 20:30:00 68959 0 1
2011070364 20:40:00 47071 0 0
2011070365 20:50:00 96609 1 0
2011070366 21:00:00 89869 1 0
2011070367 21:10:00 13361 1 0
2011070368 21:20:00 81094 0 0
2011070369 21:30:00 92200 1 1
2011070370 21:40:00 09065 1 0
2011070371 21:50:00 80814 1 0
2011070372 22:00:00 22913 1 0
2011070373 22:10:00 77775 1 1
2011070374 22:20:00 83345 1 0
2011070375 22:30:00 23582 0 0
2011070376 22:40:00 45507 1 0
2011070377 22:50:00 23007 0 1
2011070378 23:00:00 65181 0 1
2011070379 23:10:00 36670 1 0
2011070380 23:20:00 48806 1 0
2011070381 23:30:00 91786 0 0
2011070382 23:40:00 99284 1 0
2011070383 23:50:00 14841 0 0
2011070384 00:00:00 17923 0 0
