2011123101 10:10:00 65923 0 0
2011123102 10:20:00 14910 0 0
2011123103 10:30:00 33450 1 0
2011123104 10:40:00 58224 0 1
2011123105 10:50:00 75249 0 0
2011123106 11:00:00 83168 0 0
2011123107 11:10:00 14226 0 1
2011123108 11:20:00 79247 0 0
2011123109 11:30:00 18728 0 0
2011123110 11:40:00 37435 0 0
2011123111 11:50:00 64156 0 0
2011123112 12:00:00 41864 0 0
2011123113 12:10:00 78449 0 1
2011123114 12:20:00 22566 1 1
2011123115 12:30:00 29690 0 0
2011123116 12:40:00 39578 0 0
2011123117 12:50:00 13003 0 1
2011123118 13:00:00 78856 1 0
2011123119 13:10:00 11441 1 1
2011123120 13:20:00 30463 0 0
2011123121 13:30:00 41583 0 0
2011123122 13:40:00 43105 0 0
2011123123 13:50:00 81174 1 0
2011123124 14:00:00 87461 0 0
2011123125 14:10:00 37794 1 0
2011123126 14:20:00 79821 0 0
2011123127 14:30:00 75221 0 1
2011123128 14:40:00 90161 0 1
2011123129 14:50:00 82113 0 1
2011123130 15:00:00 71554 0 1
2011123131 15:10:00 73768 1 0
2011123132 15:20:00 17575 0 1
2011123133 15:30:00 36770 0 1
2011123134 15:40:00 02596 0 0
2011123135 15:50:00 72249 1 0
2011123136 16:00:00 33428 1 0
2011123137 16:10:00 05949 0 1
2011123138 16:20:00 20786 0 0
2011123139 16:30:00 42122 0 1
2011123140 16:40:00 78804 1 0
2011123141 16:50:00 88212 1 1
2011123142 17:00:00 66420 1 0
2011123143 17:10:00 38070 0 1
2011123144 17:20:00 19753 0 0
2011123145 17:30:00 42619 0 0
2011123146 17:40:00 75683 0 0
2011123147 17:50:00 21867 0 0
2011123148 18:00:00 01463 0 0
2011123149 18:10:00 53958 0 0
2011123150 18:20:00 51394 0 0
2011123151 18:30:00 21499 0 1
2011123152 18:40:00 66056 1 0
2011123153 18:50:00 62398 0 0
2011123154 19:00:00 97926 1 0
2011123155 19:10:00 69189 0 0
2011123156 19:20:00 35578 1 0
2011123157 19:30:00 59683 0 0
2011123158 19:40:00 46801 0 0
2011123159 19:50:00 46605 1 0
2011123160 20:00:00 28777 0 1
2011123161 20:10:00 49078 0 0
2011123162 20:20:00 01203 0 0
2011123163 20:30:00 06312 0 0
2011123164 20:40:00 88685 1 0
2011123165 20:50:00 95221 0 1
2011123166 21:00:00 01764 0 0
2011123167 21:10:00 40335 0 1
2011123168 21:20:00 07356 0 0
2011123169 21:30:00 22939 1 1
2011123170 21:40:00 38842 1 0
2011123171 21:50:00 69537 0 0
2011123172 22:00:00 18429 0 0
2011123173 22:10:00 89936 1 0
2011123174 22:20:00 56663 1 1
2011123175 22:30:00 64480 1 0
2011123176 22:40:00 72258 1 0
2011123177 22:50:00 99725 1 0
2011123178 23:00:00 03427 0 0
2011123179 23:10:00 62402 0 0
2011123180 23:20:00 98979 1 1
2011123181 23:30:00 41001 0 1
2011123182 23:40:00 95031 0 0
2011123183 23:50:00 67865 0 0
2011123184 00:00:00 26546 0 0
