2011011701 10:10:00 59211 0 1
2011011702 10:20:00 86501 0 0
2011011703 10:30:00 96454 0 1
2011011704 10:40:00 86807 1 0
2011011705 10:50:00 38392 1 0
2011011706 11:00:00 37009 0 1
2011011707 11:10:00 32485 0 0
2011011708 11:20:00 76133 0 1
2011011709 11:30:00 17185 1 0
2011011710 11:40:00 63160 0 0
2011011711 11:50:00 24316 0 0
2011011712 12:00:00 79163 0 0
2011011713 12:10:00 16250 0 0
2011011714 12:20:00 87281 0 0
2011011715 12:30:00 55124 1 0
2011011716 12:40:00 06684 1 0
2011011717 12:50:00 43479 1 0
2011011718 13:00:00 89756 0 0
2011011719 13:10:00 10841 0 0
2011011720 13:20:00 11965 1 0
2011011721 13:30:00 26485 0 0
2011011722 13:40:00 10198 1 0
2011011723 13:50:00 57287 0 0
2011011724 14:00:00 18651 0 0
2011011725 14:10:00 48689 0 0
2011011726 14:20:00 47700 1 1
2011011727 14:30:00 21117 1 1
2011011728 14:40:00 76745 1 0
2011011729 14:50:00 18212 0 1
2011011730 15:00:00 53093 0 0
2011011731 15:10:00 51440 0 1
2011011732 15:20:00 01529 0 0
2011011733 15:30:00 13571 0 0
2011011734 15:40:00 59923 1 0
2011011735 15:50:00 11226 1 1
2011011736 16:00:00 86705 0 0
2011011737 16:10:00 89587 0 0
2011011738 16:20:00 35482 0 0
2011011739 16:30:00 35620 0 0
2011011740 16:40:00 89006 0 1
2011011741 16:50:00 66328 1 0
2011011742 17:00:00 57250 0 0
2011011743 17:10:00 37094 0 0
2011011744 17:20:00 57420 0 0
2011011745 17:30:00 60016 1 0
2011011746 17:40:00 14639 0 0
2011011747 17:50:00 80719 0 0
2011011748 18:00:00 77439 1 0
2011011749 18:10:00 70146 0 0
2011011750 18:20:00 55895 1 0
2011011751 18:30:00 02119 0 1
2011011752 18:40:00 13327 1 0
2011011753 18:50:00 60790 0 0
2011011754 19:00:00 93283 0 0
2011011755 19:10:00 83749 0 0
2011011756 19:20:00 72209 1 0
2011011757 19:30:00 97455 0 1
2011011758 19:40:00 73744 1 1
2011011759 19:50:00 38819 1 0
2011011760 20:00:00 98805 1 0
2011011761 20:10:00 28619 0 0
2011011762 20:20:00 42503 0 0
2011011763 20:30:00 06271 0 0
2011011764 20:40:00 09499 0 1
2011011765 20:50:00 00403 1 0
2011011766 21:00:00 95071 0 0
2011011767 21:10:00 33470 1 0
2011011768 21:20:00 84756 0 0
2011011769 21:30:00 21717 0 1
2011011770 21:40:00 06789 0 0
2011011771 21:50:00 45363 0 1
2011011772 22:00:00 87851 1 0
2011011773 22:10:00 88937 1 0
2011011774 22:20:00 08825 1 0
2011011775 22:30:00 15753 0 0
2011011776 22:40:00 85924 0 0
2011011777 22:50:00 11029 1 0
2011011778 23:00:00 78698 0 0
2011011779 23:10:00 40490 1 0
2011011780 23:20:00 03750 0 0
2011011781 23:30:00 83741 0 0
2011011782 23:40:00 59439 0 0
2011011783 23:50:00 54077 0 1
2011011784 00:00:00 48794 0 0
