2011090501 10:10:00 66072 1 0
2011090502 10:20:00 38755 0 1
2011090503 10:30:00 17741 1 0
2011090504 10:40:00 28856 1 0
2011090505 10:50:00 41392 0 0
2011090506 11:00:00 59631 0 0
2011090507 11:10:00 67085 0 0
2011090508 11:20:00 96163 0 0
2011090509 11:30:00 46671 1 0
2011090510 11:40:00 85919 0 1
2011090511 11:50:00 40046 1 0
2011090512 12:00:00 43209 0 0
2011090513 12:10:00 68593 0 0
2011090514 12:20:00 87957 0 0
2011090515 12:30:00 11902 1 0
2011090516 12:40:00 41094 0 0
2011090517 12:50:00 25499 0 1
2011090518 13:00:00 14697 0 0
2011090519 13:10:00 44306 1 0
2011090520 13:20:00 52459 0 0
2011090521 13:30:00 63732 0 0
2011090522 13:40:00 00329 1 0
2011090523 13:50:00 12624 0 0
2011090524 14:00:00 03993 0 1
2011090525 14:10:00 01665 0 1
2011090526 14:20:00 51514 1 0
2011090527 14:30:00 81576 0 0
2011090528 14:40:00 31708 0 0
2011090529 14:50:00 19448 0 1
2011090530 15:00:00 54009 0 1
2011090531 15:10:00 67218 0 0
2011090532 15:20:00 52810 0 0
2011090533 15:30:00 15846 0 0
2011090534 15:40:00 90102 0 0
2011090535 15:50:00 51197 1 0
2011090536 16:00:00 79425 0 0
2011090537 16:10:00 99941 1 0
2011090538 16:20:00 30225 0 1
2011090539 16:30:00 34709 0 0
2011090540 16:40:00 69811 0 1
2011090541 16:50:00 94251 0 0
2011090542 17:00:00 25234 1 0
2011090543 17:10:00 63538 0 0
2011090544 17:20:00 09045 1 0
2011090545 17:30:00 21579 0 0
2011090546 17:40:00 31866 0 1
2011090547 17:50:00 31041 0 0
2011090548 18:00:00 27018 0 0
2011090549 18:10:00 23121 0 1
2011090550 18:20:00 39012 0 0
2011090551 18:30:00 76189 0 0
2011090552 18:40:00 87316 0 0
2011090553 18:50:00 96163 0 0
2011090554 19:00:00 96858 0 1
2011090555 19:10:00 73392 1 0
2011090556 19:20:00 45305 0 0
2011090557 19:30:00 95065 0 0
2011090558 19:40:00 63995 0 1
2011090559 19:50:00 33137 1 0
2011090560 20:00:00 01686 0 1
2011090561 20:10:00 22782 1 0
2011090562 20:20:00 33752 1 0
2011090563 20:30:00 18640 0 0
2011090564 20:40:00 22134 1 0
2011090565 20:50:00 20549 0 0
2011090566 21:00:00 18419 0 0
2011090567 21:10:00 07006 1 1
2011090568 21:20:00 06063 1 0
2011090569 21:30:00 12513 0 0
2011090570 21:40:00 06221 0 1
2011090571 21:50:00 89687 0 0
2011090572 22:00:00 14326 0 0
2011090573 22:10:00 93780 0 0
2011090574 22:20:00 72407 0 0
2011090575 22:30:00 08930 0 0
2011090576 22:40:00 28214 1 0
2011090577 22:50:00 90534 0 0
2011090578 23:00:00 11489 1 0
2011090579 23:10:00 68957 0 0
2011090580 23:20:00 60750 0 0
2011090581 23:30:00 35891 0 0
2011090582 23:40:00 42954 0 0
2011090583 23:50:00 78564 0 0
2011090584 00:00:00 20471 0 0
