2011110901 10:10:00 23769 0 0
2011110902 10:20:00 89484 0 1
2011110903 10:30:00 66623 1 0
2011110904 10:40:00 23826 0 0
2011110905 10:50:00 45457 1 0
2011110906 11:00:00 45075 0 0
2011110907 11:10:00 44609 1 0
2011110908 11:20:00 73143 0 0
2011110909 11:30:00 68814 1 0
2011110910 11:40:00 37339 1 1
2011110911 11:50:00 30744 0 1
2011110912 12:00:00 68210 0 0
2011110913 12:10:00 06807 0 0
2011110914 12:20:00 05246 0 0
2011110915 12:30:00 57016 0 0
2011110916 12:40:00 73866 0 1
2011110917 12:50:00 65284 0 0
2011110918 13:00:00 80262 0 1
2011110919 13:10:00 19273 0 0
2011110920 13:20:00 92042 0 0
2011110921 13:30:00 10882 0 1
2011110922 13:40:00 45184 0 0
2011110923 13:50:00 69795 0 0
2011110924 14:00:00 39808 0 1
2011110925 14:10:00 32330 1 1
2011110926 14:20:00 20474 0 1
2011110927 14:30:00 91882 0 1
2011110928 14:40:00 35915 0 0
2011110929 14:50:00 14868 0 1
2011110930 15:00:00 64504 0 0
2011110931 15:10:00 44098 1 0
2011110932 15:20:00 70836 0 0
2011110933 15:30:00 47033 0 1
2011110934 15:40:00 43472 1 0
2011110935 15:50:00 46646 1 1
2011110936 16:00:00 34051 0 0
2011110937 16:10:00 22617 1 0
2011110938 16:20:00 00862 1 0
2011110939 16:30:00 03627 0 0
2011110940 16:40:00 85449 0 1
2011110941 16:50:00 66461 1 0
2011110942 17:00:00 29377 0 1
2011110943 17:10:00 20275 1 0
2011110944 17:20:00 45817 0 0
2011110945 17:30:00 86934 0 0
2011110946 17:40:00 09556 0 1
2011110947 17:50:00 57631 0 0
2011110948 18:00:00 76681 1 0
2011110949 18:10:00 05585 1 1
2011110950 18:20:00 10740 0 0
2011110951 18:30:00 43382 1 0
2011110952 18:40:00 16676 1 1
2011110953 18:50:00 05349 0 0
2011110954 19:00:00 86817 1 0
2011110955 19:10:00 78783 1 0
2011110956 19:20:00 41485 1 0
2011110957 19:30:00 88342 1 0
2011110958 19:40:00 70447 0 1
2011110959 19:50:00 19298 0 0
2011110960 20:00:00 99513 1 0
2011110961 20:10:00 11378 1 0
2011110962 20:20:00 36440 0 1
2011110963 20:30:00 46355 0 1
2011110964 20:40:00 36317 1 0
2011110965 20:50:00 68795 0 0
2011110966 21:00:00 96007 0 1
2011110967 21:10:00 09664 0 1
2011110968 21:20:00 44550 1 1
2011110969 21:30:00 32703 0 0
2011110970 21:40:00 41638 0 0
2011110971 21:50:00 86298 0 0
2011110972 22:00:00 65543 1 0
2011110973 22:10:00 64651 1 0
2011110974 22:20:00 43120 0 0
2011110975 22:30:00 71131 1 1
2011110976 22:40:00 58942 0 0
2011110977 22:50:00 38262 0 1
2011110978 23:00:00 48714 0 0
2011110979 23:10:00 47582 0 0
2011110980 23:20:00 41616 0 1
2011110981 23:30:00 01515 0 1
2011110982 23:40:00 92432 0 0
2011110983 23:50:00 79487 0 0
2011110984 00:00:00 50302 0 0
