2011101701 10:10:00 49853 0 0
2011101702 10:20:00 00770 1 1
2011101703 10:30:00 78232 0 1
2011101704 10:40:00 57440 0 1
2011101705 10:50:00 83068 0 0
2011101706 11:00:00 52754 0 0
2011101707 11:10:00 12950 0 0
2011101708 11:20:00 20664 0 1
2011101709 11:30:00 66352 1 0
2011101710 11:40:00 74483 1 0
2011101711 11:50:00 83624 0 0
2011101712 12:00:00 87528 0 0
2011101713 12:10:00 63145 0 0
2011101714 12:20:00 65567 1 0
2011101715 12:30:00 74926 0 0
2011101716 12:40:00 19681 0 0
2011101717 12:50:00 56679 1 0
2011101718 13:00:00 43229 0 1
2011101719 13:10:00 56995 0 1
2011101720 13:20:00 00283 1 0
2011101721 13:30:00 60672 1 0
2011101722 13:40:00 25626 0 1
2011101723 13:50:00 54458 1 0
2011101724 14:00:00 77200 1 1
2011101725 14:10:00 92461 0 0
2011101726 14:20:00 92130 0 0
2011101727 14:30:00 51899 0 1
2011101728 14:40:00 88141 1 1
2011101729 14:50:00 65197 0 0
2011101730 15:00:00 16175 1 0
2011101731 15:10:00 58843 1 0
2011101732 15:20:00 52419 0 0
2011101733 15:30:00 85473 0 0
2011101734 15:40:00 87905 0 0
2011101735 15:50:00 96469 0 0
2011101736 16:00:00 16757 0 1
2011101737 16:10:00 15049 0 0
2011101738 16:20:00 49787 0 1
2011101739 16:30:00 59795 0 0
2011101740 16:40:00 79030 0 1
2011101741 16:50:00 47598 0 0
2011101742 17:00:00 37020 0 1
2011101743 17:10:00 77700 1 1
2011101744 17:20:00 01799 0 1
2011101745 17:30:00 32384 1 0
2011101746 17:40:00 69026 0 0
2011101747 17:50:00 65022 0 1
2011101748 18:00:00 89499 0 1
2011101749 18:10:00 21664 0 1
2011101750 18:20:00 57465 0 0
2011101751 18:30:00 64559 0 1
2011101752 18:40:00 58674 0 0
2011101753 18:50:00 48442 1 1
2011101754 19:00:00 32240 1 0
2011101755 19:10:00 60892 0 0
2011101756 19:20:00 61569 0 0
2011101757 19:30:00 01159 1 0
2011101758 19:40:00 57261 0 0
2011101759 19:50:00 41933 0 1
2011101760 20:00:00 64446 1 1
2011101761 20:10:00 45962 0 0
2011101762 20:20:00 29993 1 1
2011101763 20:30:00 12213 1 0
2011101764 20:40:00 89649 0 0
2011101765 20:50:00 40762 0 0
2011101766 21:00:00 52910 0 0
2011101767 21:10:00 73593 0 0
2011101768 21:20:00 27660 0 1
2011101769 21:30:00 51271 0 0
2011101770 21:40:00 52163 0 0
2011101771 21:50:00 81352 0 0
2011101772 22:00:00 64693 1 0
2011101773 22:10:00 12721 0 0
2011101774 22:20:00 99185 1 0
2011101775 22:30:00 16638 1 0
2011101776 22:40:00 44424 1 1
2011101777 22:50:00 96299 0 1
2011101778 23:00:00 44989 1 1
2011101779 23:10:00 46639 1 0
2011101780 23:20:00 52770 0 1
2011101781 23:30:00 55047 1 0
2011101782 23:40:00 46630 1 0
2011101783 23:50:00 04623 0 0
2011101784 00:00:00 78682 0 0
