2011111801 10:10:00 02227 1 1
2011111802 10:20:00 55012 1 0
2011111803 10:30:00 57816 0 0
2011111804 10:40:00 48346 0 0
2011111805 10:50:00 77012 1 0
2011111806 11:00:00 60546 0 0
2011111807 11:10:00 63582 0 0
2011111808 11:20:00 91766 0 1
2011111809 11:30:00 50024 1 0
2011111810 11:40:00 67401 0 0
2011111811 11:50:00 19524 0 0
2011111812 12:00:00 33563 1 0
2011111813 12:10:00 38627 0 0
2011111814 12:20:00 95837 0 0
2011111815 12:30:00 87541 0 0
2011111816 12:40:00 00245 1 0
2011111817 12:50:00 65948 0 0
2011111818 13:00:00 44249 1 0
2011111819 13:10:00 08641 0 0
2011111820 13:20:00 71639 0 0
2011111821 13:30:00 79094 0 0
2011111822 13:40:00 71236 0 0
2011111823 13:50:00 32446 0 1
2011111824 14:00:00 04147 0 0
2011111825 14:10:00 86321 0 0
2011111826 14:20:00 98034 0 0
2011111827 14:30:00 73469 0 0
2011111828 14:40:00 74241 0 0
2011111829 14:50:00 36189 0 0
2011111830 15:00:00 26170 0 0
2011111831 15:10:00 12822 0 1
2011111832 15:20:00 08317 0 0
2011111833 15:30:00 08619 0 0
2011111834 15:40:00 04651 0 0
2011111835 15:50:00 48747 0 1
2011111836 16:00:00 76440 0 1
2011111837 16:10:00 73193 0 0
2011111838 16:20:00 18729 0 0
2011111839 16:30:00 22733 1 1
2011111840 16:40:00 00540 1 0
2011111841 16:50:00 51626 0 1
2011111842 17:00:00 31573 0 0
2011111843 17:10:00 19190 1 0
2011111844 17:20:00 88033 1 1
2011111845 17:30:00 86222 0 1
2011111846 17:40:00 02573 0 0
2011111847 17:50:00 26670 1 0
2011111848 18:00:00 89450 0 0
2011111849 18:10:00 13535 0 1
2011111850 18:20:00 56406 0 0
2011111851 18:30:00 56848 0 1
2011111852 18:40:00 80809 1 0
2011111853 18:50:00 08679 0 0
2011111854 19:00:00 33114 1 1
2011111855 19:10:00 87046 0 0
2011111856 19:20:00 85329 0 0
2011111857 19:30:00 91304 0 0
2011111858 19:40:00 66005 1 1
2011111859 19:50:00 31532 0 0
2011111860 20:00:00 72248 1 0
2011111861 20:10:00 57379 0 0
2011111862 20:20:00 43658 0 0
2011111863 20:30:00 52993 0 1
2011111864 20:40:00 89491 0 0
2011111865 20:50:00 60909 0 1
2011111866 21:00:00 68705 0 0
2011111867 21:10:00 99511 1 1
2011111868 21:20:00 65709 0 0
2011111869 21:30:00 62112 0 1
2011111870 21:40:00 62040 0 1
2011111871 21:50:00 23920 0 0
2011111872 22:00:00 02406 0 0
2011111873 22:10:00 32076 0 0
2011111874 22:20:00 75622 0 1
2011111875 22:30:00 19243 0 0
2011111876 22:40:00 40299 0 1
2011111877 22:50:00 39260 0 0
2011111878 23:00:00 35301 1 0
2011111879 23:10:00 93920 1 0
2011111880 23:20:00 64134 0 0
2011111881 23:30:00 88106 1 0
2011111882 23:40:00 12749 0 0
2011111883 23:50:00 75690 0 0
2011111884 00:00:00 70338 0 1
