2011072001 10:10:00 49113 0 1
2011072002 10:20:00 82969 0 1
2011072003 10:30:00 09555 0 1
2011072004 10:40:00 88330 1 1
2011072005 10:50:00 59359 0 0
2011072006 11:00:00 54885 0 1
2011072007 11:10:00 39545 0 1
2011072008 11:20:00 82150 0 0
2011072009 11:30:00 82325 0 0
2011072010 11:40:00 88702 1 0
2011072011 11:50:00 87343 0 1
2011072012 12:00:00 13920 0 0
2011072013 12:10:00 59220 0 1
2011072014 12:20:00 64892 0 0
2011072015 12:30:00 40827 0 0
2011072016 12:40:00 23695 0 0
2011072017 12:50:00 23816 0 0
2011072018 13:00:00 71387 0 0
2011072019 13:10:00 63161 0 1
2011072020 13:20:00 51193 1 0
2011072021 13:30:00 21869 0 0
2011072022 13:40:00 20051 1 0
2011072023 13:50:00 30312 1 0
2011072024 14:00:00 74594 0 0
2011072025 14:10:00 86212 0 1
2011072026 14:20:00 61906 0 0
2011072027 14:30:00 00997 1 1
2011072028 14:40:00 61247 0 0
2011072029 14:50:00 94271 0 0
2011072030 15:00:00 38728 0 0
2011072031 15:10:00 46286 0 0
2011072032 15:20:00 21049 0 0
2011072033 15:30:00 07508 0 0
2011072034 15:40:00 64597 0 0
2011072035 15:50:00 55347 1 0
2011072036 16:00:00 85932 0 0
2011072037 16:10:00 01756 0 0
2011072038 16:20:00 91666 0 1
2011072039 16:30:00 71800 0 1
2011072040 16:40:00 91261 0 0
2011072041 16:50:00 26525 0 1
2011072042 17:00:00 10677 0 1
2011072043 17:10:00 58881 1 1
2011072044 17:20:00 96088 0 1
2011072045 17:30:00 05071 1 0
2011072046 17:40:00 66317 1 0
2011072047 17:50:00 88941 1 0
2011072048 18:00:00 22380 1 0
2011072049 18:10:00 43814 0 0
2011072050 18:20:00 38167 0 0
2011072051 18:30:00 19070 0 1
2011072052 18:40:00 13946 0 0
2011072053 18:50:00 58626 0 1
2011072054 19:00:00 18280 0 0
2011072055 19:10:00 85444 0 1
2011072056 19:20:00 36805 0 0
2011072057 19:30:00 71443 0 1
2011072058 19:40:00 44759 1 0
2011072059 19:50:00 58454 0 1
2011072060 20:00:00 20316 0 0
2011072061 20:10:00 20970 0 0
2011072062 20:20:00 08703 0 0
2011072063 20:30:00 12413 0 0
2011072064 20:40:00 96550 0 1
2011072065 20:50:00 27225 1 1
2011072066 21:00:00 07130 0 0
2011072067 21:10:00 54683 0 0
2011072068 21:20:00 94083 0 0
2011072069 21:30:00 77135 1 0
2011072070 21:40:00 80671 0 0
2011072071 21:50:00 37595 0 1
2011072072 22:00:00 71268 0 0
2011072073 22:10:00 51342 0 0
2011072074 22:20:00 54051 0 0
2011072075 22:30:00 13116 1 1
2011072076 22:40:00 58700 0 1
2011072077 22:50:00 51567 1 0
2011072078 23:00:00 35165 0 0
2011072079 23:10:00 22111 1 1
2011072080 23:20:00 71839 0 0
2011072081 23:30:00 19130 1 0
2011072082 23:40:00 43865 0 0
2011072083 23:50:00 95498 0 0
2011072084 00:00:00 07624 0 0
