2011103101 10:10:00 80983 0 0
2011103102 10:20:00 96598 0 0
2011103103 10:30:00 33455 1 1
2011103104 10:40:00 19606 0 1
2011103105 10:50:00 03552 0 1
2011103106 11:00:00 48372 0 0
2011103107 11:10:00 58848 1 1
2011103108 11:20:00 57254 0 0
2011103109 11:30:00 86418 0 0
2011103110 11:40:00 31857 0 0
2011103111 11:50:00 08353 0 1
2011103112 12:00:00 86937 0 0
2011103113 12:10:00 84904 0 0
2011103114 12:20:00 61813 0 0
2011103115 12:30:00 23428 0 0
2011103116 12:40:00 09739 0 0
2011103117 12:50:00 32553 0 1
2011103118 13:00:00 68305 0 0
2011103119 13:10:00 36304 1 0
2011103120 13:20:00 48775 0 1
2011103121 13:30:00 60751 0 0
2011103122 13:40:00 12060 0 1
2011103123 13:50:00 04947 0 0
2011103124 14:00:00 15443 0 1
2011103125 14:10:00 05183 0 0
2011103126 14:20:00 35645 0 0
2011103127 14:30:00 50560 1 0
2011103128 14:40:00 92972 1 0
2011103129 14:50:00 10367 0 0
2011103130 15:00:00 17912 0 0
2011103131 15:10:00 75584 1 0
2011103132 15:20:00 68407 0 0
2011103133 15:30:00 01591 0 0
2011103134 15:40:00 27566 0 1
2011103135 15:50:00 44007 1 1
2011103136 16:00:00 28576 0 0
2011103137 16:10:00 32975 0 0
2011103138 16:20:00 77201 1 0
2011103139 16:30:00 33791 1 0
2011103140 16:40:00 10355 0 1
2011103141 16:50:00 18229 0 1
2011103142 17:00:00 13259 0 0
2011103143 17:10:00 79865 0 0
2011103144 17:20:00 84910 0 0
2011103145 17:30:00 45331 0 1
2011103146 17:40:00 30442 0 1
2011103147 17:50:00 38364 1 0
2011103148 18:00:00 34789 0 0
2011103149 18:10:00 56604 1 0
2011103150 18:20:00 67926 0 0
2011103151 18:30:00 40630 0 0
2011103152 18:40:00 92399 0 1
2011103153 18:50:00 37440 0 1
2011103154 19:00:00 68434 0 1
2011103155 19:10:00 16541 0 0
2011103156 19:20:00 80086 1 0
2011103157 19:30:00 25932 0 0
2011103158 19:40:00 54371 0 0
2011103159 19:50:00 21275 1 0
2011103160 20:00:00 77606 1 1
2011103161 20:10:00 08782 0 0
2011103162 20:20:00 75225 0 1
2011103163 20:30:00 50929 0 1
2011103164 20:40:00 95276 0 0
2011103165 20:50:00 34514 0 0
2011103166 21:00:00 05938 0 0
2011103167 21:10:00 50587 1 0
2011103168 21:20:00 46599 0 1
2011103169 21:30:00 61694 1 0
2011103170 21:40:00 53173 0 0
2011103171 21:50:00 06563 0 0
2011103172 22:00:00 67598 0 0
2011103173 22:10:00 27367 0 0
2011103174 22:20:00 03534 0 0
2011103175 22:30:00 12532 0 0
2011103176 22:40:00 59049 0 0
2011103177 22:50:00 23311 1 1
2011103178 23:00:00 37923 0 0
2011103179 23:10:00 54622 0 1
2011103180 23:20:00 03980 0 0
2011103181 23:30:00 56777 0 1
2011103182 23:40:00 91558 0 1
2011103183 23:50:00 20947 0 0
2011103184 00:00:00 02285 1 0
