2011042301 10:10:00 79276 0 0
2011042302 10:20:00 08579 0 0
2011042303 10:30:00 63763 0 0
2011042304 10:40:00 52629 0 0
2011042305 10:50:00 68007 0 1
2011042306 11:00:00 93827 0 0
2011042307 11:10:00 26347 0 0
2011042308 11:20:00 04227 0 1
2011042309 11:30:00 39721 0 0
2011042310 11:40:00 36007 0 1
2011042311 11:50:00 50687 0 0
2011042312 12:00:00 94864 0 0
2011042313 12:10:00 39280 0 0
2011042314 12:20:00 98204 0 0
2011042315 12:30:00 48355 0 1
2011042316 12:40:00 68227 0 1
2011042317 12:50:00 82449 0 1
2011042318 13:00:00 36177 0 1
2011042319 13:10:00 74319 0 0
2011042320 13:20:00 61981 0 0
2011042321 13:30:00 37572 0 0
2011042322 13:40:00 07724 1 0
2011042323 13:50:00 46905 0 0
2011042324 14:00:00 14923 0 0
2011042325 14:10:00 44579 1 0
2011042326 14:20:00 25814 0 0
2011042327 14:30:00 04532 0 0
2011042328 14:40:00 02815 0 0
2011042329 14:50:00 31344 1 1
2011042330 15:00:00 26479 0 0
2011042331 15:10:00 05345 0 0
2011042332 15:20:00 04595 0 1
2011042333 15:30:00 06562 0 0
2011042334 15:40:00 04503 0 0
2011042335 15:50:00 28681 0 0
2011042336 16:00:00 86885 1 1
2011042337 16:10:00 57529 1 0
2011042338 16:20:00 77423 1 0
2011042339 16:30:00 50952 0 0
2011042340 16:40:00 85873 1 0
2011042341 16:50:00 87097 0 0
2011042342 17:00:00 48590 0 0
2011042343 17:10:00 79006 0 1
2011042344 17:20:00 29055 0 1
2011042345 17:30:00 67303 0 1
2011042346 17:40:00 30698 0 0
2011042347 17:50:00 59516 1 0
2011042348 18:00:00 10983 0 0
2011042349 18:10:00 29782 0 0
2011042350 18:20:00 23716 0 0
2011042351 18:30:00 41843 0 0
2011042352 18:40:00 24076 0 0
2011042353 18:50:00 18718 0 0
2011042354 19:00:00 03656 0 1
2011042355 19:10:00 09979 1 1
2011042356 19:20:00 71236 0 0
2011042357 19:30:00 25226 1 1
2011042358 19:40:00 94637 0 0
2011042359 19:50:00 10931 0 0
2011042360 20:00:00 19967 1 0
2011042361 20:10:00 36026 0 0
2011042362 20:20:00 38594 0 0
2011042363 20:30:00 87330 0 1
2011042364 20:40:00 94380 0 0
2011042365 20:50:00 70176 0 0
2011042366 21:00:00 05087 1 0
2011042367 21:10:00 78087 0 0
2011042368 21:20:00 36404 0 1
2011042369 21:30:00 53783 0 0
2011042370 21:40:00 66030 1 1
2011042371 21:50:00 70311 0 1
2011042372 22:00:00 74875 0 0
2011042373 22:10:00 39038 0 0
2011042374 22:20:00 13820 0 0
2011042375 22:30:00 47352 0 0
2011042376 22:40:00 72774 1 1
2011042377 22:50:00 90397 0 0
2011042378 23:00:00 18250 0 0
2011042379 23:10:00 04654 0 0
2011042380 23:20:00 06910 0 0
2011042381 23:30:00 33151 1 1
2011042382 23:40:00 39546 0 0
2011042383 23:50:00 87980 0 0
2011042384 00:00:00 07732 1 0
