2011081701 10:10:00 81713 0 0
2011081702 10:20:00 10062 1 0
2011081703 10:30:00 95172 0 0
2011081704 10:40:00 02031 1 0
2011081705 10:50:00 65007 0 1
2011081706 11:00:00 16059 0 0
2011081707 11:10:00 04870 0 0
2011081708 11:20:00 82106 0 0
2011081709 11:30:00 46653 1 0
2011081710 11:40:00 73905 0 0
2011081711 11:50:00 11784 1 0
2011081712 12:00:00 56977 0 1
2011081713 12:10:00 51161 1 1
2011081714 12:20:00 85515 1 1
2011081715 12:30:00 86420 0 0
2011081716 12:40:00 22424 1 1
2011081717 12:50:00 09450 0 0
2011081718 13:00:00 46075 0 0
2011081719 13:10:00 38786 0 0
2011081720 13:20:00 17624 0 0
2011081721 13:30:00 83598 0 0
2011081722 13:40:00 01275 0 0
2011081723 13:50:00 30747 0 1
2011081724 14:00:00 96754 0 0
2011081725 14:10:00 78652 0 0
2011081726 14:20:00 53964 0 0
2011081727 14:30:00 61543 0 0
2011081728 14:40:00 46667 1 1
2011081729 14:50:00 44483 1 0
2011081730 15:00:00 76968 0 0
2011081731 15:10:00 33246 1 0
2011081732 15:20:00 24825 0 0
2011081733 15:30:00 29869 0 0
2011081734 15:40:00 96235 0 0
2011081735 15:50:00 71577 0 1
2011081736 16:00:00 41973 0 0
2011081737 16:10:00 98223 0 1
2011081738 16:20:00 65992 0 1
2011081739 16:30:00 53664 0 1
2011081740 16:40:00 65437 0 0
2011081741 16:50:00 59241 0 0
2011081742 17:00:00 73592 0 0
2011081743 17:10:00 80921 0 0
2011081744 17:20:00 72807 0 0
2011081745 17:30:00 29207 1 0
2011081746 17:40:00 25635 0 0
2011081747 17:50:00 96041 0 0
2011081748 18:00:00 52851 0 0
2011081749 18:10:00 78615 0 0
2011081750 18:20:00 68273 0 0
2011081751 18:30:00 06434 0 1
2011081752 18:40:00 79439 0 0
2011081753 18:50:00 60053 1 0
2011081754 19:00:00 26468 0 0
2011081755 19:10:00 10210 0 0
2011081756 19:20:00 93911 1 1
2011081757 19:30:00 11656 1 1
2011081758 19:40:00 70426 0 0
2011081759 19:50:00 90209 0 0
2011081760 20:00:00 87189 0 0
2011081761 20:10:00 40371 0 0
2011081762 20:20:00 58848 1 1
2011081763 20:30:00 74463 1 0
2011081764 20:40:00 06048 1 0
2011081765 20:50:00 43784 0 0
2011081766 21:00:00 37302 1 0
2011081767 21:10:00 84014 0 0
2011081768 21:20:00 60395 0 0
2011081769 21:30:00 46793 0 0
2011081770 21:40:00 67287 0 0
2011081771 21:50:00 61409 0 0
2011081772 22:00:00 46376 0 0
2011081773 22:10:00 02127 0 0
2011081774 22:20:00 69348 0 0
2011081775 22:30:00 51180 1 0
2011081776 22:40:00 61750 0 0
2011081777 22:50:00 81247 0 0
2011081778 23:00:00 94250 0 0
2011081779 23:10:00 28281 1 0
2011081780 23:20:00 69631 1 0
2011081781 23:30:00 22407 1 0
2011081782 23:40:00 72462 0 0
2011081783 23:50:00 86514 0 0
2011081784 00:00:00 40981 0 0
