2011082301 10:10:00 99743 1 0
2011082302 10:20:00 90118 0 1
2011082303 10:30:00 63750 0 0
2011082304 10:40:00 63197 0 0
2011082305 10:50:00 62167 0 0
2011082306 11:00:00 50843 0 0
2011082307 11:10:00 81614 0 0
2011082308 11:20:00 98193 0 0
2011082309 11:30:00 31806 0 0
2011082310 11:40:00 84759 0 0
2011082311 11:50:00 24280 1 0
2011082312 12:00:00 92541 0 0
2011082313 12:10:00 07848 0 1
2011082314 12:20:00 69168 0 0
2011082315 12:30:00 50575 1 1
2011082316 12:40:00 43435 1 0
2011082317 12:50:00 13273 0 0
2011082318 13:00:00 51963 0 0
2011082319 13:10:00 99105 1 0
2011082320 13:20:00 27888 0 1
2011082321 13:30:00 21461 0 0
2011082322 13:40:00 76844 0 1
2011082323 13:50:00 09719 0 0
2011082324 14:00:00 28807 1 0
2011082325 14:10:00 63644 1 1
2011082326 14:20:00 13768 0 0
2011082327 14:30:00 56699 1 1
2011082328 14:40:00 18253 0 0
2011082329 14:50:00 87636 0 1
2011082330 15:00:00 90420 0 0
2011082331 15:10:00 87559 0 1
2011082332 15:20:00 52721 0 0
2011082333 15:30:00 80215 0 0
2011082334 15:40:00 87570 0 0
2011082335 15:50:00 28661 0 1
2011082336 16:00:00 00966 1 1
2011082337 16:10:00 43782 0 0
2011082338 16:20:00 84733 0 1
2011082339 16:30:00 55113 1 1
2011082340 16:40:00 67775 1 1
2011082341 16:50:00 06078 1 0
2011082342 17:00:00 36421 0 0
2011082343 17:10:00 22040 1 1
2011082344 17:20:00 73587 0 0
2011082345 17:30:00 59455 0 1
2011082346 17:40:00 73023 0 0
2011082347 17:50:00 26395 0 0
2011082348 18:00:00 14080 0 1
2011082349 18:10:00 39968 1 0
2011082350 18:20:00 43872 0 0
2011082351 18:30:00 92373 0 1
2011082352 18:40:00 13174 1 0
2011082353 18:50:00 42410 1 0
2011082354 19:00:00 50853 0 0
2011082355 19:10:00 81759 0 0
2011082356 19:20:00 49532 0 0
2011082357 19:30:00 31114 1 1
2011082358 19:40:00 98226 0 1
2011082359 19:50:00 10825 0 0
2011082360 20:00:00 19075 0 0
2011082361 20:10:00 72390 0 0
2011082362 20:20:00 41182 1 0
2011082363 20:30:00 15368 0 0
2011082364 20:40:00 96749 0 0
2011082365 20:50:00 34816 0 0
2011082366 21:00:00 17748 1 0
2011082367 21:10:00 53822 0 1
2011082368 21:20:00 31767 0 1
2011082369 21:30:00 88207 1 0
2011082370 21:40:00 41934 0 0
2011082371 21:50:00 95534 1 0
2011082372 22:00:00 24021 0 0
2011082373 22:10:00 35082 0 0
2011082374 22:20:00 06247 0 0
2011082375 22:30:00 53291 0 0
2011082376 22:40:00 90311 0 1
2011082377 22:50:00 85114 0 1
2011082378 23:00:00 25972 0 0
2011082379 23:10:00 14136 1 0
2011082380 23:20:00 24911 0 1
2011082381 23:30:00 49523 0 0
2011082382 23:40:00 83596 0 0
2011082383 23:50:00 48694 0 0
2011082384 00:00:00 35486 0 0
