2012051601 10:10:00 81157 1 0
2012051602 10:20:00 64133 0 1
2012051603 10:30:00 02213 1 0
2012051604 10:40:00 15861 0 0
2012051605 10:50:00 13781 0 0
2012051606 11:00:00 69445 0 1
2012051607 11:10:00 24445 1 1
2012051608 11:20:00 60236 0 0
2012051609 11:30:00 57511 1 1
2012051610 11:40:00 76027 0 0
2012051611 11:50:00 08242 0 1
2012051612 12:00:00 05046 1 0
2012051613 12:10:00 96165 0 0
2012051614 12:20:00 92918 1 0
2012051615 12:30:00 40638 0 0
2012051616 12:40:00 76835 0 0
2012051617 12:50:00 63905 0 0
2012051618 13:00:00 01723 0 0
2012051619 13:10:00 09706 0 0
2012051620 13:20:00 31325 1 0
2012051621 13:30:00 71069 0 0
2012051622 13:40:00 51440 0 1
2012051623 13:50:00 09129 0 0
2012051624 14:00:00 17489 0 0
2012051625 14:10:00 30637 0 0
2012051626 14:20:00 84903 0 0
2012051627 14:30:00 72625 0 0
2012051628 14:40:00 90526 0 0
2012051629 14:50:00 33329 1 0
2012051630 15:00:00 40897 0 0
2012051631 15:10:00 33009 1 1
2012051632 15:20:00 72816 0 0
2012051633 15:30:00 10492 0 0
2012051634 15:40:00 18587 0 0
2012051635 15:50:00 52116 0 1
2012051636 16:00:00 53771 0 1
2012051637 16:10:00 43055 0 1
2012051638 16:20:00 27173 0 0
2012051639 16:30:00 96636 1 1
2012051640 16:40:00 75329 0 0
2012051641 16:50:00 40548 0 0
2012051642 17:00:00 88069 1 0
2012051643 17:10:00 02978 0 0
2012051644 17:20:00 66643 1 0
2012051645 17:30:00 72171 0 1
2012051646 17:40:00 87600 0 1
2012051647 17:50:00 24269 1 0
2012051648 18:00:00 31662 0 1
2012051649 18:10:00 60421 0 0
2012051650 18:20:00 40257 0 0
2012051651 18:30:00 96245 0 0
2012051652 18:40:00 78125 0 0
2012051653 18:50:00 22476 1 0
2012051654 19:00:00 22423 1 0
2012051655 19:10:00 90082 1 0
2012051656 19:20:00 74373 0 1
2012051657 19:30:00 23358 1 0
2012051658 19:40:00 16278 0 0
2012051659 19:50:00 99842 1 0
2012051660 20:00:00 36112 0 1
2012051661 20:10:00 01414 0 1
2012051662 20:20:00 94828 0 1
2012051663 20:30:00 16154 1 0
2012051664 20:40:00 26892 0 0
2012051665 20:50:00 87868 1 1
2012051666 21:00:00 53205 0 0
2012051667 21:10:00 37645 0 0
2012051668 21:20:00 37664 0 1
2012051669 21:30:00 24159 0 0
2012051670 21:40:00 25644 0 1
2012051671 21:50:00 86266 0 1
2012051672 22:00:00 20080 1 1
2012051673 22:10:00 47007 0 1
2012051674 22:20:00 86345 0 0
2012051675 22:30:00 65398 0 0
2012051676 22:40:00 39755 0 1
2012051677 22:50:00 48571 0 0
2012051678 23:00:00 56375 0 0
2012051679 23:10:00 98114 0 1
2012051680 23:20:00 45247 0 0
2012051681 23:30:00 29904 1 0
2012051682 23:40:00 33270 1 0
2012051683 23:50:00 42762 0 0
2012051684 00:00:00 11550 1 1
