2012111801 10:10:00 24518 0 0
2012111802 10:20:00 42992 0 1
2012111803 10:30:00 23215 1 0
2012111804 10:40:00 47094 0 0
2012111805 10:50:00 46282 0 1
2012111806 11:00:00 85357 0 0
2012111807 11:10:00 28444 0 1
2012111808 11:20:00 22810 1 0
2012111809 11:30:00 84101 0 1
2012111810 11:40:00 65177 0 1
2012111811 11:50:00 11862 1 0
2012111812 12:00:00 63685 1 0
2012111813 12:10:00 97917 1 0
2012111814 12:20:00 01081 1 0
2012111815 12:30:00 49733 0 1
2012111816 12:40:00 51903 0 0
2012111817 12:50:00 17378 0 0
2012111818 13:00:00 25044 0 1
2012111819 13:10:00 75134 0 0
2012111820 13:20:00 95039 0 0
2012111821 13:30:00 83762 0 0
2012111822 13:40:00 78143 0 0
2012111823 13:50:00 75709 1 0
2012111824 14:00:00 64616 1 1
2012111825 14:10:00 74161 0 1
2012111826 14:20:00 69630 1 0
2012111827 14:30:00 86336 0 1
2012111828 14:40:00 91575 0 1
2012111829 14:50:00 71946 0 0
2012111830 15:00:00 97976 1 0
2012111831 15:10:00 43302 1 0
2012111832 15:20:00 66668 1 1
2012111833 15:30:00 31917 0 0
2012111834 15:40:00 93199 0 1
2012111835 15:50:00 75948 0 0
2012111836 16:00:00 39219 0 0
2012111837 16:10:00 74830 0 0
2012111838 16:20:00 74006 0 1
2012111839 16:30:00 20953 0 0
2012111840 16:40:00 81438 0 0
2012111841 16:50:00 04982 0 0
2012111842 17:00:00 80529 0 0
2012111843 17:10:00 67291 0 0
2012111844 17:20:00 24792 0 0
2012111845 17:30:00 37668 0 1
2012111846 17:40:00 11170 1 0
2012111847 17:50:00 96093 0 0
2012111848 18:00:00 01497 0 0
2012111849 18:10:00 36301 1 0
2012111850 18:20:00 41891 0 0
2012111851 18:30:00 87292 0 1
2012111852 18:40:00 11461 1 0
2012111853 18:50:00 50161 0 1
2012111854 19:00:00 85008 0 1
2012111855 19:10:00 20283 1 0
2012111856 19:20:00 87181 0 1
2012111857 19:30:00 81135 1 0
2012111858 19:40:00 09825 0 0
2012111859 19:50:00 06174 0 0
2012111860 20:00:00 78067 0 0
2012111861 20:10:00 49453 1 0
2012111862 20:20:00 24037 0 0
2012111863 20:30:00 79967 1 0
2012111864 20:40:00 38454 0 1
2012111865 20:50:00 09811 0 1
2012111866 21:00:00 65650 1 0
2012111867 21:10:00 39377 1 1
2012111868 21:20:00 32805 0 0
2012111869 21:30:00 77664 1 1
2012111870 21:40:00 52589 1 0
2012111871 21:50:00 33505 1 1
2012111872 22:00:00 78090 0 1
2012111873 22:10:00 62366 0 1
2012111874 22:20:00 69577 0 1
2012111875 22:30:00 76536 0 0
2012111876 22:40:00 51658 0 0
2012111877 22:50:00 64580 0 0
2012111878 23:00:00 13366 1 1
2012111879 23:10:00 53567 1 0
2012111880 23:20:00 91829 0 0
2012111881 23:30:00 11564 1 0
2012111882 23:40:00 19723 0 0
2012111883 23:50:00 99033 1 1
2012111884 00:00:00 06972 0 0
2012111885 00:10:00 86815 1 0
2012111886 00:20:00 67190 0 0
2012111887 00:30:00 36857 0 0
2012111888 00:40:00 54217 0 0
2012111889 00:50:00 04193 0 0
2012111890 01:00:00 10010 1 1
2012111891 01:10:00 88171 1 1
2012111892 01:20:00 04473 1 0
2012111893 01:30:00 99384 1 0
2012111894 01:40:00 01439 0 0
2012111895 01:50:00 87762 1 0
2012111896 02:00:00 02176 0 0
