2012031501 10:10:00 35771 0 1
2012031502 10:20:00 75278 0 0
2012031503 10:30:00 59187 0 0
2012031504 10:40:00 29205 1 0
2012031505 10:50:00 97221 0 1
2012031506 11:00:00 52276 1 0
2012031507 11:10:00 37515 0 1
2012031508 11:20:00 92350 0 0
2012031509 11:30:00 31976 0 0
2012031510 11:40:00 55318 1 0
2012031511 11:50:00 32481 0 0
2012031512 12:00:00 64314 0 0
2012031513 12:10:00 43210 0 0
2012031514 12:20:00 76065 0 0
2012031515 12:30:00 07402 0 0
2012031516 12:40:00 83140 0 0
2012031517 12:50:00 17860 0 0
2012031518 13:00:00 35801 0 0
2012031519 13:10:00 88373 1 1
2012031520 13:20:00 89260 0 0
2012031521 13:30:00 98305 0 0
2012031522 13:40:00 49988 1 1
2012031523 13:50:00 37829 0 0
2012031524 14:00:00 19197 1 0
2012031525 14:10:00 94431 1 0
2012031526 14:20:00 82966 0 1
2012031527 14:30:00 69667 1 1
2012031528 14:40:00 02752 0 0
2012031529 14:50:00 93692 0 0
2012031530 15:00:00 03324 1 0
2012031531 15:10:00 58507 1 0
2012031532 15:20:00 57656 0 1
2012031533 15:30:00 77944 1 1
2012031534 15:40:00 27402 0 0
2012031535 15:50:00 99008 1 1
2012031536 16:00:00 55682 1 0
2012031537 16:10:00 38521 0 0
2012031538 16:20:00 25038 0 0
2012031539 16:30:00 68745 0 0
2012031540 16:40:00 86474 0 1
2012031541 16:50:00 41179 1 0
2012031542 17:00:00 07417 0 0
2012031543 17:10:00 25218 1 0
2012031544 17:20:00 42663 0 1
2012031545 17:30:00 63897 0 0
2012031546 17:40:00 06436 0 0
2012031547 17:50:00 66272 1 1
2012031548 18:00:00 16191 1 1
2012031549 18:10:00 40318 0 0
2012031550 18:20:00 92637 0 0
2012031551 18:30:00 61475 0 0
2012031552 18:40:00 69148 0 0
2012031553 18:50:00 07965 0 0
2012031554 19:00:00 66162 1 0
2012031555 19:10:00 12113 1 1
2012031556 19:20:00 55368 1 0
2012031557 19:30:00 85530 1 0
2012031558 19:40:00 08960 0 0
2012031559 19:50:00 02722 0 1
2012031560 20:00:00 44896 1 0
2012031561 20:10:00 22438 1 0
2012031562 20:20:00 12723 0 0
2012031563 20:30:00 31887 0 1
2012031564 20:40:00 04532 0 0
2012031565 20:50:00 72926 0 0
2012031566 21:00:00 11456 1 0
2012031567 21:10:00 01784 0 0
2012031568 21:20:00 59301 0 0
2012031569 21:30:00 31271 0 0
2012031570 21:40:00 79677 0 1
2012031571 21:50:00 35977 0 1
2012031572 22:00:00 02922 0 1
2012031573 22:10:00 89931 1 0
2012031574 22:20:00 78079 0 0
2012031575 22:30:00 00837 1 0
2012031576 22:40:00 52874 0 0
2012031577 22:50:00 27867 0 0
2012031578 23:00:00 11086 1 0
2012031579 23:10:00 71012 0 0
2012031580 23:20:00 54055 0 1
2012031581 23:30:00 28773 0 1
2012031582 23:40:00 17000 0 1
2012031583 23:50:00 42897 0 0
2012031584 00:00:00 73514 0 0
