2012083001 10:10:00 97097 0 0
2012083002 10:20:00 44883 1 1
2012083003 10:30:00 67504 0 0
2012083004 10:40:00 11092 1 0
2012083005 10:50:00 77777 1 1
2012083006 11:00:00 33209 1 0
2012083007 11:10:00 17358 0 0
2012083008 11:20:00 50621 0 0
2012083009 11:30:00 47080 0 1
2012083010 11:40:00 44943 1 0
2012083011 11:50:00 16910 0 0
2012083012 12:00:00 62303 0 1
2012083013 12:10:00 73500 0 1
2012083014 12:20:00 58745 0 0
2012083015 12:30:00 61856 0 0
2012083016 12:40:00 36747 0 1
2012083017 12:50:00 88173 1 0
2012083018 13:00:00 96743 0 0
2012083019 13:10:00 91178 1 0
2012083020 13:20:00 20247 1 0
2012083021 13:30:00 38680 0 0
2012083022 13:40:00 84621 0 0
2012083023 13:50:00 47635 0 0
2012083024 14:00:00 47580 0 0
2012083025 14:10:00 70661 0 1
2012083026 14:20:00 57998 0 1
2012083027 14:30:00 98131 0 1
2012083028 14:40:00 20169 0 0
2012083029 14:50:00 71533 0 1
2012083030 15:00:00 32171 0 1
2012083031 15:10:00 59154 0 0
2012083032 15:20:00 37331 1 1
2012083033 15:30:00 83982 0 0
2012083034 15:40:00 17864 0 0
2012083035 15:50:00 64174 0 0
2012083036 16:00:00 50273 0 0
2012083037 16:10:00 00438 1 0
2012083038 16:20:00 04435 1 0
2012083039 16:30:00 27829 0 0
2012083040 16:40:00 83936 0 0
2012083041 16:50:00 09010 1 1
2012083042 17:00:00 32562 0 0
2012083043 17:10:00 06651 1 0
2012083044 17:20:00 79153 0 0
2012083045 17:30:00 28644 0 1
2012083046 17:40:00 33521 1 0
2012083047 17:50:00 92058 0 0
2012083048 18:00:00 67715 1 0
2012083049 18:10:00 19160 1 0
2012083050 18:20:00 45334 0 1
2012083051 18:30:00 97094 0 0
2012083052 18:40:00 57798 1 0
2012083053 18:50:00 88382 1 0
2012083054 19:00:00 53903 0 0
2012083055 19:10:00 17541 0 0
2012083056 19:20:00 01755 0 1
2012083057 19:30:00 21772 0 1
2012083058 19:40:00 44766 1 1
2012083059 19:50:00 96237 0 0
2012083060 20:00:00 16906 0 0
2012083061 20:10:00 41401 1 0
2012083062 20:20:00 45243 0 0
2012083063 20:30:00 77896 1 0
2012083064 20:40:00 99903 1 0
2012083065 20:50:00 85070 0 1
2012083066 21:00:00 75198 0 0
2012083067 21:10:00 50270 0 0
2012083068 21:20:00 43816 0 0
2012083069 21:30:00 32125 0 0
2012083070 21:40:00 55022 1 1
2012083071 21:50:00 04707 0 1
2012083072 22:00:00 89427 0 0
2012083073 22:10:00 22214 1 0
2012083074 22:20:00 90637 0 0
2012083075 22:30:00 58871 1 0
2012083076 22:40:00 49951 1 0
2012083077 22:50:00 86726 0 0
2012083078 23:00:00 60719 0 0
2012083079 23:10:00 66572 1 0
2012083080 23:20:00 27166 0 1
2012083081 23:30:00 99734 1 0
2012083082 23:40:00 60280 0 0
2012083083 23:50:00 44505 1 1
2012083084 00:00:00 22651 1 0
