2012011301 10:10:00 25590 1 0
2012011302 10:20:00 54944 0 1
2012011303 10:30:00 27642 0 0
2012011304 10:40:00 44659 1 0
2012011305 10:50:00 81544 0 1
2012011306 11:00:00 03574 0 0
2012011307 11:10:00 15840 0 0
2012011308 11:20:00 93488 0 1
2012011309 11:30:00 39571 0 0
2012011310 11:40:00 30584 0 0
2012011311 11:50:00 41352 0 0
2012011312 12:00:00 23397 1 0
2012011313 12:10:00 49463 1 0
2012011314 12:20:00 96908 1 0
2012011315 12:30:00 59762 0 0
2012011316 12:40:00 18978 0 0
2012011317 12:50:00 27223 1 1
2012011318 13:00:00 74452 1 0
2012011319 13:10:00 90794 0 0
2012011320 13:20:00 88775 1 1
2012011321 13:30:00 19827 0 0
2012011322 13:40:00 99662 1 1
2012011323 13:50:00 29559 0 1
2012011324 14:00:00 19781 0 0
2012011325 14:10:00 17946 0 0
2012011326 14:20:00 63917 0 0
2012011327 14:30:00 78987 0 0
2012011328 14:40:00 40737 0 1
2012011329 14:50:00 82365 0 0
2012011330 15:00:00 52038 0 0
2012011331 15:10:00 34165 0 0
2012011332 15:20:00 80919 0 1
2012011333 15:30:00 06005 1 1
2012011334 15:40:00 86361 0 0
2012011335 15:50:00 62955 0 1
2012011336 16:00:00 38270 0 0
2012011337 16:10:00 89889 1 1
2012011338 16:20:00 06525 0 1
2012011339 16:30:00 63178 0 0
2012011340 16:40:00 63876 0 0
2012011341 16:50:00 82725 0 0
2012011342 17:00:00 46686 1 1
2012011343 17:10:00 22615 1 0
2012011344 17:20:00 70968 0 0
2012011345 17:30:00 03519 0 0
2012011346 17:40:00 48755 0 1
2012011347 17:50:00 89436 0 0
2012011348 18:00:00 48245 0 0
2012011349 18:10:00 04309 0 0
2012011350 18:20:00 95166 0 1
2012011351 18:30:00 23981 0 0
2012011352 18:40:00 21108 1 0
2012011353 18:50:00 77393 1 1
2012011354 19:00:00 78083 0 0
2012011355 19:10:00 83721 0 0
2012011356 19:20:00 92046 0 0
2012011357 19:30:00 47148 0 0
2012011358 19:40:00 67867 0 0
2012011359 19:50:00 69670 1 0
2012011360 20:00:00 30125 0 0
2012011361 20:10:00 31089 0 0
2012011362 20:20:00 27707 1 1
2012011363 20:30:00 02034 1 0
2012011364 20:40:00 64946 0 0
2012011365 20:50:00 82411 0 1
2012011366 21:00:00 90286 0 0
2012011367 21:10:00 80593 0 0
2012011368 21:20:00 91785 0 0
2012011369 21:30:00 35150 0 0
2012011370 21:40:00 29246 1 0
2012011371 21:50:00 79199 0 1
2012011372 22:00:00 85461 0 0
2012011373 22:10:00 60913 0 0
2012011374 22:20:00 57505 1 1
2012011375 22:30:00 21247 1 0
2012011376 22:40:00 96077 0 1
2012011377 22:50:00 19819 0 0
2012011378 23:00:00 05638 0 0
2012011379 23:10:00 33759 1 0
2012011380 23:20:00 48871 1 0
2012011381 23:30:00 30035 1 0
2012011382 23:40:00 84029 0 0
2012011383 23:50:00 62492 0 0
2012011384 00:00:00 53047 0 0
