2012011201 10:10:00 08546 0 0
2012011202 10:20:00 33220 1 1
2012011203 10:30:00 08977 0 1
2012011204 10:40:00 77336 1 1
2012011205 10:50:00 24985 0 0
2012011206 11:00:00 25883 0 1
2012011207 11:10:00 10499 0 1
2012011208 11:20:00 15037 0 0
2012011209 11:30:00 00522 1 1
2012011210 11:40:00 26150 0 0
2012011211 11:50:00 45717 0 1
2012011212 12:00:00 54899 0 1
2012011213 12:10:00 47022 0 1
2012011214 12:20:00 87197 0 0
2012011215 12:30:00 42161 0 1
2012011216 12:40:00 22279 1 0
2012011217 12:50:00 57508 1 0
2012011218 13:00:00 22345 1 0
2012011219 13:10:00 02390 0 0
2012011220 13:20:00 51531 1 0
2012011221 13:30:00 68985 0 0
2012011222 13:40:00 41582 0 0
2012011223 13:50:00 09910 1 0
2012011224 14:00:00 53164 0 0
2012011225 14:10:00 89407 0 0
2012011226 14:20:00 26527 0 0
2012011227 14:30:00 35234 0 0
2012011228 14:40:00 40275 0 0
2012011229 14:50:00 13575 0 1
2012011230 15:00:00 16302 0 0
2012011231 15:10:00 13369 1 0
2012011232 15:20:00 55570 1 0
2012011233 15:30:00 51849 0 0
2012011234 15:40:00 35206 0 0
2012011235 15:50:00 95716 0 0
2012011236 16:00:00 36547 0 0
2012011237 16:10:00 31602 0 0
2012011238 16:20:00 62127 0 0
2012011239 16:30:00 49671 0 0
2012011240 16:40:00 26496 0 0
2012011241 16:50:00 24374 0 0
2012011242 17:00:00 16922 0 1
2012011243 17:10:00 14375 0 0
2012011244 17:20:00 67507 0 0
2012011245 17:30:00 94675 0 0
2012011246 17:40:00 07550 0 1
2012011247 17:50:00 38446 0 1
2012011248 18:00:00 51700 0 1
2012011249 18:10:00 30307 1 0
2012011250 18:20:00 63443 0 1
2012011251 18:30:00 24544 0 1
2012011252 18:40:00 08689 0 0
2012011253 18:50:00 84271 0 0
2012011254 19:00:00 17735 1 0
2012011255 19:10:00 98783 0 0
2012011256 19:20:00 34783 0 0
2012011257 19:30:00 10014 1 0
2012011258 19:40:00 82595 0 1
2012011259 19:50:00 32499 0 1
2012011260 20:00:00 39021 0 0
2012011261 20:10:00 91038 0 0
2012011262 20:20:00 36829 0 0
2012011263 20:30:00 89092 0 0
2012011264 20:40:00 00531 1 0
2012011265 20:50:00 53713 0 0
2012011266 21:00:00 42081 0 0
2012011267 21:10:00 22165 1 0
2012011268 21:20:00 25300 0 1
2012011269 21:30:00 82340 0 0
2012011270 21:40:00 30091 1 0
2012011271 21:50:00 56716 0 0
2012011272 22:00:00 27686 0 1
2012011273 22:10:00 23739 0 0
2012011274 22:20:00 99514 1 0
2012011275 22:30:00 93016 0 0
2012011276 22:40:00 31505 0 1
2012011277 22:50:00 90437 0 0
2012011278 23:00:00 54668 0 1
2012011279 23:10:00 95824 0 0
2012011280 23:20:00 31157 1 0
2012011281 23:30:00 57963 0 0
2012011282 23:40:00 22622 1 1
2012011283 23:50:00 55369 1 0
2012011284 00:00:00 20338 0 1
