2012030101 10:10:00 50918 0 0
2012030102 10:20:00 02662 0 1
2012030103 10:30:00 19281 0 0
2012030104 10:40:00 68341 0 0
2012030105 10:50:00 82676 0 1
2012030106 11:00:00 77358 1 0
2012030107 11:10:00 41937 0 0
2012030108 11:20:00 72671 0 0
2012030109 11:30:00 31451 0 0
2012030110 11:40:00 78126 0 0
2012030111 11:50:00 13397 1 0
2012030112 12:00:00 24620 0 0
2012030113 12:10:00 71535 0 1
2012030114 12:20:00 69056 0 0
2012030115 12:30:00 83796 0 0
2012030116 12:40:00 85599 1 1
2012030117 12:50:00 34764 0 0
2012030118 13:00:00 39926 1 0
2012030119 13:10:00 25135 0 0
2012030120 13:20:00 14304 0 0
2012030121 13:30:00 93275 0 0
2012030122 13:40:00 64445 1 1
2012030123 13:50:00 28192 0 0
2012030124 14:00:00 69041 0 0
2012030125 14:10:00 25761 0 0
2012030126 14:20:00 25882 0 1
2012030127 14:30:00 99836 1 0
2012030128 14:40:00 59052 0 0
2012030129 14:50:00 11769 1 0
2012030130 15:00:00 69649 1 0
2012030131 15:10:00 36748 0 0
2012030132 15:20:00 52780 0 0
2012030133 15:30:00 15467 0 0
2012030134 15:40:00 16588 0 1
2012030135 15:50:00 51002 0 1
2012030136 16:00:00 07597 0 0
2012030137 16:10:00 93693 0 0
2012030138 16:20:00 94552 0 1
2012030139 16:30:00 27489 0 0
2012030140 16:40:00 70413 0 0
2012030141 16:50:00 77466 1 1
2012030142 17:00:00 83591 0 0
2012030143 17:10:00 02188 0 1
2012030144 17:20:00 34714 0 0
2012030145 17:30:00 34895 0 0
2012030146 17:40:00 12432 0 0
2012030147 17:50:00 33569 1 0
2012030148 18:00:00 80189 0 0
2012030149 18:10:00 21997 0 1
2012030150 18:20:00 29977 1 1
2012030151 18:30:00 45355 0 1
2012030152 18:40:00 06567 0 0
2012030153 18:50:00 05949 0 1
2012030154 19:00:00 99811 1 1
2012030155 19:10:00 24944 0 1
2012030156 19:20:00 99106 1 0
2012030157 19:30:00 32371 1 0
2012030158 19:40:00 22844 1 1
2012030159 19:50:00 33849 1 0
2012030160 20:00:00 24342 0 0
2012030161 20:10:00 30563 0 0
2012030162 20:20:00 17254 0 0
2012030163 20:30:00 60359 0 0
2012030164 20:40:00 62493 0 0
2012030165 20:50:00 45805 0 0
2012030166 21:00:00 70039 1 0
2012030167 21:10:00 38007 0 1
2012030168 21:20:00 97963 1 0
2012030169 21:30:00 44373 1 1
2012030170 21:40:00 04309 0 0
2012030171 21:50:00 50876 0 0
2012030172 22:00:00 74171 0 1
2012030173 22:10:00 09995 1 1
2012030174 22:20:00 22596 1 0
2012030175 22:30:00 04446 1 1
2012030176 22:40:00 00580 1 0
2012030177 22:50:00 12054 0 0
2012030178 23:00:00 21007 0 1
2012030179 23:10:00 52509 1 0
2012030180 23:20:00 63243 0 0
2012030181 23:30:00 88779 1 1
2012030182 23:40:00 02703 0 0
2012030183 23:50:00 15219 0 0
2012030184 00:00:00 32193 0 0
