2012121101 10:10:00 25341 0 0
2012121102 10:20:00 68680 1 0
2012121103 10:30:00 89069 0 0
2012121104 10:40:00 01232 0 1
2012121105 10:50:00 60775 0 1
2012121106 11:00:00 45926 0 0
2012121107 11:10:00 60471 0 0
2012121108 11:20:00 54639 0 0
2012121109 11:30:00 12651 0 0
2012121110 11:40:00 34341 1 0
2012121111 11:50:00 72042 0 0
2012121112 12:00:00 17720 1 0
2012121113 12:10:00 32710 0 0
2012121114 12:20:00 53376 1 0
2012121115 12:30:00 76623 1 0
2012121116 12:40:00 29947 1 0
2012121117 12:50:00 19240 0 0
2012121118 13:00:00 24770 0 1
2012121119 13:10:00 06010 1 1
2012121120 13:20:00 24975 0 0
2012121121 13:30:00 08604 0 0
2012121122 13:40:00 58949 0 1
2012121123 13:50:00 30647 0 0
2012121124 14:00:00 85282 0 1
2012121125 14:10:00 01958 0 0
2012121126 14:20:00 10583 0 0
2012121127 14:30:00 51122 1 1
2012121128 14:40:00 63949 0 1
2012121129 14:50:00 07783 1 0
2012121130 15:00:00 53144 0 1
2012121131 15:10:00 67237 0 0
2012121132 15:20:00 02627 0 0
2012121133 15:30:00 14772 0 1
2012121134 15:40:00 38702 0 0
2012121135 15:50:00 18525 0 1
2012121136 16:00:00 48783 0 0
2012121137 16:10:00 83984 0 0
2012121138 16:20:00 33062 1 0
2012121139 16:30:00 88278 1 0
2012121140 16:40:00 29568 0 0
2012121141 16:50:00 36153 0 0
2012121142 17:00:00 39759 0 0
2012121143 17:10:00 83001 0 1
2012121144 17:20:00 75016 0 0
2012121145 17:30:00 96611 1 1
2012121146 17:40:00 89261 0 0
2012121147 17:50:00 86580 0 0
2012121148 18:00:00 16024 0 0
2012121149 18:10:00 05082 1 0
2012121150 18:20:00 02762 0 0
2012121151 18:30:00 46296 0 0
2012121152 18:40:00 97143 0 0
2012121153 18:50:00 29121 0 1
2012121154 19:00:00 23060 0 1
2012121155 19:10:00 92443 0 1
2012121156 19:20:00 75228 0 1
2012121157 19:30:00 69885 0 1
2012121158 19:40:00 63860 0 0
2012121159 19:50:00 98870 1 0
2012121160 20:00:00 08174 0 0
2012121161 20:10:00 04999 0 1
2012121162 20:20:00 18469 0 0
2012121163 20:30:00 42305 0 0
2012121164 20:40:00 82327 0 0
2012121165 20:50:00 23040 0 1
2012121166 21:00:00 77391 1 0
2012121167 21:10:00 51386 0 0
2012121168 21:20:00 58685 0 0
2012121169 21:30:00 26144 0 1
2012121170 21:40:00 56347 0 0
2012121171 21:50:00 92847 0 0
2012121172 22:00:00 09152 0 0
2012121173 22:10:00 96076 0 0
2012121174 22:20:00 99568 1 0
2012121175 22:30:00 58123 0 0
2012121176 22:40:00 11866 1 1
2012121177 22:50:00 68301 0 0
2012121178 23:00:00 27180 0 0
2012121179 23:10:00 54199 0 1
2012121180 23:20:00 21341 0 0
2012121181 23:30:00 46399 0 1
2012121182 23:40:00 97319 0 0
2012121183 23:50:00 10602 0 0
2012121184 00:00:00 63926 0 0
2012121185 00:10:00 09839 0 0
2012121186 00:20:00 47902 0 0
2012121187 00:30:00 65943 0 0
2012121188 00:40:00 35341 1 0
2012121189 00:50:00 77057 1 0
2012121190 01:00:00 53374 1 0
2012121191 01:10:00 23888 0 1
2012121192 01:20:00 39577 0 1
2012121193 01:30:00 76089 0 0
2012121194 01:40:00 74926 0 0
2012121195 01:50:00 99781 1 0
2012121196 02:00:00 24908 0 0
