2012051201 10:10:00 25490 0 0
2012051202 10:20:00 82645 0 0
2012051203 10:30:00 71837 0 0
2012051204 10:40:00 86038 0 0
2012051205 10:50:00 32323 1 1
2012051206 11:00:00 57749 1 0
2012051207 11:10:00 55916 1 0
2012051208 11:20:00 34291 0 0
2012051209 11:30:00 29231 1 0
2012051210 11:40:00 64854 0 0
2012051211 11:50:00 00583 1 0
2012051212 12:00:00 36376 1 0
2012051213 12:10:00 00722 1 1
2012051214 12:20:00 24381 0 0
2012051215 12:30:00 74593 0 0
2012051216 12:40:00 84255 0 1
2012051217 12:50:00 90714 0 0
2012051218 13:00:00 75221 0 1
2012051219 13:10:00 21987 0 0
2012051220 13:20:00 79547 0 0
2012051221 13:30:00 25893 0 0
2012051222 13:40:00 70060 1 1
2012051223 13:50:00 82893 1 0
2012051224 14:00:00 57300 0 1
2012051225 14:10:00 55997 1 1
2012051226 14:20:00 92387 0 0
2012051227 14:30:00 51716 0 0
2012051228 14:40:00 36110 0 1
2012051229 14:50:00 59294 0 0
2012051230 15:00:00 27442 0 1
2012051231 15:10:00 34994 0 1
2012051232 15:20:00 85055 0 1
2012051233 15:30:00 11454 1 1
2012051234 15:40:00 86752 0 0
2012051235 15:50:00 44008 1 1
2012051236 16:00:00 29941 1 0
2012051237 16:10:00 33766 1 1
2012051238 16:20:00 94693 0 0
2012051239 16:30:00 77918 1 0
2012051240 16:40:00 32409 0 0
2012051241 16:50:00 94097 0 0
2012051242 17:00:00 72552 0 1
2012051243 17:10:00 70827 0 0
2012051244 17:20:00 16911 0 1
2012051245 17:30:00 35868 0 1
2012051246 17:40:00 68225 0 1
2012051247 17:50:00 17413 0 0
2012051248 18:00:00 51983 0 0
2012051249 18:10:00 26031 0 0
2012051250 18:20:00 14788 0 1
2012051251 18:30:00 32299 1 1
2012051252 18:40:00 06367 0 0
2012051253 18:50:00 55498 1 0
2012051254 19:00:00 35325 1 0
2012051255 19:10:00 53561 1 0
2012051256 19:20:00 45417 1 0
2012051257 19:30:00 09875 0 0
2012051258 19:40:00 05170 0 0
2012051259 19:50:00 15912 0 0
2012051260 20:00:00 81384 0 0
2012051261 20:10:00 75675 0 0
2012051262 20:20:00 00888 1 1
2012051263 20:30:00 61832 0 0
2012051264 20:40:00 80128 0 0
2012051265 20:50:00 00437 1 0
2012051266 21:00:00 40198 0 0
2012051267 21:10:00 29697 0 0
2012051268 21:20:00 59971 1 0
2012051269 21:30:00 66456 1 0
2012051270 21:40:00 61693 1 0
2012051271 21:50:00 78258 0 0
2012051272 22:00:00 91117 1 1
2012051273 22:10:00 09125 0 0
2012051274 22:20:00 43508 0 0
2012051275 22:30:00 28295 1 0
2012051276 22:40:00 78404 0 1
2012051277 22:50:00 95324 0 0
2012051278 23:00:00 74499 1 1
2012051279 23:10:00 61384 0 0
2012051280 23:20:00 68141 0 1
2012051281 23:30:00 50907 0 0
2012051282 23:40:00 88141 1 1
2012051283 23:50:00 44722 1 1
2012051284 00:00:00 88594 1 0
