2012091801 10:10:00 47262 0 1
2012091802 10:20:00 98174 0 0
2012091803 10:30:00 49138 0 0
2012091804 10:40:00 44927 1 0
2012091805 10:50:00 27246 1 0
2012091806 11:00:00 69807 0 0
2012091807 11:10:00 45698 0 0
2012091808 11:20:00 59768 0 0
2012091809 11:30:00 75579 1 0
2012091810 11:40:00 84347 0 0
2012091811 11:50:00 74072 0 0
2012091812 12:00:00 05984 0 0
2012091813 12:10:00 68121 0 1
2012091814 12:20:00 50432 0 0
2012091815 12:30:00 79999 1 1
2012091816 12:40:00 06317 0 0
2012091817 12:50:00 25844 0 1
2012091818 13:00:00 12138 1 0
2012091819 13:10:00 32074 0 0
2012091820 13:20:00 89116 0 1
2012091821 13:30:00 58987 0 0
2012091822 13:40:00 77904 1 0
2012091823 13:50:00 12606 0 1
2012091824 14:00:00 79587 0 0
2012091825 14:10:00 24096 0 0
2012091826 14:20:00 69283 0 0
2012091827 14:30:00 98912 1 0
2012091828 14:40:00 00862 1 0
2012091829 14:50:00 25392 0 0
2012091830 15:00:00 78715 1 0
2012091831 15:10:00 80808 1 1
2012091832 15:20:00 01576 0 0
2012091833 15:30:00 63672 1 0
2012091834 15:40:00 84266 0 1
2012091835 15:50:00 38470 0 0
2012091836 16:00:00 09592 0 0
2012091837 16:10:00 82125 0 0
2012091838 16:20:00 21844 0 1
2012091839 16:30:00 30599 0 1
2012091840 16:40:00 03956 0 0
2012091841 16:50:00 26728 0 0
2012091842 17:00:00 25325 0 0
2012091843 17:10:00 36883 0 1
2012091844 17:20:00 05276 0 0
2012091845 17:30:00 38978 0 0
2012091846 17:40:00 49378 0 0
2012091847 17:50:00 28611 0 1
2012091848 18:00:00 93345 1 0
2012091849 18:10:00 61073 0 0
2012091850 18:20:00 09230 0 0
2012091851 18:30:00 96169 0 0
2012091852 18:40:00 05420 0 0
2012091853 18:50:00 60189 0 0
2012091854 19:00:00 85489 0 0
2012091855 19:10:00 16995 0 1
2012091856 19:20:00 59689 0 0
2012091857 19:30:00 87661 0 1
2012091858 19:40:00 19928 1 0
2012091859 19:50:00 83006 0 1
2012091860 20:00:00 73194 0 0
2012091861 20:10:00 41866 0 1
2012091862 20:20:00 09067 1 0
2012091863 20:30:00 07129 0 0
2012091864 20:40:00 01205 0 0
2012091865 20:50:00 98319 0 0
2012091866 21:00:00 94205 0 0
2012091867 21:10:00 52105 0 0
2012091868 21:20:00 85140 0 0
2012091869 21:30:00 58278 0 0
2012091870 21:40:00 35886 0 1
2012091871 21:50:00 63781 0 0
2012091872 22:00:00 11552 1 1
2012091873 22:10:00 72518 0 0
2012091874 22:20:00 10748 0 0
2012091875 22:30:00 54949 0 1
2012091876 22:40:00 55905 1 0
2012091877 22:50:00 66892 1 0
2012091878 23:00:00 45091 0 0
2012091879 23:10:00 02085 1 0
2012091880 23:20:00 93966 1 1
2012091881 23:30:00 87093 0 0
2012091882 23:40:00 77479 1 0
2012091883 23:50:00 24638 0 0
2012091884 00:00:00 91900 1 1
