2012061501 10:10:00 55980 1 0
2012061502 10:20:00 92037 0 0
2012061503 10:30:00 53835 0 0
2012061504 10:40:00 67082 0 0
2012061505 10:50:00 57288 0 1
2012061506 11:00:00 35148 0 0
2012061507 11:10:00 75709 1 0
2012061508 11:20:00 12837 0 0
2012061509 11:30:00 45863 0 0
2012061510 11:40:00 33330 1 1
2012061511 11:50:00 76307 0 0
2012061512 12:00:00 89577 0 1
2012061513 12:10:00 78630 0 0
2012061514 12:20:00 73705 1 0
2012061515 12:30:00 07835 0 0
2012061516 12:40:00 86114 0 1
2012061517 12:50:00 64376 0 0
2012061518 13:00:00 83383 1 1
2012061519 13:10:00 27278 1 0
2012061520 13:20:00 52202 1 1
2012061521 13:30:00 15762 0 0
2012061522 13:40:00 70546 0 0
2012061523 13:50:00 61577 0 1
2012061524 14:00:00 63608 1 0
2012061525 14:10:00 44579 1 0
2012061526 14:20:00 28636 0 1
2012061527 14:30:00 41178 1 0
2012061528 14:40:00 25074 0 0
2012061529 14:50:00 78088 0 1
2012061530 15:00:00 86269 0 0
2012061531 15:10:00 50727 0 1
2012061532 15:20:00 73646 0 1
2012061533 15:30:00 50015 1 0
2012061534 15:40:00 80498 0 0
2012061535 15:50:00 40063 1 0
2012061536 16:00:00 65031 0 0
2012061537 16:10:00 81977 0 1
2012061538 16:20:00 05781 0 0
2012061539 16:30:00 81380 0 0
2012061540 16:40:00 98279 0 0
2012061541 16:50:00 36569 0 0
2012061542 17:00:00 49664 0 1
2012061543 17:10:00 07774 1 1
2012061544 17:20:00 55377 1 1
2012061545 17:30:00 29761 0 0
2012061546 17:40:00 16091 0 0
2012061547 17:50:00 94186 0 0
2012061548 18:00:00 63346 1 0
2012061549 18:10:00 90950 1 0
2012061550 18:20:00 48084 0 0
2012061551 18:30:00 01680 0 0
2012061552 18:40:00 15722 0 1
2012061553 18:50:00 04914 0 0
2012061554 19:00:00 89550 0 1
2012061555 19:10:00 54198 0 0
2012061556 19:20:00 35184 0 0
2012061557 19:30:00 57609 0 0
2012061558 19:40:00 18359 0 0
2012061559 19:50:00 83860 1 0
2012061560 20:00:00 34174 0 0
2012061561 20:10:00 22078 1 0
2012061562 20:20:00 11543 1 0
2012061563 20:30:00 99593 1 0
2012061564 20:40:00 91074 0 0
2012061565 20:50:00 87183 0 0
2012061566 21:00:00 36968 0 0
2012061567 21:10:00 83224 0 1
2012061568 21:20:00 35336 1 1
2012061569 21:30:00 47224 0 1
2012061570 21:40:00 19829 0 0
2012061571 21:50:00 63004 0 1
2012061572 22:00:00 77930 1 0
2012061573 22:10:00 89272 0 1
2012061574 22:20:00 62118 0 1
2012061575 22:30:00 70745 1 0
2012061576 22:40:00 60062 1 0
2012061577 22:50:00 20978 0 0
2012061578 23:00:00 21379 0 0
2012061579 23:10:00 63970 0 0
2012061580 23:20:00 29211 1 1
2012061581 23:30:00 86623 1 0
2012061582 23:40:00 17619 0 0
2012061583 23:50:00 74892 0 0
2012061584 00:00:00 04069 1 0
