2012033101 10:10:00 13870 0 0
2012033102 10:20:00 55597 1 0
2012033103 10:30:00 32848 0 1
2012033104 10:40:00 27701 1 0
2012033105 10:50:00 62527 0 0
2012033106 11:00:00 58562 1 0
2012033107 11:10:00 95008 0 1
2012033108 11:20:00 01714 0 0
2012033109 11:30:00 56860 0 0
2012033110 11:40:00 78232 0 1
2012033111 11:50:00 53557 1 1
2012033112 12:00:00 68384 0 0
2012033113 12:10:00 58514 1 0
2012033114 12:20:00 41165 1 0
2012033115 12:30:00 16336 0 1
2012033116 12:40:00 90872 0 0
2012033117 12:50:00 30566 0 1
2012033118 13:00:00 45136 0 0
2012033119 13:10:00 37285 0 0
2012033120 13:20:00 98284 0 0
2012033121 13:30:00 28005 0 1
2012033122 13:40:00 71457 0 0
2012033123 13:50:00 17449 0 1
2012033124 14:00:00 07229 0 1
2012033125 14:10:00 85366 0 1
2012033126 14:20:00 63386 1 0
2012033127 14:30:00 90117 0 1
2012033128 14:40:00 59957 1 0
2012033129 14:50:00 63605 1 0
2012033130 15:00:00 55237 1 0
2012033131 15:10:00 11967 1 0
2012033132 15:20:00 32890 0 0
2012033133 15:30:00 65819 0 0
2012033134 15:40:00 78166 0 1
2012033135 15:50:00 02864 0 0
2012033136 16:00:00 63717 0 1
2012033137 16:10:00 33650 1 0
2012033138 16:20:00 46094 0 0
2012033139 16:30:00 35429 0 0
2012033140 16:40:00 85643 0 0
2012033141 16:50:00 40050 1 1
2012033142 17:00:00 53998 0 1
2012033143 17:10:00 34241 0 0
2012033144 17:20:00 25691 0 0
2012033145 17:30:00 52244 1 1
2012033146 17:40:00 95267 0 0
2012033147 17:50:00 50867 0 0
2012033148 18:00:00 10606 0 1
2012033149 18:10:00 31906 0 0
2012033150 18:20:00 65979 0 1
2012033151 18:30:00 55977 1 1
2012033152 18:40:00 81400 0 1
2012033153 18:50:00 49865 0 0
2012033154 19:00:00 41747 0 1
2012033155 19:10:00 47408 1 0
2012033156 19:20:00 93413 0 0
2012033157 19:30:00 21175 1 0
2012033158 19:40:00 24579 0 0
2012033159 19:50:00 42031 0 0
2012033160 20:00:00 23012 0 0
2012033161 20:10:00 94837 0 0
2012033162 20:20:00 93783 0 0
2012033163 20:30:00 56017 0 0
2012033164 20:40:00 83224 0 1
2012033165 20:50:00 25998 0 1
2012033166 21:00:00 82498 0 0
2012033167 21:10:00 32570 0 0
2012033168 21:20:00 19554 0 1
2012033169 21:30:00 59471 0 0
2012033170 21:40:00 13521 0 0
2012033171 21:50:00 87018 0 0
2012033172 22:00:00 66139 1 0
2012033173 22:10:00 45176 0 0
2012033174 22:20:00 62519 0 0
2012033175 22:30:00 78401 0 0
2012033176 22:40:00 04556 0 1
2012033177 22:50:00 90581 0 0
2012033178 23:00:00 02886 0 1
2012033179 23:10:00 86460 0 0
2012033180 23:20:00 25208 1 0
2012033181 23:30:00 55452 1 0
2012033182 23:40:00 04742 0 0
2012033183 23:50:00 00343 1 1
2012033184 00:00:00 05522 1 1
