2012112101 10:10:00 47418 1 0
2012112102 10:20:00 02212 1 1
2012112103 10:30:00 65747 0 1
2012112104 10:40:00 03988 0 1
2012112105 10:50:00 86291 0 0
2012112106 11:00:00 58505 1 1
2012112107 11:10:00 48986 0 0
2012112108 11:20:00 53606 0 1
2012112109 11:30:00 66605 1 0
2012112110 11:40:00 87820 1 0
2012112111 11:50:00 49813 0 0
2012112112 12:00:00 04505 0 1
2012112113 12:10:00 58043 0 0
2012112114 12:20:00 14415 1 0
2012112115 12:30:00 52550 1 1
2012112116 12:40:00 77437 1 0
2012112117 12:50:00 88706 1 0
2012112118 13:00:00 03402 0 0
2012112119 13:10:00 08102 0 0
2012112120 13:20:00 43069 0 0
2012112121 13:30:00 94589 0 0
2012112122 13:40:00 11837 1 0
2012112123 13:50:00 79985 1 0
2012112124 14:00:00 34492 1 0
2012112125 14:10:00 23515 0 1
2012112126 14:20:00 61800 0 1
2012112127 14:30:00 21566 0 1
2012112128 14:40:00 60433 0 1
2012112129 14:50:00 13355 1 1
2012112130 15:00:00 24803 0 0
2012112131 15:10:00 68339 0 1
2012112132 15:20:00 11506 1 0
2012112133 15:30:00 08821 1 0
2012112134 15:40:00 39735 0 0
2012112135 15:50:00 81861 1 0
2012112136 16:00:00 19106 1 0
2012112137 16:10:00 56537 1 0
2012112138 16:20:00 77357 1 0
2012112139 16:30:00 71836 0 0
2012112140 16:40:00 56412 0 0
2012112141 16:50:00 70698 0 0
2012112142 17:00:00 51185 1 0
2012112143 17:10:00 00506 1 0
2012112144 17:20:00 37931 0 0
2012112145 17:30:00 16690 1 0
2012112146 17:40:00 49031 0 0
2012112147 17:50:00 43555 0 1
2012112148 18:00:00 35287 0 0
2012112149 18:10:00 08232 0 1
2012112150 18:20:00 97293 0 0
2012112151 18:30:00 58496 0 0
2012112152 18:40:00 03944 0 1
2012112153 18:50:00 49031 0 0
2012112154 19:00:00 76495 0 0
2012112155 19:10:00 28378 0 0
2012112156 19:20:00 31720 0 0
2012112157 19:30:00 19146 1 0
2012112158 19:40:00 42249 1 0
2012112159 19:50:00 87557 0 1
2012112160 20:00:00 26879 0 0
2012112161 20:10:00 28363 0 1
2012112162 20:20:00 16821 0 0
2012112163 20:30:00 25575 1 1
2012112164 20:40:00 15524 1 0
2012112165 20:50:00 52299 1 1
2012112166 21:00:00 29216 1 0
2012112167 21:10:00 55357 1 0
2012112168 21:20:00 85307 0 0
2012112169 21:30:00 55849 1 0
2012112170 21:40:00 77499 1 1
2012112171 21:50:00 75659 0 0
2012112172 22:00:00 78306 0 0
2012112173 22:10:00 87860 1 0
2012112174 22:20:00 04975 0 0
2012112175 22:30:00 04259 0 0
2012112176 22:40:00 86764 0 0
2012112177 22:50:00 46106 0 0
2012112178 23:00:00 74544 0 1
2012112179 23:10:00 57614 0 0
2012112180 23:20:00 59438 0 0
2012112181 23:30:00 85344 0 1
2012112182 23:40:00 54934 0 0
2012112183 23:50:00 68639 1 0
2012112184 00:00:00 50098 1 0
2012112185 00:10:00 89184 0 0
2012112186 00:20:00 05342 0 0
2012112187 00:30:00 02803 0 0
2012112188 00:40:00 50256 0 0
2012112189 00:50:00 52811 0 1
2012112190 01:00:00 80557 0 1
2012112191 01:10:00 86410 0 0
2012112192 01:20:00 42156 0 0
2012112193 01:30:00 00788 1 1
2012112194 01:40:00 77754 1 0
2012112195 01:50:00 71796 1 0
2012112196 02:00:00 27820 0 0
