2012052401 10:10:00 59920 1 0
2012052402 10:20:00 23765 0 0
2012052403 10:30:00 01118 1 1
2012052404 10:40:00 10803 0 0
2012052405 10:50:00 56406 0 0
2012052406 11:00:00 84407 1 0
2012052407 11:10:00 28826 1 0
2012052408 11:20:00 05951 0 0
2012052409 11:30:00 23610 0 0
2012052410 11:40:00 37731 1 0
2012052411 11:50:00 57123 0 0
2012052412 12:00:00 87425 0 0
2012052413 12:10:00 06693 1 0
2012052414 12:20:00 17917 0 0
2012052415 12:30:00 49280 0 0
2012052416 12:40:00 56095 0 0
2012052417 12:50:00 87499 0 1
2012052418 13:00:00 65039 0 0
2012052419 13:10:00 17706 1 0
2012052420 13:20:00 07947 0 0
2012052421 13:30:00 98984 1 0
2012052422 13:40:00 02511 0 1
2012052423 13:50:00 72325 0 0
2012052424 14:00:00 05230 0 0
2012052425 14:10:00 26611 1 1
2012052426 14:20:00 94926 1 0
2012052427 14:30:00 68654 1 0
2012052428 14:40:00 65716 0 0
2012052429 14:50:00 85375 0 0
2012052430 15:00:00 03769 0 0
2012052431 15:10:00 36333 1 1
2012052432 15:20:00 05507 1 0
2012052433 15:30:00 76134 0 0
2012052434 15:40:00 48412 1 0
2012052435 15:50:00 71800 0 1
2012052436 16:00:00 00576 1 0
2012052437 16:10:00 18246 0 0
2012052438 16:20:00 04415 1 0
2012052439 16:30:00 16032 0 0
2012052440 16:40:00 99126 1 0
2012052441 16:50:00 96990 1 1
2012052442 17:00:00 48980 0 0
2012052443 17:10:00 44458 1 0
2012052444 17:20:00 11483 1 0
2012052445 17:30:00 41713 0 0
2012052446 17:40:00 54580 1 0
2012052447 17:50:00 90018 1 0
2012052448 18:00:00 26658 1 0
2012052449 18:10:00 96382 0 0
2012052450 18:20:00 85329 0 0
2012052451 18:30:00 66922 1 1
2012052452 18:40:00 04807 0 0
2012052453 18:50:00 26512 0 0
2012052454 19:00:00 21369 0 0
2012052455 19:10:00 15322 0 1
2012052456 19:20:00 87640 0 0
2012052457 19:30:00 54895 0 0
2012052458 19:40:00 80381 0 0
2012052459 19:50:00 15561 1 0
2012052460 20:00:00 90060 1 1
2012052461 20:10:00 43754 0 0
2012052462 20:20:00 74464 1 1
2012052463 20:30:00 46201 0 0
2012052464 20:40:00 34947 0 0
2012052465 20:50:00 56223 0 1
2012052466 21:00:00 89012 0 0
2012052467 21:10:00 43585 0 1
2012052468 21:20:00 46287 0 0
2012052469 21:30:00 28946 0 0
2012052470 21:40:00 40893 0 0
2012052471 21:50:00 01989 0 1
2012052472 22:00:00 12907 0 0
2012052473 22:10:00 34648 0 0
2012052474 22:20:00 36841 0 0
2012052475 22:30:00 74820 0 0
2012052476 22:40:00 10328 0 0
2012052477 22:50:00 07524 0 0
2012052478 23:00:00 90741 0 0
2012052479 23:10:00 18193 1 0
2012052480 23:20:00 12828 0 1
2012052481 23:30:00 76971 0 0
2012052482 23:40:00 79141 0 1
2012052483 23:50:00 83098 0 0
2012052484 00:00:00 65340 0 0
