2012050501 10:10:00 75573 1 0
2012050502 10:20:00 09120 0 0
2012050503 10:30:00 69903 1 0
2012050504 10:40:00 39846 0 0
2012050505 10:50:00 85551 1 1
2012050506 11:00:00 15188 1 1
2012050507 11:10:00 34023 0 0
2012050508 11:20:00 77972 1 0
2012050509 11:30:00 14978 0 0
2012050510 11:40:00 12565 0 1
2012050511 11:50:00 48386 0 0
2012050512 12:00:00 88782 1 0
2012050513 12:10:00 57988 0 1
2012050514 12:20:00 85528 1 0
2012050515 12:30:00 58510 1 0
2012050516 12:40:00 39072 0 0
2012050517 12:50:00 68326 0 0
2012050518 13:00:00 06145 0 0
2012050519 13:10:00 78718 1 0
2012050520 13:20:00 80667 0 1
2012050521 13:30:00 52059 0 0
2012050522 13:40:00 09077 1 1
2012050523 13:50:00 23840 0 0
2012050524 14:00:00 28557 0 1
2012050525 14:10:00 90290 0 0
2012050526 14:20:00 05297 0 0
2012050527 14:30:00 80564 0 0
2012050528 14:40:00 71122 1 1
2012050529 14:50:00 92853 0 0
2012050530 15:00:00 82501 0 0
2012050531 15:10:00 37959 0 1
2012050532 15:20:00 25003 0 1
2012050533 15:30:00 99849 1 0
2012050534 15:40:00 56450 0 0
2012050535 15:50:00 01350 0 0
2012050536 16:00:00 07719 1 0
2012050537 16:10:00 90666 0 1
2012050538 16:20:00 55270 1 0
2012050539 16:30:00 30356 1 0
2012050540 16:40:00 72076 0 0
2012050541 16:50:00 83850 1 0
2012050542 17:00:00 65149 0 0
2012050543 17:10:00 50537 1 0
2012050544 17:20:00 13843 0 0
2012050545 17:30:00 84980 0 0
2012050546 17:40:00 62622 1 1
2012050547 17:50:00 42100 0 1
2012050548 18:00:00 99577 1 1
2012050549 18:10:00 40561 0 0
2012050550 18:20:00 60558 0 1
2012050551 18:30:00 74238 0 0
2012050552 18:40:00 33067 1 0
2012050553 18:50:00 69496 0 0
2012050554 19:00:00 96567 0 0
2012050555 19:10:00 83893 1 0
2012050556 19:20:00 01467 0 0
2012050557 19:30:00 76312 0 0
2012050558 19:40:00 49066 0 1
2012050559 19:50:00 87705 1 0
2012050560 20:00:00 31873 0 0
2012050561 20:10:00 57648 0 0
2012050562 20:20:00 30453 0 0
2012050563 20:30:00 65969 0 1
2012050564 20:40:00 43842 0 0
2012050565 20:50:00 97561 0 0
2012050566 21:00:00 11093 1 0
2012050567 21:10:00 48761 0 0
2012050568 21:20:00 13945 0 0
2012050569 21:30:00 62152 0 0
2012050570 21:40:00 95980 1 0
2012050571 21:50:00 11737 1 1
2012050572 22:00:00 11222 1 1
2012050573 22:10:00 95956 1 0
2012050574 22:20:00 95654 0 0
2012050575 22:30:00 85245 0 0
2012050576 22:40:00 56400 0 1
2012050577 22:50:00 17744 1 1
2012050578 23:00:00 26516 0 0
2012050579 23:10:00 41784 0 0
2012050580 23:20:00 23452 0 0
2012050581 23:30:00 81764 0 0
2012050582 23:40:00 70243 0 0
2012050583 23:50:00 89601 0 0
2012050584 00:00:00 09229 0 1
