2012090701 10:10:00 00188 1 1
2012090702 10:20:00 45631 0 0
2012090703 10:30:00 62902 0 0
2012090704 10:40:00 61149 1 0
2012090705 10:50:00 87914 0 0
2012090706 11:00:00 40149 0 0
2012090707 11:10:00 59479 0 0
2012090708 11:20:00 25038 0 0
2012090709 11:30:00 52173 0 0
2012090710 11:40:00 00896 1 0
2012090711 11:50:00 30366 1 1
2012090712 12:00:00 36597 0 0
2012090713 12:10:00 71322 0 1
2012090714 12:20:00 30314 1 0
2012090715 12:30:00 32625 0 0
2012090716 12:40:00 38523 0 0
2012090717 12:50:00 73758 1 0
2012090718 13:00:00 99675 1 0
2012090719 13:10:00 79644 0 1
2012090720 13:20:00 40542 0 0
2012090721 13:30:00 29434 0 1
2012090722 13:40:00 00527 1 0
2012090723 13:50:00 50489 0 0
2012090724 14:00:00 94290 0 0
2012090725 14:10:00 34117 0 1
2012090726 14:20:00 66519 1 0
2012090727 14:30:00 02876 0 0
2012090728 14:40:00 39308 1 0
2012090729 14:50:00 98007 0 1
2012090730 15:00:00 88079 1 0
2012090731 15:10:00 14396 0 0
2012090732 15:20:00 94613 0 0
2012090733 15:30:00 65277 0 1
2012090734 15:40:00 88407 1 0
2012090735 15:50:00 21423 0 0
2012090736 16:00:00 79873 0 0
2012090737 16:10:00 72198 0 0
2012090738 16:20:00 07670 0 0
2012090739 16:30:00 24582 0 0
2012090740 16:40:00 97391 0 0
2012090741 16:50:00 02914 0 0
2012090742 17:00:00 95936 1 0
2012090743 17:10:00 90482 0 0
2012090744 17:20:00 96429 0 0
2012090745 17:30:00 43204 0 0
2012090746 17:40:00 37654 0 0
2012090747 17:50:00 68196 0 0
2012090748 18:00:00 96434 0 1
2012090749 18:10:00 22855 1 1
2012090750 18:20:00 72516 0 0
2012090751 18:30:00 68529 0 0
2012090752 18:40:00 23421 0 0
2012090753 18:50:00 06610 1 0
2012090754 19:00:00 79535 0 1
2012090755 19:10:00 20861 0 0
2012090756 19:20:00 19680 0 0
2012090757 19:30:00 16746 0 0
2012090758 19:40:00 50472 0 0
2012090759 19:50:00 09099 1 1
2012090760 20:00:00 10336 0 1
2012090761 20:10:00 70798 1 0
2012090762 20:20:00 81576 0 0
2012090763 20:30:00 71552 0 1
2012090764 20:40:00 34502 0 0
2012090765 20:50:00 55169 1 0
2012090766 21:00:00 20339 0 1
2012090767 21:10:00 71635 0 0
2012090768 21:20:00 03223 0 1
2012090769 21:30:00 23285 1 0
2012090770 21:40:00 58052 0 0
2012090771 21:50:00 25460 0 0
2012090772 22:00:00 56424 0 1
2012090773 22:10:00 13337 1 1
2012090774 22:20:00 42830 0 0
2012090775 22:30:00 40290 0 0
2012090776 22:40:00 78829 1 0
2012090777 22:50:00 78479 0 0
2012090778 23:00:00 60426 0 0
2012090779 23:10:00 29191 0 1
2012090780 23:20:00 02639 0 0
2012090781 23:30:00 71577 0 1
2012090782 23:40:00 23401 0 0
2012090783 23:50:00 53763 0 0
2012090784 00:00:00 93369 1 0
