2012040901 10:10:00 44615 1 0
2012040902 10:20:00 26179 0 0
2012040903 10:30:00 41496 1 0
2012040904 10:40:00 82882 1 1
2012040905 10:50:00 03451 0 0
2012040906 11:00:00 98066 0 1
2012040907 11:10:00 31486 0 0
2012040908 11:20:00 01360 0 0
2012040909 11:30:00 12115 1 1
2012040910 11:40:00 14756 0 0
2012040911 11:50:00 10751 0 0
2012040912 12:00:00 12948 0 0
2012040913 12:10:00 12113 1 1
2012040914 12:20:00 61655 1 1
2012040915 12:30:00 50185 0 0
2012040916 12:40:00 61687 1 0
2012040917 12:50:00 59207 0 0
2012040918 13:00:00 64017 0 0
2012040919 13:10:00 03377 1 1
2012040920 13:20:00 52114 0 1
2012040921 13:30:00 35737 0 1
2012040922 13:40:00 09153 0 0
2012040923 13:50:00 57962 0 0
2012040924 14:00:00 46791 0 0
2012040925 14:10:00 85070 0 1
2012040926 14:20:00 31098 0 0
2012040927 14:30:00 33028 1 0
2012040928 14:40:00 90400 0 1
2012040929 14:50:00 09525 0 1
2012040930 15:00:00 39655 0 1
2012040931 15:10:00 38759 0 0
2012040932 15:20:00 21401 0 0
2012040933 15:30:00 79353 0 1
2012040934 15:40:00 20006 1 1
2012040935 15:50:00 89715 0 0
2012040936 16:00:00 23228 1 1
2012040937 16:10:00 72922 0 1
2012040938 16:20:00 33180 1 0
2012040939 16:30:00 59079 0 0
2012040940 16:40:00 92244 1 1
2012040941 16:50:00 78346 0 0
2012040942 17:00:00 14141 1 1
2012040943 17:10:00 94838 0 1
2012040944 17:20:00 83789 0 0
2012040945 17:30:00 23616 0 1
2012040946 17:40:00 80233 0 1
2012040947 17:50:00 70407 0 0
2012040948 18:00:00 18033 0 1
2012040949 18:10:00 04328 0 0
2012040950 18:20:00 18549 0 0
2012040951 18:30:00 01411 0 1
2012040952 18:40:00 11924 1 0
2012040953 18:50:00 16901 0 0
2012040954 19:00:00 40911 0 1
2012040955 19:10:00 89004 0 1
2012040956 19:20:00 18518 0 0
2012040957 19:30:00 78702 1 0
2012040958 19:40:00 15028 0 0
2012040959 19:50:00 24499 1 1
2012040960 20:00:00 44571 1 0
2012040961 20:10:00 88773 1 1
2012040962 20:20:00 76522 0 1
2012040963 20:30:00 68973 0 0
2012040964 20:40:00 32146 0 0
2012040965 20:50:00 67507 0 0
2012040966 21:00:00 94173 0 0
2012040967 21:10:00 00047 1 0
2012040968 21:20:00 89651 0 0
2012040969 21:30:00 96399 0 1
2012040970 21:40:00 46466 1 1
2012040971 21:50:00 12293 1 0
2012040972 22:00:00 27086 0 0
2012040973 22:10:00 83457 0 0
2012040974 22:20:00 49274 0 0
2012040975 22:30:00 28265 1 0
2012040976 22:40:00 21649 0 0
2012040977 22:50:00 56671 1 0
2012040978 23:00:00 30971 0 0
2012040979 23:10:00 16339 0 1
2012040980 23:20:00 29128 0 0
2012040981 23:30:00 68917 0 0
2012040982 23:40:00 48156 0 0
2012040983 23:50:00 47951 0 0
2012040984 00:00:00 72742 1 0
