2012010401 10:10:00 07068 1 0
2012010402 10:20:00 55123 1 0
2012010403 10:30:00 84254 0 0
2012010404 10:40:00 33787 1 1
2012010405 10:50:00 74705 1 0
2012010406 11:00:00 17865 0 0
2012010407 11:10:00 65924 0 0
2012010408 11:20:00 73518 0 0
2012010409 11:30:00 66318 1 0
2012010410 11:40:00 18678 0 0
2012010411 11:50:00 81975 0 0
2012010412 12:00:00 31272 0 1
2012010413 12:10:00 60171 0 1
2012010414 12:20:00 64290 0 0
2012010415 12:30:00 40864 0 0
2012010416 12:40:00 72768 1 0
2012010417 12:50:00 02249 1 0
2012010418 13:00:00 68914 0 0
2012010419 13:10:00 82526 0 0
2012010420 13:20:00 85027 0 0
2012010421 13:30:00 60430 0 0
2012010422 13:40:00 20119 0 1
2012010423 13:50:00 45862 0 0
2012010424 14:00:00 75717 1 1
2012010425 14:10:00 74317 0 0
2012010426 14:20:00 75136 0 0
2012010427 14:30:00 37885 0 1
2012010428 14:40:00 46569 0 0
2012010429 14:50:00 42412 1 0
2012010430 15:00:00 34286 0 0
2012010431 15:10:00 21205 1 0
2012010432 15:20:00 39539 0 0
2012010433 15:30:00 49242 0 1
2012010434 15:40:00 92593 0 0
2012010435 15:50:00 81483 0 0
2012010436 16:00:00 94398 0 0
2012010437 16:10:00 09044 1 1
2012010438 16:20:00 33913 1 0
2012010439 16:30:00 92154 0 0
2012010440 16:40:00 75425 0 0
2012010441 16:50:00 71847 0 0
2012010442 17:00:00 54572 1 0
2012010443 17:10:00 02600 0 1
2012010444 17:20:00 55012 1 0
2012010445 17:30:00 98896 1 0
2012010446 17:40:00 13112 1 1
2012010447 17:50:00 19682 0 0
2012010448 18:00:00 06043 1 0
2012010449 18:10:00 88115 1 1
2012010450 18:20:00 04656 0 1
2012010451 18:30:00 61781 0 0
2012010452 18:40:00 39595 0 1
2012010453 18:50:00 21780 0 0
2012010454 19:00:00 90085 1 0
2012010455 19:10:00 58715 0 0
2012010456 19:20:00 38500 0 1
2012010457 19:30:00 51033 0 1
2012010458 19:40:00 41353 0 1
2012010459 19:50:00 61170 1 0
2012010460 20:00:00 58591 1 0
2012010461 20:10:00 50231 0 0
2012010462 20:20:00 99348 1 0
2012010463 20:30:00 18120 1 0
2012010464 20:40:00 51092 0 0
2012010465 20:50:00 28123 0 0
2012010466 21:00:00 99399 1 1
2012010467 21:10:00 39698 0 0
2012010468 21:20:00 10903 0 0
2012010469 21:30:00 93611 0 1
2012010470 21:40:00 35468 0 0
2012010471 21:50:00 41465 1 0
2012010472 22:00:00 13442 0 1
2012010473 22:10:00 67915 0 0
2012010474 22:20:00 78761 1 0
2012010475 22:30:00 14536 0 0
2012010476 22:40:00 80984 0 0
2012010477 22:50:00 97831 0 0
2012010478 23:00:00 48879 1 0
2012010479 23:10:00 67547 0 0
2012010480 23:20:00 30308 1 0
2012010481 23:30:00 08873 1 0
2012010482 23:40:00 88691 1 0
2012010483 23:50:00 64449 1 1
2012010484 00:00:00 37787 1 1
