2012070201 10:10:00 04271 0 0
2012070202 10:20:00 07060 1 1
2012070203 10:30:00 46734 0 0
2012070204 10:40:00 09973 1 0
2012070205 10:50:00 18727 0 1
2012070206 11:00:00 47392 0 0
2012070207 11:10:00 98938 1 0
2012070208 11:20:00 57397 0 0
2012070209 11:30:00 33398 1 0
2012070210 11:40:00 06778 0 1
2012070211 11:50:00 98038 0 0
2012070212 12:00:00 19896 0 0
2012070213 12:10:00 64599 0 1
2012070214 12:20:00 42510 0 0
2012070215 12:30:00 01923 0 0
2012070216 12:40:00 49841 0 0
2012070217 12:50:00 58585 1 1
2012070218 13:00:00 83452 0 0
2012070219 13:10:00 99710 1 0
2012070220 13:20:00 59877 0 1
2012070221 13:30:00 68058 0 0
2012070222 13:40:00 06842 0 0
2012070223 13:50:00 32294 1 0
2012070224 14:00:00 38700 0 1
2012070225 14:10:00 01397 0 0
2012070226 14:20:00 10409 0 0
2012070227 14:30:00 85607 0 0
2012070228 14:40:00 60171 0 1
2012070229 14:50:00 11405 1 0
2012070230 15:00:00 09813 0 0
2012070231 15:10:00 12435 0 0
2012070232 15:20:00 39760 0 0
2012070233 15:30:00 55757 1 1
2012070234 15:40:00 47299 0 1
2012070235 15:50:00 16284 0 0
2012070236 16:00:00 93098 0 0
2012070237 16:10:00 27831 0 0
2012070238 16:20:00 92589 0 0
2012070239 16:30:00 10781 0 0
2012070240 16:40:00 65215 0 0
2012070241 16:50:00 11525 1 1
2012070242 17:00:00 30673 0 0
2012070243 17:10:00 83241 0 0
2012070244 17:20:00 10260 0 0
2012070245 17:30:00 91368 0 0
2012070246 17:40:00 39769 0 0
2012070247 17:50:00 43918 0 0
2012070248 18:00:00 61033 0 1
2012070249 18:10:00 66082 1 0
2012070250 18:20:00 84515 0 1
2012070251 18:30:00 00567 1 0
2012070252 18:40:00 18711 0 1
2012070253 18:50:00 23954 0 0
2012070254 19:00:00 15190 1 0
2012070255 19:10:00 97666 0 1
2012070256 19:20:00 00424 1 1
2012070257 19:30:00 04029 1 0
2012070258 19:40:00 54839 0 0
2012070259 19:50:00 83171 0 1
2012070260 20:00:00 33884 1 1
2012070261 20:10:00 87116 0 1
2012070262 20:20:00 95451 0 0
2012070263 20:30:00 02154 0 0
2012070264 20:40:00 83172 0 0
2012070265 20:50:00 36586 0 0
2012070266 21:00:00 21197 1 0
2012070267 21:10:00 56652 1 0
2012070268 21:20:00 61809 0 0
2012070269 21:30:00 81741 0 0
2012070270 21:40:00 86646 1 1
2012070271 21:50:00 36253 0 0
2012070272 22:00:00 06745 0 0
2012070273 22:10:00 48538 0 0
2012070274 22:20:00 37556 0 1
2012070275 22:30:00 13424 0 1
2012070276 22:40:00 93028 0 0
2012070277 22:50:00 10555 0 1
2012070278 23:00:00 17549 0 0
2012070279 23:10:00 27591 0 0
2012070280 23:20:00 21065 0 0
2012070281 23:30:00 01289 0 0
2012070282 23:40:00 20829 0 0
2012070283 23:50:00 33602 1 0
2012070284 00:00:00 20098 1 0
