2012010801 10:10:00 44483 1 0
2012010802 10:20:00 93118 0 1
2012010803 10:30:00 77846 1 0
2012010804 10:40:00 78507 0 0
2012010805 10:50:00 63386 1 0
2012010806 11:00:00 42834 0 0
2012010807 11:10:00 56485 0 0
2012010808 11:20:00 19842 0 0
2012010809 11:30:00 12117 1 1
2012010810 11:40:00 37468 0 0
2012010811 11:50:00 69466 0 1
2012010812 12:00:00 77443 1 1
2012010813 12:10:00 46356 0 0
2012010814 12:20:00 71919 0 1
2012010815 12:30:00 48227 0 1
2012010816 12:40:00 40057 1 0
2012010817 12:50:00 47644 0 1
2012010818 13:00:00 25947 0 0
2012010819 13:10:00 50028 1 0
2012010820 13:20:00 28149 0 0
2012010821 13:30:00 69149 0 0
2012010822 13:40:00 40359 0 0
2012010823 13:50:00 48604 0 0
2012010824 14:00:00 82228 1 1
2012010825 14:10:00 35327 1 0
2012010826 14:20:00 52700 0 1
2012010827 14:30:00 00592 1 0
2012010828 14:40:00 94030 0 1
2012010829 14:50:00 80304 0 0
2012010830 15:00:00 08942 0 0
2012010831 15:10:00 82257 1 0
2012010832 15:20:00 23994 0 1
2012010833 15:30:00 11624 1 0
2012010834 15:40:00 59434 0 1
2012010835 15:50:00 53315 1 0
2012010836 16:00:00 34115 0 1
2012010837 16:10:00 97617 0 0
2012010838 16:20:00 54109 0 0
2012010839 16:30:00 92339 0 1
2012010840 16:40:00 01282 0 1
2012010841 16:50:00 89023 0 0
2012010842 17:00:00 41193 1 0
2012010843 17:10:00 60595 0 1
2012010844 17:20:00 13588 0 1
2012010845 17:30:00 25726 0 0
2012010846 17:40:00 16546 0 0
2012010847 17:50:00 79294 0 0
2012010848 18:00:00 02371 0 0
2012010849 18:10:00 69205 0 0
2012010850 18:20:00 51932 0 0
2012010851 18:30:00 88139 1 0
2012010852 18:40:00 65482 0 0
2012010853 18:50:00 46516 0 0
2012010854 19:00:00 53982 0 0
2012010855 19:10:00 39527 0 0
2012010856 19:20:00 53172 0 0
2012010857 19:30:00 84637 0 0
2012010858 19:40:00 70187 0 0
2012010859 19:50:00 65507 1 0
2012010860 20:00:00 48044 0 1
2012010861 20:10:00 31449 0 1
2012010862 20:20:00 38393 1 1
2012010863 20:30:00 88930 1 0
2012010864 20:40:00 88906 1 0
2012010865 20:50:00 82703 0 0
2012010866 21:00:00 36045 0 0
2012010867 21:10:00 57103 0 0
2012010868 21:20:00 72517 0 0
2012010869 21:30:00 54396 0 0
2012010870 21:40:00 27407 0 0
2012010871 21:50:00 80628 0 0
2012010872 22:00:00 25328 0 0
2012010873 22:10:00 59007 0 1
2012010874 22:20:00 43973 0 0
2012010875 22:30:00 26987 0 0
2012010876 22:40:00 73435 0 0
2012010877 22:50:00 04420 1 0
2012010878 23:00:00 00857 1 0
2012010879 23:10:00 61735 0 0
2012010880 23:20:00 99089 1 0
2012010881 23:30:00 14072 0 0
2012010882 23:40:00 73755 1 1
2012010883 23:50:00 61411 0 1
2012010884 00:00:00 28243 1 0
