2012071301 10:10:00 19349 0 0
2012071302 10:20:00 27366 0 1
2012071303 10:30:00 45741 0 0
2012071304 10:40:00 71515 0 1
2012071305 10:50:00 33872 1 0
2012071306 11:00:00 80888 1 1
2012071307 11:10:00 47940 0 0
2012071308 11:20:00 80707 0 1
2012071309 11:30:00 86156 0 0
2012071310 11:40:00 49881 0 1
2012071311 11:50:00 12675 0 0
2012071312 12:00:00 15346 0 0
2012071313 12:10:00 12552 0 1
2012071314 12:20:00 06533 0 1
2012071315 12:30:00 61834 0 0
2012071316 12:40:00 27041 0 0
2012071317 12:50:00 00785 1 0
2012071318 13:00:00 98135 0 0
2012071319 13:10:00 39143 0 0
2012071320 13:20:00 29367 0 0
2012071321 13:30:00 33302 1 0
2012071322 13:40:00 79875 0 0
2012071323 13:50:00 71799 1 1
2012071324 14:00:00 74204 0 0
2012071325 14:10:00 60131 0 1
2012071326 14:20:00 59660 0 1
2012071327 14:30:00 98893 1 0
2012071328 14:40:00 37588 0 1
2012071329 14:50:00 33538 1 0
2012071330 15:00:00 20440 0 1
2012071331 15:10:00 62061 0 0
2012071332 15:20:00 94744 0 1
2012071333 15:30:00 14076 0 0
2012071334 15:40:00 49803 0 0
2012071335 15:50:00 57667 0 1
2012071336 16:00:00 87912 0 0
2012071337 16:10:00 26161 0 1
2012071338 16:20:00 36984 0 0
2012071339 16:30:00 97414 0 1
2012071340 16:40:00 74676 0 1
2012071341 16:50:00 74009 0 1
2012071342 17:00:00 75461 0 0
2012071343 17:10:00 86059 0 0
2012071344 17:20:00 46038 0 0
2012071345 17:30:00 41662 0 1
2012071346 17:40:00 91272 0 1
2012071347 17:50:00 73685 0 0
2012071348 18:00:00 94879 0 0
2012071349 18:10:00 27612 0 0
2012071350 18:20:00 67731 1 0
2012071351 18:30:00 34033 0 1
2012071352 18:40:00 61448 0 1
2012071353 18:50:00 95183 0 0
2012071354 19:00:00 04164 0 0
2012071355 19:10:00 16606 1 1
2012071356 19:20:00 86279 0 0
2012071357 19:30:00 25942 0 0
2012071358 19:40:00 63020 0 1
2012071359 19:50:00 98514 0 0
2012071360 20:00:00 67037 0 0
2012071361 20:10:00 56369 0 0
2012071362 20:20:00 39544 0 1
2012071363 20:30:00 23096 0 0
2012071364 20:40:00 33961 1 0
2012071365 20:50:00 40786 0 0
2012071366 21:00:00 53935 0 0
2012071367 21:10:00 91305 0 0
2012071368 21:20:00 24049 0 0
2012071369 21:30:00 69753 0 0
2012071370 21:40:00 08397 0 0
2012071371 21:50:00 44921 1 0
2012071372 22:00:00 19314 0 0
2012071373 22:10:00 55180 1 0
2012071374 22:20:00 81490 0 0
2012071375 22:30:00 86772 0 1
2012071376 22:40:00 94459 1 0
2012071377 22:50:00 41407 1 0
2012071378 23:00:00 27103 0 0
2012071379 23:10:00 43649 0 0
2012071380 23:20:00 41585 0 1
2012071381 23:30:00 53975 0 0
2012071382 23:40:00 84230 0 0
2012071383 23:50:00 71940 0 0
2012071384 00:00:00 84904 0 0
