2012111901 10:10:00 89964 1 0
2012111902 10:20:00 89927 1 0
2012111903 10:30:00 75490 0 0
2012111904 10:40:00 80379 0 0
2012111905 10:50:00 87714 1 0
2012111906 11:00:00 83637 0 0
2012111907 11:10:00 76510 0 0
2012111908 11:20:00 26501 0 0
2012111909 11:30:00 23795 0 0
2012111910 11:40:00 63914 0 0
2012111911 11:50:00 83849 1 0
2012111912 12:00:00 98186 0 0
2012111913 12:10:00 03524 0 0
2012111914 12:20:00 10960 0 0
2012111915 12:30:00 93843 0 0
2012111916 12:40:00 89114 0 1
2012111917 12:50:00 50051 1 0
2012111918 13:00:00 17437 0 0
2012111919 13:10:00 96727 0 1
2012111920 13:20:00 58040 0 1
2012111921 13:30:00 48059 0 0
2012111922 13:40:00 33833 1 1
2012111923 13:50:00 87870 1 0
2012111924 14:00:00 84952 0 0
2012111925 14:10:00 87609 0 0
2012111926 14:20:00 58216 0 0
2012111927 14:30:00 56081 0 0
2012111928 14:40:00 92102 0 0
2012111929 14:50:00 31253 0 0
2012111930 15:00:00 64029 0 0
2012111931 15:10:00 07300 0 1
2012111932 15:20:00 98114 0 1
2012111933 15:30:00 15064 0 0
2012111934 15:40:00 90248 0 0
2012111935 15:50:00 25714 0 0
2012111936 16:00:00 43606 0 1
2012111937 16:10:00 30730 0 0
2012111938 16:20:00 02918 0 0
2012111939 16:30:00 14173 1 0
2012111940 16:40:00 70569 0 0
2012111941 16:50:00 35071 0 0
2012111942 17:00:00 87487 0 0
2012111943 17:10:00 62020 0 1
2012111944 17:20:00 60138 0 0
2012111945 17:30:00 23624 0 0
2012111946 17:40:00 40188 0 1
2012111947 17:50:00 27290 1 0
2012111948 18:00:00 75007 0 1
2012111949 18:10:00 95764 0 0
2012111950 18:20:00 44493 1 0
2012111951 18:30:00 69271 0 0
2012111952 18:40:00 70219 0 0
2012111953 18:50:00 82975 0 0
2012111954 19:00:00 60367 0 0
2012111955 19:10:00 22382 1 0
2012111956 19:20:00 37464 0 1
2012111957 19:30:00 61160 1 0
2012111958 19:40:00 74125 0 0
2012111959 19:50:00 07546 0 0
2012111960 20:00:00 06685 1 0
2012111961 20:10:00 66403 1 0
2012111962 20:20:00 05245 0 0
2012111963 20:30:00 92325 0 0
2012111964 20:40:00 76100 0 1
2012111965 20:50:00 26512 0 0
2012111966 21:00:00 93845 0 0
2012111967 21:10:00 36740 0 0
2012111968 21:20:00 24739 0 0
2012111969 21:30:00 03730 0 0
2012111970 21:40:00 27954 0 0
2012111971 21:50:00 00232 1 1
2012111972 22:00:00 57902 0 0
2012111973 22:10:00 55841 1 0
2012111974 22:20:00 32831 0 0
2012111975 22:30:00 47279 0 0
2012111976 22:40:00 27251 1 0
2012111977 22:50:00 74362 0 0
2012111978 23:00:00 04561 0 0
2012111979 23:10:00 15569 1 0
2012111980 23:20:00 89706 0 0
2012111981 23:30:00 15911 0 1
2012111982 23:40:00 11646 1 1
2012111983 23:50:00 38556 0 1
2012111984 00:00:00 06676 1 1
2012111985 00:10:00 56458 0 0
2012111986 00:20:00 57913 0 0
2012111987 00:30:00 05337 0 1
2012111988 00:40:00 35993 0 1
2012111989 00:50:00 67195 0 0
2012111990 01:00:00 37202 0 1
2012111991 01:10:00 07959 0 1
2012111992 01:20:00 71914 0 0
2012111993 01:30:00 70223 0 1
2012111994 01:40:00 75138 0 0
2012111995 01:50:00 31760 0 0
2012111996 02:00:00 40834 0 0
