2012091901 10:10:00 39524 0 0
2012091902 10:20:00 24406 1 0
2012091903 10:30:00 08901 0 0
2012091904 10:40:00 26863 0 0
2012091905 10:50:00 08778 0 1
2012091906 11:00:00 69341 0 0
2012091907 11:10:00 14503 0 0
2012091908 11:20:00 15523 1 0
2012091909 11:30:00 26264 1 0
2012091910 11:40:00 91421 0 0
2012091911 11:50:00 29836 0 0
2012091912 12:00:00 79174 0 0
2012091913 12:10:00 06078 1 0
2012091914 12:20:00 32946 0 0
2012091915 12:30:00 97951 1 0
2012091916 12:40:00 72637 0 0
2012091917 12:50:00 05995 0 1
2012091918 13:00:00 11194 1 0
2012091919 13:10:00 24182 0 0
2012091920 13:20:00 44676 1 1
2012091921 13:30:00 61712 0 0
2012091922 13:40:00 87249 0 0
2012091923 13:50:00 14309 0 0
2012091924 14:00:00 33272 1 1
2012091925 14:10:00 75615 0 0
2012091926 14:20:00 40637 0 0
2012091927 14:30:00 36230 0 0
2012091928 14:40:00 89649 0 0
2012091929 14:50:00 62807 0 0
2012091930 15:00:00 38450 0 0
2012091931 15:10:00 88855 1 1
2012091932 15:20:00 15523 1 0
2012091933 15:30:00 26149 0 0
2012091934 15:40:00 10686 0 1
2012091935 15:50:00 23555 0 1
2012091936 16:00:00 29666 0 1
2012091937 16:10:00 44772 1 1
2012091938 16:20:00 82473 0 0
2012091939 16:30:00 99157 1 0
2012091940 16:40:00 92173 0 0
2012091941 16:50:00 13897 0 0
2012091942 17:00:00 03819 0 0
2012091943 17:10:00 52110 0 1
2012091944 17:20:00 35813 0 0
2012091945 17:30:00 91672 0 0
2012091946 17:40:00 28721 0 0
2012091947 17:50:00 58290 0 0
2012091948 18:00:00 71994 0 1
2012091949 18:10:00 84764 0 0
2012091950 18:20:00 90903 1 0
2012091951 18:30:00 88055 1 1
2012091952 18:40:00 23072 0 0
2012091953 18:50:00 89442 0 1
2012091954 19:00:00 42501 0 0
2012091955 19:10:00 17396 0 0
2012091956 19:20:00 07326 0 0
2012091957 19:30:00 64760 0 0
2012091958 19:40:00 60010 1 1
2012091959 19:50:00 82002 0 1
2012091960 20:00:00 54420 1 0
2012091961 20:10:00 27260 1 0
2012091962 20:20:00 88035 1 0
2012091963 20:30:00 05565 1 1
2012091964 20:40:00 14761 0 0
2012091965 20:50:00 05438 0 0
2012091966 21:00:00 29745 0 0
2012091967 21:10:00 56393 0 1
2012091968 21:20:00 33756 1 0
2012091969 21:30:00 18115 1 1
2012091970 21:40:00 69785 0 0
2012091971 21:50:00 02464 0 1
2012091972 22:00:00 13380 1 0
2012091973 22:10:00 54562 1 0
2012091974 22:20:00 03191 0 1
2012091975 22:30:00 00925 1 0
2012091976 22:40:00 79663 0 1
2012091977 22:50:00 97995 1 1
2012091978 23:00:00 47973 0 0
2012091979 23:10:00 05162 0 0
2012091980 23:20:00 73161 0 1
2012091981 23:30:00 89820 1 0
2012091982 23:40:00 04374 0 0
2012091983 23:50:00 21451 0 0
2012091984 00:00:00 97570 0 0
