2012010201 10:10:00 34470 1 0
2012010202 10:20:00 11365 1 0
2012010203 10:30:00 19564 0 0
2012010204 10:40:00 49343 0 1
2012010205 10:50:00 06939 0 1
2012010206 11:00:00 62643 1 0
2012010207 11:10:00 49799 0 1
2012010208 11:20:00 21574 0 0
2012010209 11:30:00 37424 0 1
2012010210 11:40:00 22861 1 0
2012010211 11:50:00 72709 1 0
2012010212 12:00:00 59274 0 0
2012010213 12:10:00 70865 0 0
2012010214 12:20:00 99436 1 0
2012010215 12:30:00 86847 1 0
2012010216 12:40:00 57272 0 1
2012010217 12:50:00 16411 0 1
2012010218 13:00:00 23267 1 0
2012010219 13:10:00 08446 0 1
2012010220 13:20:00 30712 0 0
2012010221 13:30:00 53214 0 0
2012010222 13:40:00 34391 1 0
2012010223 13:50:00 42827 0 0
2012010224 14:00:00 17997 0 1
2012010225 14:10:00 86125 0 0
2012010226 14:20:00 16070 0 1
2012010227 14:30:00 39733 0 1
2012010228 14:40:00 83095 0 0
2012010229 14:50:00 44136 1 0
2012010230 15:00:00 28423 0 0
2012010231 15:10:00 88172 1 0
2012010232 15:20:00 56920 0 0
2012010233 15:30:00 52508 1 0
2012010234 15:40:00 70952 0 0
2012010235 15:50:00 87266 0 1
2012010236 16:00:00 78205 0 0
2012010237 16:10:00 94432 1 0
2012010238 16:20:00 95929 1 1
2012010239 16:30:00 61505 0 1
2012010240 16:40:00 94253 0 0
2012010241 16:50:00 54951 0 0
2012010242 17:00:00 09778 0 1
2012010243 17:10:00 41280 0 0
2012010244 17:20:00 93693 0 0
2012010245 17:30:00 39446 0 1
2012010246 17:40:00 03975 0 0
2012010247 17:50:00 70885 0 1
2012010248 18:00:00 24195 0 0
2012010249 18:10:00 76840 0 0
2012010250 18:20:00 67412 0 0
2012010251 18:30:00 60402 0 0
2012010252 18:40:00 12954 0 0
2012010253 18:50:00 91373 0 1
2012010254 19:00:00 23929 0 1
2012010255 19:10:00 40818 0 1
2012010256 19:20:00 41711 0 1
2012010257 19:30:00 89638 0 0
2012010258 19:40:00 07825 0 0
2012010259 19:50:00 20698 0 0
2012010260 20:00:00 37770 1 1
2012010261 20:10:00 91628 0 0
2012010262 20:20:00 08590 0 0
2012010263 20:30:00 38822 1 1
2012010264 20:40:00 48072 0 0
2012010265 20:50:00 26756 0 0
2012010266 21:00:00 14856 0 0
2012010267 21:10:00 88808 1 1
2012010268 21:20:00 24209 1 0
2012010269 21:30:00 91135 1 0
2012010270 21:40:00 98889 1 1
2012010271 21:50:00 86040 0 1
2012010272 22:00:00 83292 0 1
2012010273 22:10:00 59356 0 0
2012010274 22:20:00 05925 0 0
2012010275 22:30:00 16179 1 0
2012010276 22:40:00 15623 0 0
2012010277 22:50:00 02159 0 0
2012010278 23:00:00 04996 0 1
2012010279 23:10:00 30996 0 1
2012010280 23:20:00 32988 0 1
2012010281 23:30:00 65407 0 0
2012010282 23:40:00 12532 0 0
2012010283 23:50:00 22307 1 0
2012010284 00:00:00 34322 1 1
