2012111001 10:10:00 02734 0 0
2012111002 10:20:00 21097 0 0
2012111003 10:30:00 08285 0 0
2012111004 10:40:00 35049 0 0
2012111005 10:50:00 20300 0 1
2012111006 11:00:00 03181 0 1
2012111007 11:10:00 56120 0 0
2012111008 11:20:00 21717 0 1
2012111009 11:30:00 04504 0 0
2012111010 11:40:00 37091 0 0
2012111011 11:50:00 88192 1 0
2012111012 12:00:00 91007 0 1
2012111013 12:10:00 53029 0 0
2012111014 12:20:00 52308 0 0
2012111015 12:30:00 17448 0 1
2012111016 12:40:00 63150 0 0
2012111017 12:50:00 81719 0 0
2012111018 13:00:00 48829 1 0
2012111019 13:10:00 42888 0 1
2012111020 13:20:00 12758 0 0
2012111021 13:30:00 28632 0 0
2012111022 13:40:00 10001 1 1
2012111023 13:50:00 00703 1 0
2012111024 14:00:00 38508 0 0
2012111025 14:10:00 41847 0 0
2012111026 14:20:00 88592 1 0
2012111027 14:30:00 69017 0 0
2012111028 14:40:00 43319 1 0
2012111029 14:50:00 88899 1 1
2012111030 15:00:00 39349 1 0
2012111031 15:10:00 05878 0 1
2012111032 15:20:00 79374 0 0
2012111033 15:30:00 97354 0 0
2012111034 15:40:00 96491 0 0
2012111035 15:50:00 81234 0 0
2012111036 16:00:00 77986 1 0
2012111037 16:10:00 13613 0 0
2012111038 16:20:00 68430 0 0
2012111039 16:30:00 33972 1 0
2012111040 16:40:00 15043 0 0
2012111041 16:50:00 43013 0 0
2012111042 17:00:00 94666 0 1
2012111043 17:10:00 05045 1 0
2012111044 17:20:00 44849 1 0
2012111045 17:30:00 23541 0 0
2012111046 17:40:00 40898 0 1
2012111047 17:50:00 63913 0 0
2012111048 18:00:00 96998 1 1
2012111049 18:10:00 26756 0 0
2012111050 18:20:00 12542 0 0
2012111051 18:30:00 71077 0 1
2012111052 18:40:00 11000 1 1
2012111053 18:50:00 12731 0 0
2012111054 19:00:00 34829 0 0
2012111055 19:10:00 07650 0 0
2012111056 19:20:00 94435 1 0
2012111057 19:30:00 80014 1 0
2012111058 19:40:00 76410 0 0
2012111059 19:50:00 76434 0 1
2012111060 20:00:00 06296 0 0
2012111061 20:10:00 78947 0 0
2012111062 20:20:00 44965 1 0
2012111063 20:30:00 25480 0 0
2012111064 20:40:00 94671 0 0
2012111065 20:50:00 38371 1 0
2012111066 21:00:00 44480 1 0
2012111067 21:10:00 97550 0 1
2012111068 21:20:00 78560 0 0
2012111069 21:30:00 06851 0 0
2012111070 21:40:00 06424 0 1
2012111071 21:50:00 18579 0 0
2012111072 22:00:00 77661 1 1
2012111073 22:10:00 90724 0 0
2012111074 22:20:00 91319 0 0
2012111075 22:30:00 73688 0 1
2012111076 22:40:00 86577 0 1
2012111077 22:50:00 02108 0 0
2012111078 23:00:00 05097 1 0
2012111079 23:10:00 69714 0 0
2012111080 23:20:00 29563 0 0
2012111081 23:30:00 62996 0 1
2012111082 23:40:00 76443 0 1
2012111083 23:50:00 39397 1 0
2012111084 00:00:00 56238 0 0
2012111085 00:10:00 15220 0 1
2012111086 00:20:00 18078 0 0
2012111087 00:30:00 11587 1 0
2012111088 00:40:00 05341 0 0
2012111089 00:50:00 67702 1 0
2012111090 01:00:00 19826 0 0
2012111091 01:10:00 10107 1 0
2012111092 01:20:00 93291 0 0
2012111093 01:30:00 88584 1 0
2012111094 01:40:00 64065 0 0
2012111095 01:50:00 93788 0 1
2012111096 02:00:00 95266 0 1
