2012052501 10:10:00 61169 1 0
2012052502 10:20:00 74979 0 1
2012052503 10:30:00 62354 0 0
2012052504 10:40:00 80724 0 0
2012052505 10:50:00 53011 0 1
2012052506 11:00:00 66513 1 0
2012052507 11:10:00 99480 1 0
2012052508 11:20:00 35454 0 1
2012052509 11:30:00 21353 0 1
2012052510 11:40:00 33107 1 0
2012052511 11:50:00 86685 1 0
2012052512 12:00:00 42095 0 0
2012052513 12:10:00 50958 0 0
2012052514 12:20:00 77561 1 0
2012052515 12:30:00 60658 1 0
2012052516 12:40:00 66030 1 1
2012052517 12:50:00 79563 0 0
2012052518 13:00:00 43067 0 0
2012052519 13:10:00 20808 0 1
2012052520 13:20:00 36237 0 0
2012052521 13:30:00 41063 0 0
2012052522 13:40:00 64027 0 0
2012052523 13:50:00 19378 0 0
2012052524 14:00:00 68591 0 0
2012052525 14:10:00 71535 0 1
2012052526 14:20:00 04791 0 0
2012052527 14:30:00 15902 0 0
2012052528 14:40:00 11883 1 1
2012052529 14:50:00 19701 0 0
2012052530 15:00:00 87022 0 1
2012052531 15:10:00 08364 0 0
2012052532 15:20:00 60715 0 0
2012052533 15:30:00 46068 0 0
2012052534 15:40:00 40319 0 0
2012052535 15:50:00 24455 1 1
2012052536 16:00:00 56973 0 0
2012052537 16:10:00 24429 1 0
2012052538 16:20:00 21062 0 0
2012052539 16:30:00 72423 0 0
2012052540 16:40:00 83288 0 1
2012052541 16:50:00 68075 0 0
2012052542 17:00:00 16142 1 0
2012052543 17:10:00 12572 0 0
2012052544 17:20:00 62415 0 0
2012052545 17:30:00 97676 0 1
2012052546 17:40:00 78785 1 0
2012052547 17:50:00 58154 0 0
2012052548 18:00:00 08112 0 1
2012052549 18:10:00 53919 0 1
2012052550 18:20:00 99958 1 0
2012052551 18:30:00 13706 0 0
2012052552 18:40:00 80609 0 0
2012052553 18:50:00 45735 0 0
2012052554 19:00:00 35109 0 0
2012052555 19:10:00 47178 0 0
2012052556 19:20:00 96157 0 0
2012052557 19:30:00 59610 0 0
2012052558 19:40:00 30868 0 1
2012052559 19:50:00 50813 0 0
2012052560 20:00:00 51374 0 0
2012052561 20:10:00 62288 1 1
2012052562 20:20:00 66695 1 0
2012052563 20:30:00 96907 1 0
2012052564 20:40:00 51467 0 0
2012052565 20:50:00 13014 0 0
2012052566 21:00:00 48273 0 0
2012052567 21:10:00 85596 1 0
2012052568 21:20:00 85392 0 0
2012052569 21:30:00 25413 0 0
2012052570 21:40:00 13956 0 0
2012052571 21:50:00 40490 1 0
2012052572 22:00:00 89455 0 1
2012052573 22:10:00 03899 0 1
2012052574 22:20:00 04157 0 0
2012052575 22:30:00 51124 1 0
2012052576 22:40:00 92592 0 0
2012052577 22:50:00 06061 1 0
2012052578 23:00:00 40595 0 1
2012052579 23:10:00 23206 1 0
2012052580 23:20:00 45851 0 0
2012052581 23:30:00 89458 0 0
2012052582 23:40:00 37944 0 1
2012052583 23:50:00 43046 0 0
2012052584 00:00:00 04488 1 1
