2012100801 10:10:00 15625 0 0
2012100802 10:20:00 70491 0 0
2012100803 10:30:00 57507 1 0
2012100804 10:40:00 36366 1 1
2012100805 10:50:00 88754 1 0
2012100806 11:00:00 54924 0 0
2012100807 11:10:00 21964 0 0
2012100808 11:20:00 66820 1 0
2012100809 11:30:00 32091 0 0
2012100810 11:40:00 96342 0 0
2012100811 11:50:00 60430 0 0
2012100812 12:00:00 89825 1 0
2012100813 12:10:00 27906 0 0
2012100814 12:20:00 45367 0 0
2012100815 12:30:00 76217 0 0
2012100816 12:40:00 88749 1 0
2012100817 12:50:00 26730 0 0
2012100818 13:00:00 12414 0 1
2012100819 13:10:00 51089 0 0
2012100820 13:20:00 61807 0 0
2012100821 13:30:00 63322 1 1
2012100822 13:40:00 34216 0 0
2012100823 13:50:00 28057 0 0
2012100824 14:00:00 49879 0 0
2012100825 14:10:00 41564 0 0
2012100826 14:20:00 44543 1 0
2012100827 14:30:00 38221 0 1
2012100828 14:40:00 45067 0 0
2012100829 14:50:00 26158 0 0
2012100830 15:00:00 47868 0 1
2012100831 15:10:00 52530 1 0
2012100832 15:20:00 13217 0 0
2012100833 15:30:00 90294 0 0
2012100834 15:40:00 14662 0 1
2012100835 15:50:00 47785 1 0
2012100836 16:00:00 09787 0 1
2012100837 16:10:00 89694 0 0
2012100838 16:20:00 64658 1 0
2012100839 16:30:00 74157 0 0
2012100840 16:40:00 85764 0 0
2012100841 16:50:00 76672 1 0
2012100842 17:00:00 48400 1 1
2012100843 17:10:00 40919 0 1
2012100844 17:20:00 01182 1 0
2012100845 17:30:00 51374 0 0
2012100846 17:40:00 90344 0 1
2012100847 17:50:00 81822 1 1
2012100848 18:00:00 16644 1 1
2012100849 18:10:00 40285 0 0
2012100850 18:20:00 80866 1 1
2012100851 18:30:00 21616 0 1
2012100852 18:40:00 88096 1 0
2012100853 18:50:00 32144 0 1
2012100854 19:00:00 46988 0 1
2012100855 19:10:00 83395 1 0
2012100856 19:20:00 37391 1 0
2012100857 19:30:00 43354 1 0
2012100858 19:40:00 52244 1 1
2012100859 19:50:00 58641 0 0
2012100860 20:00:00 00253 1 0
2012100861 20:10:00 97523 0 0
2012100862 20:20:00 90702 0 0
2012100863 20:30:00 51004 0 1
2012100864 20:40:00 98888 1 1
2012100865 20:50:00 71185 1 0
2012100866 21:00:00 40846 0 0
2012100867 21:10:00 99997 1 1
2012100868 21:20:00 72881 0 1
2012100869 21:30:00 41506 0 0
2012100870 21:40:00 17998 0 1
2012100871 21:50:00 28527 0 0
2012100872 22:00:00 50466 0 1
2012100873 22:10:00 13880 0 1
2012100874 22:20:00 62245 1 0
2012100875 22:30:00 88199 1 1
2012100876 22:40:00 62686 1 1
2012100877 22:50:00 27888 0 1
2012100878 23:00:00 17090 0 1
2012100879 23:10:00 31135 1 0
2012100880 23:20:00 12252 1 1
2012100881 23:30:00 51377 0 1
2012100882 23:40:00 91908 1 0
2012100883 23:50:00 35448 0 1
2012100884 00:00:00 23032 0 0
