2012092101 10:10:00 22856 1 0
2012092102 10:20:00 96115 0 1
2012092103 10:30:00 44815 1 0
2012092104 10:40:00 99270 1 0
2012092105 10:50:00 39462 0 0
2012092106 11:00:00 44066 1 1
2012092107 11:10:00 64944 0 1
2012092108 11:20:00 54336 0 1
2012092109 11:30:00 85617 0 0
2012092110 11:40:00 46239 0 0
2012092111 11:50:00 94825 0 0
2012092112 12:00:00 00732 1 0
2012092113 12:10:00 04129 0 0
2012092114 12:20:00 41412 1 0
2012092115 12:30:00 43737 0 1
2012092116 12:40:00 71580 0 0
2012092117 12:50:00 91496 0 0
2012092118 13:00:00 56432 0 0
2012092119 13:10:00 40149 0 0
2012092120 13:20:00 59164 0 0
2012092121 13:30:00 74734 1 0
2012092122 13:40:00 85429 0 0
2012092123 13:50:00 22754 1 0
2012092124 14:00:00 84961 0 0
2012092125 14:10:00 41816 0 0
2012092126 14:20:00 41737 0 1
2012092127 14:30:00 01156 1 0
2012092128 14:40:00 29116 0 1
2012092129 14:50:00 98220 0 1
2012092130 15:00:00 82581 0 0
2012092131 15:10:00 12407 0 0
2012092132 15:20:00 06532 0 0
2012092133 15:30:00 33113 1 1
2012092134 15:40:00 69996 1 1
2012092135 15:50:00 67592 0 0
2012092136 16:00:00 65609 1 0
2012092137 16:10:00 67715 1 0
2012092138 16:20:00 76400 0 1
2012092139 16:30:00 20643 0 0
2012092140 16:40:00 99008 1 1
2012092141 16:50:00 33639 1 0
2012092142 17:00:00 42156 0 0
2012092143 17:10:00 39029 0 0
2012092144 17:20:00 41619 0 0
2012092145 17:30:00 64769 0 0
2012092146 17:40:00 20098 1 0
2012092147 17:50:00 38993 0 1
2012092148 18:00:00 68525 0 1
2012092149 18:10:00 60793 0 0
2012092150 18:20:00 07307 0 0
2012092151 18:30:00 46282 0 1
2012092152 18:40:00 74940 0 0
2012092153 18:50:00 46681 1 0
2012092154 19:00:00 66574 1 0
2012092155 19:10:00 97923 1 0
2012092156 19:20:00 08564 0 0
2012092157 19:30:00 37315 1 0
2012092158 19:40:00 45885 0 1
2012092159 19:50:00 84199 0 1
2012092160 20:00:00 00612 1 0
2012092161 20:10:00 36342 1 0
2012092162 20:20:00 04403 1 0
2012092163 20:30:00 19711 0 1
2012092164 20:40:00 30772 0 1
2012092165 20:50:00 26067 0 0
2012092166 21:00:00 75753 1 0
2012092167 21:10:00 56199 0 1
2012092168 21:20:00 39930 1 0
2012092169 21:30:00 62625 1 0
2012092170 21:40:00 60206 0 0
2012092171 21:50:00 76480 0 0
2012092172 22:00:00 67271 0 0
2012092173 22:10:00 23570 0 0
2012092174 22:20:00 16255 0 1
2012092175 22:30:00 96236 0 0
2012092176 22:40:00 41582 0 0
2012092177 22:50:00 57070 0 1
2012092178 23:00:00 21132 1 0
2012092179 23:10:00 77891 1 0
2012092180 23:20:00 08373 0 1
2012092181 23:30:00 87264 0 0
2012092182 23:40:00 32651 0 0
2012092183 23:50:00 04988 0 1
2012092184 00:00:00 55066 1 1
