2012090301 10:10:00 24763 0 0
2012090302 10:20:00 88405 1 0
2012090303 10:30:00 40026 1 0
2012090304 10:40:00 61147 1 0
2012090305 10:50:00 80400 0 1
2012090306 11:00:00 03440 0 1
2012090307 11:10:00 20055 1 1
2012090308 11:20:00 77517 1 0
2012090309 11:30:00 18537 0 0
2012090310 11:40:00 90500 0 1
2012090311 11:50:00 97408 0 0
2012090312 12:00:00 29344 0 1
2012090313 12:10:00 10463 0 0
2012090314 12:20:00 77553 1 1
2012090315 12:30:00 38975 0 0
2012090316 12:40:00 96668 1 1
2012090317 12:50:00 12577 0 1
2012090318 13:00:00 33362 1 0
2012090319 13:10:00 15731 0 0
2012090320 13:20:00 17787 1 1
2012090321 13:30:00 89882 1 1
2012090322 13:40:00 14809 0 0
2012090323 13:50:00 12748 0 0
2012090324 14:00:00 16895 0 0
2012090325 14:10:00 80909 0 1
2012090326 14:20:00 92076 0 0
2012090327 14:30:00 16375 0 0
2012090328 14:40:00 83505 0 1
2012090329 14:50:00 78234 0 0
2012090330 15:00:00 83366 1 1
2012090331 15:10:00 82656 0 1
2012090332 15:20:00 63840 0 0
2012090333 15:30:00 79215 0 0
2012090334 15:40:00 47408 1 0
2012090335 15:50:00 14489 1 0
2012090336 16:00:00 37352 1 0
2012090337 16:10:00 83787 0 1
2012090338 16:20:00 26444 0 1
2012090339 16:30:00 17078 0 0
2012090340 16:40:00 92012 0 0
2012090341 16:50:00 61743 0 0
2012090342 17:00:00 66042 1 0
2012090343 17:10:00 98926 1 0
2012090344 17:20:00 76226 0 1
2012090345 17:30:00 15958 0 0
2012090346 17:40:00 69690 1 0
2012090347 17:50:00 79026 0 0
2012090348 18:00:00 52855 0 1
2012090349 18:10:00 39024 0 0
2012090350 18:20:00 60156 0 0
2012090351 18:30:00 95087 0 0
2012090352 18:40:00 37467 0 0
2012090353 18:50:00 06758 0 0
2012090354 19:00:00 45558 1 1
2012090355 19:10:00 47716 1 0
2012090356 19:20:00 72838 0 1
2012090357 19:30:00 96486 0 0
2012090358 19:40:00 26291 1 0
2012090359 19:50:00 38510 0 0
2012090360 20:00:00 80694 0 0
2012090361 20:10:00 11515 1 1
2012090362 20:20:00 97335 0 1
2012090363 20:30:00 63726 0 0
2012090364 20:40:00 97106 0 0
2012090365 20:50:00 76276 0 0
2012090366 21:00:00 23348 1 0
2012090367 21:10:00 71156 1 0
2012090368 21:20:00 69571 0 0
2012090369 21:30:00 71690 0 0
2012090370 21:40:00 44907 1 0
2012090371 21:50:00 32689 0 0
2012090372 22:00:00 23139 0 0
2012090373 22:10:00 55957 1 0
2012090374 22:20:00 89988 1 1
2012090375 22:30:00 77730 1 0
2012090376 22:40:00 59910 1 0
2012090377 22:50:00 64544 0 1
2012090378 23:00:00 51363 0 1
2012090379 23:10:00 70283 0 0
2012090380 23:20:00 18262 0 1
2012090381 23:30:00 00432 1 0
2012090382 23:40:00 94138 0 0
2012090383 23:50:00 32047 0 0
2012090384 00:00:00 83122 0 1
