2012040601 10:10:00 06878 0 1
2012040602 10:20:00 99976 1 0
2012040603 10:30:00 55353 1 1
2012040604 10:40:00 04899 0 1
2012040605 10:50:00 94877 0 1
2012040606 11:00:00 05283 0 0
2012040607 11:10:00 84809 1 0
2012040608 11:20:00 80611 0 1
2012040609 11:30:00 33366 1 1
2012040610 11:40:00 77063 1 0
2012040611 11:50:00 60833 0 1
2012040612 12:00:00 09643 0 0
2012040613 12:10:00 47808 0 1
2012040614 12:20:00 95273 0 0
2012040615 12:30:00 70304 0 0
2012040616 12:40:00 44125 1 0
2012040617 12:50:00 77553 1 1
2012040618 13:00:00 51545 1 1
2012040619 13:10:00 76955 0 1
2012040620 13:20:00 79518 0 0
2012040621 13:30:00 27579 0 0
2012040622 13:40:00 28239 1 0
2012040623 13:50:00 12584 0 0
2012040624 14:00:00 94838 0 1
2012040625 14:10:00 34969 0 1
2012040626 14:20:00 15270 0 0
2012040627 14:30:00 20921 0 0
2012040628 14:40:00 11499 1 1
2012040629 14:50:00 21635 0 0
2012040630 15:00:00 09622 0 1
2012040631 15:10:00 14231 0 0
2012040632 15:20:00 38800 1 1
2012040633 15:30:00 77558 1 1
2012040634 15:40:00 62444 0 1
2012040635 15:50:00 98653 0 0
2012040636 16:00:00 36200 0 1
2012040637 16:10:00 10286 0 0
2012040638 16:20:00 72925 0 0
2012040639 16:30:00 92822 0 1
2012040640 16:40:00 81427 0 0
2012040641 16:50:00 95145 0 0
2012040642 17:00:00 74920 0 0
2012040643 17:10:00 03566 0 1
2012040644 17:20:00 14686 0 1
2012040645 17:30:00 77596 1 0
2012040646 17:40:00 07120 0 0
2012040647 17:50:00 94351 0 0
2012040648 18:00:00 89304 0 0
2012040649 18:10:00 89874 1 0
2012040650 18:20:00 85800 1 1
2012040651 18:30:00 07772 1 1
2012040652 18:40:00 20671 0 0
2012040653 18:50:00 62116 0 1
2012040654 19:00:00 68773 0 1
2012040655 19:10:00 32357 1 0
2012040656 19:20:00 84991 0 1
2012040657 19:30:00 84680 0 0
2012040658 19:40:00 02236 1 0
2012040659 19:50:00 26638 1 0
2012040660 20:00:00 61134 1 0
2012040661 20:10:00 64746 0 0
2012040662 20:20:00 29676 0 1
2012040663 20:30:00 51324 0 0
2012040664 20:40:00 48630 0 0
2012040665 20:50:00 74248 0 0
2012040666 21:00:00 64529 0 0
2012040667 21:10:00 90099 1 1
2012040668 21:20:00 41643 0 0
2012040669 21:30:00 86555 0 1
2012040670 21:40:00 54105 0 0
2012040671 21:50:00 86235 0 0
2012040672 22:00:00 58889 1 1
2012040673 22:10:00 99654 1 0
2012040674 22:20:00 70445 0 1
2012040675 22:30:00 41826 0 0
2012040676 22:40:00 93291 0 0
2012040677 22:50:00 45644 0 1
2012040678 23:00:00 07605 0 0
2012040679 23:10:00 67029 0 0
2012040680 23:20:00 95551 1 1
2012040681 23:30:00 91227 0 1
2012040682 23:40:00 51117 1 1
2012040683 23:50:00 04802 0 0
2012040684 00:00:00 32907 0 0
