2012090801 10:10:00 29241 1 0
2012090802 10:20:00 26522 0 1
2012090803 10:30:00 28599 0 1
2012090804 10:40:00 47619 0 0
2012090805 10:50:00 69901 1 0
2012090806 11:00:00 22518 1 0
2012090807 11:10:00 02780 0 0
2012090808 11:20:00 33250 1 0
2012090809 11:30:00 95425 0 0
2012090810 11:40:00 80262 0 1
2012090811 11:50:00 59111 0 1
2012090812 12:00:00 73271 0 0
2012090813 12:10:00 29199 0 1
2012090814 12:20:00 53276 0 0
2012090815 12:30:00 65180 0 0
2012090816 12:40:00 55829 1 0
2012090817 12:50:00 98125 0 0
2012090818 13:00:00 68244 0 1
2012090819 13:10:00 72769 1 0
2012090820 13:20:00 35412 0 0
2012090821 13:30:00 20922 0 1
2012090822 13:40:00 32366 1 1
2012090823 13:50:00 70004 1 1
2012090824 14:00:00 75426 0 0
2012090825 14:10:00 47858 0 1
2012090826 14:20:00 85153 0 0
2012090827 14:30:00 32473 0 0
2012090828 14:40:00 94734 0 0
2012090829 14:50:00 32997 0 1
2012090830 15:00:00 36480 0 0
2012090831 15:10:00 19323 0 1
2012090832 15:20:00 67925 0 0
2012090833 15:30:00 68974 0 0
2012090834 15:40:00 29921 1 0
2012090835 15:50:00 79266 0 1
2012090836 16:00:00 22144 1 1
2012090837 16:10:00 00093 1 0
2012090838 16:20:00 53436 0 0
2012090839 16:30:00 86357 0 0
2012090840 16:40:00 50637 0 0
2012090841 16:50:00 51927 0 0
2012090842 17:00:00 09191 0 1
2012090843 17:10:00 91416 0 0
2012090844 17:20:00 71504 0 0
2012090845 17:30:00 69101 0 1
2012090846 17:40:00 27783 1 0
2012090847 17:50:00 20567 0 0
2012090848 18:00:00 64038 0 0
2012090849 18:10:00 85386 0 0
2012090850 18:20:00 06354 0 0
2012090851 18:30:00 27355 0 1
2012090852 18:40:00 76257 0 0
2012090853 18:50:00 40419 1 0
2012090854 19:00:00 88650 1 0
2012090855 19:10:00 20926 0 0
2012090856 19:20:00 11018 1 0
2012090857 19:30:00 68476 0 0
2012090858 19:40:00 54891 0 0
2012090859 19:50:00 14978 0 0
2012090860 20:00:00 12228 1 1
2012090861 20:10:00 00146 1 0
2012090862 20:20:00 27476 0 0
2012090863 20:30:00 84445 1 1
2012090864 20:40:00 30636 0 1
2012090865 20:50:00 81530 0 0
2012090866 21:00:00 73600 0 1
2012090867 21:10:00 61027 0 0
2012090868 21:20:00 55594 1 0
2012090869 21:30:00 49775 0 1
2012090870 21:40:00 33844 1 1
2012090871 21:50:00 49644 0 1
2012090872 22:00:00 14799 0 1
2012090873 22:10:00 23004 0 1
2012090874 22:20:00 08423 0 0
2012090875 22:30:00 16949 0 1
2012090876 22:40:00 00613 1 0
2012090877 22:50:00 13748 0 0
2012090878 23:00:00 13645 0 0
2012090879 23:10:00 32928 0 0
2012090880 23:20:00 48600 0 1
2012090881 23:30:00 90853 0 0
2012090882 23:40:00 32221 1 1
2012090883 23:50:00 94139 0 0
2012090884 00:00:00 70455 0 1
