2012082001 10:10:00 24016 0 0
2012082002 10:20:00 77527 1 0
2012082003 10:30:00 23940 0 0
2012082004 10:40:00 36918 0 0
2012082005 10:50:00 27715 1 0
2012082006 11:00:00 43921 0 0
2012082007 11:10:00 04952 0 0
2012082008 11:20:00 97121 0 1
2012082009 11:30:00 49713 0 0
2012082010 11:40:00 87601 0 0
2012082011 11:50:00 31556 0 1
2012082012 12:00:00 22131 1 1
2012082013 12:10:00 78267 0 0
2012082014 12:20:00 30199 0 1
2012082015 12:30:00 35479 0 0
2012082016 12:40:00 79752 1 0
2012082017 12:50:00 32772 0 1
2012082018 13:00:00 12403 0 0
2012082019 13:10:00 21347 0 0
2012082020 13:20:00 44080 1 1
2012082021 13:30:00 73891 0 0
2012082022 13:40:00 07366 0 1
2012082023 13:50:00 36121 0 1
2012082024 14:00:00 78432 0 0
2012082025 14:10:00 59789 0 0
2012082026 14:20:00 21512 0 0
2012082027 14:30:00 45372 0 0
2012082028 14:40:00 26496 0 0
2012082029 14:50:00 94619 0 0
2012082030 15:00:00 77253 1 0
2012082031 15:10:00 46523 0 0
2012082032 15:20:00 76602 1 0
2012082033 15:30:00 27400 0 1
2012082034 15:40:00 05815 0 0
2012082035 15:50:00 07381 0 0
2012082036 16:00:00 40054 1 0
2012082037 16:10:00 18326 0 0
2012082038 16:20:00 06203 0 0
2012082039 16:30:00 53643 0 0
2012082040 16:40:00 83531 0 0
2012082041 16:50:00 45891 0 0
2012082042 17:00:00 66007 1 1
2012082043 17:10:00 33152 1 0
2012082044 17:20:00 45664 0 1
2012082045 17:30:00 75171 0 1
2012082046 17:40:00 52348 0 0
2012082047 17:50:00 09388 0 1
2012082048 18:00:00 87931 0 0
2012082049 18:10:00 54208 0 0
2012082050 18:20:00 02895 0 0
2012082051 18:30:00 04089 1 0
2012082052 18:40:00 65559 1 1
2012082053 18:50:00 33361 1 0
2012082054 19:00:00 42259 1 0
2012082055 19:10:00 40787 0 1
2012082056 19:20:00 98190 0 0
2012082057 19:30:00 92705 0 0
2012082058 19:40:00 15197 1 0
2012082059 19:50:00 89297 0 0
2012082060 20:00:00 32844 0 1
2012082061 20:10:00 87134 0 0
2012082062 20:20:00 31145 1 0
2012082063 20:30:00 50628 0 0
2012082064 20:40:00 99014 1 0
2012082065 20:50:00 99301 1 0
2012082066 21:00:00 73358 1 0
2012082067 21:10:00 14076 0 0
2012082068 21:20:00 45382 0 0
2012082069 21:30:00 40651 0 0
2012082070 21:40:00 75373 0 1
2012082071 21:50:00 45397 0 0
2012082072 22:00:00 48258 0 0
2012082073 22:10:00 79376 0 0
2012082074 22:20:00 03875 0 0
2012082075 22:30:00 88721 1 0
2012082076 22:40:00 90841 0 0
2012082077 22:50:00 95906 1 0
2012082078 23:00:00 74552 0 1
2012082079 23:10:00 76132 0 0
2012082080 23:20:00 69674 1 0
2012082081 23:30:00 56645 1 0
2012082082 23:40:00 92089 0 0
2012082083 23:50:00 42084 0 0
2012082084 00:00:00 28573 0 0
