2012080901 10:10:00 04296 0 0
2012080902 10:20:00 36103 0 0
2012080903 10:30:00 18954 0 0
2012080904 10:40:00 30729 0 0
2012080905 10:50:00 07026 1 0
2012080906 11:00:00 17969 0 1
2012080907 11:10:00 64318 0 0
2012080908 11:20:00 11996 1 1
2012080909 11:30:00 69143 0 0
2012080910 11:40:00 19526 0 0
2012080911 11:50:00 24655 0 1
2012080912 12:00:00 34675 0 0
2012080913 12:10:00 33254 1 0
2012080914 12:20:00 69892 0 0
2012080915 12:30:00 71185 1 0
2012080916 12:40:00 06087 1 0
2012080917 12:50:00 52716 0 0
2012080918 13:00:00 64681 1 0
2012080919 13:10:00 66372 1 0
2012080920 13:20:00 76073 0 0
2012080921 13:30:00 72352 0 0
2012080922 13:40:00 06220 0 1
2012080923 13:50:00 31473 0 0
2012080924 14:00:00 92516 0 0
2012080925 14:10:00 27971 0 0
2012080926 14:20:00 99897 1 0
2012080927 14:30:00 21771 0 1
2012080928 14:40:00 38973 0 0
2012080929 14:50:00 39241 0 0
2012080930 15:00:00 17403 0 0
2012080931 15:10:00 60790 0 0
2012080932 15:20:00 44390 1 0
2012080933 15:30:00 52597 1 0
2012080934 15:40:00 25998 0 1
2012080935 15:50:00 51038 0 0
2012080936 16:00:00 49769 0 0
2012080937 16:10:00 43570 0 0
2012080938 16:20:00 60127 0 0
2012080939 16:30:00 64108 0 0
2012080940 16:40:00 88057 1 0
2012080941 16:50:00 46378 0 0
2012080942 17:00:00 73570 0 0
2012080943 17:10:00 98908 1 0
2012080944 17:20:00 78793 1 0
2012080945 17:30:00 42691 0 0
2012080946 17:40:00 57481 0 0
2012080947 17:50:00 23204 1 0
2012080948 18:00:00 17378 0 0
2012080949 18:10:00 17215 0 0
2012080950 18:20:00 59780 0 0
2012080951 18:30:00 44556 1 1
2012080952 18:40:00 76209 0 0
2012080953 18:50:00 51959 0 1
2012080954 19:00:00 48477 1 1
2012080955 19:10:00 80402 0 0
2012080956 19:20:00 07456 0 0
2012080957 19:30:00 23798 0 0
2012080958 19:40:00 19606 0 1
2012080959 19:50:00 31846 0 0
2012080960 20:00:00 89770 0 1
2012080961 20:10:00 08338 0 1
2012080962 20:20:00 41416 1 0
2012080963 20:30:00 73920 0 0
2012080964 20:40:00 69828 0 1
2012080965 20:50:00 25526 1 0
2012080966 21:00:00 95271 0 0
2012080967 21:10:00 36635 1 0
2012080968 21:20:00 53559 1 1
2012080969 21:30:00 79407 0 0
2012080970 21:40:00 88949 1 1
2012080971 21:50:00 61890 0 0
2012080972 22:00:00 13055 0 1
2012080973 22:10:00 88238 1 0
2012080974 22:20:00 65655 1 1
2012080975 22:30:00 18614 0 0
2012080976 22:40:00 01613 0 0
2012080977 22:50:00 76425 0 0
2012080978 23:00:00 43347 1 0
2012080979 23:10:00 46533 0 1
2012080980 23:20:00 01347 0 0
2012080981 23:30:00 53164 0 0
2012080982 23:40:00 96500 0 1
2012080983 23:50:00 77106 1 0
2012080984 00:00:00 40415 1 0
