2012090501 10:10:00 01585 0 1
2012090502 10:20:00 85460 0 0
2012090503 10:30:00 46775 0 1
2012090504 10:40:00 82740 0 0
2012090505 10:50:00 55593 1 0
2012090506 11:00:00 95498 0 0
2012090507 11:10:00 98740 0 0
2012090508 11:20:00 45124 0 0
2012090509 11:30:00 11749 1 0
2012090510 11:40:00 88287 1 0
2012090511 11:50:00 85452 0 0
2012090512 12:00:00 04746 0 0
2012090513 12:10:00 32698 0 0
2012090514 12:20:00 32366 1 1
2012090515 12:30:00 21806 0 0
2012090516 12:40:00 98546 0 0
2012090517 12:50:00 91866 0 1
2012090518 13:00:00 74133 0 1
2012090519 13:10:00 52475 0 0
2012090520 13:20:00 09027 1 0
2012090521 13:30:00 10104 1 0
2012090522 13:40:00 84610 0 0
2012090523 13:50:00 87070 0 1
2012090524 14:00:00 81733 0 1
2012090525 14:10:00 04623 0 0
2012090526 14:20:00 10945 0 0
2012090527 14:30:00 25173 0 0
2012090528 14:40:00 99910 1 0
2012090529 14:50:00 16307 0 0
2012090530 15:00:00 54501 1 0
2012090531 15:10:00 28895 1 0
2012090532 15:20:00 57268 0 0
2012090533 15:30:00 54496 1 0
2012090534 15:40:00 90651 0 0
2012090535 15:50:00 78217 0 0
2012090536 16:00:00 68613 1 0
2012090537 16:10:00 77539 1 0
2012090538 16:20:00 35367 1 0
2012090539 16:30:00 94888 0 1
2012090540 16:40:00 39874 0 0
2012090541 16:50:00 70882 0 1
2012090542 17:00:00 15950 0 0
2012090543 17:10:00 41106 1 0
2012090544 17:20:00 84274 0 0
2012090545 17:30:00 25187 0 0
2012090546 17:40:00 39800 0 1
2012090547 17:50:00 51678 0 0
2012090548 18:00:00 09544 0 1
2012090549 18:10:00 18222 0 1
2012090550 18:20:00 96538 0 0
2012090551 18:30:00 94369 0 0
2012090552 18:40:00 45628 0 0
2012090553 18:50:00 02298 1 0
2012090554 19:00:00 61434 0 1
2012090555 19:10:00 23283 1 0
2012090556 19:20:00 45561 1 0
2012090557 19:30:00 50134 0 0
2012090558 19:40:00 87766 1 1
2012090559 19:50:00 08705 0 0
2012090560 20:00:00 61018 0 0
2012090561 20:10:00 19894 0 0
2012090562 20:20:00 81093 0 0
2012090563 20:30:00 43246 0 0
2012090564 20:40:00 53927 0 0
2012090565 20:50:00 53705 0 0
2012090566 21:00:00 10017 1 0
2012090567 21:10:00 86864 1 0
2012090568 21:20:00 43773 0 1
2012090569 21:30:00 91574 0 0
2012090570 21:40:00 46772 0 1
2012090571 21:50:00 47272 0 1
2012090572 22:00:00 11865 1 0
2012090573 22:10:00 54557 1 1
2012090574 22:20:00 03171 0 1
2012090575 22:30:00 61750 0 0
2012090576 22:40:00 86056 0 0
2012090577 22:50:00 06885 0 1
2012090578 23:00:00 97916 1 0
2012090579 23:10:00 05955 0 1
2012090580 23:20:00 01650 0 0
2012090581 23:30:00 32619 0 0
2012090582 23:40:00 44112 1 1
2012090583 23:50:00 20541 0 0
2012090584 00:00:00 34378 1 0
