2012031201 10:10:00 91175 1 0
2012031202 10:20:00 53454 0 1
2012031203 10:30:00 50762 0 0
2012031204 10:40:00 12120 1 0
2012031205 10:50:00 45926 0 0
2012031206 11:00:00 03537 0 0
2012031207 11:10:00 53493 0 0
2012031208 11:20:00 55436 1 0
2012031209 11:30:00 04476 1 0
2012031210 11:40:00 11747 1 1
2012031211 11:50:00 69168 0 0
2012031212 12:00:00 36956 0 0
2012031213 12:10:00 03816 0 0
2012031214 12:20:00 32346 1 0
2012031215 12:30:00 80048 1 0
2012031216 12:40:00 87339 0 1
2012031217 12:50:00 93812 0 0
2012031218 13:00:00 41211 0 1
2012031219 13:10:00 14096 0 0
2012031220 13:20:00 28668 0 1
2012031221 13:30:00 84290 0 0
2012031222 13:40:00 33804 1 0
2012031223 13:50:00 87067 0 0
2012031224 14:00:00 36747 0 1
2012031225 14:10:00 04722 0 1
2012031226 14:20:00 64408 1 0
2012031227 14:30:00 51321 0 0
2012031228 14:40:00 04827 0 0
2012031229 14:50:00 40493 1 0
2012031230 15:00:00 29502 0 0
2012031231 15:10:00 41509 0 0
2012031232 15:20:00 16356 0 0
2012031233 15:30:00 96618 1 0
2012031234 15:40:00 43807 0 0
2012031235 15:50:00 20920 0 0
2012031236 16:00:00 27390 0 0
2012031237 16:10:00 74660 0 1
2012031238 16:20:00 00566 1 1
2012031239 16:30:00 89563 0 0
2012031240 16:40:00 77663 1 1
2012031241 16:50:00 99495 1 0
2012031242 17:00:00 57877 0 1
2012031243 17:10:00 86702 0 0
2012031244 17:20:00 04015 1 0
2012031245 17:30:00 44100 1 1
2012031246 17:40:00 96649 1 0
2012031247 17:50:00 23912 0 0
2012031248 18:00:00 07928 0 0
2012031249 18:10:00 21183 1 0
2012031250 18:20:00 17050 0 1
2012031251 18:30:00 91454 0 1
2012031252 18:40:00 44337 1 1
2012031253 18:50:00 36629 1 0
2012031254 19:00:00 81664 0 1
2012031255 19:10:00 84202 0 1
2012031256 19:20:00 63777 0 1
2012031257 19:30:00 06399 0 1
2012031258 19:40:00 60805 0 0
2012031259 19:50:00 63723 0 0
2012031260 20:00:00 41446 1 1
2012031261 20:10:00 47867 0 0
2012031262 20:20:00 89173 0 0
2012031263 20:30:00 76199 0 1
2012031264 20:40:00 11641 1 0
2012031265 20:50:00 62725 0 0
2012031266 21:00:00 70176 0 0
2012031267 21:10:00 05410 0 0
2012031268 21:20:00 91559 0 1
2012031269 21:30:00 19402 0 0
2012031270 21:40:00 47903 0 0
2012031271 21:50:00 62132 0 0
2012031272 22:00:00 65109 0 0
2012031273 22:10:00 77545 1 1
2012031274 22:20:00 54577 1 1
2012031275 22:30:00 99102 1 0
2012031276 22:40:00 09865 0 0
2012031277 22:50:00 73612 0 0
2012031278 23:00:00 98053 0 0
2012031279 23:10:00 07665 0 1
2012031280 23:20:00 69982 1 0
2012031281 23:30:00 15527 1 0
2012031282 23:40:00 65051 0 0
2012031283 23:50:00 05282 0 1
2012031284 00:00:00 89716 0 0
