2012042401 10:10:00 78407 0 0
2012042402 10:20:00 81980 0 0
2012042403 10:30:00 56283 0 0
2012042404 10:40:00 36907 0 0
2012042405 10:50:00 86640 1 0
2012042406 11:00:00 94620 0 0
2012042407 11:10:00 71530 0 0
2012042408 11:20:00 66655 1 1
2012042409 11:30:00 06686 1 1
2012042410 11:40:00 65014 0 0
2012042411 11:50:00 02275 1 0
2012042412 12:00:00 12696 0 1
2012042413 12:10:00 05267 0 0
2012042414 12:20:00 73304 1 0
2012042415 12:30:00 70722 1 1
2012042416 12:40:00 81522 0 1
2012042417 12:50:00 88356 1 0
2012042418 13:00:00 23017 0 0
2012042419 13:10:00 35603 0 0
2012042420 13:20:00 21456 0 0
2012042421 13:30:00 22390 1 0
2012042422 13:40:00 79587 0 0
2012042423 13:50:00 77073 1 0
2012042424 14:00:00 88417 1 0
2012042425 14:10:00 06736 0 0
2012042426 14:20:00 31216 0 0
2012042427 14:30:00 63243 0 0
2012042428 14:40:00 85170 0 0
2012042429 14:50:00 42986 0 0
2012042430 15:00:00 89413 0 0
2012042431 15:10:00 18867 1 0
2012042432 15:20:00 09834 0 0
2012042433 15:30:00 69541 0 0
2012042434 15:40:00 88775 1 1
2012042435 15:50:00 50305 0 0
2012042436 16:00:00 48608 0 0
2012042437 16:10:00 39886 0 1
2012042438 16:20:00 99574 1 0
2012042439 16:30:00 19776 0 1
2012042440 16:40:00 88349 1 0
2012042441 16:50:00 74931 0 0
2012042442 17:00:00 42383 0 1
2012042443 17:10:00 16350 0 0
2012042444 17:20:00 57544 1 1
2012042445 17:30:00 67412 0 0
2012042446 17:40:00 76878 0 1
2012042447 17:50:00 97922 1 1
2012042448 18:00:00 36702 0 0
2012042449 18:10:00 58225 0 1
2012042450 18:20:00 93400 0 1
2012042451 18:30:00 85904 0 0
2012042452 18:40:00 36173 0 0
2012042453 18:50:00 81161 1 1
2012042454 19:00:00 09284 0 0
2012042455 19:10:00 62234 1 0
2012042456 19:20:00 29204 1 0
2012042457 19:30:00 72985 0 0
2012042458 19:40:00 25619 0 0
2012042459 19:50:00 67085 0 0
2012042460 20:00:00 28613 0 0
2012042461 20:10:00 40305 0 0
2012042462 20:20:00 68453 0 0
2012042463 20:30:00 65227 0 1
2012042464 20:40:00 68229 0 1
2012042465 20:50:00 73715 1 0
2012042466 21:00:00 58140 0 0
2012042467 21:10:00 37226 0 1
2012042468 21:20:00 05583 1 0
2012042469 21:30:00 89745 0 0
2012042470 21:40:00 54049 0 0
2012042471 21:50:00 91118 1 1
2012042472 22:00:00 94859 0 0
2012042473 22:10:00 58686 0 1
2012042474 22:20:00 16474 0 1
2012042475 22:30:00 53700 0 1
2012042476 22:40:00 19252 0 1
2012042477 22:50:00 43097 0 0
2012042478 23:00:00 22723 1 0
2012042479 23:10:00 48160 0 0
2012042480 23:20:00 33516 1 0
2012042481 23:30:00 39823 0 0
2012042482 23:40:00 65523 1 0
2012042483 23:50:00 24397 0 0
2012042484 00:00:00 45955 0 1
