2012081601 10:10:00 12698 0 0
2012081602 10:20:00 43403 1 0
2012081603 10:30:00 01565 0 1
2012081604 10:40:00 84380 0 0
2012081605 10:50:00 55041 1 0
2012081606 11:00:00 84410 1 0
2012081607 11:10:00 98036 0 0
2012081608 11:20:00 58244 0 1
2012081609 11:30:00 22101 1 1
2012081610 11:40:00 83107 0 0
2012081611 11:50:00 70251 0 0
2012081612 12:00:00 93359 1 0
2012081613 12:10:00 37200 0 1
2012081614 12:20:00 53657 0 0
2012081615 12:30:00 79096 0 0
2012081616 12:40:00 07938 0 0
2012081617 12:50:00 54531 1 0
2012081618 13:00:00 97804 0 0
2012081619 13:10:00 58727 0 1
2012081620 13:20:00 13257 0 0
2012081621 13:30:00 27386 0 0
2012081622 13:40:00 30262 0 1
2012081623 13:50:00 89549 0 0
2012081624 14:00:00 97103 0 0
2012081625 14:10:00 98182 0 0
2012081626 14:20:00 73693 0 0
2012081627 14:30:00 65314 0 0
2012081628 14:40:00 31577 0 1
2012081629 14:50:00 23929 0 1
2012081630 15:00:00 78544 0 1
2012081631 15:10:00 30198 0 0
2012081632 15:20:00 41916 0 0
2012081633 15:30:00 28909 0 1
2012081634 15:40:00 21230 1 0
2012081635 15:50:00 76515 0 1
2012081636 16:00:00 04377 0 1
2012081637 16:10:00 38909 0 1
2012081638 16:20:00 58076 0 0
2012081639 16:30:00 60010 1 1
2012081640 16:40:00 47551 0 1
2012081641 16:50:00 19402 0 0
2012081642 17:00:00 75620 0 0
2012081643 17:10:00 02244 1 1
2012081644 17:20:00 83414 0 1
2012081645 17:30:00 11486 1 0
2012081646 17:40:00 15531 1 0
2012081647 17:50:00 48318 0 0
2012081648 18:00:00 28049 0 0
2012081649 18:10:00 75687 0 0
2012081650 18:20:00 05110 0 1
2012081651 18:30:00 65833 0 1
2012081652 18:40:00 37667 0 1
2012081653 18:50:00 55374 1 0
2012081654 19:00:00 59681 0 0
2012081655 19:10:00 30187 0 0
2012081656 19:20:00 64955 0 1
2012081657 19:30:00 48567 0 0
2012081658 19:40:00 81511 0 1
2012081659 19:50:00 03213 0 0
2012081660 20:00:00 78538 0 0
2012081661 20:10:00 86118 0 1
2012081662 20:20:00 93639 0 0
2012081663 20:30:00 79323 0 1
2012081664 20:40:00 28426 0 0
2012081665 20:50:00 97024 0 0
2012081666 21:00:00 94511 0 1
2012081667 21:10:00 92233 1 1
2012081668 21:20:00 74274 0 0
2012081669 21:30:00 63078 0 0
2012081670 21:40:00 70195 0 0
2012081671 21:50:00 42369 0 0
2012081672 22:00:00 57606 0 1
2012081673 22:10:00 81510 0 0
2012081674 22:20:00 43822 0 1
2012081675 22:30:00 02317 0 0
2012081676 22:40:00 90484 0 1
2012081677 22:50:00 79750 1 0
2012081678 23:00:00 06192 0 0
2012081679 23:10:00 45859 0 0
2012081680 23:20:00 06311 0 1
2012081681 23:30:00 46114 0 1
2012081682 23:40:00 17648 0 0
2012081683 23:50:00 21303 0 1
2012081684 00:00:00 57478 0 0
