2012102001 10:10:00 96265 0 0
2012102002 10:20:00 90580 0 0
2012102003 10:30:00 95837 0 0
2012102004 10:40:00 66052 1 0
2012102005 10:50:00 19043 0 0
2012102006 11:00:00 72557 0 1
2012102007 11:10:00 77402 1 0
2012102008 11:20:00 34632 0 0
2012102009 11:30:00 34410 1 0
2012102010 11:40:00 47404 1 1
2012102011 11:50:00 33591 1 0
2012102012 12:00:00 04577 0 1
2012102013 12:10:00 55061 1 0
2012102014 12:20:00 81987 0 0
2012102015 12:30:00 47985 0 0
2012102016 12:40:00 33049 1 0
2012102017 12:50:00 60426 0 0
2012102018 13:00:00 27282 1 1
2012102019 13:10:00 42169 0 0
2012102020 13:20:00 27536 0 0
2012102021 13:30:00 63782 0 0
2012102022 13:40:00 67365 0 0
2012102023 13:50:00 35860 0 0
2012102024 14:00:00 99671 1 0
2012102025 14:10:00 04803 0 0
2012102026 14:20:00 99738 1 0
2012102027 14:30:00 54120 0 0
2012102028 14:40:00 59746 0 0
2012102029 14:50:00 77043 1 0
2012102030 15:00:00 86407 0 0
2012102031 15:10:00 03394 1 0
2012102032 15:20:00 33163 1 0
2012102033 15:30:00 54731 0 0
2012102034 15:40:00 33284 1 0
2012102035 15:50:00 43743 0 0
2012102036 16:00:00 07913 0 0
2012102037 16:10:00 59967 1 0
2012102038 16:20:00 97457 0 0
2012102039 16:30:00 53416 0 0
2012102040 16:40:00 74885 0 1
2012102041 16:50:00 15552 1 1
2012102042 17:00:00 93408 0 0
2012102043 17:10:00 71353 0 1
2012102044 17:20:00 23872 0 0
2012102045 17:30:00 16741 0 0
2012102046 17:40:00 71192 1 0
2012102047 17:50:00 16784 0 0
2012102048 18:00:00 79281 0 0
2012102049 18:10:00 09249 0 0
2012102050 18:20:00 92440 0 1
2012102051 18:30:00 28088 0 1
2012102052 18:40:00 60180 0 0
2012102053 18:50:00 19347 0 0
2012102054 19:00:00 33009 1 1
2012102055 19:10:00 07829 0 0
2012102056 19:20:00 07859 0 0
2012102057 19:30:00 03100 0 1
2012102058 19:40:00 31338 1 1
2012102059 19:50:00 52915 0 0
2012102060 20:00:00 83138 0 0
2012102061 20:10:00 29140 0 0
2012102062 20:20:00 20037 1 0
2012102063 20:30:00 55664 1 1
2012102064 20:40:00 58744 0 1
2012102065 20:50:00 62081 0 0
2012102066 21:00:00 67036 0 0
2012102067 21:10:00 39522 0 1
2012102068 21:20:00 84248 0 0
2012102069 21:30:00 37237 0 0
2012102070 21:40:00 97065 0 0
2012102071 21:50:00 47110 0 1
2012102072 22:00:00 59107 0 0
2012102073 22:10:00 98435 0 0
2012102074 22:20:00 31842 0 0
2012102075 22:30:00 94491 1 0
2012102076 22:40:00 39193 0 0
2012102077 22:50:00 13958 0 0
2012102078 23:00:00 12771 0 1
2012102079 23:10:00 86185 0 0
2012102080 23:20:00 63868 0 1
2012102081 23:30:00 73783 1 0
2012102082 23:40:00 25648 0 0
2012102083 23:50:00 00117 1 1
2012102084 00:00:00 89880 1 1
2012102085 00:10:00 91298 0 0
2012102086 00:20:00 35069 0 0
2012102087 00:30:00 28250 1 0
2012102088 00:40:00 16457 0 0
2012102089 00:50:00 99638 1 0
2012102090 01:00:00 74707 1 1
2012102091 01:10:00 01198 1 0
2012102092 01:20:00 22086 1 0
2012102093 01:30:00 36091 0 0
2012102094 01:40:00 38172 0 0
2012102095 01:50:00 22556 1 1
2012102096 02:00:00 79958 1 0
