2012042901 10:10:00 47715 1 0
2012042902 10:20:00 02888 0 1
2012042903 10:30:00 73923 0 0
2012042904 10:40:00 62458 0 0
2012042905 10:50:00 75442 0 1
2012042906 11:00:00 37951 0 0
2012042907 11:10:00 75020 0 1
2012042908 11:20:00 85950 0 0
2012042909 11:30:00 72844 0 1
2012042910 11:40:00 88034 1 0
2012042911 11:50:00 85340 0 0
2012042912 12:00:00 47703 1 0
2012042913 12:10:00 25748 0 0
2012042914 12:20:00 31027 0 0
2012042915 12:30:00 83024 0 0
2012042916 12:40:00 86088 0 1
2012042917 12:50:00 96094 0 0
2012042918 13:00:00 73728 1 0
2012042919 13:10:00 56923 0 0
2012042920 13:20:00 58168 0 0
2012042921 13:30:00 01815 0 0
2012042922 13:40:00 52637 0 0
2012042923 13:50:00 71343 0 1
2012042924 14:00:00 76160 0 0
2012042925 14:10:00 07599 0 1
2012042926 14:20:00 82205 1 0
2012042927 14:30:00 30791 0 0
2012042928 14:40:00 77445 1 1
2012042929 14:50:00 23477 0 1
2012042930 15:00:00 76136 0 0
2012042931 15:10:00 80369 0 0
2012042932 15:20:00 66242 1 1
2012042933 15:30:00 66207 1 0
2012042934 15:40:00 25445 0 1
2012042935 15:50:00 24791 0 0
2012042936 16:00:00 11404 1 1
2012042937 16:10:00 86748 0 0
2012042938 16:20:00 35786 0 0
2012042939 16:30:00 61550 0 1
2012042940 16:40:00 09779 0 1
2012042941 16:50:00 08483 0 0
2012042942 17:00:00 90850 0 0
2012042943 17:10:00 02381 0 0
2012042944 17:20:00 15684 0 0
2012042945 17:30:00 32651 0 0
2012042946 17:40:00 76848 0 1
2012042947 17:50:00 48704 0 0
2012042948 18:00:00 40620 0 0
2012042949 18:10:00 81386 0 0
2012042950 18:20:00 76079 0 0
2012042951 18:30:00 93114 0 1
2012042952 18:40:00 42878 0 1
2012042953 18:50:00 83308 1 0
2012042954 19:00:00 49315 0 0
2012042955 19:10:00 60305 0 0
2012042956 19:20:00 79561 0 0
2012042957 19:30:00 81894 1 0
2012042958 19:40:00 81340 0 0
2012042959 19:50:00 44275 1 0
2012042960 20:00:00 30202 0 1
2012042961 20:10:00 95579 1 0
2012042962 20:20:00 94081 0 0
2012042963 20:30:00 15512 1 0
2012042964 20:40:00 40192 0 0
2012042965 20:50:00 80107 0 0
2012042966 21:00:00 35495 0 0
2012042967 21:10:00 03261 0 0
2012042968 21:20:00 87621 0 0
2012042969 21:30:00 15320 0 0
2012042970 21:40:00 85103 0 0
2012042971 21:50:00 52090 0 1
2012042972 22:00:00 34225 0 1
2012042973 22:10:00 36464 0 1
2012042974 22:20:00 73911 0 1
2012042975 22:30:00 36448 0 1
2012042976 22:40:00 00977 1 1
2012042977 22:50:00 36718 0 0
2012042978 23:00:00 47392 0 0
2012042979 23:10:00 19296 0 0
2012042980 23:20:00 40087 1 0
2012042981 23:30:00 39240 0 0
2012042982 23:40:00 88127 1 0
2012042983 23:50:00 86521 0 0
2012042984 00:00:00 15368 0 0
