2012110201 10:10:00 16952 0 0
2012110202 10:20:00 14664 0 1
2012110203 10:30:00 67196 0 0
2012110204 10:40:00 04806 0 0
2012110205 10:50:00 83055 0 1
2012110206 11:00:00 12717 0 1
2012110207 11:10:00 95488 0 1
2012110208 11:20:00 95916 1 0
2012110209 11:30:00 65296 0 0
2012110210 11:40:00 83658 0 0
2012110211 11:50:00 85608 0 0
2012110212 12:00:00 25474 0 1
2012110213 12:10:00 85728 0 0
2012110214 12:20:00 26763 0 0
2012110215 12:30:00 13498 0 0
2012110216 12:40:00 59322 0 1
2012110217 12:50:00 09161 0 1
2012110218 13:00:00 43463 1 0
2012110219 13:10:00 73786 1 0
2012110220 13:20:00 15768 0 0
2012110221 13:30:00 56410 0 0
2012110222 13:40:00 24478 1 0
2012110223 13:50:00 72659 0 0
2012110224 14:00:00 65226 0 1
2012110225 14:10:00 81616 0 1
2012110226 14:20:00 85255 0 1
2012110227 14:30:00 24266 1 1
2012110228 14:40:00 55748 1 0
2012110229 14:50:00 00296 1 0
2012110230 15:00:00 87804 1 0
2012110231 15:10:00 63903 0 0
2012110232 15:20:00 95219 0 0
2012110233 15:30:00 02224 1 1
2012110234 15:40:00 75815 0 0
2012110235 15:50:00 55191 1 1
2012110236 16:00:00 32262 1 1
2012110237 16:10:00 98807 1 0
2012110238 16:20:00 46730 0 0
2012110239 16:30:00 41589 0 0
2012110240 16:40:00 64891 0 0
2012110241 16:50:00 71341 0 0
2012110242 17:00:00 94669 0 1
2012110243 17:10:00 61528 0 0
2012110244 17:20:00 79037 0 0
2012110245 17:30:00 12082 0 0
2012110246 17:40:00 88534 1 0
2012110247 17:50:00 77286 1 0
2012110248 18:00:00 51066 0 1
2012110249 18:10:00 09753 0 0
2012110250 18:20:00 70738 1 0
2012110251 18:30:00 67364 0 0
2012110252 18:40:00 17953 0 0
2012110253 18:50:00 16063 0 0
2012110254 19:00:00 36478 0 0
2012110255 19:10:00 08995 0 1
2012110256 19:20:00 58115 0 1
2012110257 19:30:00 75452 0 0
2012110258 19:40:00 89831 1 0
2012110259 19:50:00 20532 0 0
2012110260 20:00:00 30195 0 0
2012110261 20:10:00 82515 0 1
2012110262 20:20:00 82892 1 0
2012110263 20:30:00 33323 1 1
2012110264 20:40:00 89315 0 0
2012110265 20:50:00 33210 1 0
2012110266 21:00:00 58220 0 1
2012110267 21:10:00 31354 1 0
2012110268 21:20:00 10013 1 0
2012110269 21:30:00 25766 0 1
2012110270 21:40:00 98568 0 0
2012110271 21:50:00 67425 0 0
2012110272 22:00:00 09243 0 0
2012110273 22:10:00 21901 0 0
2012110274 22:20:00 52212 1 1
2012110275 22:30:00 35790 0 0
2012110276 22:40:00 61405 0 0
2012110277 22:50:00 31509 0 0
2012110278 23:00:00 68194 0 0
2012110279 23:10:00 90256 0 0
2012110280 23:20:00 00191 1 1
2012110281 23:30:00 70424 0 1
2012110282 23:40:00 33848 1 1
2012110283 23:50:00 30933 0 1
2012110284 00:00:00 13087 0 0
2012110285 00:10:00 86441 0 1
2012110286 00:20:00 33638 1 0
2012110287 00:30:00 26586 0 0
2012110288 00:40:00 39612 0 0
2012110289 00:50:00 30502 0 0
2012110290 01:00:00 68256 0 0
2012110291 01:10:00 15038 0 0
2012110292 01:20:00 48519 0 0
2012110293 01:30:00 53344 1 1
2012110294 01:40:00 36761 0 0
2012110295 01:50:00 58330 0 1
2012110296 02:00:00 89307 0 0
