2012111401 10:10:00 64354 0 0
2012111402 10:20:00 13359 1 0
2012111403 10:30:00 78715 1 0
2012111404 10:40:00 78053 0 0
2012111405 10:50:00 57212 0 1
2012111406 11:00:00 85169 0 0
2012111407 11:10:00 42676 0 1
2012111408 11:20:00 93255 0 1
2012111409 11:30:00 00242 1 1
2012111410 11:40:00 54933 0 1
2012111411 11:50:00 92532 0 0
2012111412 12:00:00 59008 0 1
2012111413 12:10:00 05204 0 0
2012111414 12:20:00 15890 0 0
2012111415 12:30:00 24004 0 1
2012111416 12:40:00 02109 0 0
2012111417 12:50:00 87112 0 1
2012111418 13:00:00 42684 0 0
2012111419 13:10:00 92575 0 1
2012111420 13:20:00 82091 0 0
2012111421 13:30:00 97663 0 1
2012111422 13:40:00 49592 0 0
2012111423 13:50:00 76706 1 0
2012111424 14:00:00 58905 0 0
2012111425 14:10:00 17448 0 1
2012111426 14:20:00 38427 0 0
2012111427 14:30:00 71219 0 0
2012111428 14:40:00 99476 1 0
2012111429 14:50:00 49091 0 0
2012111430 15:00:00 47434 1 1
2012111431 15:10:00 86420 0 0
2012111432 15:20:00 36926 0 0
2012111433 15:30:00 71542 0 0
2012111434 15:40:00 68209 0 0
2012111435 15:50:00 65922 0 1
2012111436 16:00:00 30078 1 0
2012111437 16:10:00 47929 0 1
2012111438 16:20:00 60750 0 0
2012111439 16:30:00 70785 1 0
2012111440 16:40:00 35398 1 0
2012111441 16:50:00 68618 1 0
2012111442 17:00:00 98736 0 0
2012111443 17:10:00 97202 0 1
2012111444 17:20:00 92482 0 0
2012111445 17:30:00 56681 1 0
2012111446 17:40:00 14181 1 1
2012111447 17:50:00 12883 0 1
2012111448 18:00:00 06603 1 0
2012111449 18:10:00 76585 0 1
2012111450 18:20:00 05444 0 1
2012111451 18:30:00 17507 0 0
2012111452 18:40:00 18244 0 1
2012111453 18:50:00 85223 0 1
2012111454 19:00:00 76314 0 0
2012111455 19:10:00 47287 0 0
2012111456 19:20:00 19818 0 1
2012111457 19:30:00 87707 1 1
2012111458 19:40:00 74928 0 0
2012111459 19:50:00 37557 0 1
2012111460 20:00:00 64896 0 0
2012111461 20:10:00 22650 1 0
2012111462 20:20:00 53835 0 0
2012111463 20:30:00 31999 0 1
2012111464 20:40:00 08568 0 0
2012111465 20:50:00 77769 1 0
2012111466 21:00:00 76083 0 0
2012111467 21:10:00 25076 0 0
2012111468 21:20:00 83966 0 1
2012111469 21:30:00 25670 0 0
2012111470 21:40:00 87288 0 1
2012111471 21:50:00 27059 0 0
2012111472 22:00:00 49290 0 0
2012111473 22:10:00 54790 0 0
2012111474 22:20:00 83959 0 1
2012111475 22:30:00 23616 0 1
2012111476 22:40:00 56913 0 0
2012111477 22:50:00 45865 0 0
2012111478 23:00:00 40012 1 0
2012111479 23:10:00 12361 0 0
2012111480 23:20:00 27805 0 0
2012111481 23:30:00 13841 0 0
2012111482 23:40:00 39280 0 0
2012111483 23:50:00 85089 0 0
2012111484 00:00:00 05257 0 0
2012111485 00:10:00 88800 1 1
2012111486 00:20:00 39856 0 0
2012111487 00:30:00 46521 0 0
2012111488 00:40:00 78710 1 0
2012111489 00:50:00 91630 0 0
2012111490 01:00:00 74886 0 1
2012111491 01:10:00 13698 0 0
2012111492 01:20:00 96380 0 0
2012111493 01:30:00 12052 0 0
2012111494 01:40:00 03944 0 1
2012111495 01:50:00 58085 0 0
2012111496 02:00:00 63934 0 0
