2012032601 10:10:00 13787 0 1
2012032602 10:20:00 95070 0 1
2012032603 10:30:00 36128 0 0
2012032604 10:40:00 77199 1 1
2012032605 10:50:00 26880 0 1
2012032606 11:00:00 19741 0 0
2012032607 11:10:00 93851 0 0
2012032608 11:20:00 13348 1 0
2012032609 11:30:00 23049 0 0
2012032610 11:40:00 53968 0 0
2012032611 11:50:00 04724 0 0
2012032612 12:00:00 18072 0 0
2012032613 12:10:00 20284 1 0
2012032614 12:20:00 37698 0 0
2012032615 12:30:00 62598 0 0
2012032616 12:40:00 11136 1 0
2012032617 12:50:00 22357 1 0
2012032618 13:00:00 38588 0 1
2012032619 13:10:00 08411 0 1
2012032620 13:20:00 22836 1 0
2012032621 13:30:00 15909 0 1
2012032622 13:40:00 90175 0 0
2012032623 13:50:00 31734 0 0
2012032624 14:00:00 81162 1 0
2012032625 14:10:00 88963 1 0
2012032626 14:20:00 91476 0 0
2012032627 14:30:00 84662 0 1
2012032628 14:40:00 11283 1 0
2012032629 14:50:00 65417 0 0
2012032630 15:00:00 72547 0 0
2012032631 15:10:00 88871 1 0
2012032632 15:20:00 33818 1 1
2012032633 15:30:00 11750 1 0
2012032634 15:40:00 55247 1 0
2012032635 15:50:00 21469 0 0
2012032636 16:00:00 84342 0 0
2012032637 16:10:00 07876 0 0
2012032638 16:20:00 26251 1 0
2012032639 16:30:00 80038 1 0
2012032640 16:40:00 73536 0 0
2012032641 16:50:00 87514 0 0
2012032642 17:00:00 15657 0 0
2012032643 17:10:00 64714 0 0
2012032644 17:20:00 43829 0 0
2012032645 17:30:00 81824 1 0
2012032646 17:40:00 99141 1 1
2012032647 17:50:00 41652 0 0
2012032648 18:00:00 58146 0 0
2012032649 18:10:00 01903 0 0
2012032650 18:20:00 59166 0 1
2012032651 18:30:00 09011 1 1
2012032652 18:40:00 09868 0 1
2012032653 18:50:00 07760 1 0
2012032654 19:00:00 55167 1 0
2012032655 19:10:00 49407 1 0
2012032656 19:20:00 91403 0 0
2012032657 19:30:00 88661 1 1
2012032658 19:40:00 58682 0 0
2012032659 19:50:00 81353 0 1
2012032660 20:00:00 61041 0 0
2012032661 20:10:00 44218 1 0
2012032662 20:20:00 12968 0 0
2012032663 20:30:00 37286 0 0
2012032664 20:40:00 65306 0 0
2012032665 20:50:00 16946 0 0
2012032666 21:00:00 69251 0 0
2012032667 21:10:00 84982 0 0
2012032668 21:20:00 16316 0 0
2012032669 21:30:00 97331 0 1
2012032670 21:40:00 96478 0 0
2012032671 21:50:00 98311 0 1
2012032672 22:00:00 57316 0 0
2012032673 22:10:00 05727 0 1
2012032674 22:20:00 73466 0 1
2012032675 22:30:00 58946 0 0
2012032676 22:40:00 28458 0 0
2012032677 22:50:00 26248 1 0
2012032678 23:00:00 49959 1 1
2012032679 23:10:00 89995 1 1
2012032680 23:20:00 20955 0 1
2012032681 23:30:00 58712 0 0
2012032682 23:40:00 28163 0 0
2012032683 23:50:00 09870 0 0
2012032684 00:00:00 73740 1 0
