2012041401 10:10:00 68558 0 1
2012041402 10:20:00 61714 0 0
2012041403 10:30:00 18223 0 1
2012041404 10:40:00 20539 0 0
2012041405 10:50:00 47403 1 0
2012041406 11:00:00 00117 1 1
2012041407 11:10:00 14399 0 1
2012041408 11:20:00 82633 0 1
2012041409 11:30:00 69506 0 0
2012041410 11:40:00 76986 0 0
2012041411 11:50:00 34051 0 0
2012041412 12:00:00 08007 1 1
2012041413 12:10:00 46079 0 0
2012041414 12:20:00 83246 0 0
2012041415 12:30:00 28979 0 1
2012041416 12:40:00 48367 0 0
2012041417 12:50:00 11808 1 1
2012041418 13:00:00 02174 0 0
2012041419 13:10:00 92796 0 0
2012041420 13:20:00 77212 1 1
2012041421 13:30:00 35164 0 0
2012041422 13:40:00 07703 1 0
2012041423 13:50:00 11312 1 0
2012041424 14:00:00 30275 0 0
2012041425 14:10:00 77905 1 0
2012041426 14:20:00 05800 0 1
2012041427 14:30:00 71257 0 0
2012041428 14:40:00 05597 1 0
2012041429 14:50:00 40758 0 0
2012041430 15:00:00 26729 0 0
2012041431 15:10:00 35768 0 0
2012041432 15:20:00 47145 0 0
2012041433 15:30:00 70248 0 0
2012041434 15:40:00 28511 0 1
2012041435 15:50:00 80331 0 1
2012041436 16:00:00 72209 1 0
2012041437 16:10:00 36235 0 0
2012041438 16:20:00 23883 0 1
2012041439 16:30:00 19388 0 1
2012041440 16:40:00 54605 0 0
2012041441 16:50:00 62060 0 1
2012041442 17:00:00 60551 0 1
2012041443 17:10:00 79750 1 0
2012041444 17:20:00 40174 0 0
2012041445 17:30:00 74927 0 0
2012041446 17:40:00 27373 0 1
2012041447 17:50:00 30285 0 0
2012041448 18:00:00 69746 0 0
2012041449 18:10:00 86140 0 0
2012041450 18:20:00 21282 1 1
2012041451 18:30:00 50575 1 1
2012041452 18:40:00 70124 0 0
2012041453 18:50:00 38196 0 0
2012041454 19:00:00 60112 0 1
2012041455 19:10:00 50031 1 0
2012041456 19:20:00 74487 1 0
2012041457 19:30:00 20794 0 0
2012041458 19:40:00 11716 1 0
2012041459 19:50:00 10341 0 0
2012041460 20:00:00 46681 1 0
2012041461 20:10:00 42764 0 0
2012041462 20:20:00 86716 0 0
2012041463 20:30:00 42301 0 0
2012041464 20:40:00 06135 0 0
2012041465 20:50:00 01313 0 1
2012041466 21:00:00 99482 1 0
2012041467 21:10:00 75448 0 1
2012041468 21:20:00 42513 0 0
2012041469 21:30:00 63698 1 0
2012041470 21:40:00 51764 0 0
2012041471 21:50:00 73288 0 1
2012041472 22:00:00 32578 0 0
2012041473 22:10:00 28958 0 0
2012041474 22:20:00 37298 0 0
2012041475 22:30:00 88159 1 0
2012041476 22:40:00 37283 0 0
2012041477 22:50:00 07513 0 0
2012041478 23:00:00 03961 0 0
2012041479 23:10:00 90422 0 1
2012041480 23:20:00 99804 1 0
2012041481 23:30:00 51954 0 0
2012041482 23:40:00 26374 0 0
2012041483 23:50:00 78464 0 1
2012041484 00:00:00 03338 1 1
