2012051001 10:10:00 11762 1 0
2012051002 10:20:00 80868 1 1
2012051003 10:30:00 81381 0 0
2012051004 10:40:00 09266 0 1
2012051005 10:50:00 99346 1 0
2012051006 11:00:00 13987 0 0
2012051007 11:10:00 63142 0 0
2012051008 11:20:00 61500 0 1
2012051009 11:30:00 29294 1 0
2012051010 11:40:00 76904 0 0
2012051011 11:50:00 34189 0 0
2012051012 12:00:00 90087 1 0
2012051013 12:10:00 24994 0 1
2012051014 12:20:00 03132 0 0
2012051015 12:30:00 75620 0 0
2012051016 12:40:00 73207 0 0
2012051017 12:50:00 99396 1 0
2012051018 13:00:00 82242 1 1
2012051019 13:10:00 69706 0 0
2012051020 13:20:00 31124 1 0
2012051021 13:30:00 87190 0 0
2012051022 13:40:00 76979 0 1
2012051023 13:50:00 09912 1 0
2012051024 14:00:00 27328 0 0
2012051025 14:10:00 86284 0 0
2012051026 14:20:00 03616 0 1
2012051027 14:30:00 83314 1 0
2012051028 14:40:00 23367 1 0
2012051029 14:50:00 83418 0 0
2012051030 15:00:00 75233 0 1
2012051031 15:10:00 99982 1 0
2012051032 15:20:00 25049 0 0
2012051033 15:30:00 26555 0 1
2012051034 15:40:00 93712 0 0
2012051035 15:50:00 31045 0 0
2012051036 16:00:00 36963 0 0
2012051037 16:10:00 09483 0 0
2012051038 16:20:00 62169 0 0
2012051039 16:30:00 14226 0 1
2012051040 16:40:00 82303 0 1
2012051041 16:50:00 93888 0 1
2012051042 17:00:00 04427 1 0
2012051043 17:10:00 21134 1 0
2012051044 17:20:00 57198 0 0
2012051045 17:30:00 80152 0 0
2012051046 17:40:00 26047 0 0
2012051047 17:50:00 95436 0 0
2012051048 18:00:00 23479 0 0
2012051049 18:10:00 77954 1 0
2012051050 18:20:00 39260 0 0
2012051051 18:30:00 22547 1 0
2012051052 18:40:00 01669 0 1
2012051053 18:50:00 15299 0 1
2012051054 19:00:00 30968 0 0
2012051055 19:10:00 63211 0 1
2012051056 19:20:00 31487 0 0
2012051057 19:30:00 94753 0 0
2012051058 19:40:00 62104 0 0
2012051059 19:50:00 21538 0 0
2012051060 20:00:00 22672 1 0
2012051061 20:10:00 62392 0 0
2012051062 20:20:00 08931 0 0
2012051063 20:30:00 52503 1 0
2012051064 20:40:00 39738 0 0
2012051065 20:50:00 28509 0 0
2012051066 21:00:00 35102 0 0
2012051067 21:10:00 00030 1 1
2012051068 21:20:00 14606 0 1
2012051069 21:30:00 60650 1 0
2012051070 21:40:00 26941 0 0
2012051071 21:50:00 45758 0 0
2012051072 22:00:00 47747 1 1
2012051073 22:10:00 76782 1 0
2012051074 22:20:00 09818 0 1
2012051075 22:30:00 63406 0 0
2012051076 22:40:00 45249 0 0
2012051077 22:50:00 65014 0 0
2012051078 23:00:00 68530 0 0
2012051079 23:10:00 20501 0 0
2012051080 23:20:00 86479 0 0
2012051081 23:30:00 00229 1 1
2012051082 23:40:00 44504 1 0
2012051083 23:50:00 54914 0 0
2012051084 00:00:00 31642 0 0
