2012012101 10:10:00 40860 0 0
2012012102 10:20:00 68475 0 0
2012012103 10:30:00 25368 0 0
2012012104 10:40:00 31454 0 1
2012012105 10:50:00 84462 1 0
2012012106 11:00:00 25889 0 1
2012012107 11:10:00 90237 0 0
2012012108 11:20:00 21827 0 0
2012012109 11:30:00 81100 1 1
2012012110 11:40:00 93838 0 1
2012012111 11:50:00 61161 1 1
2012012112 12:00:00 19358 0 0
2012012113 12:10:00 90304 0 0
2012012114 12:20:00 52066 0 1
2012012115 12:30:00 00953 1 0
2012012116 12:40:00 95709 0 0
2012012117 12:50:00 62489 0 0
2012012118 13:00:00 60050 1 1
2012012119 13:10:00 99555 1 1
2012012120 13:20:00 24802 0 0
2012012121 13:30:00 14952 0 0
2012012122 13:40:00 31774 0 1
2012012123 13:50:00 16705 0 0
2012012124 14:00:00 91323 0 1
2012012125 14:10:00 36015 0 0
2012012126 14:20:00 29540 0 0
2012012127 14:30:00 07146 0 0
2012012128 14:40:00 09205 0 0
2012012129 14:50:00 98219 0 0
2012012130 15:00:00 71594 0 0
2012012131 15:10:00 91624 0 0
2012012132 15:20:00 45514 1 0
2012012133 15:30:00 15490 0 0
2012012134 15:40:00 54777 0 1
2012012135 15:50:00 36124 0 0
2012012136 16:00:00 83069 0 0
2012012137 16:10:00 06895 0 0
2012012138 16:20:00 57653 0 0
2012012139 16:30:00 59942 1 0
2012012140 16:40:00 11661 1 1
2012012141 16:50:00 50472 0 0
2012012142 17:00:00 70885 0 1
2012012143 17:10:00 06211 0 1
2012012144 17:20:00 99804 1 0
2012012145 17:30:00 07911 0 1
2012012146 17:40:00 17966 0 1
2012012147 17:50:00 87547 0 0
2012012148 18:00:00 03481 0 0
2012012149 18:10:00 41857 0 0
2012012150 18:20:00 66472 1 0
2012012151 18:30:00 91787 0 1
2012012152 18:40:00 90663 0 1
2012012153 18:50:00 51062 0 0
2012012154 19:00:00 84807 1 0
2012012155 19:10:00 53333 1 1
2012012156 19:20:00 44871 1 0
2012012157 19:30:00 55500 1 1
2012012158 19:40:00 69258 0 0
2012012159 19:50:00 65504 1 0
2012012160 20:00:00 56251 0 0
2012012161 20:10:00 70325 0 0
2012012162 20:20:00 32346 1 0
2012012163 20:30:00 35591 1 0
2012012164 20:40:00 95672 0 0
2012012165 20:50:00 33117 1 1
2012012166 21:00:00 71106 1 0
2012012167 21:10:00 76750 1 0
2012012168 21:20:00 21789 0 0
2012012169 21:30:00 30189 0 0
2012012170 21:40:00 00346 1 0
2012012171 21:50:00 54749 0 0
2012012172 22:00:00 73343 1 1
