2013122401 10:10:00 04123 0 0
2013122402 10:20:00 01516 0 0
2013122403 10:30:00 47941 0 0
2013122404 10:40:00 20197 0 0
2013122405 10:50:00 32378 1 0
2013122406 11:00:00 17184 1 0
2013122407 11:10:00 75345 0 0
2013122408 11:20:00 35060 0 1
2013122409 11:30:00 92471 0 0
2013122410 11:40:00 77219 1 0
2013122411 11:50:00 41326 0 0
2013122412 12:00:00 10597 0 0
2013122413 12:10:00 28834 1 0
2013122414 12:20:00 76343 0 1
2013122415 12:30:00 38190 0 0
2013122416 12:40:00 32998 0 1
2013122417 12:50:00 29038 0 0
2013122418 13:00:00 14429 1 0
2013122419 13:10:00 82022 0 1
2013122420 13:20:00 90037 1 0
2013122421 13:30:00 16933 0 1
2013122422 13:40:00 21428 0 0
2013122423 13:50:00 21006 0 1
2013122424 14:00:00 97113 0 1
2013122425 14:10:00 99954 1 0
2013122426 14:20:00 89723 0 0
2013122427 14:30:00 94614 0 0
2013122428 14:40:00 52225 1 1
2013122429 14:50:00 77199 1 1
2013122430 15:00:00 05399 0 1
2013122431 15:10:00 36014 0 0
2013122432 15:20:00 80037 1 0
2013122433 15:30:00 30917 0 0
2013122434 15:40:00 87962 0 0
2013122435 15:50:00 59430 0 0
2013122436 16:00:00 22438 1 0
2013122437 16:10:00 03193 0 0
2013122438 16:20:00 32703 0 0
2013122439 16:30:00 73803 0 0
2013122440 16:40:00 11908 1 0
2013122441 16:50:00 57589 1 0
2013122442 17:00:00 97176 0 0
2013122443 17:10:00 77249 1 0
2013122444 17:20:00 11798 1 0
2013122445 17:30:00 93809 0 0
2013122446 17:40:00 68241 0 0
2013122447 17:50:00 25141 0 1
2013122448 18:00:00 88702 1 0
2013122449 18:10:00 43613 0 0
2013122450 18:20:00 03600 0 1
2013122451 18:30:00 59454 0 1
2013122452 18:40:00 39232 0 1
2013122453 18:50:00 77849 1 0
2013122454 19:00:00 44181 1 1
2013122455 19:10:00 16754 0 0
2013122456 19:20:00 27653 0 0
2013122457 19:30:00 14353 0 1
2013122458 19:40:00 55780 1 0
2013122459 19:50:00 41967 0 0
2013122460 20:00:00 76818 0 1
2013122461 20:10:00 86943 0 0
2013122462 20:20:00 71969 0 1
2013122463 20:30:00 38665 0 1
2013122464 20:40:00 11693 1 0
2013122465 20:50:00 33323 1 1
2013122466 21:00:00 94278 0 0
2013122467 21:10:00 99744 1 1
2013122468 21:20:00 59064 0 0
2013122469 21:30:00 42412 1 0
2013122470 21:40:00 43036 0 0
2013122471 21:50:00 96651 1 0
2013122472 22:00:00 36319 1 0
2013122473 22:10:00 57992 0 1
2013122474 22:20:00 30831 0 0
2013122475 22:30:00 31380 1 0
2013122476 22:40:00 42762 0 0
2013122477 22:50:00 92191 0 1
2013122478 23:00:00 19341 0 0
2013122479 23:10:00 74418 1 0
2013122480 23:20:00 65527 1 0
2013122481 23:30:00 55405 1 0
2013122482 23:40:00 01061 1 0
2013122483 23:50:00 53103 0 0
2013122484 00:00:00 16561 0 0
2013122485 00:10:00 21438 0 0
2013122486 00:20:00 97813 0 0
2013122487 00:30:00 14558 0 1
2013122488 00:40:00 84815 1 0
2013122489 00:50:00 34009 0 1
2013122490 01:00:00 15604 0 0
2013122491 01:10:00 26221 1 1
2013122492 01:20:00 68315 0 0
2013122493 01:30:00 65981 0 0
2013122494 01:40:00 11065 1 0
2013122495 01:50:00 96770 0 1
2013122496 02:00:00 01341 0 0
