2013020201 10:10:00 21518 0 0
2013020202 10:20:00 48802 1 0
2013020203 10:30:00 33968 1 0
2013020204 10:40:00 59701 0 0
2013020205 10:50:00 86381 0 0
2013020206 11:00:00 04363 0 1
2013020207 11:10:00 87871 1 0
2013020208 11:20:00 02884 0 1
2013020209 11:30:00 22349 1 0
2013020210 11:40:00 50178 0 0
2013020211 11:50:00 60277 0 1
2013020212 12:00:00 19153 1 0
2013020213 12:10:00 04467 1 0
2013020214 12:20:00 28481 0 0
2013020215 12:30:00 06172 0 0
2013020216 12:40:00 85826 1 0
2013020217 12:50:00 58190 0 0
2013020218 13:00:00 72945 0 0
2013020219 13:10:00 27197 0 0
2013020220 13:20:00 48575 0 1
2013020221 13:30:00 54310 0 0
2013020222 13:40:00 69854 0 0
2013020223 13:50:00 73129 0 0
2013020224 14:00:00 42121 0 1
2013020225 14:10:00 47750 1 0
2013020226 14:20:00 55966 1 1
2013020227 14:30:00 03525 0 1
2013020228 14:40:00 89376 0 0
2013020229 14:50:00 73946 0 0
2013020230 15:00:00 23586 0 0
2013020231 15:10:00 80820 1 0
2013020232 15:20:00 14343 0 1
2013020233 15:30:00 82886 1 1
2013020234 15:40:00 64071 0 0
2013020235 15:50:00 69825 0 0
2013020236 16:00:00 16189 1 0
2013020237 16:10:00 46858 0 1
2013020238 16:20:00 21446 0 1
2013020239 16:30:00 34338 1 1
2013020240 16:40:00 15893 0 0
2013020241 16:50:00 60637 1 0
2013020242 17:00:00 34713 0 0
2013020243 17:10:00 63214 0 0
2013020244 17:20:00 65594 1 0
2013020245 17:30:00 23814 0 0
2013020246 17:40:00 63215 0 0
2013020247 17:50:00 07134 0 0
2013020248 18:00:00 18812 1 0
2013020249 18:10:00 36509 0 0
2013020250 18:20:00 74998 0 1
2013020251 18:30:00 35405 0 0
2013020252 18:40:00 06632 1 0
2013020253 18:50:00 42871 0 0
2013020254 19:00:00 25733 0 1
2013020255 19:10:00 86744 0 1
2013020256 19:20:00 27201 1 0
2013020257 19:30:00 64934 0 0
2013020258 19:40:00 31406 0 0
2013020259 19:50:00 34408 1 0
2013020260 20:00:00 12049 0 0
2013020261 20:10:00 81598 0 0
2013020262 20:20:00 85515 1 1
2013020263 20:30:00 12882 0 1
2013020264 20:40:00 43279 0 0
2013020265 20:50:00 91909 1 1
2013020266 21:00:00 82722 0 1
2013020267 21:10:00 13897 0 0
2013020268 21:20:00 05161 0 1
2013020269 21:30:00 01381 0 0
2013020270 21:40:00 54702 0 0
2013020271 21:50:00 14295 0 0
2013020272 22:00:00 44018 1 0
2013020273 22:10:00 56280 0 0
2013020274 22:20:00 26293 1 0
2013020275 22:30:00 86739 0 0
2013020276 22:40:00 61344 0 1
2013020277 22:50:00 31892 0 0
2013020278 23:00:00 79404 0 1
2013020279 23:10:00 03384 1 0
2013020280 23:20:00 16446 0 1
2013020281 23:30:00 44838 1 1
2013020282 23:40:00 07238 0 0
2013020283 23:50:00 46171 0 1
2013020284 00:00:00 31969 0 1
2013020285 00:10:00 29051 0 0
2013020286 00:20:00 15407 0 0
2013020287 00:30:00 16510 0 0
2013020288 00:40:00 20992 0 1
2013020289 00:50:00 39041 0 0
2013020290 01:00:00 65466 0 1
2013020291 01:10:00 04074 1 0
2013020292 01:20:00 36325 1 0
2013020293 01:30:00 09462 0 0
2013020294 01:40:00 00847 1 0
2013020295 01:50:00 45993 0 1
2013020296 02:00:00 33914 1 0
