2013110701 10:10:00 39377 1 1
2013110702 10:20:00 93716 0 0
2013110703 10:30:00 30196 0 0
2013110704 10:40:00 05124 0 0
2013110705 10:50:00 80631 0 0
2013110706 11:00:00 04808 0 1
2013110707 11:10:00 26599 0 1
2013110708 11:20:00 72395 0 0
2013110709 11:30:00 46847 0 0
2013110710 11:40:00 63514 0 0
2013110711 11:50:00 12789 0 0
2013110712 12:00:00 10743 0 0
2013110713 12:10:00 32949 0 1
2013110714 12:20:00 09892 0 0
2013110715 12:30:00 55081 1 0
2013110716 12:40:00 90581 0 0
2013110717 12:50:00 23380 1 0
2013110718 13:00:00 12930 0 0
2013110719 13:10:00 46539 0 0
2013110720 13:20:00 18757 0 1
2013110721 13:30:00 17008 0 1
2013110722 13:40:00 72875 0 0
2013110723 13:50:00 16677 1 1
2013110724 14:00:00 35475 0 0
2013110725 14:10:00 29176 0 0
2013110726 14:20:00 64973 0 0
2013110727 14:30:00 67371 0 0
2013110728 14:40:00 62279 1 0
2013110729 14:50:00 96784 0 0
2013110730 15:00:00 14325 0 0
2013110731 15:10:00 60985 0 0
2013110732 15:20:00 27427 0 0
2013110733 15:30:00 80353 0 1
2013110734 15:40:00 39093 0 0
2013110735 15:50:00 28598 0 0
2013110736 16:00:00 75124 0 0
2013110737 16:10:00 41687 0 0
2013110738 16:20:00 31926 0 0
2013110739 16:30:00 68089 0 0
2013110740 16:40:00 80973 0 0
2013110741 16:50:00 55109 1 0
2013110742 17:00:00 27251 1 0
2013110743 17:10:00 17695 0 0
2013110744 17:20:00 48630 0 0
2013110745 17:30:00 80412 0 0
2013110746 17:40:00 29870 0 0
2013110747 17:50:00 48666 0 1
2013110748 18:00:00 85989 0 1
2013110749 18:10:00 75400 0 1
2013110750 18:20:00 41244 0 1
2013110751 18:30:00 18156 1 0
2013110752 18:40:00 51825 0 0
2013110753 18:50:00 09366 0 1
2013110754 19:00:00 70458 0 0
2013110755 19:10:00 69170 0 0
2013110756 19:20:00 39311 1 1
2013110757 19:30:00 92543 0 0
2013110758 19:40:00 79877 0 1
2013110759 19:50:00 81204 0 0
2013110760 20:00:00 36166 0 1
2013110761 20:10:00 99872 1 0
2013110762 20:20:00 81565 0 1
2013110763 20:30:00 88953 1 0
2013110764 20:40:00 84935 0 0
2013110765 20:50:00 70031 1 0
2013110766 21:00:00 71892 0 0
2013110767 21:10:00 78924 0 0
2013110768 21:20:00 26379 0 0
2013110769 21:30:00 95109 0 0
2013110770 21:40:00 95294 0 0
2013110771 21:50:00 09303 0 1
2013110772 22:00:00 56944 0 1
2013110773 22:10:00 31583 0 0
2013110774 22:20:00 73376 1 0
2013110775 22:30:00 90689 0 0
2013110776 22:40:00 55577 1 1
2013110777 22:50:00 62553 0 1
2013110778 23:00:00 77891 1 0
2013110779 23:10:00 18481 0 0
2013110780 23:20:00 96787 0 1
2013110781 23:30:00 17087 0 0
2013110782 23:40:00 45486 1 0
2013110783 23:50:00 31500 0 1
2013110784 00:00:00 13746 0 0
2013110785 00:10:00 52844 0 1
2013110786 00:20:00 99216 1 0
2013110787 00:30:00 45907 0 0
2013110788 00:40:00 11128 1 0
2013110789 00:50:00 81342 0 0
2013110790 01:00:00 67525 0 1
2013110791 01:10:00 07744 1 1
2013110792 01:20:00 86077 0 1
2013110793 01:30:00 82219 1 0
2013110794 01:40:00 41702 0 0
2013110795 01:50:00 24023 0 0
2013110796 02:00:00 12710 0 0
