2013082101 10:10:00 53109 0 0
2013082102 10:20:00 05290 0 0
2013082103 10:30:00 43402 1 0
2013082104 10:40:00 81618 0 0
2013082105 10:50:00 37270 0 0
2013082106 11:00:00 73752 1 0
2013082107 11:10:00 75607 0 0
2013082108 11:20:00 45662 0 1
2013082109 11:30:00 34691 0 0
2013082110 11:40:00 79290 0 0
2013082111 11:50:00 28762 0 0
2013082112 12:00:00 22994 1 1
2013082113 12:10:00 49361 0 0
2013082114 12:20:00 92902 1 0
2013082115 12:30:00 16480 0 0
2013082116 12:40:00 99941 1 0
2013082117 12:50:00 31283 0 0
2013082118 13:00:00 65253 0 0
2013082119 13:10:00 06469 0 0
2013082120 13:20:00 55437 1 0
2013082121 13:30:00 40974 0 0
2013082122 13:40:00 55950 1 0
2013082123 13:50:00 73455 0 1
2013082124 14:00:00 99398 1 0
2013082125 14:10:00 06228 0 1
2013082126 14:20:00 53244 0 1
2013082127 14:30:00 32939 0 1
2013082128 14:40:00 85887 1 1
2013082129 14:50:00 89697 0 0
2013082130 15:00:00 27805 0 0
2013082131 15:10:00 17186 1 0
2013082132 15:20:00 80558 0 1
2013082133 15:30:00 45809 0 0
2013082134 15:40:00 94276 0 0
2013082135 15:50:00 99047 1 0
2013082136 16:00:00 08452 0 0
2013082137 16:10:00 10853 0 0
2013082138 16:20:00 40187 0 0
2013082139 16:30:00 49553 0 1
2013082140 16:40:00 12603 0 0
2013082141 16:50:00 16764 0 0
2013082142 17:00:00 96767 0 1
2013082143 17:10:00 24511 0 1
2013082144 17:20:00 37115 0 1
2013082145 17:30:00 94651 0 0
2013082146 17:40:00 25315 0 0
2013082147 17:50:00 10067 1 0
2013082148 18:00:00 65771 0 1
2013082149 18:10:00 00101 1 1
2013082150 18:20:00 41978 0 0
2013082151 18:30:00 69217 0 0
2013082152 18:40:00 44120 1 0
2013082153 18:50:00 32173 0 0
2013082154 19:00:00 47322 0 1
2013082155 19:10:00 18281 0 0
2013082156 19:20:00 99669 1 1
2013082157 19:30:00 49075 0 0
2013082158 19:40:00 36204 0 0
2013082159 19:50:00 41268 0 0
2013082160 20:00:00 42005 0 1
2013082161 20:10:00 71038 0 0
2013082162 20:20:00 28515 0 1
2013082163 20:30:00 92308 0 0
2013082164 20:40:00 45674 0 0
2013082165 20:50:00 24015 0 0
2013082166 21:00:00 99087 1 0
2013082167 21:10:00 10410 0 0
2013082168 21:20:00 64428 1 0
2013082169 21:30:00 29470 0 0
2013082170 21:40:00 93543 0 0
2013082171 21:50:00 94092 0 0
2013082172 22:00:00 92154 0 0
2013082173 22:10:00 87339 0 1
2013082174 22:20:00 91887 0 1
2013082175 22:30:00 47044 0 1
2013082176 22:40:00 56292 0 1
2013082177 22:50:00 71743 1 0
2013082178 23:00:00 06236 0 0
2013082179 23:10:00 07197 0 0
2013082180 23:20:00 56600 1 1
2013082181 23:30:00 47602 0 0
2013082182 23:40:00 27951 0 0
2013082183 23:50:00 32340 1 0
2013082184 00:00:00 04051 1 0
2013082185 00:10:00 78629 0 0
2013082186 00:20:00 30140 0 0
2013082187 00:30:00 52592 1 0
2013082188 00:40:00 23651 0 0
2013082189 00:50:00 47474 1 1
2013082190 01:00:00 86288 0 1
2013082191 01:10:00 18237 0 0
2013082192 01:20:00 30140 0 0
2013082193 01:30:00 42397 0 0
2013082194 01:40:00 95217 0 0
2013082195 01:50:00 78840 1 0
2013082196 02:00:00 24634 0 0
