2013080701 10:10:00 43957 0 0
2013080702 10:20:00 31027 0 0
2013080703 10:30:00 25127 0 0
2013080704 10:40:00 80095 1 0
2013080705 10:50:00 67995 0 1
2013080706 11:00:00 41644 0 1
2013080707 11:10:00 90915 1 0
2013080708 11:20:00 37057 0 0
2013080709 11:30:00 20813 0 0
2013080710 11:40:00 38508 0 0
2013080711 11:50:00 49847 0 0
2013080712 12:00:00 86765 0 0
2013080713 12:10:00 34534 0 0
2013080714 12:20:00 52155 0 1
2013080715 12:30:00 99939 1 1
2013080716 12:40:00 83132 0 0
2013080717 12:50:00 17408 0 0
2013080718 13:00:00 71456 0 0
2013080719 13:10:00 83858 1 1
2013080720 13:20:00 61765 0 0
2013080721 13:30:00 25520 1 0
2013080722 13:40:00 28934 0 0
2013080723 13:50:00 27767 1 1
2013080724 14:00:00 39768 0 0
2013080725 14:10:00 78847 1 0
2013080726 14:20:00 87909 0 1
2013080727 14:30:00 48230 0 0
2013080728 14:40:00 44106 1 0
2013080729 14:50:00 59276 0 0
2013080730 15:00:00 12572 0 0
2013080731 15:10:00 78657 0 0
2013080732 15:20:00 25346 0 0
2013080733 15:30:00 70486 0 0
2013080734 15:40:00 99496 1 0
2013080735 15:50:00 36914 0 0
2013080736 16:00:00 76274 0 0
2013080737 16:10:00 69268 0 0
2013080738 16:20:00 71592 0 0
2013080739 16:30:00 04322 0 1
2013080740 16:40:00 51273 0 0
2013080741 16:50:00 06803 0 0
2013080742 17:00:00 45187 0 0
2013080743 17:10:00 98055 0 1
2013080744 17:20:00 06266 0 1
2013080745 17:30:00 51405 0 0
2013080746 17:40:00 22417 1 0
2013080747 17:50:00 53261 0 0
2013080748 18:00:00 10318 0 0
2013080749 18:10:00 35322 1 1
2013080750 18:20:00 35544 1 1
2013080751 18:30:00 50273 0 0
2013080752 18:40:00 84109 0 0
2013080753 18:50:00 00074 1 0
2013080754 19:00:00 52601 0 0
2013080755 19:10:00 44934 1 0
2013080756 19:20:00 13997 0 1
2013080757 19:30:00 07338 0 1
2013080758 19:40:00 81377 0 1
2013080759 19:50:00 44762 1 0
2013080760 20:00:00 31732 0 0
2013080761 20:10:00 09278 0 0
2013080762 20:20:00 83540 0 0
2013080763 20:30:00 11079 1 0
2013080764 20:40:00 53053 0 0
2013080765 20:50:00 05675 0 0
2013080766 21:00:00 48651 0 0
2013080767 21:10:00 80234 0 0
2013080768 21:20:00 56250 0 0
2013080769 21:30:00 10699 0 1
2013080770 21:40:00 02915 0 0
2013080771 21:50:00 54726 0 0
2013080772 22:00:00 06446 0 1
2013080773 22:10:00 68872 1 0
2013080774 22:20:00 96959 1 1
2013080775 22:30:00 24149 0 0
2013080776 22:40:00 47712 1 0
2013080777 22:50:00 01106 1 0
2013080778 23:00:00 52359 0 0
2013080779 23:10:00 16569 0 0
2013080780 23:20:00 89249 0 0
2013080781 23:30:00 73249 0 0
2013080782 23:40:00 44636 1 1
2013080783 23:50:00 79488 0 1
2013080784 00:00:00 30372 1 0
2013080785 00:10:00 42504 0 0
2013080786 00:20:00 43828 0 1
2013080787 00:30:00 93826 0 0
2013080788 00:40:00 66086 1 0
2013080789 00:50:00 62816 0 0
2013080790 01:00:00 06007 1 1
2013080791 01:10:00 74854 0 0
2013080792 01:20:00 16551 0 1
2013080793 01:30:00 04108 0 0
2013080794 01:40:00 25445 0 1
2013080795 01:50:00 34651 0 0
2013080796 02:00:00 22089 1 0
