2013070301 10:10:00 19278 0 0
2013070302 10:20:00 80939 0 1
2013070303 10:30:00 88643 1 0
2013070304 10:40:00 56035 0 0
2013070305 10:50:00 96417 0 0
2013070306 11:00:00 32620 0 0
2013070307 11:10:00 23900 0 1
2013070308 11:20:00 82825 1 0
2013070309 11:30:00 65811 0 1
2013070310 11:40:00 84722 0 1
2013070311 11:50:00 17891 0 0
2013070312 12:00:00 47082 0 0
2013070313 12:10:00 71069 0 0
2013070314 12:20:00 41937 0 0
2013070315 12:30:00 25295 1 0
2013070316 12:40:00 15928 0 0
2013070317 12:50:00 91942 1 0
2013070318 13:00:00 29283 1 0
2013070319 13:10:00 17316 0 0
2013070320 13:20:00 70232 0 1
2013070321 13:30:00 76546 0 0
2013070322 13:40:00 03483 0 0
2013070323 13:50:00 96299 0 1
2013070324 14:00:00 87625 0 0
2013070325 14:10:00 28875 1 0
2013070326 14:20:00 93525 0 1
2013070327 14:30:00 02736 0 0
2013070328 14:40:00 29854 0 0
2013070329 14:50:00 80344 0 1
2013070330 15:00:00 86311 0 1
2013070331 15:10:00 63472 0 0
2013070332 15:20:00 08204 0 0
2013070333 15:30:00 85142 0 0
2013070334 15:40:00 38122 0 1
2013070335 15:50:00 78867 1 0
2013070336 16:00:00 86180 0 0
2013070337 16:10:00 94149 0 0
2013070338 16:20:00 60144 0 1
2013070339 16:30:00 55056 1 0
2013070340 16:40:00 09092 1 0
2013070341 16:50:00 99035 1 0
2013070342 17:00:00 69123 0 0
2013070343 17:10:00 27413 0 0
2013070344 17:20:00 33416 1 0
2013070345 17:30:00 20720 0 0
2013070346 17:40:00 01692 0 0
2013070347 17:50:00 30414 0 1
2013070348 18:00:00 95444 0 1
2013070349 18:10:00 53686 0 1
2013070350 18:20:00 20044 1 1
2013070351 18:30:00 07076 1 0
2013070352 18:40:00 94860 0 0
2013070353 18:50:00 51925 0 0
2013070354 19:00:00 57230 0 0
2013070355 19:10:00 14159 1 0
2013070356 19:20:00 65783 0 0
2013070357 19:30:00 41540 0 0
2013070358 19:40:00 42169 0 0
2013070359 19:50:00 34168 0 0
2013070360 20:00:00 12988 0 1
2013070361 20:10:00 09569 0 0
2013070362 20:20:00 78836 1 0
2013070363 20:30:00 32546 0 0
2013070364 20:40:00 02965 0 0
2013070365 20:50:00 20848 0 1
2013070366 21:00:00 61583 0 0
2013070367 21:10:00 04718 0 0
2013070368 21:20:00 04451 1 0
2013070369 21:30:00 29833 0 1
2013070370 21:40:00 80174 0 0
2013070371 21:50:00 66369 1 0
2013070372 22:00:00 30574 0 0
2013070373 22:10:00 67187 0 0
2013070374 22:20:00 84208 0 0
2013070375 22:30:00 41765 0 0
2013070376 22:40:00 56749 0 0
2013070377 22:50:00 75954 0 0
2013070378 23:00:00 99175 1 0
2013070379 23:10:00 80237 0 0
2013070380 23:20:00 71499 0 1
2013070381 23:30:00 91961 1 0
2013070382 23:40:00 17507 0 0
2013070383 23:50:00 90014 1 0
2013070384 00:00:00 87896 1 0
2013070385 00:10:00 11963 1 0
2013070386 00:20:00 91738 0 0
2013070387 00:30:00 90919 1 1
2013070388 00:40:00 74601 0 0
2013070389 00:50:00 64832 0 0
2013070390 01:00:00 32526 0 0
2013070391 01:10:00 37882 0 1
2013070392 01:20:00 02118 0 1
2013070393 01:30:00 59100 0 1
2013070394 01:40:00 85661 0 1
2013070395 01:50:00 44250 1 0
2013070396 02:00:00 55205 1 0
