2013040401 10:10:00 83039 0 0
2013040402 10:20:00 22487 1 0
2013040403 10:30:00 74567 0 0
2013040404 10:40:00 02245 1 0
2013040405 10:50:00 05407 0 0
2013040406 11:00:00 30084 1 0
2013040407 11:10:00 88981 1 0
2013040408 11:20:00 64654 1 0
2013040409 11:30:00 75304 0 0
2013040410 11:40:00 77160 1 0
2013040411 11:50:00 39010 0 1
2013040412 12:00:00 45722 0 1
2013040413 12:10:00 89931 1 0
2013040414 12:20:00 21144 1 1
2013040415 12:30:00 23984 0 0
2013040416 12:40:00 03931 0 0
2013040417 12:50:00 56126 0 0
2013040418 13:00:00 41939 0 1
2013040419 13:10:00 44848 1 1
2013040420 13:20:00 77812 1 0
2013040421 13:30:00 81776 0 1
2013040422 13:40:00 37457 0 0
2013040423 13:50:00 79004 0 1
2013040424 14:00:00 35277 0 1
2013040425 14:10:00 83184 0 0
2013040426 14:20:00 71254 0 0
2013040427 14:30:00 32628 0 0
2013040428 14:40:00 75257 0 0
2013040429 14:50:00 44472 1 0
2013040430 15:00:00 13489 0 0
2013040431 15:10:00 22685 1 0
2013040432 15:20:00 07276 0 0
2013040433 15:30:00 51709 0 0
2013040434 15:40:00 53513 1 0
2013040435 15:50:00 48256 0 0
2013040436 16:00:00 42843 0 0
2013040437 16:10:00 20805 0 0
2013040438 16:20:00 54384 0 0
2013040439 16:30:00 04322 0 1
2013040440 16:40:00 55014 1 0
2013040441 16:50:00 08706 0 0
2013040442 17:00:00 21880 0 1
2013040443 17:10:00 95647 0 0
2013040444 17:20:00 11111 1 1
2013040445 17:30:00 67619 1 0
2013040446 17:40:00 46645 1 0
2013040447 17:50:00 12177 1 1
2013040448 18:00:00 08124 0 0
2013040449 18:10:00 69497 0 0
2013040450 18:20:00 47617 0 0
2013040451 18:30:00 91891 0 0
2013040452 18:40:00 65562 1 0
2013040453 18:50:00 65838 0 1
2013040454 19:00:00 66483 1 0
2013040455 19:10:00 79527 0 0
2013040456 19:20:00 96672 1 0
2013040457 19:30:00 51718 0 0
2013040458 19:40:00 17079 0 0
2013040459 19:50:00 86549 0 0
2013040460 20:00:00 58549 1 0
2013040461 20:10:00 75595 1 1
2013040462 20:20:00 12578 0 0
2013040463 20:30:00 39803 0 0
2013040464 20:40:00 65204 0 0
2013040465 20:50:00 83907 0 0
2013040466 21:00:00 07562 0 0
2013040467 21:10:00 27099 0 1
2013040468 21:20:00 24461 1 0
2013040469 21:30:00 25674 0 0
2013040470 21:40:00 04990 0 1
2013040471 21:50:00 27488 0 1
2013040472 22:00:00 45181 0 1
2013040473 22:10:00 43739 0 0
2013040474 22:20:00 62902 0 0
2013040475 22:30:00 61030 0 1
2013040476 22:40:00 44128 1 0
2013040477 22:50:00 60687 1 0
2013040478 23:00:00 58515 1 1
2013040479 23:10:00 21086 0 0
2013040480 23:20:00 42371 0 0
2013040481 23:30:00 21098 0 0
2013040482 23:40:00 25434 0 1
2013040483 23:50:00 09652 0 0
2013040484 00:00:00 15840 0 0
2013040485 00:10:00 50422 0 1
2013040486 00:20:00 96785 0 0
2013040487 00:30:00 76386 0 0
2013040488 00:40:00 74885 0 1
2013040489 00:50:00 01901 0 0
2013040490 01:00:00 43553 0 1
2013040491 01:10:00 43997 0 1
2013040492 01:20:00 97293 0 0
2013040493 01:30:00 32113 0 1
2013040494 01:40:00 74290 0 0
2013040495 01:50:00 13501 0 0
2013040496 02:00:00 83917 0 0
