2013061401 10:10:00 47738 1 0
2013061402 10:20:00 67580 0 0
2013061403 10:30:00 24465 1 0
2013061404 10:40:00 50725 0 0
2013061405 10:50:00 52531 1 0
2013061406 11:00:00 20942 0 0
2013061407 11:10:00 59365 0 0
2013061408 11:20:00 60073 1 0
2013061409 11:30:00 26583 0 0
2013061410 11:40:00 38583 0 0
2013061411 11:50:00 78314 0 0
2013061412 12:00:00 12873 0 0
2013061413 12:10:00 55548 1 0
2013061414 12:20:00 30161 0 1
2013061415 12:30:00 58852 1 0
2013061416 12:40:00 93650 0 0
2013061417 12:50:00 09058 1 0
2013061418 13:00:00 67943 0 0
2013061419 13:10:00 64050 0 1
2013061420 13:20:00 34273 0 0
2013061421 13:30:00 63249 0 0
2013061422 13:40:00 63941 0 0
2013061423 13:50:00 37640 0 0
2013061424 14:00:00 29070 0 1
2013061425 14:10:00 74414 1 1
2013061426 14:20:00 62325 0 0
2013061427 14:30:00 45923 0 0
2013061428 14:40:00 13775 0 1
2013061429 14:50:00 92206 1 0
2013061430 15:00:00 07697 0 0
2013061431 15:10:00 37186 0 0
2013061432 15:20:00 85154 0 0
2013061433 15:30:00 67927 0 0
2013061434 15:40:00 19558 0 1
2013061435 15:50:00 26622 1 1
2013061436 16:00:00 06255 0 1
2013061437 16:10:00 04559 0 1
2013061438 16:20:00 07459 0 0
2013061439 16:30:00 86820 1 0
2013061440 16:40:00 81750 0 0
2013061441 16:50:00 37366 1 1
2013061442 17:00:00 56486 0 0
2013061443 17:10:00 44959 1 1
2013061444 17:20:00 87318 0 0
2013061445 17:30:00 24685 0 0
2013061446 17:40:00 04716 0 0
2013061447 17:50:00 25162 0 0
2013061448 18:00:00 44333 1 1
2013061449 18:10:00 01871 0 0
2013061450 18:20:00 32912 0 0
2013061451 18:30:00 25422 0 1
2013061452 18:40:00 09347 0 0
2013061453 18:50:00 20640 0 0
2013061454 19:00:00 48678 0 0
2013061455 19:10:00 85037 0 0
2013061456 19:20:00 09678 0 0
2013061457 19:30:00 81084 0 0
2013061458 19:40:00 49924 1 0
2013061459 19:50:00 50330 0 1
2013061460 20:00:00 39377 1 1
2013061461 20:10:00 28519 0 0
2013061462 20:20:00 05785 0 0
2013061463 20:30:00 75976 0 0
2013061464 20:40:00 37272 0 1
2013061465 20:50:00 26098 0 0
2013061466 21:00:00 61932 0 0
2013061467 21:10:00 83289 0 0
2013061468 21:20:00 95580 1 0
2013061469 21:30:00 75215 0 0
2013061470 21:40:00 86765 0 0
2013061471 21:50:00 64303 0 1
2013061472 22:00:00 17420 0 0
2013061473 22:10:00 77622 1 1
2013061474 22:20:00 69646 1 1
2013061475 22:30:00 27399 0 1
2013061476 22:40:00 20036 1 0
2013061477 22:50:00 36794 0 0
2013061478 23:00:00 73802 0 0
2013061479 23:10:00 31631 0 0
2013061480 23:20:00 48334 0 1
2013061481 23:30:00 51496 0 0
2013061482 23:40:00 23909 0 1
2013061483 23:50:00 36390 1 0
2013061484 00:00:00 32092 0 0
2013061485 00:10:00 15385 0 0
2013061486 00:20:00 24284 1 0
2013061487 00:30:00 32631 0 0
2013061488 00:40:00 10848 0 1
2013061489 00:50:00 30545 0 1
2013061490 01:00:00 46706 0 0
2013061491 01:10:00 99653 1 0
2013061492 01:20:00 43101 0 1
2013061493 01:30:00 46070 0 1
2013061494 01:40:00 63182 0 0
2013061495 01:50:00 30933 0 1
2013061496 02:00:00 52900 0 1
