2013022501 10:10:00 89146 0 0
2013022502 10:20:00 75445 0 1
2013022503 10:30:00 30013 1 0
2013022504 10:40:00 26747 0 1
2013022505 10:50:00 13505 0 1
2013022506 11:00:00 70803 0 0
2013022507 11:10:00 45007 0 1
2013022508 11:20:00 06942 0 0
2013022509 11:30:00 29516 0 0
2013022510 11:40:00 27910 0 0
2013022511 11:50:00 26940 0 0
2013022512 12:00:00 45986 0 0
2013022513 12:10:00 43330 1 1
2013022514 12:20:00 61071 0 0
2013022515 12:30:00 93704 0 0
2013022516 12:40:00 08205 0 0
2013022517 12:50:00 85189 0 0
2013022518 13:00:00 88417 1 0
2013022519 13:10:00 87522 0 1
2013022520 13:20:00 47438 1 0
2013022521 13:30:00 43279 0 0
2013022522 13:40:00 75063 0 0
2013022523 13:50:00 97353 0 1
2013022524 14:00:00 67480 0 0
2013022525 14:10:00 45841 0 0
2013022526 14:20:00 50161 0 1
2013022527 14:30:00 96749 0 0
2013022528 14:40:00 68290 0 0
2013022529 14:50:00 06480 0 0
2013022530 15:00:00 75295 0 0
2013022531 15:10:00 08105 0 0
2013022532 15:20:00 91015 0 0
2013022533 15:30:00 43575 0 1
2013022534 15:40:00 42826 0 0
2013022535 15:50:00 51350 0 0
2013022536 16:00:00 23776 0 1
2013022537 16:10:00 46722 0 1
2013022538 16:20:00 95502 1 0
2013022539 16:30:00 59246 0 0
2013022540 16:40:00 60550 0 1
2013022541 16:50:00 08891 1 0
2013022542 17:00:00 15761 0 0
2013022543 17:10:00 15221 0 1
2013022544 17:20:00 27201 1 0
2013022545 17:30:00 75025 0 0
2013022546 17:40:00 88561 1 0
2013022547 17:50:00 89500 0 1
2013022548 18:00:00 38391 1 0
2013022549 18:10:00 67538 0 0
2013022550 18:20:00 78231 0 0
2013022551 18:30:00 09634 0 0
2013022552 18:40:00 33955 1 1
2013022553 18:50:00 95095 0 0
2013022554 19:00:00 77842 1 0
2013022555 19:10:00 44240 1 0
2013022556 19:20:00 30669 0 1
2013022557 19:30:00 58098 0 0
2013022558 19:40:00 27183 0 0
2013022559 19:50:00 13129 1 0
2013022560 20:00:00 31547 0 0
2013022561 20:10:00 61508 0 0
2013022562 20:20:00 48930 0 0
2013022563 20:30:00 09339 0 1
2013022564 20:40:00 53323 1 1
2013022565 20:50:00 14515 0 1
2013022566 21:00:00 19626 0 1
2013022567 21:10:00 71328 0 0
2013022568 21:20:00 48429 1 0
2013022569 21:30:00 82064 0 0
2013022570 21:40:00 52490 0 0
2013022571 21:50:00 11583 1 0
2013022572 22:00:00 74611 0 1
2013022573 22:10:00 35549 1 0
2013022574 22:20:00 55776 1 1
2013022575 22:30:00 56685 1 0
2013022576 22:40:00 99604 1 0
2013022577 22:50:00 84774 0 1
2013022578 23:00:00 28690 0 0
2013022579 23:10:00 13508 0 0
2013022580 23:20:00 77029 1 0
2013022581 23:30:00 26724 0 0
2013022582 23:40:00 62703 0 0
2013022583 23:50:00 80928 0 0
2013022584 00:00:00 84758 0 0
2013022585 00:10:00 32270 1 0
2013022586 00:20:00 97700 1 1
2013022587 00:30:00 53982 0 0
2013022588 00:40:00 80750 0 0
2013022589 00:50:00 75863 0 0
2013022590 01:00:00 70422 0 1
2013022591 01:10:00 85725 0 0
2013022592 01:20:00 66133 1 1
2013022593 01:30:00 60279 0 0
2013022594 01:40:00 44516 1 0
2013022595 01:50:00 01938 0 0
2013022596 02:00:00 80902 0 0
