2013081301 10:10:00 60817 0 0
2013081302 10:20:00 93355 1 1
2013081303 10:30:00 57632 0 0
2013081304 10:40:00 79158 0 0
2013081305 10:50:00 82637 0 0
2013081306 11:00:00 63352 1 0
2013081307 11:10:00 47323 0 1
2013081308 11:20:00 86318 0 0
2013081309 11:30:00 41136 1 0
2013081310 11:40:00 86813 1 0
2013081311 11:50:00 45995 0 1
2013081312 12:00:00 96219 0 0
2013081313 12:10:00 04291 0 0
2013081314 12:20:00 51654 0 0
2013081315 12:30:00 17430 0 0
2013081316 12:40:00 31787 0 1
2013081317 12:50:00 86943 0 0
2013081318 13:00:00 58597 1 0
2013081319 13:10:00 63060 0 1
2013081320 13:20:00 52874 0 0
2013081321 13:30:00 19936 1 0
2013081322 13:40:00 16344 0 1
2013081323 13:50:00 49250 0 0
2013081324 14:00:00 97507 0 0
2013081325 14:10:00 51858 0 1
2013081326 14:20:00 26905 0 0
2013081327 14:30:00 08468 0 0
2013081328 14:40:00 05088 1 1
2013081329 14:50:00 98493 0 0
2013081330 15:00:00 77992 1 1
2013081331 15:10:00 11558 1 1
2013081332 15:20:00 20537 0 0
2013081333 15:30:00 35770 0 1
2013081334 15:40:00 50230 0 0
2013081335 15:50:00 30058 1 0
2013081336 16:00:00 97008 0 1
2013081337 16:10:00 91626 0 1
2013081338 16:20:00 60728 0 0
2013081339 16:30:00 53804 0 0
2013081340 16:40:00 96972 1 0
2013081341 16:50:00 72245 1 0
2013081342 17:00:00 08927 0 0
2013081343 17:10:00 24336 0 1
2013081344 17:20:00 43434 1 1
2013081345 17:30:00 74774 1 1
2013081346 17:40:00 69623 1 0
2013081347 17:50:00 70287 0 0
2013081348 18:00:00 52021 0 0
2013081349 18:10:00 95759 0 0
2013081350 18:20:00 74326 0 0
2013081351 18:30:00 12590 0 0
2013081352 18:40:00 11406 1 0
2013081353 18:50:00 67565 0 1
2013081354 19:00:00 93294 0 0
2013081355 19:10:00 71905 0 0
2013081356 19:20:00 60231 0 0
2013081357 19:30:00 35532 1 0
2013081358 19:40:00 24705 0 0
2013081359 19:50:00 29651 0 0
2013081360 20:00:00 24683 0 0
2013081361 20:10:00 83248 0 0
2013081362 20:20:00 70856 0 0
2013081363 20:30:00 83267 0 0
2013081364 20:40:00 54401 1 0
2013081365 20:50:00 71652 0 0
2013081366 21:00:00 08629 0 0
2013081367 21:10:00 55948 1 0
2013081368 21:20:00 99376 1 0
2013081369 21:30:00 25336 0 1
2013081370 21:40:00 21686 0 1
2013081371 21:50:00 60371 0 0
2013081372 22:00:00 38370 1 0
2013081373 22:10:00 46406 1 0
2013081374 22:20:00 16071 0 0
2013081375 22:30:00 81516 0 0
2013081376 22:40:00 50062 1 0
2013081377 22:50:00 69117 0 1
2013081378 23:00:00 83872 1 0
2013081379 23:10:00 92929 1 1
2013081380 23:20:00 10938 0 0
2013081381 23:30:00 27025 0 0
2013081382 23:40:00 20858 0 1
2013081383 23:50:00 47638 0 0
2013081384 00:00:00 29162 0 0
2013081385 00:10:00 30604 0 0
2013081386 00:20:00 80131 0 1
2013081387 00:30:00 98286 0 0
2013081388 00:40:00 35406 0 0
2013081389 00:50:00 64740 0 0
2013081390 01:00:00 35336 1 1
2013081391 01:10:00 10645 0 0
2013081392 01:20:00 86939 0 1
2013081393 01:30:00 18177 1 1
2013081394 01:40:00 33089 1 0
2013081395 01:50:00 49774 0 1
2013081396 02:00:00 47282 0 1
