2013031201 10:10:00 38554 0 1
2013031202 10:20:00 09532 0 0
2013031203 10:30:00 47870 0 0
2013031204 10:40:00 45189 0 0
2013031205 10:50:00 25987 0 0
2013031206 11:00:00 84191 0 1
2013031207 11:10:00 96754 0 0
2013031208 11:20:00 30726 0 0
2013031209 11:30:00 82328 0 0
2013031210 11:40:00 85963 0 0
2013031211 11:50:00 72632 0 0
2013031212 12:00:00 79594 0 0
2013031213 12:10:00 76224 0 1
2013031214 12:20:00 79843 0 0
2013031215 12:30:00 58770 0 1
2013031216 12:40:00 63437 0 0
2013031217 12:50:00 13806 0 0
2013031218 13:00:00 11758 1 0
2013031219 13:10:00 90924 1 0
2013031220 13:20:00 81154 1 0
2013031221 13:30:00 50370 0 0
2013031222 13:40:00 42900 0 1
2013031223 13:50:00 48215 0 0
2013031224 14:00:00 12445 0 1
2013031225 14:10:00 70873 0 0
2013031226 14:20:00 58174 0 0
2013031227 14:30:00 41491 1 0
2013031228 14:40:00 35485 0 0
2013031229 14:50:00 49757 0 1
2013031230 15:00:00 54947 0 0
2013031231 15:10:00 94540 0 0
2013031232 15:20:00 15119 1 1
2013031233 15:30:00 30470 0 0
2013031234 15:40:00 30544 0 1
2013031235 15:50:00 52827 0 0
2013031236 16:00:00 27947 0 0
2013031237 16:10:00 93384 1 0
2013031238 16:20:00 58948 0 0
2013031239 16:30:00 44362 1 0
2013031240 16:40:00 10775 0 1
2013031241 16:50:00 54060 0 1
2013031242 17:00:00 32875 0 0
2013031243 17:10:00 53090 0 1
2013031244 17:20:00 94625 0 0
2013031245 17:30:00 22167 1 0
2013031246 17:40:00 62739 0 0
2013031247 17:50:00 00025 1 0
2013031248 18:00:00 03023 1 0
2013031249 18:10:00 54211 0 1
2013031250 18:20:00 08940 0 0
2013031251 18:30:00 13639 0 0
2013031252 18:40:00 86880 1 1
2013031253 18:50:00 98502 0 0
2013031254 19:00:00 09141 0 1
2013031255 19:10:00 83442 0 1
2013031256 19:20:00 55780 1 0
2013031257 19:30:00 22427 1 0
2013031258 19:40:00 49682 0 0
2013031259 19:50:00 04557 0 1
2013031260 20:00:00 79023 0 0
2013031261 20:10:00 88434 1 1
2013031262 20:20:00 26116 0 1
2013031263 20:30:00 19882 0 1
2013031264 20:40:00 82656 0 1
2013031265 20:50:00 52937 0 0
2013031266 21:00:00 54026 0 0
2013031267 21:10:00 27883 0 1
2013031268 21:20:00 98809 1 0
2013031269 21:30:00 50230 0 0
2013031270 21:40:00 96259 0 0
2013031271 21:50:00 23107 0 0
2013031272 22:00:00 34895 0 0
2013031273 22:10:00 84080 0 1
2013031274 22:20:00 97320 0 0
2013031275 22:30:00 66021 1 0
2013031276 22:40:00 82757 0 1
2013031277 22:50:00 84553 0 1
2013031278 23:00:00 62255 1 1
2013031279 23:10:00 38171 0 1
2013031280 23:20:00 60515 0 1
2013031281 23:30:00 82430 0 0
2013031282 23:40:00 95832 0 0
2013031283 23:50:00 20419 0 0
2013031284 00:00:00 63523 0 0
2013031285 00:10:00 02165 0 0
2013031286 00:20:00 88659 1 0
2013031287 00:30:00 16153 1 0
2013031288 00:40:00 22950 1 0
2013031289 00:50:00 27484 0 1
2013031290 01:00:00 37283 0 0
2013031291 01:10:00 29382 0 0
2013031292 01:20:00 31238 0 0
2013031293 01:30:00 88093 1 0
2013031294 01:40:00 33104 1 0
2013031295 01:50:00 11840 1 0
2013031296 02:00:00 17658 0 0
