2013080301 10:10:00 80264 0 0
2013080302 10:20:00 79108 0 0
2013080303 10:30:00 15364 0 0
2013080304 10:40:00 30808 0 1
2013080305 10:50:00 82478 0 0
2013080306 11:00:00 75551 1 1
2013080307 11:10:00 49564 0 0
2013080308 11:20:00 13644 0 1
2013080309 11:30:00 19067 0 0
2013080310 11:40:00 19259 0 0
2013080311 11:50:00 37960 0 0
2013080312 12:00:00 24841 0 0
2013080313 12:10:00 63832 0 0
2013080314 12:20:00 42874 0 0
2013080315 12:30:00 14495 1 0
2013080316 12:40:00 32415 0 0
2013080317 12:50:00 95796 0 0
2013080318 13:00:00 78499 0 1
2013080319 13:10:00 45021 0 0
2013080320 13:20:00 85453 0 0
2013080321 13:30:00 69554 0 1
2013080322 13:40:00 04529 0 0
2013080323 13:50:00 26056 0 0
2013080324 14:00:00 14031 0 0
2013080325 14:10:00 77094 1 0
2013080326 14:20:00 24190 0 0
2013080327 14:30:00 75256 0 0
2013080328 14:40:00 73406 0 0
2013080329 14:50:00 27016 0 0
2013080330 15:00:00 13697 0 0
2013080331 15:10:00 72025 0 0
2013080332 15:20:00 10682 0 0
2013080333 15:30:00 10252 0 1
2013080334 15:40:00 94386 0 0
2013080335 15:50:00 00922 1 1
2013080336 16:00:00 30822 0 1
2013080337 16:10:00 57049 0 0
2013080338 16:20:00 97305 0 0
2013080339 16:30:00 20259 1 0
2013080340 16:40:00 58973 0 0
2013080341 16:50:00 23523 0 0
2013080342 17:00:00 81253 0 0
2013080343 17:10:00 70130 0 0
2013080344 17:20:00 08766 0 1
2013080345 17:30:00 57369 0 0
2013080346 17:40:00 24843 0 0
2013080347 17:50:00 02143 0 0
2013080348 18:00:00 58141 0 1
2013080349 18:10:00 20317 0 0
2013080350 18:20:00 40314 0 0
2013080351 18:30:00 55727 1 1
2013080352 18:40:00 11935 1 0
2013080353 18:50:00 30751 0 0
2013080354 19:00:00 32991 0 1
2013080355 19:10:00 73983 0 0
2013080356 19:20:00 68459 0 0
2013080357 19:30:00 45732 0 0
2013080358 19:40:00 12942 0 0
2013080359 19:50:00 54287 0 0
2013080360 20:00:00 28797 0 1
2013080361 20:10:00 05994 0 1
2013080362 20:20:00 79350 0 0
2013080363 20:30:00 82564 0 0
2013080364 20:40:00 91583 0 0
2013080365 20:50:00 73223 0 1
2013080366 21:00:00 04585 0 1
2013080367 21:10:00 57243 0 0
2013080368 21:20:00 04461 1 0
2013080369 21:30:00 93888 0 1
2013080370 21:40:00 31140 1 0
2013080371 21:50:00 32262 1 1
2013080372 22:00:00 27539 0 0
2013080373 22:10:00 46407 1 0
2013080374 22:20:00 42638 0 0
2013080375 22:30:00 31538 0 0
2013080376 22:40:00 08935 0 0
2013080377 22:50:00 45243 0 0
2013080378 23:00:00 56693 1 0
2013080379 23:10:00 91440 0 1
2013080380 23:20:00 55121 1 1
2013080381 23:30:00 69126 0 0
2013080382 23:40:00 85973 0 0
2013080383 23:50:00 69151 0 1
2013080384 00:00:00 82312 0 0
2013080385 00:10:00 63018 0 0
2013080386 00:20:00 87996 0 1
2013080387 00:30:00 88884 1 1
2013080388 00:40:00 49867 0 0
2013080389 00:50:00 84290 0 0
2013080390 01:00:00 23998 0 1
2013080391 01:10:00 21549 0 0
2013080392 01:20:00 06555 0 1
2013080393 01:30:00 01520 0 0
2013080394 01:40:00 49852 0 0
2013080395 01:50:00 43481 1 0
2013080396 02:00:00 06275 0 0
