2013111401 10:10:00 27189 0 0
2013111402 10:20:00 38966 0 1
2013111403 10:30:00 63786 0 0
2013111404 10:40:00 34041 0 0
2013111405 10:50:00 69530 0 0
2013111406 11:00:00 83066 0 1
2013111407 11:10:00 19979 1 1
2013111408 11:20:00 74201 0 0
2013111409 11:30:00 25976 0 0
2013111410 11:40:00 33755 1 1
2013111411 11:50:00 34398 1 0
2013111412 12:00:00 51243 0 0
2013111413 12:10:00 74702 1 0
2013111414 12:20:00 01405 0 0
2013111415 12:30:00 29429 0 0
2013111416 12:40:00 88382 1 0
2013111417 12:50:00 84865 1 0
2013111418 13:00:00 63098 0 0
2013111419 13:10:00 17865 0 0
2013111420 13:20:00 27890 0 0
2013111421 13:30:00 49171 0 1
2013111422 13:40:00 03569 0 0
2013111423 13:50:00 49436 1 0
2013111424 14:00:00 50206 0 0
2013111425 14:10:00 98686 0 1
2013111426 14:20:00 44358 1 0
2013111427 14:30:00 67000 0 1
2013111428 14:40:00 10715 0 0
2013111429 14:50:00 54870 0 0
2013111430 15:00:00 57297 0 0
2013111431 15:10:00 68520 0 0
2013111432 15:20:00 85097 0 0
2013111433 15:30:00 94942 1 0
2013111434 15:40:00 10974 0 0
2013111435 15:50:00 12538 0 0
2013111436 16:00:00 70147 0 0
2013111437 16:10:00 88409 1 0
2013111438 16:20:00 09216 0 0
2013111439 16:30:00 10113 1 1
2013111440 16:40:00 01033 1 1
2013111441 16:50:00 82964 0 0
2013111442 17:00:00 51261 0 0
2013111443 17:10:00 56644 1 1
2013111444 17:20:00 02764 0 0
2013111445 17:30:00 58198 0 0
2013111446 17:40:00 52344 0 1
2013111447 17:50:00 51918 0 0
2013111448 18:00:00 50450 0 0
2013111449 18:10:00 51991 0 1
2013111450 18:20:00 70782 1 0
2013111451 18:30:00 91253 0 0
2013111452 18:40:00 75454 0 1
2013111453 18:50:00 30039 1 0
2013111454 19:00:00 00240 1 0
2013111455 19:10:00 12690 0 0
2013111456 19:20:00 68675 1 0
2013111457 19:30:00 44200 1 1
2013111458 19:40:00 05719 0 0
2013111459 19:50:00 15084 0 0
2013111460 20:00:00 17270 0 0
2013111461 20:10:00 30176 0 0
2013111462 20:20:00 11306 1 0
2013111463 20:30:00 75147 0 0
2013111464 20:40:00 88644 1 1
2013111465 20:50:00 13763 0 0
2013111466 21:00:00 30972 0 0
2013111467 21:10:00 39511 0 1
2013111468 21:20:00 75781 1 0
2013111469 21:30:00 02955 0 1
2013111470 21:40:00 94254 0 0
2013111471 21:50:00 63651 1 0
2013111472 22:00:00 32696 0 1
2013111473 22:10:00 09344 0 1
2013111474 22:20:00 24193 0 0
2013111475 22:30:00 95118 0 1
2013111476 22:40:00 08894 1 0
2013111477 22:50:00 40835 0 0
2013111478 23:00:00 83337 1 1
2013111479 23:10:00 07642 0 0
2013111480 23:20:00 18519 0 0
2013111481 23:30:00 54842 0 0
2013111482 23:40:00 69493 0 0
2013111483 23:50:00 31352 1 0
2013111484 00:00:00 16942 0 0
2013111485 00:10:00 40272 0 1
2013111486 00:20:00 02634 0 0
2013111487 00:30:00 31643 0 0
2013111488 00:40:00 61091 0 0
2013111489 00:50:00 55393 1 1
2013111490 01:00:00 74421 1 0
2013111491 01:10:00 45538 1 0
2013111492 01:20:00 69284 0 0
2013111493 01:30:00 20271 1 0
2013111494 01:40:00 51672 0 0
2013111495 01:50:00 21268 1 0
2013111496 02:00:00 25481 0 0
