2013010201 10:10:00 52073 0 0
2013010202 10:20:00 91806 0 0
2013010203 10:30:00 87694 0 0
2013010204 10:40:00 56660 1 1
2013010205 10:50:00 67763 1 0
2013010206 11:00:00 76556 0 1
2013010207 11:10:00 54472 1 0
2013010208 11:20:00 67859 0 0
2013010209 11:30:00 28134 0 0
2013010210 11:40:00 55801 1 0
2013010211 11:50:00 88710 1 0
2013010212 12:00:00 98674 0 0
2013010213 12:10:00 46411 1 1
2013010214 12:20:00 12903 0 0
2013010215 12:30:00 72626 0 1
2013010216 12:40:00 66189 1 0
2013010217 12:50:00 61467 0 0
2013010218 13:00:00 02590 0 0
2013010219 13:10:00 28824 1 0
2013010220 13:20:00 14573 0 0
2013010221 13:30:00 99162 1 0
2013010222 13:40:00 93293 0 0
2013010223 13:50:00 15012 0 0
2013010224 14:00:00 79655 0 1
2013010225 14:10:00 92336 0 1
2013010226 14:20:00 52408 0 0
2013010227 14:30:00 96501 0 0
2013010228 14:40:00 75618 0 0
2013010229 14:50:00 89139 0 0
2013010230 15:00:00 08914 0 0
2013010231 15:10:00 58116 0 1
2013010232 15:20:00 50625 0 0
2013010233 15:30:00 98431 0 0
2013010234 15:40:00 78258 0 0
2013010235 15:50:00 18070 0 1
2013010236 16:00:00 84947 0 0
2013010237 16:10:00 25246 1 0
2013010238 16:20:00 61475 0 0
2013010239 16:30:00 36564 0 0
2013010240 16:40:00 45492 1 0
2013010241 16:50:00 10757 0 1
2013010242 17:00:00 61982 0 0
2013010243 17:10:00 59732 0 0
2013010244 17:20:00 17188 1 1
2013010245 17:30:00 40862 0 0
2013010246 17:40:00 87297 0 0
2013010247 17:50:00 78841 1 0
2013010248 18:00:00 11407 1 0
2013010249 18:10:00 65200 0 1
2013010250 18:20:00 45729 0 0
2013010251 18:30:00 69947 1 0
2013010252 18:40:00 40998 0 1
2013010253 18:50:00 94506 0 0
2013010254 19:00:00 66853 1 0
2013010255 19:10:00 42348 0 0
2013010256 19:20:00 56434 0 1
2013010257 19:30:00 90732 0 0
2013010258 19:40:00 04449 1 1
2013010259 19:50:00 92671 0 0
2013010260 20:00:00 59221 0 1
2013010261 20:10:00 53238 0 0
2013010262 20:20:00 42536 0 0
2013010263 20:30:00 32942 0 0
2013010264 20:40:00 52109 0 0
2013010265 20:50:00 85321 0 0
2013010266 21:00:00 61301 0 0
2013010267 21:10:00 40239 0 0
2013010268 21:20:00 27586 0 0
2013010269 21:30:00 49764 0 0
2013010270 21:40:00 23678 0 0
2013010271 21:50:00 61848 0 1
2013010272 22:00:00 19954 1 0
2013010273 22:10:00 85337 0 1
2013010274 22:20:00 03756 0 0
2013010275 22:30:00 12206 1 0
2013010276 22:40:00 11132 1 0
2013010277 22:50:00 60519 0 0
2013010278 23:00:00 56282 0 1
2013010279 23:10:00 03338 1 1
2013010280 23:20:00 85406 0 0
2013010281 23:30:00 74302 0 0
2013010282 23:40:00 61866 0 1
2013010283 23:50:00 51403 0 0
2013010284 00:00:00 77725 1 0
2013010285 00:10:00 09341 0 0
2013010286 00:20:00 57507 1 0
2013010287 00:30:00 36266 0 1
2013010288 00:40:00 84031 0 0
2013010289 00:50:00 40060 1 1
2013010290 01:00:00 07184 0 0
2013010291 01:10:00 40576 0 0
2013010292 01:20:00 55619 1 0
2013010293 01:30:00 80423 0 0
2013010294 01:40:00 68807 1 0
2013010295 01:50:00 23457 0 0
2013010296 02:00:00 61574 0 0
