2013101601 10:10:00 87512 0 0
2013101602 10:20:00 64303 0 1
2013101603 10:30:00 71752 1 0
2013101604 10:40:00 00747 1 1
2013101605 10:50:00 48388 0 1
2013101606 11:00:00 80519 0 0
2013101607 11:10:00 23069 0 0
2013101608 11:20:00 40637 0 0
2013101609 11:30:00 66622 1 1
2013101610 11:40:00 74888 0 1
2013101611 11:50:00 10601 0 0
2013101612 12:00:00 12785 0 0
2013101613 12:10:00 49836 0 0
2013101614 12:20:00 06352 0 0
2013101615 12:30:00 76489 0 0
2013101616 12:40:00 66716 1 0
2013101617 12:50:00 65517 1 0
2013101618 13:00:00 65779 0 1
2013101619 13:10:00 93060 0 1
2013101620 13:20:00 44286 1 0
2013101621 13:30:00 47486 1 0
2013101622 13:40:00 35193 0 0
2013101623 13:50:00 70753 1 0
2013101624 14:00:00 88644 1 1
2013101625 14:10:00 77033 1 1
2013101626 14:20:00 39026 0 0
2013101627 14:30:00 28099 0 1
2013101628 14:40:00 18730 0 0
2013101629 14:50:00 68330 0 1
2013101630 15:00:00 80038 1 0
2013101631 15:10:00 84638 0 0
2013101632 15:20:00 95485 0 0
2013101633 15:30:00 51586 1 0
2013101634 15:40:00 87645 0 0
2013101635 15:50:00 86767 0 1
2013101636 16:00:00 35735 0 0
2013101637 16:10:00 09830 0 0
2013101638 16:20:00 65712 0 0
2013101639 16:30:00 84002 0 1
2013101640 16:40:00 10558 0 1
2013101641 16:50:00 77761 1 0
2013101642 17:00:00 07387 0 0
2013101643 17:10:00 20310 0 0
2013101644 17:20:00 75267 0 0
2013101645 17:30:00 52213 1 0
2013101646 17:40:00 82367 0 0
2013101647 17:50:00 03477 0 1
2013101648 18:00:00 41378 0 0
2013101649 18:10:00 45584 1 0
2013101650 18:20:00 05061 1 0
2013101651 18:30:00 54964 0 0
2013101652 18:40:00 11366 1 1
2013101653 18:50:00 34475 1 0
2013101654 19:00:00 82590 0 0
2013101655 19:10:00 17337 0 1
2013101656 19:20:00 47973 0 0
2013101657 19:30:00 00627 1 0
2013101658 19:40:00 26074 0 0
2013101659 19:50:00 84305 0 0
2013101660 20:00:00 77939 1 1
2013101661 20:10:00 49256 0 0
2013101662 20:20:00 64021 0 0
2013101663 20:30:00 72643 0 0
2013101664 20:40:00 17994 0 1
2013101665 20:50:00 20437 0 0
2013101666 21:00:00 72785 1 0
2013101667 21:10:00 01049 1 0
2013101668 21:20:00 28549 0 0
2013101669 21:30:00 74037 0 0
2013101670 21:40:00 63244 0 1
2013101671 21:50:00 65970 0 0
2013101672 22:00:00 47530 0 0
2013101673 22:10:00 28248 1 0
2013101674 22:20:00 38025 0 0
2013101675 22:30:00 82215 1 0
2013101676 22:40:00 91864 0 0
2013101677 22:50:00 46943 0 0
2013101678 23:00:00 40273 0 0
2013101679 23:10:00 91510 0 0
2013101680 23:20:00 63725 0 0
2013101681 23:30:00 76602 1 0
2013101682 23:40:00 74449 1 1
2013101683 23:50:00 03865 0 0
2013101684 00:00:00 33753 1 0
2013101685 00:10:00 70005 1 1
2013101686 00:20:00 53759 0 0
2013101687 00:30:00 60552 0 1
2013101688 00:40:00 77707 1 1
2013101689 00:50:00 77722 1 1
2013101690 01:00:00 49603 0 0
2013101691 01:10:00 75855 0 1
2013101692 01:20:00 63872 0 0
2013101693 01:30:00 96618 1 0
2013101694 01:40:00 67269 0 0
2013101695 01:50:00 80248 0 0
2013101696 02:00:00 39388 1 1
