2013032201 10:10:00 85638 0 0
2013032202 10:20:00 95881 0 1
2013032203 10:30:00 99186 1 0
2013032204 10:40:00 79020 0 1
2013032205 10:50:00 72294 1 0
2013032206 11:00:00 71363 0 1
2013032207 11:10:00 67366 0 1
2013032208 11:20:00 82991 0 1
2013032209 11:30:00 89965 1 0
2013032210 11:40:00 00838 1 1
2013032211 11:50:00 43650 0 0
2013032212 12:00:00 77173 1 0
2013032213 12:10:00 41036 0 0
2013032214 12:20:00 56294 0 0
2013032215 12:30:00 37749 1 0
2013032216 12:40:00 99719 1 0
2013032217 12:50:00 42656 0 1
2013032218 13:00:00 29415 0 0
2013032219 13:10:00 16768 0 0
2013032220 13:20:00 18146 1 0
2013032221 13:30:00 45858 0 1
2013032222 13:40:00 57873 0 0
2013032223 13:50:00 39573 0 0
2013032224 14:00:00 02336 0 1
2013032225 14:10:00 97435 0 0
2013032226 14:20:00 47057 0 0
2013032227 14:30:00 29022 0 1
2013032228 14:40:00 69945 1 0
2013032229 14:50:00 97763 1 0
2013032230 15:00:00 42948 0 0
2013032231 15:10:00 63095 0 0
2013032232 15:20:00 20937 0 0
2013032233 15:30:00 94581 0 0
2013032234 15:40:00 32053 0 0
2013032235 15:50:00 21216 1 0
2013032236 16:00:00 81030 0 1
2013032237 16:10:00 48239 0 0
2013032238 16:20:00 26291 1 0
2013032239 16:30:00 61302 0 0
2013032240 16:40:00 96654 1 0
2013032241 16:50:00 35818 0 1
2013032242 17:00:00 22163 1 0
2013032243 17:10:00 31117 1 1
2013032244 17:20:00 31547 0 0
2013032245 17:30:00 86766 0 1
2013032246 17:40:00 10485 0 0
2013032247 17:50:00 87316 0 0
2013032248 18:00:00 44485 1 0
2013032249 18:10:00 90217 0 0
2013032250 18:20:00 74891 0 0
2013032251 18:30:00 47334 0 1
2013032252 18:40:00 25575 1 1
2013032253 18:50:00 35045 0 0
2013032254 19:00:00 30100 0 1
2013032255 19:10:00 53007 0 1
2013032256 19:20:00 96345 0 0
2013032257 19:30:00 23077 0 1
2013032258 19:40:00 89738 0 0
2013032259 19:50:00 01354 0 0
2013032260 20:00:00 16450 0 0
2013032261 20:10:00 02357 0 0
2013032262 20:20:00 97077 0 1
2013032263 20:30:00 40789 0 0
2013032264 20:40:00 47090 0 1
2013032265 20:50:00 03644 0 1
2013032266 21:00:00 36320 1 0
2013032267 21:10:00 06053 1 0
2013032268 21:20:00 12329 0 0
2013032269 21:30:00 44490 1 0
2013032270 21:40:00 12151 1 1
2013032271 21:50:00 90197 0 0
2013032272 22:00:00 19193 1 0
2013032273 22:10:00 41271 0 0
2013032274 22:20:00 32173 0 0
2013032275 22:30:00 22048 1 0
2013032276 22:40:00 31970 0 0
2013032277 22:50:00 64220 0 1
2013032278 23:00:00 51822 0 1
2013032279 23:10:00 92968 1 0
2013032280 23:20:00 74060 0 1
2013032281 23:30:00 55834 1 0
2013032282 23:40:00 94751 0 0
2013032283 23:50:00 41506 0 0
2013032284 00:00:00 83221 0 1
2013032285 00:10:00 44561 1 0
2013032286 00:20:00 78554 0 1
2013032287 00:30:00 94692 0 0
2013032288 00:40:00 47851 0 0
2013032289 00:50:00 51029 0 0
2013032290 01:00:00 95597 1 0
2013032291 01:10:00 68166 0 1
2013032292 01:20:00 94659 0 0
2013032293 01:30:00 03522 0 1
2013032294 01:40:00 24485 1 0
2013032295 01:50:00 01954 0 0
2013032296 02:00:00 39990 1 1
