2013052201 10:10:00 67988 0 1
2013052202 10:20:00 65090 0 1
2013052203 10:30:00 16001 0 1
2013052204 10:40:00 29956 1 0
2013052205 10:50:00 14685 0 0
2013052206 11:00:00 16904 0 0
2013052207 11:10:00 74126 0 0
2013052208 11:20:00 21426 0 0
2013052209 11:30:00 69643 1 0
2013052210 11:40:00 84176 0 0
2013052211 11:50:00 39204 0 0
2013052212 12:00:00 60352 0 0
2013052213 12:10:00 98279 0 0
2013052214 12:20:00 45186 0 0
2013052215 12:30:00 27885 0 1
2013052216 12:40:00 67719 1 0
2013052217 12:50:00 77823 1 0
2013052218 13:00:00 48460 1 0
2013052219 13:10:00 39520 0 0
2013052220 13:20:00 02560 0 0
2013052221 13:30:00 36856 0 0
2013052222 13:40:00 93867 0 0
2013052223 13:50:00 03643 0 0
2013052224 14:00:00 24563 0 0
2013052225 14:10:00 23151 0 1
2013052226 14:20:00 53480 0 0
2013052227 14:30:00 17412 0 0
2013052228 14:40:00 26947 0 0
2013052229 14:50:00 69233 0 1
2013052230 15:00:00 71917 0 0
2013052231 15:10:00 57127 0 0
2013052232 15:20:00 35276 0 0
2013052233 15:30:00 65340 0 0
2013052234 15:40:00 45563 1 0
2013052235 15:50:00 12206 1 0
2013052236 16:00:00 47300 0 1
2013052237 16:10:00 20946 0 0
2013052238 16:20:00 13929 0 1
2013052239 16:30:00 36881 0 1
2013052240 16:40:00 41389 0 0
2013052241 16:50:00 04411 1 1
2013052242 17:00:00 01830 0 0
2013052243 17:10:00 15089 0 0
2013052244 17:20:00 90931 1 0
2013052245 17:30:00 05350 0 0
2013052246 17:40:00 54130 0 0
2013052247 17:50:00 10595 0 1
2013052248 18:00:00 92740 0 0
2013052249 18:10:00 60797 0 1
2013052250 18:20:00 70858 0 1
2013052251 18:30:00 95576 1 0
2013052252 18:40:00 99837 1 0
2013052253 18:50:00 53014 0 0
2013052254 19:00:00 51878 0 1
2013052255 19:10:00 25260 1 0
2013052256 19:20:00 35143 0 0
2013052257 19:30:00 50238 0 0
2013052258 19:40:00 15647 0 0
2013052259 19:50:00 73604 0 0
2013052260 20:00:00 26998 0 1
2013052261 20:10:00 26344 0 1
2013052262 20:20:00 09969 1 1
2013052263 20:30:00 57687 0 0
2013052264 20:40:00 51643 0 0
2013052265 20:50:00 33271 1 0
2013052266 21:00:00 03107 0 0
2013052267 21:10:00 78619 0 0
2013052268 21:20:00 63682 1 0
2013052269 21:30:00 24189 0 0
2013052270 21:40:00 59587 1 0
2013052271 21:50:00 67652 1 0
2013052272 22:00:00 56364 0 0
2013052273 22:10:00 44610 1 0
2013052274 22:20:00 51375 0 0
2013052275 22:30:00 52845 0 0
2013052276 22:40:00 21992 0 1
2013052277 22:50:00 58060 0 1
2013052278 23:00:00 62968 0 0
2013052279 23:10:00 88278 1 0
2013052280 23:20:00 62409 0 0
2013052281 23:30:00 33602 1 0
2013052282 23:40:00 66477 1 1
2013052283 23:50:00 23418 0 0
2013052284 00:00:00 77935 1 0
2013052285 00:10:00 43130 0 0
2013052286 00:20:00 94446 1 1
2013052287 00:30:00 43094 0 0
2013052288 00:40:00 66471 1 0
2013052289 00:50:00 89108 0 0
2013052290 01:00:00 98582 0 0
2013052291 01:10:00 32580 0 0
2013052292 01:20:00 19821 0 0
2013052293 01:30:00 13077 0 1
2013052294 01:40:00 76528 0 0
2013052295 01:50:00 89158 0 0
2013052296 02:00:00 43049 0 0
