2013081101 10:10:00 40759 0 0
2013081102 10:20:00 78696 0 1
2013081103 10:30:00 66721 1 0
2013081104 10:40:00 39048 0 0
2013081105 10:50:00 42904 0 0
2013081106 11:00:00 79055 0 1
2013081107 11:10:00 87487 0 0
2013081108 11:20:00 25007 0 1
2013081109 11:30:00 77046 1 0
2013081110 11:40:00 45048 0 0
2013081111 11:50:00 32010 0 1
2013081112 12:00:00 85641 0 0
2013081113 12:10:00 17842 0 0
2013081114 12:20:00 35375 1 0
2013081115 12:30:00 38099 0 1
2013081116 12:40:00 44541 1 0
2013081117 12:50:00 91477 0 1
2013081118 13:00:00 50465 0 0
2013081119 13:10:00 27768 1 0
2013081120 13:20:00 75273 0 0
2013081121 13:30:00 49567 0 0
2013081122 13:40:00 58112 0 1
2013081123 13:50:00 27525 0 1
2013081124 14:00:00 00916 1 0
2013081125 14:10:00 84573 0 0
2013081126 14:20:00 43384 1 0
2013081127 14:30:00 45587 1 0
2013081128 14:40:00 63010 0 1
2013081129 14:50:00 04627 0 0
2013081130 15:00:00 95563 1 0
2013081131 15:10:00 72532 0 0
2013081132 15:20:00 29874 0 0
2013081133 15:30:00 16409 0 0
2013081134 15:40:00 46785 0 0
2013081135 15:50:00 09710 0 0
2013081136 16:00:00 33243 1 0
2013081137 16:10:00 66617 1 0
2013081138 16:20:00 59487 0 0
2013081139 16:30:00 79324 0 0
2013081140 16:40:00 67702 1 0
2013081141 16:50:00 90689 0 0
2013081142 17:00:00 04884 0 1
2013081143 17:10:00 10099 1 1
2013081144 17:20:00 32882 0 1
2013081145 17:30:00 20471 0 0
2013081146 17:40:00 05865 0 0
2013081147 17:50:00 23178 0 0
2013081148 18:00:00 72974 0 0
2013081149 18:10:00 83699 0 1
2013081150 18:20:00 55675 1 0
2013081151 18:30:00 55523 1 0
2013081152 18:40:00 66158 1 0
2013081153 18:50:00 26905 0 0
2013081154 19:00:00 46511 0 1
2013081155 19:10:00 41535 0 1
2013081156 19:20:00 34194 0 0
2013081157 19:30:00 62886 0 1
2013081158 19:40:00 50970 0 0
2013081159 19:50:00 98315 0 0
2013081160 20:00:00 71450 0 0
2013081161 20:10:00 82654 0 0
2013081162 20:20:00 71197 1 0
2013081163 20:30:00 77400 1 1
2013081164 20:40:00 69845 0 0
2013081165 20:50:00 87545 0 1
2013081166 21:00:00 77927 1 0
2013081167 21:10:00 60281 0 0
2013081168 21:20:00 52032 0 0
2013081169 21:30:00 47652 0 0
2013081170 21:40:00 81680 0 0
2013081171 21:50:00 33405 1 0
2013081172 22:00:00 39266 0 1
2013081173 22:10:00 70881 0 1
2013081174 22:20:00 66793 1 0
2013081175 22:30:00 97266 0 1
2013081176 22:40:00 69470 0 0
2013081177 22:50:00 15964 0 0
2013081178 23:00:00 45108 0 0
2013081179 23:10:00 87676 0 1
2013081180 23:20:00 05329 0 0
2013081181 23:30:00 90405 0 0
2013081182 23:40:00 72287 1 0
2013081183 23:50:00 16437 0 0
2013081184 00:00:00 37483 0 0
2013081185 00:10:00 70156 0 0
2013081186 00:20:00 46836 0 0
2013081187 00:30:00 46684 1 0
2013081188 00:40:00 55709 1 0
2013081189 00:50:00 09440 0 1
2013081190 01:00:00 13275 0 0
2013081191 01:10:00 13032 0 0
2013081192 01:20:00 08995 0 1
2013081193 01:30:00 27439 0 0
2013081194 01:40:00 96955 1 1
2013081195 01:50:00 80731 0 0
2013081196 02:00:00 87638 0 0
