2013110101 10:10:00 95603 0 0
2013110102 10:20:00 36100 0 1
2013110103 10:30:00 44550 1 1
2013110104 10:40:00 32686 0 1
2013110105 10:50:00 86331 0 1
2013110106 11:00:00 46748 0 0
2013110107 11:10:00 55038 1 0
2013110108 11:20:00 91096 0 0
2013110109 11:30:00 04325 0 0
2013110110 11:40:00 91405 0 0
2013110111 11:50:00 23791 0 0
2013110112 12:00:00 23292 1 1
2013110113 12:10:00 05858 0 1
2013110114 12:20:00 91767 0 1
2013110115 12:30:00 70041 1 0
2013110116 12:40:00 36066 0 1
2013110117 12:50:00 07573 0 0
2013110118 13:00:00 50764 0 0
2013110119 13:10:00 58034 0 0
2013110120 13:20:00 46799 0 1
2013110121 13:30:00 83298 0 0
2013110122 13:40:00 28104 0 0
2013110123 13:50:00 85113 0 1
2013110124 14:00:00 13948 0 0
2013110125 14:10:00 51451 0 0
2013110126 14:20:00 09972 1 0
2013110127 14:30:00 74440 1 1
2013110128 14:40:00 13082 0 0
2013110129 14:50:00 70569 0 0
2013110130 15:00:00 90220 0 1
2013110131 15:10:00 77010 1 1
2013110132 15:20:00 46778 0 1
2013110133 15:30:00 47178 0 0
2013110134 15:40:00 67513 0 0
2013110135 15:50:00 33474 1 1
2013110136 16:00:00 22419 1 0
2013110137 16:10:00 54128 0 0
2013110138 16:20:00 53225 0 1
2013110139 16:30:00 39086 0 0
2013110140 16:40:00 04282 0 1
2013110141 16:50:00 02659 0 0
2013110142 17:00:00 66320 1 0
2013110143 17:10:00 85596 1 0
2013110144 17:20:00 05305 0 0
2013110145 17:30:00 50747 0 1
2013110146 17:40:00 45158 0 0
2013110147 17:50:00 48557 0 1
2013110148 18:00:00 63998 0 1
2013110149 18:10:00 97764 1 0
2013110150 18:20:00 12526 0 0
2013110151 18:30:00 31351 1 0
2013110152 18:40:00 49803 0 0
2013110153 18:50:00 45631 0 0
2013110154 19:00:00 66775 1 1
2013110155 19:10:00 11885 1 1
2013110156 19:20:00 79099 0 1
2013110157 19:30:00 03162 0 0
2013110158 19:40:00 57376 0 0
2013110159 19:50:00 00923 1 0
2013110160 20:00:00 26351 0 0
2013110161 20:10:00 60194 0 0
2013110162 20:20:00 34466 1 1
2013110163 20:30:00 28893 1 0
2013110164 20:40:00 48255 0 1
2013110165 20:50:00 46950 0 0
2013110166 21:00:00 88039 1 0
2013110167 21:10:00 21764 0 0
2013110168 21:20:00 12144 1 1
2013110169 21:30:00 21312 0 0
2013110170 21:40:00 11675 1 0
2013110171 21:50:00 82946 0 0
2013110172 22:00:00 54623 0 0
2013110173 22:10:00 83179 0 0
2013110174 22:20:00 27692 0 0
2013110175 22:30:00 71098 0 0
2013110176 22:40:00 73106 0 0
2013110177 22:50:00 43355 1 1
2013110178 23:00:00 93649 0 0
2013110179 23:10:00 47918 0 0
2013110180 23:20:00 01046 1 0
2013110181 23:30:00 49258 0 0
2013110182 23:40:00 94027 0 0
2013110183 23:50:00 49122 0 1
2013110184 00:00:00 33019 1 0
2013110185 00:10:00 75281 0 0
2013110186 00:20:00 47376 0 0
2013110187 00:30:00 41308 0 0
2013110188 00:40:00 55604 1 0
2013110189 00:50:00 00192 1 0
2013110190 01:00:00 82579 0 0
2013110191 01:10:00 12476 0 0
2013110192 01:20:00 09886 0 1
2013110193 01:30:00 55689 1 0
2013110194 01:40:00 82052 0 0
2013110195 01:50:00 25361 0 0
2013110196 02:00:00 07910 0 0
