2013061501 10:10:00 14117 1 1
2013061502 10:20:00 10671 0 0
2013061503 10:30:00 10391 0 0
2013061504 10:40:00 59382 0 0
2013061505 10:50:00 74405 1 0
2013061506 11:00:00 52264 1 0
2013061507 11:10:00 26180 0 0
2013061508 11:20:00 07099 1 1
2013061509 11:30:00 30666 0 1
2013061510 11:40:00 74469 1 0
2013061511 11:50:00 11694 1 0
2013061512 12:00:00 06472 0 0
2013061513 12:10:00 72988 0 1
2013061514 12:20:00 71363 0 1
2013061515 12:30:00 38515 0 1
2013061516 12:40:00 97491 0 0
2013061517 12:50:00 12843 0 0
2013061518 13:00:00 51609 0 0
2013061519 13:10:00 75131 0 1
2013061520 13:20:00 58159 0 0
2013061521 13:30:00 81969 0 1
2013061522 13:40:00 63004 0 1
2013061523 13:50:00 87745 1 0
2013061524 14:00:00 97760 1 0
2013061525 14:10:00 52734 0 0
2013061526 14:20:00 48444 1 1
2013061527 14:30:00 21063 0 0
2013061528 14:40:00 80620 0 0
2013061529 14:50:00 02239 1 0
2013061530 15:00:00 30400 0 1
2013061531 15:10:00 90219 0 0
2013061532 15:20:00 83512 0 0
2013061533 15:30:00 29107 0 0
2013061534 15:40:00 89808 1 1
2013061535 15:50:00 98243 0 0
2013061536 16:00:00 66410 1 0
2013061537 16:10:00 99868 1 1
2013061538 16:20:00 16693 1 0
2013061539 16:30:00 60419 0 0
2013061540 16:40:00 04269 0 0
2013061541 16:50:00 57939 0 1
2013061542 17:00:00 27073 0 0
2013061543 17:10:00 20715 0 0
2013061544 17:20:00 87635 0 0
2013061545 17:30:00 35719 0 0
2013061546 17:40:00 85069 0 0
2013061547 17:50:00 58720 0 0
2013061548 18:00:00 61338 0 1
2013061549 18:10:00 29880 0 1
2013061550 18:20:00 96767 0 1
2013061551 18:30:00 29821 0 0
2013061552 18:40:00 29770 0 1
2013061553 18:50:00 35742 0 0
2013061554 19:00:00 08464 0 1
2013061555 19:10:00 49403 1 0
2013061556 19:20:00 11448 1 1
2013061557 19:30:00 04769 0 0
2013061558 19:40:00 50391 0 0
2013061559 19:50:00 64754 0 0
2013061560 20:00:00 27777 1 1
2013061561 20:10:00 11326 1 0
2013061562 20:20:00 73895 0 0
2013061563 20:30:00 59686 0 1
2013061564 20:40:00 61748 0 0
2013061565 20:50:00 90038 1 0
2013061566 21:00:00 33412 1 0
2013061567 21:10:00 68326 0 0
2013061568 21:20:00 42622 0 1
2013061569 21:30:00 85817 1 0
2013061570 21:40:00 68705 0 0
2013061571 21:50:00 50972 0 0
2013061572 22:00:00 35371 1 0
2013061573 22:10:00 04775 0 1
2013061574 22:20:00 82347 0 0
2013061575 22:30:00 87755 1 1
2013061576 22:40:00 37628 0 0
2013061577 22:50:00 94209 0 0
2013061578 23:00:00 21210 1 0
2013061579 23:10:00 10882 0 1
2013061580 23:20:00 25010 0 1
2013061581 23:30:00 40918 0 0
2013061582 23:40:00 00250 1 0
2013061583 23:50:00 59144 0 1
2013061584 00:00:00 19297 0 0
2013061585 00:10:00 25761 0 0
2013061586 00:20:00 72284 1 0
2013061587 00:30:00 06730 0 0
2013061588 00:40:00 16518 0 0
2013061589 00:50:00 72219 1 0
2013061590 01:00:00 54218 0 0
2013061591 01:10:00 25420 0 0
2013061592 01:20:00 55275 1 0
2013061593 01:30:00 19903 1 0
2013061594 01:40:00 14424 1 1
2013061595 01:50:00 47499 1 1
2013061596 02:00:00 64263 0 0
