2013111101 10:10:00 56440 0 1
2013111102 10:20:00 29847 0 0
2013111103 10:30:00 37106 0 0
2013111104 10:40:00 61094 0 0
2013111105 10:50:00 71640 0 0
2013111106 11:00:00 47922 0 1
2013111107 11:10:00 93392 1 0
2013111108 11:20:00 09511 0 1
2013111109 11:30:00 80380 0 0
2013111110 11:40:00 22242 1 1
2013111111 11:50:00 44670 1 0
2013111112 12:00:00 71341 0 0
2013111113 12:10:00 77155 1 1
2013111114 12:20:00 88633 1 1
2013111115 12:30:00 70892 0 0
2013111116 12:40:00 98043 0 0
2013111117 12:50:00 96459 0 0
2013111118 13:00:00 32287 1 0
2013111119 13:10:00 24703 0 0
2013111120 13:20:00 71769 1 0
2013111121 13:30:00 26717 0 1
2013111122 13:40:00 45465 1 0
2013111123 13:50:00 13563 0 0
2013111124 14:00:00 62372 0 0
2013111125 14:10:00 98955 1 1
2013111126 14:20:00 47243 0 0
2013111127 14:30:00 01217 0 0
2013111128 14:40:00 52228 1 1
2013111129 14:50:00 71840 0 0
2013111130 15:00:00 05834 0 0
2013111131 15:10:00 68312 0 0
2013111132 15:20:00 61598 0 0
2013111133 15:30:00 99344 1 1
2013111134 15:40:00 24232 1 1
2013111135 15:50:00 79229 0 1
2013111136 16:00:00 06084 1 0
2013111137 16:10:00 68271 0 0
2013111138 16:20:00 37420 0 0
2013111139 16:30:00 57533 1 1
2013111140 16:40:00 27793 1 0
2013111141 16:50:00 37098 0 0
2013111142 17:00:00 58481 0 0
2013111143 17:10:00 22745 1 0
2013111144 17:20:00 54152 0 0
2013111145 17:30:00 70115 0 1
2013111146 17:40:00 51389 0 0
2013111147 17:50:00 78443 0 1
2013111148 18:00:00 73876 0 0
2013111149 18:10:00 67915 0 0
2013111150 18:20:00 72422 0 1
2013111151 18:30:00 62850 0 0
2013111152 18:40:00 62681 1 0
2013111153 18:50:00 05619 0 0
2013111154 19:00:00 35138 0 0
2013111155 19:10:00 84900 0 1
2013111156 19:20:00 07558 0 1
2013111157 19:30:00 06616 1 1
2013111158 19:40:00 30739 0 0
2013111159 19:50:00 22743 1 0
2013111160 20:00:00 06159 0 0
2013111161 20:10:00 77086 1 0
2013111162 20:20:00 09020 1 1
2013111163 20:30:00 51681 0 0
2013111164 20:40:00 88302 1 0
2013111165 20:50:00 86260 0 0
2013111166 21:00:00 79208 0 0
2013111167 21:10:00 54236 0 0
2013111168 21:20:00 61811 0 1
2013111169 21:30:00 74743 1 0
2013111170 21:40:00 78030 0 1
2013111171 21:50:00 61985 0 0
2013111172 22:00:00 70735 1 0
2013111173 22:10:00 13943 0 0
2013111174 22:20:00 15207 0 0
2013111175 22:30:00 65240 0 0
2013111176 22:40:00 64518 0 0
2013111177 22:50:00 55226 1 1
2013111178 23:00:00 26267 1 0
2013111179 23:10:00 54827 0 0
2013111180 23:20:00 57396 0 0
2013111181 23:30:00 32838 0 1
2013111182 23:40:00 85471 0 0
2013111183 23:50:00 23056 0 0
2013111184 00:00:00 45392 0 0
2013111185 00:10:00 26852 0 0
2013111186 00:20:00 14610 0 0
2013111187 00:30:00 64655 1 1
2013111188 00:40:00 80326 0 0
2013111189 00:50:00 63631 1 0
2013111190 01:00:00 63451 0 0
2013111191 01:10:00 83969 0 1
2013111192 01:20:00 97161 0 1
2013111193 01:30:00 45594 1 0
2013111194 01:40:00 78845 1 0
2013111195 01:50:00 74777 1 1
2013111196 02:00:00 05080 1 1
