2013020601 10:10:00 78013 0 0
2013020602 10:20:00 58984 0 0
2013020603 10:30:00 43476 1 0
2013020604 10:40:00 21268 1 0
2013020605 10:50:00 32744 0 1
2013020606 11:00:00 32998 0 1
2013020607 11:10:00 18719 0 0
2013020608 11:20:00 51661 0 1
2013020609 11:30:00 13550 0 1
2013020610 11:40:00 00099 1 1
2013020611 11:50:00 00460 1 0
2013020612 12:00:00 35106 0 0
2013020613 12:10:00 42429 1 0
2013020614 12:20:00 92859 0 0
2013020615 12:30:00 74842 0 0
2013020616 12:40:00 03642 0 0
2013020617 12:50:00 03213 0 0
2013020618 13:00:00 75098 0 0
2013020619 13:10:00 51003 0 1
2013020620 13:20:00 98833 1 1
2013020621 13:30:00 47960 0 0
2013020622 13:40:00 06058 1 0
2013020623 13:50:00 63875 0 0
2013020624 14:00:00 66989 1 1
2013020625 14:10:00 85682 0 0
2013020626 14:20:00 67428 0 0
2013020627 14:30:00 99386 1 0
2013020628 14:40:00 77796 1 0
2013020629 14:50:00 49058 0 0
2013020630 15:00:00 87852 1 0
2013020631 15:10:00 20563 0 0
2013020632 15:20:00 50320 0 0
2013020633 15:30:00 30969 0 1
2013020634 15:40:00 52921 0 0
2013020635 15:50:00 27048 0 0
2013020636 16:00:00 07549 0 0
2013020637 16:10:00 62596 0 0
2013020638 16:20:00 38158 0 0
2013020639 16:30:00 40374 0 0
2013020640 16:40:00 19474 0 1
2013020641 16:50:00 48164 0 0
2013020642 17:00:00 37376 1 0
2013020643 17:10:00 34516 0 0
2013020644 17:20:00 97710 1 0
2013020645 17:30:00 33305 1 0
2013020646 17:40:00 52669 0 1
2013020647 17:50:00 84319 0 0
2013020648 18:00:00 90588 0 1
2013020649 18:10:00 94350 0 0
2013020650 18:20:00 14666 0 1
2013020651 18:30:00 97922 1 1
2013020652 18:40:00 24929 0 1
2013020653 18:50:00 44164 1 0
2013020654 19:00:00 37550 0 1
2013020655 19:10:00 28093 0 0
2013020656 19:20:00 44093 1 0
2013020657 19:30:00 64935 0 0
2013020658 19:40:00 89073 0 0
2013020659 19:50:00 74098 0 0
2013020660 20:00:00 01004 1 1
2013020661 20:10:00 23739 0 0
2013020662 20:20:00 94624 0 0
2013020663 20:30:00 41232 0 1
2013020664 20:40:00 04449 1 1
2013020665 20:50:00 88037 1 0
2013020666 21:00:00 74793 1 0
2013020667 21:10:00 09739 0 0
2013020668 21:20:00 50166 0 1
2013020669 21:30:00 35365 1 0
2013020670 21:40:00 08371 0 0
2013020671 21:50:00 74923 0 0
2013020672 22:00:00 49646 0 1
2013020673 22:10:00 67332 0 1
2013020674 22:20:00 24670 0 0
2013020675 22:30:00 45487 1 0
2013020676 22:40:00 77173 1 0
2013020677 22:50:00 62129 0 0
2013020678 23:00:00 86046 0 0
2013020679 23:10:00 86419 0 0
2013020680 23:20:00 43206 0 0
2013020681 23:30:00 61568 0 0
2013020682 23:40:00 27396 0 0
2013020683 23:50:00 49225 0 1
2013020684 00:00:00 20318 0 0
2013020685 00:10:00 98038 0 0
2013020686 00:20:00 89096 0 0
2013020687 00:30:00 53696 0 1
2013020688 00:40:00 43575 0 1
2013020689 00:50:00 21397 0 0
2013020690 01:00:00 93073 0 0
2013020691 01:10:00 94391 0 0
2013020692 01:20:00 28660 0 1
2013020693 01:30:00 43743 0 0
2013020694 01:40:00 25931 0 0
2013020695 01:50:00 85299 0 1
2013020696 02:00:00 35087 0 0
