2013112301 10:10:00 91831 0 0
2013112302 10:20:00 37799 1 1
2013112303 10:30:00 77314 1 0
2013112304 10:40:00 98680 0 0
2013112305 10:50:00 74190 0 0
2013112306 11:00:00 06121 0 1
2013112307 11:10:00 92166 0 1
2013112308 11:20:00 84499 1 1
2013112309 11:30:00 14841 0 0
2013112310 11:40:00 31768 0 0
2013112311 11:50:00 01986 0 0
2013112312 12:00:00 88474 1 1
2013112313 12:10:00 66739 1 0
2013112314 12:20:00 09622 0 1
2013112315 12:30:00 91848 0 1
2013112316 12:40:00 96419 0 0
2013112317 12:50:00 26782 0 0
2013112318 13:00:00 88228 1 1
2013112319 13:10:00 05497 0 0
2013112320 13:20:00 60241 0 0
2013112321 13:30:00 95409 0 0
2013112322 13:40:00 98533 0 1
2013112323 13:50:00 02190 0 0
2013112324 14:00:00 57655 0 1
2013112325 14:10:00 58914 0 0
2013112326 14:20:00 21062 0 0
2013112327 14:30:00 57622 0 1
2013112328 14:40:00 39432 0 0
2013112329 14:50:00 25510 1 0
2013112330 15:00:00 30707 0 1
2013112331 15:10:00 66906 1 0
2013112332 15:20:00 76041 0 0
2013112333 15:30:00 47463 1 0
2013112334 15:40:00 77845 1 0
2013112335 15:50:00 70949 0 1
2013112336 16:00:00 59857 0 0
2013112337 16:10:00 10472 0 0
2013112338 16:20:00 27312 0 0
2013112339 16:30:00 75961 0 0
2013112340 16:40:00 02076 1 0
2013112341 16:50:00 23055 0 1
2013112342 17:00:00 40882 0 1
2013112343 17:10:00 53987 0 0
2013112344 17:20:00 62314 0 0
2013112345 17:30:00 44112 1 1
2013112346 17:40:00 29399 0 1
2013112347 17:50:00 81296 0 0
2013112348 18:00:00 79130 0 0
2013112349 18:10:00 02947 0 0
2013112350 18:20:00 95157 0 0
2013112351 18:30:00 15418 0 0
2013112352 18:40:00 06271 0 0
2013112353 18:50:00 92591 0 0
2013112354 19:00:00 94672 0 0
2013112355 19:10:00 44195 1 0
2013112356 19:20:00 71788 1 1
2013112357 19:30:00 87624 0 0
2013112358 19:40:00 05581 1 0
2013112359 19:50:00 79353 0 1
2013112360 20:00:00 76213 0 0
2013112361 20:10:00 43265 0 0
2013112362 20:20:00 72639 0 0
2013112363 20:30:00 85135 0 0
2013112364 20:40:00 97270 0 0
2013112365 20:50:00 76748 1 0
2013112366 21:00:00 47717 1 1
2013112367 21:10:00 38171 0 1
2013112368 21:20:00 84562 0 0
2013112369 21:30:00 76118 0 1
2013112370 21:40:00 50492 0 0
2013112371 21:50:00 10853 0 0
2013112372 22:00:00 80388 0 1
2013112373 22:10:00 47811 0 1
2013112374 22:20:00 59064 0 0
2013112375 22:30:00 52836 0 0
2013112376 22:40:00 57295 0 0
2013112377 22:50:00 97833 0 1
2013112378 23:00:00 19803 0 0
2013112379 23:10:00 47888 0 1
2013112380 23:20:00 72610 0 0
2013112381 23:30:00 96073 0 0
2013112382 23:40:00 12190 1 0
2013112383 23:50:00 76217 0 0
2013112384 00:00:00 02442 0 1
2013112385 00:10:00 93080 0 1
2013112386 00:20:00 62484 0 1
2013112387 00:30:00 76924 0 0
2013112388 00:40:00 70072 1 0
2013112389 00:50:00 77685 1 0
2013112390 01:00:00 85663 0 1
2013112391 01:10:00 36975 0 0
2013112392 01:20:00 56832 0 0
2013112393 01:30:00 56175 0 0
2013112394 01:40:00 17160 1 0
2013112395 01:50:00 70973 0 0
2013112396 02:00:00 57491 0 0
