2013080601 10:10:00 41767 0 1
2013080602 10:20:00 99251 1 0
2013080603 10:30:00 53359 1 0
2013080604 10:40:00 05185 0 0
2013080605 10:50:00 56372 0 0
2013080606 11:00:00 76356 0 0
2013080607 11:10:00 12417 0 0
2013080608 11:20:00 42342 0 0
2013080609 11:30:00 82315 0 0
2013080610 11:40:00 22358 1 0
2013080611 11:50:00 72571 0 0
2013080612 12:00:00 60841 0 0
2013080613 12:10:00 52902 0 0
2013080614 12:20:00 62806 0 0
2013080615 12:30:00 78204 0 0
2013080616 12:40:00 11345 1 0
2013080617 12:50:00 32096 0 0
2013080618 13:00:00 19052 0 0
2013080619 13:10:00 27593 0 0
2013080620 13:20:00 72380 0 0
2013080621 13:30:00 72055 0 1
2013080622 13:40:00 95776 0 1
2013080623 13:50:00 48278 0 0
2013080624 14:00:00 39834 0 0
2013080625 14:10:00 21658 0 0
2013080626 14:20:00 30482 0 0
2013080627 14:30:00 34579 0 0
2013080628 14:40:00 54903 0 0
2013080629 14:50:00 41346 0 0
2013080630 15:00:00 40960 0 0
2013080631 15:10:00 70888 0 1
2013080632 15:20:00 83024 0 0
2013080633 15:30:00 09046 1 0
2013080634 15:40:00 51179 1 0
2013080635 15:50:00 01280 0 0
2013080636 16:00:00 98040 0 1
2013080637 16:10:00 04326 0 0
2013080638 16:20:00 71834 0 0
2013080639 16:30:00 66303 1 1
2013080640 16:40:00 76335 0 1
2013080641 16:50:00 42526 0 0
2013080642 17:00:00 37706 1 0
2013080643 17:10:00 52342 0 0
2013080644 17:20:00 76901 0 0
2013080645 17:30:00 96910 1 0
2013080646 17:40:00 23852 0 0
2013080647 17:50:00 81388 0 1
2013080648 18:00:00 78767 1 1
2013080649 18:10:00 78036 0 0
2013080650 18:20:00 51185 1 0
2013080651 18:30:00 10257 0 0
2013080652 18:40:00 68118 0 1
2013080653 18:50:00 27880 0 1
2013080654 19:00:00 83032 0 0
2013080655 19:10:00 98969 1 1
2013080656 19:20:00 77401 1 0
2013080657 19:30:00 48418 1 0
2013080658 19:40:00 38211 0 1
2013080659 19:50:00 52051 0 0
2013080660 20:00:00 53921 0 0
2013080661 20:10:00 26552 0 1
2013080662 20:20:00 82036 0 0
2013080663 20:30:00 59265 0 0
2013080664 20:40:00 96207 0 0
2013080665 20:50:00 63480 0 0
2013080666 21:00:00 48021 0 0
2013080667 21:10:00 42066 0 1
2013080668 21:20:00 81540 0 0
2013080669 21:30:00 68299 0 1
2013080670 21:40:00 06983 0 0
2013080671 21:50:00 57326 0 0
2013080672 22:00:00 44871 1 0
2013080673 22:10:00 77108 1 0
2013080674 22:20:00 54693 0 0
2013080675 22:30:00 99761 1 0
2013080676 22:40:00 45398 0 0
2013080677 22:50:00 01242 0 1
2013080678 23:00:00 37740 1 0
2013080679 23:10:00 14881 0 1
2013080680 23:20:00 84736 0 0
2013080681 23:30:00 88405 1 0
2013080682 23:40:00 49592 0 0
2013080683 23:50:00 30051 1 0
2013080684 00:00:00 88930 1 0
2013080685 00:10:00 79068 0 0
2013080686 00:20:00 52247 1 0
2013080687 00:30:00 33569 1 0
2013080688 00:40:00 37915 0 0
2013080689 00:50:00 76188 0 1
2013080690 01:00:00 28525 0 1
2013080691 01:10:00 37276 0 0
2013080692 01:20:00 03801 0 0
2013080693 01:30:00 48278 0 0
2013080694 01:40:00 72045 0 0
2013080695 01:50:00 36045 0 0
2013080696 02:00:00 32780 0 0
