2013111201 10:10:00 68043 0 0
2013111202 10:20:00 70036 1 0
2013111203 10:30:00 32000 0 1
2013111204 10:40:00 51744 0 1
2013111205 10:50:00 25730 0 0
2013111206 11:00:00 81816 1 0
2013111207 11:10:00 14104 1 0
2013111208 11:20:00 21453 0 0
2013111209 11:30:00 46745 0 0
2013111210 11:40:00 52070 0 1
2013111211 11:50:00 14712 0 0
2013111212 12:00:00 43220 0 1
2013111213 12:10:00 32876 0 0
2013111214 12:20:00 61133 1 1
2013111215 12:30:00 27387 0 0
2013111216 12:40:00 29046 0 0
2013111217 12:50:00 70414 0 1
2013111218 13:00:00 49315 0 0
2013111219 13:10:00 59751 0 0
2013111220 13:20:00 36309 1 0
2013111221 13:30:00 44065 1 0
2013111222 13:40:00 80029 1 0
2013111223 13:50:00 93510 0 0
2013111224 14:00:00 95622 0 1
2013111225 14:10:00 61469 0 0
2013111226 14:20:00 70643 0 0
2013111227 14:30:00 93515 0 1
2013111228 14:40:00 44152 1 0
2013111229 14:50:00 24593 0 0
2013111230 15:00:00 40347 0 0
2013111231 15:10:00 14466 1 1
2013111232 15:20:00 99139 1 0
2013111233 15:30:00 30472 0 0
2013111234 15:40:00 39380 1 0
2013111235 15:50:00 04087 1 0
2013111236 16:00:00 89397 0 0
2013111237 16:10:00 00912 1 0
2013111238 16:20:00 30585 0 1
2013111239 16:30:00 12992 0 1
2013111240 16:40:00 28519 0 0
2013111241 16:50:00 97876 0 0
2013111242 17:00:00 82154 0 0
2013111243 17:10:00 64671 1 0
2013111244 17:20:00 20873 0 0
2013111245 17:30:00 51728 0 0
2013111246 17:40:00 42995 0 1
2013111247 17:50:00 86747 0 1
2013111248 18:00:00 15439 0 0
2013111249 18:10:00 63921 0 0
2013111250 18:20:00 71661 0 1
2013111251 18:30:00 85745 0 0
2013111252 18:40:00 73536 0 0
2013111253 18:50:00 63665 1 1
2013111254 19:00:00 34098 0 0
2013111255 19:10:00 25921 0 0
2013111256 19:20:00 62504 0 0
2013111257 19:30:00 73723 1 0
2013111258 19:40:00 32250 1 0
2013111259 19:50:00 75335 0 1
2013111260 20:00:00 42866 0 1
2013111261 20:10:00 50994 0 1
2013111262 20:20:00 97672 0 0
2013111263 20:30:00 75101 0 1
2013111264 20:40:00 39370 1 0
2013111265 20:50:00 23712 0 0
2013111266 21:00:00 36196 0 0
2013111267 21:10:00 54515 1 1
2013111268 21:20:00 51577 1 1
2013111269 21:30:00 39901 1 0
2013111270 21:40:00 22177 1 1
2013111271 21:50:00 75620 0 0
2013111272 22:00:00 80555 0 1
2013111273 22:10:00 99781 1 0
2013111274 22:20:00 58717 0 1
2013111275 22:30:00 49495 1 0
2013111276 22:40:00 64213 0 0
2013111277 22:50:00 37910 0 0
2013111278 23:00:00 72394 0 0
2013111279 23:10:00 26134 0 0
2013111280 23:20:00 98537 0 0
2013111281 23:30:00 85038 0 0
2013111282 23:40:00 88427 1 0
2013111283 23:50:00 43873 0 0
2013111284 00:00:00 19219 0 0
2013111285 00:10:00 49145 0 0
2013111286 00:20:00 66268 1 0
2013111287 00:30:00 39035 0 0
2013111288 00:40:00 48767 0 1
2013111289 00:50:00 73899 0 1
2013111290 01:00:00 41733 0 1
2013111291 01:10:00 45181 0 1
2013111292 01:20:00 29241 1 0
2013111293 01:30:00 79312 0 0
2013111294 01:40:00 58866 1 1
2013111295 01:50:00 19435 0 0
2013111296 02:00:00 87017 0 0
