2013071901 10:10:00 25542 1 0
2013071902 10:20:00 78188 0 1
2013071903 10:30:00 17137 1 0
2013071904 10:40:00 66090 1 1
2013071905 10:50:00 30523 0 0
2013071906 11:00:00 27154 0 0
2013071907 11:10:00 30557 0 1
2013071908 11:20:00 58168 0 0
2013071909 11:30:00 46910 0 0
2013071910 11:40:00 48193 0 0
2013071911 11:50:00 40907 0 0
2013071912 12:00:00 02528 0 0
2013071913 12:10:00 15697 0 0
2013071914 12:20:00 05426 0 0
2013071915 12:30:00 57372 0 0
2013071916 12:40:00 84150 0 0
2013071917 12:50:00 19066 0 1
2013071918 13:00:00 70366 0 1
2013071919 13:10:00 02562 0 0
2013071920 13:20:00 66103 1 0
2013071921 13:30:00 21684 0 0
2013071922 13:40:00 17021 0 0
2013071923 13:50:00 50273 0 0
2013071924 14:00:00 33504 1 0
2013071925 14:10:00 87850 1 0
2013071926 14:20:00 68581 0 0
2013071927 14:30:00 18541 0 0
2013071928 14:40:00 40801 0 0
2013071929 14:50:00 65699 1 1
2013071930 15:00:00 25549 1 0
2013071931 15:10:00 06916 0 0
2013071932 15:20:00 28309 0 0
2013071933 15:30:00 66203 1 0
2013071934 15:40:00 32463 0 0
2013071935 15:50:00 79963 1 0
2013071936 16:00:00 81428 0 0
2013071937 16:10:00 89082 0 0
2013071938 16:20:00 90103 0 0
2013071939 16:30:00 02718 0 0
2013071940 16:40:00 46374 0 0
2013071941 16:50:00 46739 0 0
2013071942 17:00:00 06970 0 0
2013071943 17:10:00 03320 1 0
2013071944 17:20:00 30112 0 1
2013071945 17:30:00 15963 0 0
2013071946 17:40:00 34242 0 1
2013071947 17:50:00 46342 0 0
2013071948 18:00:00 38271 0 0
2013071949 18:10:00 61516 0 0
2013071950 18:20:00 99983 1 0
2013071951 18:30:00 68542 0 0
2013071952 18:40:00 17201 0 0
2013071953 18:50:00 80667 0 1
2013071954 19:00:00 22458 1 0
2013071955 19:10:00 51948 0 0
2013071956 19:20:00 38276 0 0
2013071957 19:30:00 97453 0 0
2013071958 19:40:00 70268 0 0
2013071959 19:50:00 35264 0 0
2013071960 20:00:00 35783 0 0
2013071961 20:10:00 83621 0 0
2013071962 20:20:00 86204 0 0
2013071963 20:30:00 98819 1 0
2013071964 20:40:00 39457 0 0
2013071965 20:50:00 50887 0 1
2013071966 21:00:00 94886 0 1
2013071967 21:10:00 93220 0 1
2013071968 21:20:00 57027 0 0
2013071969 21:30:00 98132 0 0
2013071970 21:40:00 35110 0 1
2013071971 21:50:00 17409 0 0
2013071972 22:00:00 84356 0 0
2013071973 22:10:00 58405 0 0
2013071974 22:20:00 08803 1 0
2013071975 22:30:00 99481 1 0
2013071976 22:40:00 08206 0 0
2013071977 22:50:00 99212 1 1
2013071978 23:00:00 18834 1 0
2013071979 23:10:00 04165 0 0
2013071980 23:20:00 28829 1 0
2013071981 23:30:00 59536 1 0
2013071982 23:40:00 43245 0 0
2013071983 23:50:00 54920 0 0
2013071984 00:00:00 61376 0 0
2013071985 00:10:00 86024 0 0
2013071986 00:20:00 74358 0 0
2013071987 00:30:00 87529 0 0
2013071988 00:40:00 57548 1 0
2013071989 00:50:00 38556 0 1
2013071990 01:00:00 39872 0 0
2013071991 01:10:00 76830 0 0
2013071992 01:20:00 89218 0 0
2013071993 01:30:00 59075 0 0
2013071994 01:40:00 31969 0 1
2013071995 01:50:00 06901 0 0
2013071996 02:00:00 65977 0 1
