2013061601 10:10:00 34826 0 0
2013061602 10:20:00 73433 0 1
2013061603 10:30:00 63694 1 0
2013061604 10:40:00 72293 1 0
2013061605 10:50:00 14632 0 0
2013061606 11:00:00 08561 0 0
2013061607 11:10:00 81790 0 0
2013061608 11:20:00 64072 0 0
2013061609 11:30:00 79209 0 0
2013061610 11:40:00 30314 1 0
2013061611 11:50:00 78122 0 1
2013061612 12:00:00 96074 0 0
2013061613 12:10:00 15676 0 1
2013061614 12:20:00 73417 0 0
2013061615 12:30:00 86913 0 0
2013061616 12:40:00 62181 0 1
2013061617 12:50:00 18342 0 0
2013061618 13:00:00 67751 1 0
2013061619 13:10:00 72773 1 1
2013061620 13:20:00 27193 0 0
2013061621 13:30:00 49256 0 0
2013061622 13:40:00 74505 0 1
2013061623 13:50:00 32295 1 0
2013061624 14:00:00 68621 1 0
2013061625 14:10:00 42237 1 0
2013061626 14:20:00 61608 1 0
2013061627 14:30:00 73674 0 0
2013061628 14:40:00 38813 1 0
2013061629 14:50:00 72291 1 0
2013061630 15:00:00 47014 0 0
2013061631 15:10:00 93828 0 1
2013061632 15:20:00 79891 0 0
2013061633 15:30:00 93755 0 1
2013061634 15:40:00 94497 1 0
2013061635 15:50:00 58725 0 0
2013061636 16:00:00 73813 0 0
2013061637 16:10:00 95107 0 0
2013061638 16:20:00 83169 0 0
2013061639 16:30:00 74141 0 1
2013061640 16:40:00 10803 0 0
2013061641 16:50:00 81150 1 0
2013061642 17:00:00 28301 0 0
2013061643 17:10:00 35159 0 0
2013061644 17:20:00 83619 0 0
2013061645 17:30:00 03979 0 1
2013061646 17:40:00 34178 0 0
2013061647 17:50:00 32767 0 1
2013061648 18:00:00 49830 0 0
2013061649 18:10:00 44790 1 0
2013061650 18:20:00 82900 0 1
2013061651 18:30:00 44170 1 0
2013061652 18:40:00 53986 0 0
2013061653 18:50:00 79962 1 0
2013061654 19:00:00 89031 0 0
2013061655 19:10:00 48977 0 1
2013061656 19:20:00 20017 1 0
2013061657 19:30:00 47797 1 1
2013061658 19:40:00 06070 1 1
2013061659 19:50:00 25886 0 1
2013061660 20:00:00 84225 0 1
2013061661 20:10:00 86263 0 0
2013061662 20:20:00 58808 1 1
2013061663 20:30:00 33134 1 0
2013061664 20:40:00 59773 0 1
2013061665 20:50:00 96614 1 0
2013061666 21:00:00 50934 0 0
2013061667 21:10:00 25840 0 0
2013061668 21:20:00 24157 0 0
2013061669 21:30:00 19616 0 1
2013061670 21:40:00 78693 0 0
2013061671 21:50:00 89045 0 0
2013061672 22:00:00 96498 0 0
2013061673 22:10:00 10434 0 1
2013061674 22:20:00 92835 0 0
2013061675 22:30:00 19814 0 0
2013061676 22:40:00 14759 0 0
2013061677 22:50:00 99258 1 0
2013061678 23:00:00 58995 0 1
2013061679 23:10:00 92936 1 0
2013061680 23:20:00 40302 0 0
2013061681 23:30:00 20676 0 1
2013061682 23:40:00 29638 0 0
2013061683 23:50:00 63524 0 0
2013061684 00:00:00 32937 0 0
2013061685 00:10:00 92134 0 0
2013061686 00:20:00 74045 0 0
2013061687 00:30:00 64620 1 0
2013061688 00:40:00 49257 0 0
2013061689 00:50:00 68701 0 0
2013061690 01:00:00 38704 0 0
2013061691 01:10:00 15496 0 0
2013061692 01:20:00 32284 1 0
2013061693 01:30:00 91217 0 0
2013061694 01:40:00 10149 1 0
2013061695 01:50:00 05100 0 1
2013061696 02:00:00 17743 1 0
