2013042701 10:10:00 96237 0 0
2013042702 10:20:00 46553 0 1
2013042703 10:30:00 34624 0 0
2013042704 10:40:00 32646 0 1
2013042705 10:50:00 80079 1 0
2013042706 11:00:00 15818 0 1
2013042707 11:10:00 77670 1 0
2013042708 11:20:00 06792 0 0
2013042709 11:30:00 47933 0 1
2013042710 11:40:00 64188 0 1
2013042711 11:50:00 93990 1 1
2013042712 12:00:00 17839 0 0
2013042713 12:10:00 88046 1 0
2013042714 12:20:00 99280 1 0
2013042715 12:30:00 39548 0 0
2013042716 12:40:00 87723 1 0
2013042717 12:50:00 03126 0 0
2013042718 13:00:00 43770 0 1
2013042719 13:10:00 40360 0 0
2013042720 13:20:00 23713 0 0
2013042721 13:30:00 92356 0 0
2013042722 13:40:00 35864 0 0
2013042723 13:50:00 49029 0 0
2013042724 14:00:00 44102 1 0
2013042725 14:10:00 53173 0 0
2013042726 14:20:00 61175 1 0
2013042727 14:30:00 55124 1 0
2013042728 14:40:00 93837 0 0
2013042729 14:50:00 68600 1 1
2013042730 15:00:00 05360 0 0
2013042731 15:10:00 30227 0 1
2013042732 15:20:00 30806 0 0
2013042733 15:30:00 08610 0 0
2013042734 15:40:00 21421 0 0
2013042735 15:50:00 07412 0 0
2013042736 16:00:00 12523 0 0
2013042737 16:10:00 84290 0 0
2013042738 16:20:00 43297 0 0
2013042739 16:30:00 76082 0 0
2013042740 16:40:00 29762 0 0
2013042741 16:50:00 81380 0 0
2013042742 17:00:00 29296 1 0
2013042743 17:10:00 41513 0 0
2013042744 17:20:00 99618 1 0
2013042745 17:30:00 16496 0 0
2013042746 17:40:00 55988 1 1
2013042747 17:50:00 60641 1 0
2013042748 18:00:00 63523 0 0
2013042749 18:10:00 09492 0 0
2013042750 18:20:00 41713 0 0
2013042751 18:30:00 51891 0 0
2013042752 18:40:00 30566 0 1
2013042753 18:50:00 77299 1 1
2013042754 19:00:00 55466 1 1
2013042755 19:10:00 53261 0 0
2013042756 19:20:00 28848 1 1
2013042757 19:30:00 51007 0 1
2013042758 19:40:00 64413 1 0
2013042759 19:50:00 58825 1 0
2013042760 20:00:00 32487 0 0
2013042761 20:10:00 06159 0 0
2013042762 20:20:00 34076 0 0
2013042763 20:30:00 95215 0 0
2013042764 20:40:00 99343 1 1
2013042765 20:50:00 96311 0 1
2013042766 21:00:00 45407 1 0
2013042767 21:10:00 45209 0 0
2013042768 21:20:00 55869 1 0
2013042769 21:30:00 22525 1 1
2013042770 21:40:00 75930 0 0
2013042771 21:50:00 84871 1 0
2013042772 22:00:00 63669 1 1
2013042773 22:10:00 83963 0 0
2013042774 22:20:00 73653 0 0
2013042775 22:30:00 44775 1 1
2013042776 22:40:00 74586 0 0
2013042777 22:50:00 40038 1 0
2013042778 23:00:00 11771 1 1
2013042779 23:10:00 66365 1 0
2013042780 23:20:00 86160 0 0
2013042781 23:30:00 92221 1 1
2013042782 23:40:00 81680 0 0
2013042783 23:50:00 03805 0 0
2013042784 00:00:00 02608 0 0
2013042785 00:10:00 54280 0 0
2013042786 00:20:00 64634 1 0
2013042787 00:30:00 54803 0 0
2013042788 00:40:00 51485 0 0
2013042789 00:50:00 88620 1 0
2013042790 01:00:00 45146 0 0
2013042791 01:10:00 31663 0 1
2013042792 01:20:00 43889 0 1
2013042793 01:30:00 37091 0 0
2013042794 01:40:00 96400 0 1
2013042795 01:50:00 12696 0 1
2013042796 02:00:00 85244 0 1
