2013091101 10:10:00 05261 0 0
2013091102 10:20:00 54177 0 1
2013091103 10:30:00 64676 1 1
2013091104 10:40:00 40235 0 0
2013091105 10:50:00 45786 0 0
2013091106 11:00:00 94257 0 0
2013091107 11:10:00 17650 0 0
2013091108 11:20:00 39351 1 0
2013091109 11:30:00 89729 0 0
2013091110 11:40:00 38854 1 0
2013091111 11:50:00 57198 0 0
2013091112 12:00:00 62583 0 0
2013091113 12:10:00 30764 0 0
2013091114 12:20:00 84150 0 0
2013091115 12:30:00 97890 0 0
2013091116 12:40:00 98790 0 0
2013091117 12:50:00 24543 0 0
2013091118 13:00:00 32627 0 0
2013091119 13:10:00 01401 0 0
2013091120 13:20:00 56028 0 0
2013091121 13:30:00 55333 1 1
2013091122 13:40:00 00319 1 0
2013091123 13:50:00 16766 0 1
2013091124 14:00:00 97500 0 1
2013091125 14:10:00 62639 1 0
2013091126 14:20:00 36469 0 0
2013091127 14:30:00 39575 0 1
2013091128 14:40:00 78891 1 0
2013091129 14:50:00 74966 0 1
2013091130 15:00:00 70935 0 0
2013091131 15:10:00 50818 0 1
2013091132 15:20:00 54971 0 0
2013091133 15:30:00 20361 0 0
2013091134 15:40:00 97924 1 0
2013091135 15:50:00 57756 1 0
2013091136 16:00:00 43417 1 0
2013091137 16:10:00 96579 0 0
2013091138 16:20:00 41323 0 1
2013091139 16:30:00 64028 0 0
2013091140 16:40:00 50670 0 0
2013091141 16:50:00 89051 0 0
2013091142 17:00:00 95318 0 0
2013091143 17:10:00 12551 0 1
2013091144 17:20:00 74324 0 0
2013091145 17:30:00 67190 0 0
2013091146 17:40:00 94796 0 0
2013091147 17:50:00 82409 0 0
2013091148 18:00:00 29037 0 0
2013091149 18:10:00 47877 0 1
2013091150 18:20:00 40700 0 1
2013091151 18:30:00 76245 0 0
2013091152 18:40:00 82866 1 1
2013091153 18:50:00 42454 1 1
2013091154 19:00:00 22241 1 0
2013091155 19:10:00 10557 0 1
2013091156 19:20:00 38172 0 0
2013091157 19:30:00 87327 0 0
2013091158 19:40:00 83799 0 1
2013091159 19:50:00 47314 0 0
2013091160 20:00:00 77658 1 0
2013091161 20:10:00 06359 0 0
2013091162 20:20:00 49577 0 1
2013091163 20:30:00 99687 1 0
2013091164 20:40:00 70278 0 0
2013091165 20:50:00 94794 0 0
2013091166 21:00:00 13884 0 1
2013091167 21:10:00 52989 0 1
2013091168 21:20:00 76093 0 0
2013091169 21:30:00 17937 0 0
2013091170 21:40:00 26043 0 0
2013091171 21:50:00 87824 1 0
2013091172 22:00:00 55722 1 1
2013091173 22:10:00 68774 0 1
2013091174 22:20:00 28489 0 0
2013091175 22:30:00 50624 0 0
2013091176 22:40:00 46270 0 0
2013091177 22:50:00 79930 1 0
2013091178 23:00:00 79952 1 0
2013091179 23:10:00 61735 0 0
2013091180 23:20:00 20633 0 1
2013091181 23:30:00 29190 0 0
2013091182 23:40:00 40806 0 0
2013091183 23:50:00 03103 0 0
2013091184 00:00:00 73650 0 0
2013091185 00:10:00 60293 0 0
2013091186 00:20:00 56118 0 1
2013091187 00:30:00 08934 0 0
2013091188 00:40:00 07059 1 0
2013091189 00:50:00 70035 1 0
2013091190 01:00:00 73240 0 0
2013091191 01:10:00 01236 0 0
2013091192 01:20:00 57999 0 1
2013091193 01:30:00 49921 1 0
2013091194 01:40:00 13717 0 1
2013091195 01:50:00 00255 1 1
2013091196 02:00:00 30143 0 0
