2013010801 10:10:00 14394 0 0
2013010802 10:20:00 34399 1 1
2013010803 10:30:00 12089 0 0
2013010804 10:40:00 73362 1 0
2013010805 10:50:00 40007 1 1
2013010806 11:00:00 57456 0 0
2013010807 11:10:00 46194 0 0
2013010808 11:20:00 37560 0 0
2013010809 11:30:00 49871 0 0
2013010810 11:40:00 03530 0 0
2013010811 11:50:00 63863 0 0
2013010812 12:00:00 89284 0 0
2013010813 12:10:00 69114 0 1
2013010814 12:20:00 70477 0 1
2013010815 12:30:00 48513 0 0
2013010816 12:40:00 99606 1 1
2013010817 12:50:00 60279 0 0
2013010818 13:00:00 16001 0 1
2013010819 13:10:00 78458 0 0
2013010820 13:20:00 59589 1 0
2013010821 13:30:00 96641 1 0
2013010822 13:40:00 99839 1 0
2013010823 13:50:00 06332 0 1
2013010824 14:00:00 83354 1 0
2013010825 14:10:00 96941 1 0
2013010826 14:20:00 57284 0 0
2013010827 14:30:00 07148 0 0
2013010828 14:40:00 99766 1 1
2013010829 14:50:00 52406 0 0
2013010830 15:00:00 64820 0 0
2013010831 15:10:00 17540 0 0
2013010832 15:20:00 58160 0 0
2013010833 15:30:00 89653 0 0
2013010834 15:40:00 11200 1 1
2013010835 15:50:00 02996 0 1
2013010836 16:00:00 18971 0 0
2013010837 16:10:00 12586 0 0
2013010838 16:20:00 60913 0 0
2013010839 16:30:00 88086 1 0
2013010840 16:40:00 52959 0 1
2013010841 16:50:00 75392 0 0
2013010842 17:00:00 14529 0 0
2013010843 17:10:00 00661 1 1
2013010844 17:20:00 13983 0 0
2013010845 17:30:00 81390 0 0
2013010846 17:40:00 49624 0 0
2013010847 17:50:00 29575 0 1
2013010848 18:00:00 28868 1 1
2013010849 18:10:00 94524 0 0
2013010850 18:20:00 10564 0 0
2013010851 18:30:00 63619 1 0
2013010852 18:40:00 73156 0 0
2013010853 18:50:00 59061 0 0
2013010854 19:00:00 77898 1 1
2013010855 19:10:00 84273 0 0
2013010856 19:20:00 45755 0 1
2013010857 19:30:00 69393 0 1
2013010858 19:40:00 29494 0 1
2013010859 19:50:00 60705 0 0
2013010860 20:00:00 48654 0 0
2013010861 20:10:00 47829 0 0
2013010862 20:20:00 26673 1 0
2013010863 20:30:00 83421 0 0
2013010864 20:40:00 18047 0 0
2013010865 20:50:00 32557 0 1
2013010866 21:00:00 03425 0 0
2013010867 21:10:00 95224 0 1
2013010868 21:20:00 66608 1 0
2013010869 21:30:00 80918 0 0
2013010870 21:40:00 33788 1 1
2013010871 21:50:00 06967 0 0
2013010872 22:00:00 29778 0 1
2013010873 22:10:00 47546 0 0
2013010874 22:20:00 20284 1 0
2013010875 22:30:00 67588 0 1
2013010876 22:40:00 34600 0 1
2013010877 22:50:00 68176 0 0
2013010878 23:00:00 85731 0 0
2013010879 23:10:00 43519 0 0
2013010880 23:20:00 95514 1 0
2013010881 23:30:00 95994 1 1
2013010882 23:40:00 30512 0 0
2013010883 23:50:00 45427 1 0
2013010884 00:00:00 64169 0 0
2013010885 00:10:00 45372 0 0
2013010886 00:20:00 48016 0 0
2013010887 00:30:00 24240 1 0
2013010888 00:40:00 89299 0 1
2013010889 00:50:00 02138 0 0
2013010890 01:00:00 41742 0 0
2013010891 01:10:00 02351 0 0
2013010892 01:20:00 75145 0 0
2013010893 01:30:00 18624 0 0
2013010894 01:40:00 05059 1 0
2013010895 01:50:00 53532 1 0
2013010896 02:00:00 44355 1 1
