2013073101 10:10:00 74758 1 0
2013073102 10:20:00 62240 1 0
2013073103 10:30:00 50701 0 0
2013073104 10:40:00 50290 0 0
2013073105 10:50:00 53388 1 1
2013073106 11:00:00 66121 1 1
2013073107 11:10:00 15391 0 0
2013073108 11:20:00 80720 0 0
2013073109 11:30:00 56236 0 0
2013073110 11:40:00 82892 1 0
2013073111 11:50:00 97770 1 1
2013073112 12:00:00 01154 1 0
2013073113 12:10:00 65559 1 1
2013073114 12:20:00 43772 0 1
2013073115 12:30:00 38403 0 0
2013073116 12:40:00 94867 0 0
2013073117 12:50:00 25290 1 0
2013073118 13:00:00 78794 1 0
2013073119 13:10:00 55379 1 0
2013073120 13:20:00 53514 1 0
2013073121 13:30:00 13578 0 0
2013073122 13:40:00 63485 0 0
2013073123 13:50:00 50473 0 0
2013073124 14:00:00 24356 0 0
2013073125 14:10:00 66991 1 1
2013073126 14:20:00 62289 1 0
2013073127 14:30:00 63132 0 0
2013073128 14:40:00 74714 1 0
2013073129 14:50:00 14235 0 0
2013073130 15:00:00 71868 0 1
2013073131 15:10:00 41800 0 1
2013073132 15:20:00 78383 0 1
2013073133 15:30:00 56652 1 0
2013073134 15:40:00 50930 0 0
2013073135 15:50:00 62770 0 1
2013073136 16:00:00 75211 0 1
2013073137 16:10:00 04009 1 1
2013073138 16:20:00 11482 1 0
2013073139 16:30:00 82847 1 0
2013073140 16:40:00 05317 0 0
2013073141 16:50:00 87907 0 0
2013073142 17:00:00 35173 0 0
2013073143 17:10:00 63178 0 0
2013073144 17:20:00 72008 0 1
2013073145 17:30:00 72467 0 0
2013073146 17:40:00 45707 0 1
2013073147 17:50:00 50684 0 0
2013073148 18:00:00 07326 0 0
2013073149 18:10:00 88496 1 0
2013073150 18:20:00 60415 0 0
2013073151 18:30:00 45253 0 0
2013073152 18:40:00 89035 0 0
2013073153 18:50:00 23688 0 1
2013073154 19:00:00 01795 0 0
2013073155 19:10:00 54715 0 0
2013073156 19:20:00 47595 0 1
2013073157 19:30:00 60482 0 0
2013073158 19:40:00 92891 0 0
2013073159 19:50:00 79365 0 0
2013073160 20:00:00 04965 0 0
2013073161 20:10:00 23970 0 0
2013073162 20:20:00 76261 0 0
2013073163 20:30:00 66434 1 1
2013073164 20:40:00 40640 0 0
2013073165 20:50:00 36470 0 0
2013073166 21:00:00 51982 0 0
2013073167 21:10:00 86682 1 0
2013073168 21:20:00 77440 1 1
2013073169 21:30:00 24062 0 0
2013073170 21:40:00 01403 0 0
2013073171 21:50:00 11494 1 1
2013073172 22:00:00 35431 0 0
2013073173 22:10:00 59570 1 0
2013073174 22:20:00 84593 0 0
2013073175 22:30:00 71148 1 0
2013073176 22:40:00 93074 0 0
2013073177 22:50:00 46568 0 0
2013073178 23:00:00 90983 1 0
2013073179 23:10:00 37193 0 0
2013073180 23:20:00 91668 0 1
2013073181 23:30:00 70784 1 0
2013073182 23:40:00 72664 0 1
2013073183 23:50:00 09702 0 0
2013073184 00:00:00 39093 0 0
2013073185 00:10:00 26809 0 0
2013073186 00:20:00 26078 0 0
2013073187 00:30:00 47935 0 0
2013073188 00:40:00 60028 1 0
2013073189 00:50:00 22115 1 1
2013073190 01:00:00 01005 1 1
2013073191 01:10:00 98940 1 0
2013073192 01:20:00 69708 0 0
2013073193 01:30:00 30343 1 1
2013073194 01:40:00 41637 0 0
2013073195 01:50:00 01479 0 0
2013073196 02:00:00 76608 1 0
