2013030701 10:10:00 92705 0 0
2013030702 10:20:00 48798 0 0
2013030703 10:30:00 25005 0 1
2013030704 10:40:00 35572 1 0
2013030705 10:50:00 54773 0 1
2013030706 11:00:00 09432 0 0
2013030707 11:10:00 90323 0 1
2013030708 11:20:00 19978 1 0
2013030709 11:30:00 92263 1 0
2013030710 11:40:00 68540 0 0
2013030711 11:50:00 59528 1 0
2013030712 12:00:00 69256 0 0
2013030713 12:10:00 36946 0 0
2013030714 12:20:00 71572 0 0
2013030715 12:30:00 92951 1 0
2013030716 12:40:00 60782 0 0
2013030717 12:50:00 66253 1 0
2013030718 13:00:00 10231 0 0
2013030719 13:10:00 46109 0 0
2013030720 13:20:00 66145 1 0
2013030721 13:30:00 24367 0 0
2013030722 13:40:00 66090 1 1
2013030723 13:50:00 76042 0 0
2013030724 14:00:00 77321 1 0
2013030725 14:10:00 18983 0 0
2013030726 14:20:00 40019 1 0
2013030727 14:30:00 88568 1 0
2013030728 14:40:00 76546 0 0
2013030729 14:50:00 80725 0 0
2013030730 15:00:00 96339 0 1
2013030731 15:10:00 60973 0 0
2013030732 15:20:00 54977 0 1
2013030733 15:30:00 50423 0 0
2013030734 15:40:00 24850 0 0
2013030735 15:50:00 16380 0 0
2013030736 16:00:00 39636 0 1
2013030737 16:10:00 84176 0 0
2013030738 16:20:00 51769 0 0
2013030739 16:30:00 58210 0 0
2013030740 16:40:00 97838 0 1
2013030741 16:50:00 74628 0 0
2013030742 17:00:00 88217 1 0
2013030743 17:10:00 53993 0 1
2013030744 17:20:00 54805 0 0
2013030745 17:30:00 99050 1 1
2013030746 17:40:00 01094 1 0
2013030747 17:50:00 57114 0 1
2013030748 18:00:00 58240 0 0
2013030749 18:10:00 08958 0 0
2013030750 18:20:00 30773 0 1
2013030751 18:30:00 74775 1 1
2013030752 18:40:00 95329 0 0
2013030753 18:50:00 98751 0 0
2013030754 19:00:00 61280 0 0
2013030755 19:10:00 03764 0 0
2013030756 19:20:00 97861 0 0
2013030757 19:30:00 28646 0 1
2013030758 19:40:00 91102 1 0
2013030759 19:50:00 25671 0 0
2013030760 20:00:00 10195 1 0
2013030761 20:10:00 72024 0 0
2013030762 20:20:00 76299 0 1
2013030763 20:30:00 98702 0 0
2013030764 20:40:00 81358 0 0
2013030765 20:50:00 30116 0 1
2013030766 21:00:00 71501 0 0
2013030767 21:10:00 12336 0 1
2013030768 21:20:00 42167 0 0
2013030769 21:30:00 89009 0 1
2013030770 21:40:00 04436 1 0
2013030771 21:50:00 47525 0 1
2013030772 22:00:00 07901 0 0
2013030773 22:10:00 30283 0 0
2013030774 22:20:00 89099 0 1
2013030775 22:30:00 76503 0 0
2013030776 22:40:00 77721 1 0
2013030777 22:50:00 34824 0 0
2013030778 23:00:00 94480 1 0
2013030779 23:10:00 96457 0 0
2013030780 23:20:00 91046 0 0
2013030781 23:30:00 05141 0 1
2013030782 23:40:00 85804 1 0
2013030783 23:50:00 67634 1 0
2013030784 00:00:00 24464 1 1
2013030785 00:10:00 23044 0 1
2013030786 00:20:00 44272 1 1
2013030787 00:30:00 10004 1 1
2013030788 00:40:00 30569 0 0
2013030789 00:50:00 00023 1 0
2013030790 01:00:00 97839 0 0
2013030791 01:10:00 47462 1 0
2013030792 01:20:00 66655 1 1
2013030793 01:30:00 20187 0 0
2013030794 01:40:00 69202 0 1
2013030795 01:50:00 11890 1 0
2013030796 02:00:00 44853 1 0
