2013033001 10:10:00 30389 1 0
2013033002 10:20:00 51715 0 0
2013033003 10:30:00 73010 0 1
2013033004 10:40:00 90701 0 0
2013033005 10:50:00 33744 1 1
2013033006 11:00:00 86452 0 0
2013033007 11:10:00 91452 0 0
2013033008 11:20:00 12415 0 0
2013033009 11:30:00 07923 0 0
2013033010 11:40:00 26900 0 1
2013033011 11:50:00 48888 1 1
2013033012 12:00:00 76841 0 0
2013033013 12:10:00 25601 0 0
2013033014 12:20:00 75644 0 1
2013033015 12:30:00 39623 0 0
2013033016 12:40:00 40327 0 0
2013033017 12:50:00 39002 0 1
2013033018 13:00:00 05191 0 1
2013033019 13:10:00 36960 0 0
2013033020 13:20:00 03251 0 0
2013033021 13:30:00 97139 0 0
2013033022 13:40:00 98551 0 1
2013033023 13:50:00 40415 1 0
2013033024 14:00:00 18895 1 0
2013033025 14:10:00 43158 0 0
2013033026 14:20:00 87799 1 1
2013033027 14:30:00 89728 0 0
2013033028 14:40:00 73762 1 0
2013033029 14:50:00 54047 0 0
2013033030 15:00:00 37696 0 1
2013033031 15:10:00 39369 1 0
2013033032 15:20:00 55000 1 1
2013033033 15:30:00 15745 0 0
2013033034 15:40:00 60819 0 0
2013033035 15:50:00 33668 1 1
2013033036 16:00:00 14608 0 0
2013033037 16:10:00 38059 0 0
2013033038 16:20:00 39031 0 0
2013033039 16:30:00 03135 0 0
2013033040 16:40:00 56894 0 0
2013033041 16:50:00 44221 1 1
2013033042 17:00:00 22683 1 0
2013033043 17:10:00 61200 0 1
2013033044 17:20:00 60469 0 0
2013033045 17:30:00 82361 0 0
2013033046 17:40:00 41841 0 0
2013033047 17:50:00 16461 0 0
2013033048 18:00:00 24230 1 0
2013033049 18:10:00 59707 0 1
2013033050 18:20:00 84780 0 0
2013033051 18:30:00 33601 1 0
2013033052 18:40:00 30106 0 0
2013033053 18:50:00 41168 1 0
2013033054 19:00:00 78354 0 0
2013033055 19:10:00 84998 0 1
2013033056 19:20:00 41416 1 0
2013033057 19:30:00 83207 0 0
2013033058 19:40:00 30255 0 1
2013033059 19:50:00 71592 0 0
2013033060 20:00:00 33771 1 1
2013033061 20:10:00 90752 0 0
2013033062 20:20:00 81455 0 1
2013033063 20:30:00 14677 0 1
2013033064 20:40:00 30173 0 0
2013033065 20:50:00 02376 0 0
2013033066 21:00:00 66341 1 0
2013033067 21:10:00 42863 0 0
2013033068 21:20:00 35918 0 0
2013033069 21:30:00 77994 1 1
2013033070 21:40:00 35199 0 1
2013033071 21:50:00 93819 0 0
2013033072 22:00:00 45724 0 0
2013033073 22:10:00 71808 0 1
2013033074 22:20:00 73248 0 0
2013033075 22:30:00 44462 1 0
2013033076 22:40:00 73727 1 1
2013033077 22:50:00 30282 0 1
2013033078 23:00:00 04935 0 0
2013033079 23:10:00 46721 0 0
2013033080 23:20:00 77580 1 0
2013033081 23:30:00 71689 0 0
2013033082 23:40:00 45590 1 0
2013033083 23:50:00 26357 0 0
2013033084 00:00:00 22542 1 0
2013033085 00:10:00 95628 0 0
2013033086 00:20:00 68513 0 0
2013033087 00:30:00 59606 0 1
2013033088 00:40:00 28234 1 0
2013033089 00:50:00 80930 0 0
2013033090 01:00:00 53219 0 0
2013033091 01:10:00 38138 0 0
2013033092 01:20:00 26977 0 1
2013033093 01:30:00 07973 0 0
2013033094 01:40:00 57500 1 1
2013033095 01:50:00 51405 0 0
2013033096 02:00:00 21281 1 0
