2013111801 10:10:00 29393 0 1
2013111802 10:20:00 67322 0 1
2013111803 10:30:00 37237 0 0
2013111804 10:40:00 15680 0 0
2013111805 10:50:00 60470 0 0
2013111806 11:00:00 76212 0 1
2013111807 11:10:00 79245 0 0
2013111808 11:20:00 81261 0 0
2013111809 11:30:00 17977 0 1
2013111810 11:40:00 83604 0 0
2013111811 11:50:00 34945 0 0
2013111812 12:00:00 40782 0 0
2013111813 12:10:00 11610 1 0
2013111814 12:20:00 62400 0 1
2013111815 12:30:00 67486 0 0
2013111816 12:40:00 81030 0 1
2013111817 12:50:00 96454 0 1
2013111818 13:00:00 09725 0 0
2013111819 13:10:00 26542 0 0
2013111820 13:20:00 27628 0 0
2013111821 13:30:00 33879 1 0
2013111822 13:40:00 84113 0 1
2013111823 13:50:00 53986 0 0
2013111824 14:00:00 87551 0 1
2013111825 14:10:00 99326 1 0
2013111826 14:20:00 76869 0 0
2013111827 14:30:00 49663 0 1
2013111828 14:40:00 50582 1 0
2013111829 14:50:00 97444 0 1
2013111830 15:00:00 05715 0 0
2013111831 15:10:00 60675 1 0
2013111832 15:20:00 25735 0 0
2013111833 15:30:00 94771 0 1
2013111834 15:40:00 07741 1 0
2013111835 15:50:00 37276 0 0
2013111836 16:00:00 40843 0 0
2013111837 16:10:00 89015 0 0
2013111838 16:20:00 10065 1 0
2013111839 16:30:00 10248 0 0
2013111840 16:40:00 29289 1 0
2013111841 16:50:00 12698 0 0
2013111842 17:00:00 51616 0 1
2013111843 17:10:00 50161 0 1
2013111844 17:20:00 84327 0 0
2013111845 17:30:00 48719 0 0
2013111846 17:40:00 67795 1 0
2013111847 17:50:00 31984 0 0
2013111848 18:00:00 14012 0 0
2013111849 18:10:00 48194 0 0
2013111850 18:20:00 91118 1 1
2013111851 18:30:00 57970 0 0
2013111852 18:40:00 58341 0 0
2013111853 18:50:00 09974 1 0
2013111854 19:00:00 32309 1 0
2013111855 19:10:00 49428 1 0
2013111856 19:20:00 16259 0 0
2013111857 19:30:00 71988 0 1
2013111858 19:40:00 11262 1 1
2013111859 19:50:00 97627 0 0
2013111860 20:00:00 25660 0 1
2013111861 20:10:00 39135 0 0
2013111862 20:20:00 79113 0 1
2013111863 20:30:00 67204 0 0
2013111864 20:40:00 03035 1 0
2013111865 20:50:00 19067 0 0
2013111866 21:00:00 29327 0 0
2013111867 21:10:00 56846 0 0
2013111868 21:20:00 66168 1 0
2013111869 21:30:00 03013 1 0
2013111870 21:40:00 13391 1 0
2013111871 21:50:00 12431 0 0
2013111872 22:00:00 62959 0 1
2013111873 22:10:00 08871 1 0
2013111874 22:20:00 52510 1 0
2013111875 22:30:00 80788 0 1
2013111876 22:40:00 16953 0 0
2013111877 22:50:00 99720 1 0
2013111878 23:00:00 80426 0 0
2013111879 23:10:00 74793 1 0
2013111880 23:20:00 50489 0 0
2013111881 23:30:00 34788 0 1
2013111882 23:40:00 06923 0 0
2013111883 23:50:00 21415 0 0
2013111884 00:00:00 82212 1 1
2013111885 00:10:00 97391 0 0
2013111886 00:20:00 62708 0 0
2013111887 00:30:00 22589 1 0
2013111888 00:40:00 34124 0 0
2013111889 00:50:00 48505 0 1
2013111890 01:00:00 48149 0 0
2013111891 01:10:00 52191 0 1
2013111892 01:20:00 14300 0 1
2013111893 01:30:00 63720 0 0
2013111894 01:40:00 27665 0 1
2013111895 01:50:00 65352 0 0
2013111896 02:00:00 43434 1 1
