2013072601 10:10:00 01911 0 1
2013072602 10:20:00 35710 0 0
2013072603 10:30:00 51114 1 1
2013072604 10:40:00 24642 0 0
2013072605 10:50:00 44220 1 1
2013072606 11:00:00 80514 0 0
2013072607 11:10:00 24787 0 1
2013072608 11:20:00 47585 0 1
2013072609 11:30:00 73154 0 0
2013072610 11:40:00 25060 0 1
2013072611 11:50:00 45927 0 0
2013072612 12:00:00 02552 0 1
2013072613 12:10:00 93445 0 1
2013072614 12:20:00 03720 0 0
2013072615 12:30:00 83209 0 0
2013072616 12:40:00 73795 1 0
2013072617 12:50:00 38031 0 0
2013072618 13:00:00 78239 0 0
2013072619 13:10:00 55835 1 0
2013072620 13:20:00 13326 1 0
2013072621 13:30:00 54540 1 0
2013072622 13:40:00 01017 1 0
2013072623 13:50:00 30742 0 0
2013072624 14:00:00 35722 0 1
2013072625 14:10:00 49447 1 1
2013072626 14:20:00 43973 0 0
2013072627 14:30:00 94081 0 0
2013072628 14:40:00 53877 0 1
2013072629 14:50:00 79617 0 0
2013072630 15:00:00 76589 0 0
2013072631 15:10:00 49722 0 1
2013072632 15:20:00 85907 0 0
2013072633 15:30:00 23795 0 0
2013072634 15:40:00 21095 0 0
2013072635 15:50:00 25706 0 0
2013072636 16:00:00 32282 1 1
2013072637 16:10:00 57192 0 0
2013072638 16:20:00 83180 0 0
2013072639 16:30:00 59657 0 0
2013072640 16:40:00 35230 0 0
2013072641 16:50:00 10338 0 1
2013072642 17:00:00 34757 0 1
2013072643 17:10:00 26622 1 1
2013072644 17:20:00 52637 0 0
2013072645 17:30:00 16649 1 0
2013072646 17:40:00 95785 0 0
2013072647 17:50:00 38652 0 0
2013072648 18:00:00 49235 0 0
2013072649 18:10:00 01290 0 0
2013072650 18:20:00 21754 0 0
2013072651 18:30:00 98024 0 0
2013072652 18:40:00 71333 0 1
2013072653 18:50:00 77354 1 0
2013072654 19:00:00 74338 0 1
2013072655 19:10:00 01263 0 0
2013072656 19:20:00 52615 0 0
2013072657 19:30:00 11162 1 0
2013072658 19:40:00 17279 0 0
2013072659 19:50:00 08399 0 1
2013072660 20:00:00 55302 1 0
2013072661 20:10:00 29112 0 1
2013072662 20:20:00 03848 0 1
2013072663 20:30:00 97637 0 0
2013072664 20:40:00 89981 1 0
2013072665 20:50:00 25512 1 0
2013072666 21:00:00 62916 0 0
2013072667 21:10:00 19924 1 0
2013072668 21:20:00 39601 0 0
2013072669 21:30:00 07513 0 0
2013072670 21:40:00 54803 0 0
2013072671 21:50:00 49604 0 0
2013072672 22:00:00 31219 0 0
2013072673 22:10:00 13683 0 0
2013072674 22:20:00 98131 0 1
2013072675 22:30:00 79763 1 0
2013072676 22:40:00 41575 0 1
2013072677 22:50:00 78448 0 1
2013072678 23:00:00 88765 1 0
2013072679 23:10:00 10421 0 0
2013072680 23:20:00 87028 0 0
2013072681 23:30:00 91743 0 0
2013072682 23:40:00 93349 1 0
2013072683 23:50:00 63862 0 0
2013072684 00:00:00 49718 0 0
2013072685 00:10:00 56706 0 0
2013072686 00:20:00 77033 1 1
2013072687 00:30:00 17177 1 1
2013072688 00:40:00 08692 0 0
2013072689 00:50:00 86632 1 0
2013072690 01:00:00 37091 0 0
2013072691 01:10:00 73842 0 0
2013072692 01:20:00 73634 0 0
2013072693 01:30:00 69197 0 0
2013072694 01:40:00 71098 0 0
2013072695 01:50:00 16408 0 0
2013072696 02:00:00 51523 1 0
