2013071201 10:10:00 79325 0 0
2013071202 10:20:00 24425 1 0
2013071203 10:30:00 09495 0 0
2013071204 10:40:00 52668 0 1
2013071205 10:50:00 27680 0 0
2013071206 11:00:00 82622 0 1
2013071207 11:10:00 34200 0 1
2013071208 11:20:00 04334 0 1
2013071209 11:30:00 93153 0 0
2013071210 11:40:00 41864 0 0
2013071211 11:50:00 87845 1 0
2013071212 12:00:00 60835 0 0
2013071213 12:10:00 15469 0 0
2013071214 12:20:00 26772 0 1
2013071215 12:30:00 95737 0 1
2013071216 12:40:00 60180 0 0
2013071217 12:50:00 39615 0 0
2013071218 13:00:00 68122 0 1
2013071219 13:10:00 26899 0 1
2013071220 13:20:00 06155 0 1
2013071221 13:30:00 59164 0 0
2013071222 13:40:00 89400 0 1
2013071223 13:50:00 86975 0 0
2013071224 14:00:00 94769 0 0
2013071225 14:10:00 77982 1 0
2013071226 14:20:00 49549 0 0
2013071227 14:30:00 28425 0 0
2013071228 14:40:00 61058 0 0
2013071229 14:50:00 68733 0 1
2013071230 15:00:00 41427 1 0
2013071231 15:10:00 83912 0 0
2013071232 15:20:00 09979 1 1
2013071233 15:30:00 68197 0 0
2013071234 15:40:00 26653 1 0
2013071235 15:50:00 78346 0 0
2013071236 16:00:00 74554 0 1
2013071237 16:10:00 00226 1 1
2013071238 16:20:00 80775 0 1
2013071239 16:30:00 14463 1 0
2013071240 16:40:00 08057 1 0
2013071241 16:50:00 52311 0 1
2013071242 17:00:00 78536 0 0
2013071243 17:10:00 41828 0 1
2013071244 17:20:00 71724 1 0
2013071245 17:30:00 81518 0 0
2013071246 17:40:00 26197 0 0
2013071247 17:50:00 92683 0 0
2013071248 18:00:00 10639 0 0
2013071249 18:10:00 23938 0 0
2013071250 18:20:00 59028 0 0
2013071251 18:30:00 34056 0 0
2013071252 18:40:00 65311 0 1
2013071253 18:50:00 12693 0 0
2013071254 19:00:00 42815 0 0
2013071255 19:10:00 78266 0 1
2013071256 19:20:00 95680 0 0
2013071257 19:30:00 27608 0 0
2013071258 19:40:00 16240 0 0
2013071259 19:50:00 60768 0 0
2013071260 20:00:00 15760 0 0
2013071261 20:10:00 26909 0 1
2013071262 20:20:00 85801 1 0
2013071263 20:30:00 65584 1 0
2013071264 20:40:00 14606 0 1
2013071265 20:50:00 37385 1 0
2013071266 21:00:00 42617 0 0
2013071267 21:10:00 46289 0 0
2013071268 21:20:00 67170 0 0
2013071269 21:30:00 79688 0 1
2013071270 21:40:00 09769 0 0
2013071271 21:50:00 53897 0 0
2013071272 22:00:00 15293 0 0
2013071273 22:10:00 50983 0 0
2013071274 22:20:00 02277 1 1
2013071275 22:30:00 67719 1 0
2013071276 22:40:00 49097 0 0
2013071277 22:50:00 56771 0 1
2013071278 23:00:00 75530 1 0
2013071279 23:10:00 88505 1 1
2013071280 23:20:00 10256 0 0
2013071281 23:30:00 06765 0 0
2013071282 23:40:00 68551 0 1
2013071283 23:50:00 66232 1 1
2013071284 00:00:00 76247 0 0
2013071285 00:10:00 57887 0 1
2013071286 00:20:00 88539 1 0
2013071287 00:30:00 75413 0 0
2013071288 00:40:00 21704 0 0
2013071289 00:50:00 13928 0 0
2013071290 01:00:00 64772 0 1
2013071291 01:10:00 63210 0 0
2013071292 01:20:00 89264 0 0
2013071293 01:30:00 67879 0 0
2013071294 01:40:00 83574 0 0
2013071295 01:50:00 78035 0 0
2013071296 02:00:00 97340 0 0
