2013030501 10:10:00 14016 0 0
2013030502 10:20:00 23760 0 0
2013030503 10:30:00 12495 0 0
2013030504 10:40:00 24347 0 0
2013030505 10:50:00 55164 1 0
2013030506 11:00:00 02675 0 0
2013030507 11:10:00 76175 0 0
2013030508 11:20:00 61182 1 0
2013030509 11:30:00 45030 0 1
2013030510 11:40:00 34480 1 0
2013030511 11:50:00 20586 0 0
2013030512 12:00:00 33025 1 0
2013030513 12:10:00 82831 1 0
2013030514 12:20:00 00522 1 1
2013030515 12:30:00 38930 0 0
2013030516 12:40:00 74708 1 0
2013030517 12:50:00 95057 0 0
2013030518 13:00:00 77049 1 0
2013030519 13:10:00 09444 0 1
2013030520 13:20:00 70065 1 0
2013030521 13:30:00 78282 0 1
2013030522 13:40:00 69841 0 0
2013030523 13:50:00 73618 0 0
2013030524 14:00:00 37767 1 1
2013030525 14:10:00 55862 1 0
2013030526 14:20:00 82567 0 0
2013030527 14:30:00 18841 1 0
2013030528 14:40:00 58840 1 0
2013030529 14:50:00 36599 0 1
2013030530 15:00:00 45065 0 0
2013030531 15:10:00 19374 0 0
2013030532 15:20:00 74531 0 0
2013030533 15:30:00 74945 0 0
2013030534 15:40:00 86355 0 1
2013030535 15:50:00 64840 0 0
2013030536 16:00:00 33001 1 1
2013030537 16:10:00 36089 0 0
2013030538 16:20:00 60904 0 0
2013030539 16:30:00 64029 0 0
2013030540 16:40:00 59121 0 1
2013030541 16:50:00 37601 0 0
2013030542 17:00:00 07655 0 1
2013030543 17:10:00 93235 0 0
2013030544 17:20:00 44276 1 0
2013030545 17:30:00 05713 0 0
2013030546 17:40:00 14239 0 0
2013030547 17:50:00 36226 0 1
2013030548 18:00:00 52196 0 0
2013030549 18:10:00 18200 0 1
2013030550 18:20:00 22066 1 1
2013030551 18:30:00 47663 0 1
2013030552 18:40:00 70202 0 1
2013030553 18:50:00 63724 0 0
2013030554 19:00:00 55282 1 1
2013030555 19:10:00 94519 0 0
2013030556 19:20:00 38480 0 0
2013030557 19:30:00 95049 0 0
2013030558 19:40:00 32241 1 0
2013030559 19:50:00 44247 1 0
2013030560 20:00:00 48403 1 0
2013030561 20:10:00 56709 0 0
2013030562 20:20:00 63663 1 1
2013030563 20:30:00 98091 0 0
2013030564 20:40:00 71298 0 0
2013030565 20:50:00 36881 0 1
2013030566 21:00:00 74284 0 0
2013030567 21:10:00 83781 0 0
2013030568 21:20:00 62386 0 0
2013030569 21:30:00 68075 0 0
2013030570 21:40:00 26581 0 0
2013030571 21:50:00 87006 0 1
2013030572 22:00:00 03264 0 0
2013030573 22:10:00 87641 0 0
2013030574 22:20:00 10123 1 0
2013030575 22:30:00 70870 0 0
2013030576 22:40:00 38186 0 0
2013030577 22:50:00 01226 0 1
2013030578 23:00:00 42829 0 0
2013030579 23:10:00 58837 1 0
2013030580 23:20:00 88668 1 1
2013030581 23:30:00 91358 0 0
2013030582 23:40:00 55309 1 0
2013030583 23:50:00 63896 0 0
2013030584 00:00:00 73603 0 0
2013030585 00:10:00 24330 0 1
2013030586 00:20:00 40775 0 1
2013030587 00:30:00 44724 1 0
2013030588 00:40:00 58169 0 0
2013030589 00:50:00 79281 0 0
2013030590 01:00:00 17692 0 0
2013030591 01:10:00 29803 0 0
2013030592 01:20:00 07091 1 0
2013030593 01:30:00 85561 1 0
2013030594 01:40:00 78147 0 0
2013030595 01:50:00 64971 0 0
2013030596 02:00:00 67129 0 0
