2014020901 10:10:00 76539 0 0
2014020902 10:20:00 38028 0 0
2014020903 10:30:00 39895 0 0
2014020904 10:40:00 29363 0 1
2014020905 10:50:00 74545 0 1
2014020906 11:00:00 07764 1 0
2014020907 11:10:00 54662 0 1
2014020908 11:20:00 78336 0 1
2014020909 11:30:00 84836 1 0
2014020910 11:40:00 11468 1 0
2014020911 11:50:00 27332 0 1
2014020912 12:00:00 58528 1 0
2014020913 12:10:00 72264 1 0
2014020914 12:20:00 94229 0 1
2014020915 12:30:00 10274 0 0
2014020916 12:40:00 92262 1 1
2014020917 12:50:00 00263 1 0
2014020918 13:00:00 58804 1 0
2014020919 13:10:00 47450 1 0
2014020920 13:20:00 36031 0 0
2014020921 13:30:00 04401 1 0
2014020922 13:40:00 41204 0 0
2014020923 13:50:00 66009 1 1
2014020924 14:00:00 89664 0 1
2014020925 14:10:00 07801 0 0
2014020926 14:20:00 28574 0 0
2014020927 14:30:00 86081 0 0
2014020928 14:40:00 26630 1 0
2014020929 14:50:00 61954 0 0
2014020930 15:00:00 28676 0 1
2014020931 15:10:00 35925 0 0
2014020932 15:20:00 19384 0 0
2014020933 15:30:00 68910 0 0
2014020934 15:40:00 05130 0 0
2014020935 15:50:00 70325 0 0
2014020936 16:00:00 71981 0 0
2014020937 16:10:00 64939 0 1
2014020938 16:20:00 94521 0 0
2014020939 16:30:00 81487 0 0
2014020940 16:40:00 78123 0 0
2014020941 16:50:00 71201 0 0
2014020942 17:00:00 06447 0 1
2014020943 17:10:00 96636 1 1
2014020944 17:20:00 21735 0 0
2014020945 17:30:00 57684 0 0
2014020946 17:40:00 32468 0 0
2014020947 17:50:00 11886 1 1
2014020948 18:00:00 25386 0 0
2014020949 18:10:00 38235 0 0
2014020950 18:20:00 45387 0 0
2014020951 18:30:00 45266 0 1
2014020952 18:40:00 50902 0 0
2014020953 18:50:00 15544 1 1
2014020954 19:00:00 37911 0 1
2014020955 19:10:00 22994 1 1
2014020956 19:20:00 96865 0 0
2014020957 19:30:00 98776 0 1
2014020958 19:40:00 38272 0 1
2014020959 19:50:00 21529 0 0
2014020960 20:00:00 60729 0 0
2014020961 20:10:00 04832 0 0
2014020962 20:20:00 99437 1 0
2014020963 20:30:00 24461 1 0
2014020964 20:40:00 09288 0 1
2014020965 20:50:00 87487 0 0
2014020966 21:00:00 94532 0 0
2014020967 21:10:00 14527 0 0
2014020968 21:20:00 03442 0 1
2014020969 21:30:00 92206 1 0
2014020970 21:40:00 73044 0 1
2014020971 21:50:00 67888 0 1
2014020972 22:00:00 39947 1 0
2014020973 22:10:00 73032 0 0
2014020974 22:20:00 69476 0 0
2014020975 22:30:00 97346 0 0
2014020976 22:40:00 89844 1 1
2014020977 22:50:00 61280 0 0
2014020978 23:00:00 13243 0 0
2014020979 23:10:00 86822 1 1
2014020980 23:20:00 98197 0 0
2014020981 23:30:00 17597 0 0
2014020982 23:40:00 00348 1 0
2014020983 23:50:00 05529 1 0
2014020984 00:00:00 49676 0 1
2014020985 00:10:00 84663 0 1
2014020986 00:20:00 94734 0 0
2014020987 00:30:00 77049 1 0
2014020988 00:40:00 69492 0 0
2014020989 00:50:00 44141 1 1
2014020990 01:00:00 33289 1 0
2014020991 01:10:00 98366 0 1
2014020992 01:20:00 49441 1 1
2014020993 01:30:00 75889 0 1
2014020994 01:40:00 91018 0 0
2014020995 01:50:00 93984 1 0
2014020996 02:00:00 72477 0 1
