2014081601 10:10:00 04391 0 0
2014081602 10:20:00 05121 0 1
2014081603 10:30:00 23401 0 0
2014081604 10:40:00 60415 0 0
2014081605 10:50:00 50648 0 0
2014081606 11:00:00 09108 0 0
2014081607 11:10:00 08781 0 0
2014081608 11:20:00 05285 0 0
2014081609 11:30:00 40604 0 0
2014081610 11:40:00 24020 0 1
2014081611 11:50:00 32840 0 0
2014081612 12:00:00 63845 0 0
2014081613 12:10:00 69903 1 0
2014081614 12:20:00 15141 1 1
2014081615 12:30:00 79694 0 0
2014081616 12:40:00 19814 0 0
2014081617 12:50:00 05925 0 0
2014081618 13:00:00 16043 0 0
2014081619 13:10:00 14445 1 1
2014081620 13:20:00 45762 0 0
2014081621 13:30:00 31480 0 0
2014081622 13:40:00 59761 0 0
2014081623 13:50:00 52248 1 0
2014081624 14:00:00 15984 0 0
2014081625 14:10:00 36828 0 1
2014081626 14:20:00 55213 1 0
2014081627 14:30:00 59532 1 0
2014081628 14:40:00 02309 0 0
2014081629 14:50:00 27073 0 0
2014081630 15:00:00 04827 0 0
2014081631 15:10:00 82626 0 1
2014081632 15:20:00 49269 0 0
2014081633 15:30:00 20293 1 0
2014081634 15:40:00 66507 1 0
2014081635 15:50:00 13967 0 0
2014081636 16:00:00 79447 0 1
2014081637 16:10:00 50712 0 0
2014081638 16:20:00 69917 1 0
2014081639 16:30:00 69187 0 0
2014081640 16:40:00 06918 0 0
2014081641 16:50:00 64655 1 1
2014081642 17:00:00 96976 1 0
2014081643 17:10:00 67321 0 0
2014081644 17:20:00 48938 0 0
2014081645 17:30:00 38695 0 0
2014081646 17:40:00 46007 0 1
2014081647 17:50:00 23576 0 0
2014081648 18:00:00 40659 0 0
2014081649 18:10:00 16517 0 0
2014081650 18:20:00 31624 0 0
2014081651 18:30:00 86286 0 0
2014081652 18:40:00 12421 0 0
2014081653 18:50:00 84714 0 0
2014081654 19:00:00 44202 1 1
2014081655 19:10:00 93507 0 0
2014081656 19:20:00 35166 0 1
2014081657 19:30:00 09536 0 0
2014081658 19:40:00 84043 0 0
2014081659 19:50:00 51602 0 0
2014081660 20:00:00 39267 0 0
2014081661 20:10:00 17135 1 0
2014081662 20:20:00 98795 0 0
2014081663 20:30:00 39088 0 1
2014081664 20:40:00 25683 0 0
2014081665 20:50:00 86866 1 1
2014081666 21:00:00 74872 0 0
2014081667 21:10:00 14449 1 1
2014081668 21:20:00 99709 1 0
2014081669 21:30:00 76172 0 0
2014081670 21:40:00 64970 0 0
2014081671 21:50:00 27616 0 1
2014081672 22:00:00 60274 0 0
2014081673 22:10:00 11095 1 0
2014081674 22:20:00 82244 1 1
2014081675 22:30:00 29306 0 0
2014081676 22:40:00 31278 0 0
2014081677 22:50:00 94073 0 0
2014081678 23:00:00 60417 0 0
2014081679 23:10:00 27091 0 0
2014081680 23:20:00 17995 0 1
2014081681 23:30:00 75704 1 0
2014081682 23:40:00 34411 1 1
2014081683 23:50:00 03800 0 1
2014081684 00:00:00 74895 0 0
2014081685 00:10:00 69168 0 0
2014081686 00:20:00 64632 1 0
2014081687 00:30:00 97389 0 0
2014081688 00:40:00 22383 1 1
2014081689 00:50:00 84816 1 0
2014081690 01:00:00 84831 1 0
2014081691 01:10:00 02087 1 0
2014081692 01:20:00 45792 0 0
2014081693 01:30:00 65748 0 0
2014081694 01:40:00 86813 1 0
2014081695 01:50:00 42808 0 1
2014081696 02:00:00 43822 0 1
