2014041601 10:10:00 02468 0 0
2014041602 10:20:00 35358 1 0
2014041603 10:30:00 62770 0 1
2014041604 10:40:00 28133 0 1
2014041605 10:50:00 01860 0 0
2014041606 11:00:00 94441 1 1
2014041607 11:10:00 19525 0 1
2014041608 11:20:00 96496 0 0
2014041609 11:30:00 08144 0 1
2014041610 11:40:00 66277 1 1
2014041611 11:50:00 62673 1 0
2014041612 12:00:00 27464 0 1
2014041613 12:10:00 51312 0 0
2014041614 12:20:00 40165 0 0
2014041615 12:30:00 74789 1 0
2014041616 12:40:00 22091 1 0
2014041617 12:50:00 68174 0 0
2014041618 13:00:00 55700 1 1
2014041619 13:10:00 68717 0 1
2014041620 13:20:00 02233 1 1
2014041621 13:30:00 17053 0 0
2014041622 13:40:00 02322 0 1
2014041623 13:50:00 63028 0 0
2014041624 14:00:00 66516 1 0
2014041625 14:10:00 40443 1 1
2014041626 14:20:00 52986 0 0
2014041627 14:30:00 65522 1 1
2014041628 14:40:00 34469 1 0
2014041629 14:50:00 48144 0 1
2014041630 15:00:00 34964 0 0
2014041631 15:10:00 02819 0 0
2014041632 15:20:00 70801 0 0
2014041633 15:30:00 43971 0 0
2014041634 15:40:00 89838 1 1
2014041635 15:50:00 56130 0 0
2014041636 16:00:00 49132 0 0
2014041637 16:10:00 66215 1 0
2014041638 16:20:00 34177 0 1
2014041639 16:30:00 96041 0 0
2014041640 16:40:00 01022 1 1
2014041641 16:50:00 33601 1 0
2014041642 17:00:00 38690 0 0
2014041643 17:10:00 26687 1 0
2014041644 17:20:00 65058 0 0
2014041645 17:30:00 83136 0 0
2014041646 17:40:00 55949 1 1
2014041647 17:50:00 44343 1 1
2014041648 18:00:00 83982 0 0
2014041649 18:10:00 18813 1 0
2014041650 18:20:00 62798 0 0
2014041651 18:30:00 78553 0 1
2014041652 18:40:00 87644 0 1
2014041653 18:50:00 22187 1 0
2014041654 19:00:00 22799 1 1
2014041655 19:10:00 51180 1 0
2014041656 19:20:00 20723 0 0
2014041657 19:30:00 26743 0 0
2014041658 19:40:00 15765 0 0
2014041659 19:50:00 22168 1 0
2014041660 20:00:00 55533 1 1
2014041661 20:10:00 69532 0 0
2014041662 20:20:00 40447 1 1
2014041663 20:30:00 57606 0 1
2014041664 20:40:00 78472 0 0
2014041665 20:50:00 44810 1 0
2014041666 21:00:00 13244 0 1
2014041667 21:10:00 92792 0 0
2014041668 21:20:00 48001 0 1
2014041669 21:30:00 25555 1 1
2014041670 21:40:00 49648 0 0
2014041671 21:50:00 01523 0 0
2014041672 22:00:00 39815 0 0
2014041673 22:10:00 00227 1 1
2014041674 22:20:00 60491 0 0
2014041675 22:30:00 14462 1 0
2014041676 22:40:00 14792 0 0
2014041677 22:50:00 69562 0 0
2014041678 23:00:00 39335 1 1
2014041679 23:10:00 94197 0 0
2014041680 23:20:00 45249 0 0
2014041681 23:30:00 60136 0 0
2014041682 23:40:00 12896 0 0
2014041683 23:50:00 61669 1 1
2014041684 00:00:00 68313 0 1
2014041685 00:10:00 82784 0 0
2014041686 00:20:00 49073 0 0
2014041687 00:30:00 63427 0 0
2014041688 00:40:00 17396 0 0
2014041689 00:50:00 93272 0 1
2014041690 01:00:00 24180 0 0
2014041691 01:10:00 88730 1 0
2014041692 01:20:00 51633 0 1
2014041693 01:30:00 05689 0 0
2014041694 01:40:00 43579 0 0
2014041695 01:50:00 56249 0 0
2014041696 02:00:00 16837 0 0
