2014110601 10:10:00 03908 0 0
2014110602 10:20:00 58216 0 0
2014110603 10:30:00 74672 0 0
2014110604 10:40:00 62433 0 1
2014110605 10:50:00 19796 0 0
2014110606 11:00:00 89270 0 0
2014110607 11:10:00 38548 0 0
2014110608 11:20:00 75249 0 0
2014110609 11:30:00 98272 0 1
2014110610 11:40:00 73061 0 0
2014110611 11:50:00 67707 1 1
2014110612 12:00:00 87256 0 0
2014110613 12:10:00 13598 0 0
2014110614 12:20:00 45142 0 0
2014110615 12:30:00 04402 1 0
2014110616 12:40:00 56874 0 0
2014110617 12:50:00 94070 0 1
2014110618 13:00:00 15103 1 0
2014110619 13:10:00 85928 0 0
2014110620 13:20:00 90787 0 1
2014110621 13:30:00 64152 0 0
2014110622 13:40:00 41102 1 0
2014110623 13:50:00 03384 1 0
2014110624 14:00:00 75455 0 1
2014110625 14:10:00 55547 1 0
2014110626 14:20:00 19884 0 1
2014110627 14:30:00 35471 0 0
2014110628 14:40:00 70913 0 0
2014110629 14:50:00 53518 1 0
2014110630 15:00:00 55804 1 0
2014110631 15:10:00 57092 0 0
2014110632 15:20:00 81172 1 0
2014110633 15:30:00 51719 0 0
2014110634 15:40:00 16937 0 0
2014110635 15:50:00 17705 1 0
2014110636 16:00:00 71084 0 0
2014110637 16:10:00 83665 0 1
2014110638 16:20:00 29717 0 1
2014110639 16:30:00 40038 1 0
2014110640 16:40:00 82756 0 0
2014110641 16:50:00 69751 0 0
2014110642 17:00:00 67030 0 1
2014110643 17:10:00 97940 1 0
2014110644 17:20:00 63423 0 0
2014110645 17:30:00 22640 1 0
2014110646 17:40:00 15606 0 1
2014110647 17:50:00 16375 0 0
2014110648 18:00:00 51068 0 0
2014110649 18:10:00 15954 0 0
2014110650 18:20:00 22580 1 0
2014110651 18:30:00 21387 0 0
2014110652 18:40:00 23349 1 0
2014110653 18:50:00 96231 0 0
2014110654 19:00:00 60087 1 0
2014110655 19:10:00 52542 1 0
2014110656 19:20:00 23561 0 0
2014110657 19:30:00 39013 0 0
2014110658 19:40:00 30659 0 0
2014110659 19:50:00 05478 0 0
2014110660 20:00:00 42796 0 0
2014110661 20:10:00 21048 0 0
2014110662 20:20:00 89860 1 0
2014110663 20:30:00 64913 0 0
2014110664 20:40:00 61922 0 1
2014110665 20:50:00 42704 0 0
2014110666 21:00:00 70208 0 0
2014110667 21:10:00 65622 1 1
2014110668 21:20:00 03203 0 0
2014110669 21:30:00 28446 0 1
2014110670 21:40:00 73045 0 0
2014110671 21:50:00 91039 0 0
2014110672 22:00:00 20064 1 0
2014110673 22:10:00 73269 0 0
2014110674 22:20:00 01375 0 0
2014110675 22:30:00 10710 0 0
2014110676 22:40:00 65105 0 0
2014110677 22:50:00 27425 0 0
2014110678 23:00:00 65621 1 0
2014110679 23:10:00 04593 0 0
2014110680 23:20:00 37850 0 0
2014110681 23:30:00 65532 1 0
2014110682 23:40:00 76854 0 0
2014110683 23:50:00 90373 0 1
2014110684 00:00:00 40138 0 0
2014110685 00:10:00 73807 0 0
2014110686 00:20:00 28183 0 0
2014110687 00:30:00 11516 1 0
2014110688 00:40:00 20932 0 0
2014110689 00:50:00 30874 0 0
2014110690 01:00:00 92549 0 0
2014110691 01:10:00 18868 1 1
2014110692 01:20:00 33399 1 1
2014110693 01:30:00 60236 0 0
2014110694 01:40:00 79574 0 0
2014110695 01:50:00 32976 0 0
2014110696 02:00:00 14645 0 0
