2014113001 10:10:00 59775 0 1
2014113002 10:20:00 91397 0 0
2014113003 10:30:00 22497 1 0
2014113004 10:40:00 83065 0 0
2014113005 10:50:00 04933 0 1
2014113006 11:00:00 73873 0 0
2014113007 11:10:00 63123 0 0
2014113008 11:20:00 80809 1 0
2014113009 11:30:00 37843 0 0
2014113010 11:40:00 81256 0 0
2014113011 11:50:00 63863 0 0
2014113012 12:00:00 01388 0 1
2014113013 12:10:00 09685 0 0
2014113014 12:20:00 74726 1 0
2014113015 12:30:00 22456 1 0
2014113016 12:40:00 40630 0 0
2014113017 12:50:00 76331 0 1
2014113018 13:00:00 32503 0 0
2014113019 13:10:00 55171 1 1
2014113020 13:20:00 93375 1 0
2014113021 13:30:00 55524 1 0
2014113022 13:40:00 93595 0 1
2014113023 13:50:00 20609 0 0
2014113024 14:00:00 24889 0 1
2014113025 14:10:00 29371 0 0
2014113026 14:20:00 72342 0 0
2014113027 14:30:00 69463 0 0
2014113028 14:40:00 19493 0 0
2014113029 14:50:00 27633 0 1
2014113030 15:00:00 22436 1 0
2014113031 15:10:00 36620 1 0
2014113032 15:20:00 65954 0 0
2014113033 15:30:00 65991 0 1
2014113034 15:40:00 47182 0 0
2014113035 15:50:00 57441 0 1
2014113036 16:00:00 73349 1 0
2014113037 16:10:00 29915 1 0
2014113038 16:20:00 04273 0 0
2014113039 16:30:00 22728 1 0
2014113040 16:40:00 53923 0 0
2014113041 16:50:00 86346 0 0
2014113042 17:00:00 07902 0 0
2014113043 17:10:00 26976 0 0
2014113044 17:20:00 94378 0 0
2014113045 17:30:00 76264 0 0
2014113046 17:40:00 68474 0 1
2014113047 17:50:00 20892 0 0
2014113048 18:00:00 08913 0 0
2014113049 18:10:00 08738 0 0
2014113050 18:20:00 20380 0 0
2014113051 18:30:00 58265 0 0
2014113052 18:40:00 52004 0 1
2014113053 18:50:00 05889 0 1
2014113054 19:00:00 31885 0 1
2014113055 19:10:00 24736 0 0
2014113056 19:20:00 29582 0 0
2014113057 19:30:00 59984 1 0
2014113058 19:40:00 44559 1 1
2014113059 19:50:00 61220 0 1
2014113060 20:00:00 84413 1 0
2014113061 20:10:00 96435 0 0
2014113062 20:20:00 82333 0 1
2014113063 20:30:00 77952 1 0
2014113064 20:40:00 54638 0 0
2014113065 20:50:00 97307 0 0
2014113066 21:00:00 43254 0 0
2014113067 21:10:00 74024 0 0
2014113068 21:20:00 38629 0 0
2014113069 21:30:00 12452 0 0
2014113070 21:40:00 61635 1 0
2014113071 21:50:00 96698 1 0
2014113072 22:00:00 50218 0 0
2014113073 22:10:00 62264 1 0
2014113074 22:20:00 53012 0 0
2014113075 22:30:00 82282 1 1
2014113076 22:40:00 54886 0 1
2014113077 22:50:00 34132 0 0
2014113078 23:00:00 20998 0 1
2014113079 23:10:00 74970 0 0
2014113080 23:20:00 75518 1 0
2014113081 23:30:00 10985 0 0
2014113082 23:40:00 07266 0 1
2014113083 23:50:00 25541 1 0
2014113084 00:00:00 12606 0 1
2014113085 00:10:00 69458 0 0
2014113086 00:20:00 51671 0 0
2014113087 00:30:00 50010 1 1
2014113088 00:40:00 77330 1 1
2014113089 00:50:00 48928 0 0
2014113090 01:00:00 80403 0 0
2014113091 01:10:00 35117 0 1
2014113092 01:20:00 80276 0 0
2014113093 01:30:00 95318 0 0
2014113094 01:40:00 04354 0 0
2014113095 01:50:00 04177 0 1
2014113096 02:00:00 26449 0 1
