2014101801 10:10:00 52820 0 0
2014101802 10:20:00 65289 0 0
2014101803 10:30:00 97920 1 0
2014101804 10:40:00 05787 0 1
2014101805 10:50:00 57497 0 0
2014101806 11:00:00 43841 0 0
2014101807 11:10:00 93430 0 0
2014101808 11:20:00 35224 0 1
2014101809 11:30:00 61665 1 1
2014101810 11:40:00 50515 1 1
2014101811 11:50:00 65073 0 0
2014101812 12:00:00 11765 1 0
2014101813 12:10:00 08176 0 0
2014101814 12:20:00 30170 0 0
2014101815 12:30:00 62543 0 0
2014101816 12:40:00 80805 1 0
2014101817 12:50:00 88468 1 0
2014101818 13:00:00 51332 0 1
2014101819 13:10:00 09165 0 0
2014101820 13:20:00 54473 1 0
2014101821 13:30:00 31536 0 0
2014101822 13:40:00 14857 0 0
2014101823 13:50:00 57572 1 0
2014101824 14:00:00 55836 1 0
2014101825 14:10:00 85585 1 1
2014101826 14:20:00 70261 0 0
2014101827 14:30:00 81397 0 0
2014101828 14:40:00 04982 0 0
2014101829 14:50:00 87201 0 0
2014101830 15:00:00 38593 0 0
2014101831 15:10:00 71155 1 1
2014101832 15:20:00 15525 1 1
2014101833 15:30:00 87878 1 1
2014101834 15:40:00 10471 0 0
2014101835 15:50:00 55975 1 0
2014101836 16:00:00 80657 0 0
2014101837 16:10:00 00135 1 0
2014101838 16:20:00 22821 1 0
2014101839 16:30:00 66766 1 1
2014101840 16:40:00 60168 0 0
2014101841 16:50:00 65484 0 1
2014101842 17:00:00 74046 0 0
2014101843 17:10:00 45624 0 0
2014101844 17:20:00 28317 0 0
2014101845 17:30:00 29624 0 0
2014101846 17:40:00 54999 0 1
2014101847 17:50:00 41109 1 0
2014101848 18:00:00 34458 1 0
2014101849 18:10:00 40552 0 1
2014101850 18:20:00 90502 0 0
2014101851 18:30:00 61601 1 0
2014101852 18:40:00 98637 0 0
2014101853 18:50:00 80520 0 0
2014101854 19:00:00 03794 0 0
2014101855 19:10:00 70387 0 0
2014101856 19:20:00 55808 1 1
2014101857 19:30:00 04078 1 0
2014101858 19:40:00 45913 0 0
2014101859 19:50:00 38563 0 0
2014101860 20:00:00 86972 0 0
2014101861 20:10:00 87259 0 0
2014101862 20:20:00 00940 1 0
2014101863 20:30:00 70553 0 1
2014101864 20:40:00 33636 1 1
2014101865 20:50:00 29789 0 0
2014101866 21:00:00 05881 0 1
2014101867 21:10:00 09777 0 1
2014101868 21:20:00 56888 0 1
2014101869 21:30:00 91153 1 0
2014101870 21:40:00 33146 1 0
2014101871 21:50:00 24389 0 0
2014101872 22:00:00 47623 0 0
2014101873 22:10:00 28681 0 0
2014101874 22:20:00 68135 0 0
2014101875 22:30:00 73032 0 0
2014101876 22:40:00 86685 1 0
2014101877 22:50:00 22691 1 0
2014101878 23:00:00 13057 0 0
2014101879 23:10:00 95276 0 0
2014101880 23:20:00 80251 0 0
2014101881 23:30:00 14073 0 0
2014101882 23:40:00 65401 0 0
2014101883 23:50:00 45602 0 0
2014101884 00:00:00 10636 0 1
2014101885 00:10:00 02693 0 0
2014101886 00:20:00 56386 0 0
2014101887 00:30:00 37058 0 0
2014101888 00:40:00 49049 0 0
2014101889 00:50:00 63555 0 1
2014101890 01:00:00 86299 0 1
2014101891 01:10:00 58210 0 0
2014101892 01:20:00 12904 0 0
2014101893 01:30:00 53804 0 0
2014101894 01:40:00 60782 0 0
2014101895 01:50:00 00411 1 1
2014101896 02:00:00 05764 0 0
