2014073001 10:10:00 53264 0 0
2014073002 10:20:00 16684 1 0
2014073003 10:30:00 90147 0 0
2014073004 10:40:00 78608 0 0
2014073005 10:50:00 54979 0 1
2014073006 11:00:00 80900 0 1
2014073007 11:10:00 60989 0 1
2014073008 11:20:00 07760 1 0
2014073009 11:30:00 50188 0 1
2014073010 11:40:00 99355 1 1
2014073011 11:50:00 00942 1 0
2014073012 12:00:00 66876 1 0
2014073013 12:10:00 73282 0 1
2014073014 12:20:00 89010 0 1
2014073015 12:30:00 94759 0 0
2014073016 12:40:00 01909 0 1
2014073017 12:50:00 22151 1 1
2014073018 13:00:00 71030 0 1
2014073019 13:10:00 57666 0 1
2014073020 13:20:00 54362 0 0
2014073021 13:30:00 12875 0 0
2014073022 13:40:00 12866 0 1
2014073023 13:50:00 91529 0 0
2014073024 14:00:00 67781 1 0
2014073025 14:10:00 10010 1 1
2014073026 14:20:00 08981 0 0
2014073027 14:30:00 96961 1 0
2014073028 14:40:00 38679 0 0
2014073029 14:50:00 30648 0 0
2014073030 15:00:00 19134 1 0
2014073031 15:10:00 28153 0 0
2014073032 15:20:00 32484 0 1
2014073033 15:30:00 29460 0 0
2014073034 15:40:00 25135 0 0
2014073035 15:50:00 94561 0 0
2014073036 16:00:00 78214 0 0
2014073037 16:10:00 39485 0 0
2014073038 16:20:00 27983 0 0
2014073039 16:30:00 61730 0 0
2014073040 16:40:00 92086 0 0
2014073041 16:50:00 85873 1 0
2014073042 17:00:00 18865 1 0
2014073043 17:10:00 31140 1 0
2014073044 17:20:00 72295 1 0
2014073045 17:30:00 30618 0 0
2014073046 17:40:00 25108 0 0
2014073047 17:50:00 16855 0 1
2014073048 18:00:00 66465 1 0
2014073049 18:10:00 86494 0 1
2014073050 18:20:00 63235 0 0
2014073051 18:30:00 01289 0 0
2014073052 18:40:00 84544 0 1
2014073053 18:50:00 89586 0 0
2014073054 19:00:00 46351 0 0
2014073055 19:10:00 41596 0 0
2014073056 19:20:00 32507 0 0
2014073057 19:30:00 64697 1 0
2014073058 19:40:00 15120 1 0
2014073059 19:50:00 81912 0 0
2014073060 20:00:00 01522 0 1
2014073061 20:10:00 21944 0 1
2014073062 20:20:00 96349 0 0
2014073063 20:30:00 61537 0 0
2014073064 20:40:00 93212 0 1
2014073065 20:50:00 69077 0 1
2014073066 21:00:00 61753 0 0
2014073067 21:10:00 57713 1 0
2014073068 21:20:00 02824 0 0
2014073069 21:30:00 00894 1 0
2014073070 21:40:00 31746 0 0
2014073071 21:50:00 05773 0 1
2014073072 22:00:00 21068 0 0
2014073073 22:10:00 12901 0 0
2014073074 22:20:00 78661 0 1
2014073075 22:30:00 28079 0 0
2014073076 22:40:00 58207 0 0
2014073077 22:50:00 97281 0 0
2014073078 23:00:00 34333 1 1
2014073079 23:10:00 16720 0 0
2014073080 23:20:00 96094 0 0
2014073081 23:30:00 73787 1 1
2014073082 23:40:00 94449 1 1
2014073083 23:50:00 40718 0 0
2014073084 00:00:00 99512 1 0
2014073085 00:10:00 61070 0 1
2014073086 00:20:00 56468 0 0
2014073087 00:30:00 98396 0 0
2014073088 00:40:00 19959 1 1
2014073089 00:50:00 47371 0 0
2014073090 01:00:00 47129 0 0
2014073091 01:10:00 53467 0 0
2014073092 01:20:00 74129 0 0
2014073093 01:30:00 79288 0 1
2014073094 01:40:00 73955 0 1
2014073095 01:50:00 63814 0 0
2014073096 02:00:00 83362 1 0
