2014091001 10:10:00 21340 0 0
2014091002 10:20:00 80581 0 0
2014091003 10:30:00 46253 0 0
2014091004 10:40:00 63642 1 0
2014091005 10:50:00 15040 0 1
2014091006 11:00:00 02019 1 0
2014091007 11:10:00 30988 0 1
2014091008 11:20:00 64940 0 0
2014091009 11:30:00 21583 0 0
2014091010 11:40:00 18161 1 1
2014091011 11:50:00 97083 0 0
2014091012 12:00:00 86536 0 0
2014091013 12:10:00 21941 0 0
2014091014 12:20:00 98929 1 1
2014091015 12:30:00 48749 0 0
2014091016 12:40:00 84506 0 0
2014091017 12:50:00 82850 1 0
2014091018 13:00:00 53738 0 0
2014091019 13:10:00 70423 0 0
2014091020 13:20:00 87312 0 0
2014091021 13:30:00 98667 0 1
2014091022 13:40:00 97150 0 0
2014091023 13:50:00 28831 1 0
2014091024 14:00:00 12624 0 0
2014091025 14:10:00 99301 1 0
2014091026 14:20:00 65056 0 0
2014091027 14:30:00 73365 1 0
2014091028 14:40:00 64152 0 0
2014091029 14:50:00 79557 0 1
2014091030 15:00:00 78765 1 0
2014091031 15:10:00 61025 0 0
2014091032 15:20:00 29216 1 0
2014091033 15:30:00 52665 0 1
2014091034 15:40:00 14615 0 0
2014091035 15:50:00 86229 0 1
2014091036 16:00:00 89580 0 0
2014091037 16:10:00 48550 0 1
2014091038 16:20:00 97895 0 0
2014091039 16:30:00 86003 0 1
2014091040 16:40:00 61089 0 0
2014091041 16:50:00 45128 0 0
2014091042 17:00:00 27370 0 0
2014091043 17:10:00 04972 0 0
2014091044 17:20:00 85928 0 0
2014091045 17:30:00 94343 0 1
2014091046 17:40:00 63502 0 0
2014091047 17:50:00 59360 0 0
2014091048 18:00:00 99078 1 0
2014091049 18:10:00 44573 1 0
2014091050 18:20:00 23364 1 0
2014091051 18:30:00 75721 1 0
2014091052 18:40:00 53155 0 1
2014091053 18:50:00 92995 1 1
2014091054 19:00:00 20514 0 0
2014091055 19:10:00 79123 0 0
2014091056 19:20:00 68028 0 0
2014091057 19:30:00 85657 0 0
2014091058 19:40:00 13438 0 0
2014091059 19:50:00 16233 0 1
2014091060 20:00:00 93671 0 0
2014091061 20:10:00 89992 1 1
2014091062 20:20:00 74849 0 0
2014091063 20:30:00 74724 1 0
2014091064 20:40:00 57137 0 0
2014091065 20:50:00 63373 1 1
2014091066 21:00:00 07306 0 0
2014091067 21:10:00 24119 0 1
2014091068 21:20:00 58160 0 0
2014091069 21:30:00 58093 0 0
2014091070 21:40:00 26274 1 0
2014091071 21:50:00 58670 0 0
2014091072 22:00:00 57153 0 0
2014091073 22:10:00 76912 0 0
2014091074 22:20:00 19860 0 0
2014091075 22:30:00 69763 0 0
2014091076 22:40:00 93864 0 0
2014091077 22:50:00 37423 0 0
2014091078 23:00:00 85311 0 1
2014091079 23:10:00 55241 1 0
2014091080 23:20:00 81891 1 0
2014091081 23:30:00 66854 1 0
2014091082 23:40:00 55383 1 1
2014091083 23:50:00 76764 1 0
2014091084 00:00:00 49485 1 0
2014091085 00:10:00 19969 1 1
2014091086 00:20:00 15064 0 0
2014091087 00:30:00 72015 0 0
2014091088 00:40:00 99851 1 0
2014091089 00:50:00 23535 0 1
2014091090 01:00:00 92738 0 0
2014091091 01:10:00 65968 0 0
2014091092 01:20:00 55749 1 0
2014091093 01:30:00 03984 0 0
2014091094 01:40:00 67815 0 0
2014091095 01:50:00 81648 0 0
2014091096 02:00:00 61652 1 0
