2014080201 10:10:00 81643 0 0
2014080202 10:20:00 23936 0 0
2014080203 10:30:00 56445 0 1
2014080204 10:40:00 57289 0 0
2014080205 10:50:00 30639 0 0
2014080206 11:00:00 50539 1 0
2014080207 11:10:00 37707 1 1
2014080208 11:20:00 16702 0 0
2014080209 11:30:00 68855 1 1
2014080210 11:40:00 71588 0 1
2014080211 11:50:00 81526 0 0
2014080212 12:00:00 95087 0 0
2014080213 12:10:00 31674 0 0
2014080214 12:20:00 28859 1 0
2014080215 12:30:00 68670 1 0
2014080216 12:40:00 12437 0 0
2014080217 12:50:00 89578 0 0
2014080218 13:00:00 55774 1 1
2014080219 13:10:00 47987 0 0
2014080220 13:20:00 05709 0 0
2014080221 13:30:00 27598 0 0
2014080222 13:40:00 54629 0 0
2014080223 13:50:00 75208 0 0
2014080224 14:00:00 18974 0 0
2014080225 14:10:00 11826 1 0
2014080226 14:20:00 65174 0 0
2014080227 14:30:00 53085 0 0
2014080228 14:40:00 55864 1 0
2014080229 14:50:00 83270 0 0
2014080230 15:00:00 35618 0 0
2014080231 15:10:00 44664 1 1
2014080232 15:20:00 41996 0 1
2014080233 15:30:00 49828 0 1
2014080234 15:40:00 95432 0 0
2014080235 15:50:00 89620 0 0
2014080236 16:00:00 99744 1 1
2014080237 16:10:00 89348 0 0
2014080238 16:20:00 42170 0 0
2014080239 16:30:00 03500 0 1
2014080240 16:40:00 49547 0 0
2014080241 16:50:00 44398 1 0
2014080242 17:00:00 77727 1 1
2014080243 17:10:00 90255 0 1
2014080244 17:20:00 19493 0 0
2014080245 17:30:00 24050 0 1
2014080246 17:40:00 42554 0 1
2014080247 17:50:00 13340 1 0
2014080248 18:00:00 59285 0 0
2014080249 18:10:00 30537 0 0
2014080250 18:20:00 40161 0 1
2014080251 18:30:00 15115 1 1
2014080252 18:40:00 75085 0 0
2014080253 18:50:00 43073 0 0
2014080254 19:00:00 27053 0 0
2014080255 19:10:00 58753 0 0
2014080256 19:20:00 36850 0 0
2014080257 19:30:00 47456 1 0
2014080258 19:40:00 45896 0 0
2014080259 19:50:00 05478 0 0
2014080260 20:00:00 48617 0 0
2014080261 20:10:00 18605 0 0
2014080262 20:20:00 90401 0 0
2014080263 20:30:00 80906 0 0
2014080264 20:40:00 39734 0 0
2014080265 20:50:00 33103 1 0
2014080266 21:00:00 84043 0 0
2014080267 21:10:00 12671 0 0
2014080268 21:20:00 45012 0 0
2014080269 21:30:00 93904 1 0
2014080270 21:40:00 22925 1 0
2014080271 21:50:00 55559 1 1
2014080272 22:00:00 53843 0 0
2014080273 22:10:00 29554 0 1
2014080274 22:20:00 67129 0 0
2014080275 22:30:00 40404 1 1
2014080276 22:40:00 93192 0 0
2014080277 22:50:00 14459 1 0
2014080278 23:00:00 50504 1 0
2014080279 23:10:00 46686 1 1
2014080280 23:20:00 41477 1 1
2014080281 23:30:00 04491 1 0
2014080282 23:40:00 25722 0 1
2014080283 23:50:00 66002 1 1
2014080284 00:00:00 72054 0 0
2014080285 00:10:00 37831 0 0
2014080286 00:20:00 27116 0 1
2014080287 00:30:00 05614 0 0
2014080288 00:40:00 06557 0 1
2014080289 00:50:00 39771 0 1
2014080290 01:00:00 17997 0 1
2014080291 01:10:00 12147 1 0
2014080292 01:20:00 93955 1 1
2014080293 01:30:00 41448 1 1
2014080294 01:40:00 65132 0 0
2014080295 01:50:00 19343 0 1
2014080296 02:00:00 50893 0 0
