2014022201 10:10:00 34325 1 0
2014022202 10:20:00 28560 0 0
2014022203 10:30:00 29265 1 0
2014022204 10:40:00 04913 0 0
2014022205 10:50:00 48651 0 0
2014022206 11:00:00 84471 1 0
2014022207 11:10:00 20376 0 0
2014022208 11:20:00 07532 0 0
2014022209 11:30:00 87583 0 0
2014022210 11:40:00 94788 0 1
2014022211 11:50:00 10278 0 0
2014022212 12:00:00 36570 0 0
2014022213 12:10:00 65116 0 1
2014022214 12:20:00 14991 0 1
2014022215 12:30:00 88053 1 0
2014022216 12:40:00 77453 1 0
2014022217 12:50:00 34334 1 1
2014022218 13:00:00 72541 0 0
2014022219 13:10:00 61964 0 0
2014022220 13:20:00 71694 0 0
2014022221 13:30:00 14145 1 0
2014022222 13:40:00 24547 0 0
2014022223 13:50:00 14368 0 0
2014022224 14:00:00 87538 0 0
2014022225 14:10:00 14269 0 0
2014022226 14:20:00 81362 0 0
2014022227 14:30:00 42442 1 1
2014022228 14:40:00 34745 0 0
2014022229 14:50:00 61332 0 1
2014022230 15:00:00 24983 0 0
2014022231 15:10:00 44866 1 1
2014022232 15:20:00 65342 0 0
2014022233 15:30:00 62904 0 0
2014022234 15:40:00 37694 0 0
2014022235 15:50:00 93912 1 0
2014022236 16:00:00 27421 0 0
2014022237 16:10:00 61415 0 0
2014022238 16:20:00 27675 0 0
2014022239 16:30:00 44597 1 0
2014022240 16:40:00 28514 0 0
2014022241 16:50:00 00233 1 1
2014022242 17:00:00 55681 1 0
2014022243 17:10:00 44406 1 0
2014022244 17:20:00 35713 0 0
2014022245 17:30:00 19839 0 0
2014022246 17:40:00 39272 0 1
2014022247 17:50:00 01771 0 1
2014022248 18:00:00 71757 1 1
2014022249 18:10:00 58472 0 0
2014022250 18:20:00 68428 0 0
2014022251 18:30:00 13805 0 0
2014022252 18:40:00 30062 1 0
2014022253 18:50:00 61128 1 0
2014022254 19:00:00 16897 0 0
2014022255 19:10:00 91398 0 0
2014022256 19:20:00 10945 0 0
2014022257 19:30:00 33056 1 0
2014022258 19:40:00 89142 0 0
2014022259 19:50:00 92808 0 1
2014022260 20:00:00 68421 0 0
2014022261 20:10:00 42889 0 1
2014022262 20:20:00 21900 0 1
2014022263 20:30:00 67585 0 1
2014022264 20:40:00 45730 0 0
2014022265 20:50:00 32316 1 0
2014022266 21:00:00 64250 0 0
2014022267 21:10:00 02659 0 0
2014022268 21:20:00 13852 0 0
2014022269 21:30:00 36420 0 0
2014022270 21:40:00 51480 0 0
2014022271 21:50:00 35612 0 0
2014022272 22:00:00 94955 1 1
2014022273 22:10:00 03546 0 0
2014022274 22:20:00 89971 1 0
2014022275 22:30:00 80636 0 1
2014022276 22:40:00 64177 0 1
2014022277 22:50:00 94130 0 0
2014022278 23:00:00 65172 0 0
2014022279 23:10:00 95975 1 0
2014022280 23:20:00 64895 0 0
2014022281 23:30:00 95000 0 1
2014022282 23:40:00 91880 0 1
2014022283 23:50:00 89946 1 0
2014022284 00:00:00 31232 0 1
2014022285 00:10:00 79531 0 0
2014022286 00:20:00 16464 0 1
2014022287 00:30:00 89063 0 0
2014022288 00:40:00 77935 1 0
2014022289 00:50:00 50017 1 0
2014022290 01:00:00 43608 0 0
2014022291 01:10:00 93093 0 0
2014022292 01:20:00 87185 0 0
2014022293 01:30:00 13273 0 0
2014022294 01:40:00 03284 0 0
2014022295 01:50:00 90361 0 0
2014022296 02:00:00 06457 0 0
