2014102301 10:10:00 37214 0 0
2014102302 10:20:00 95394 0 0
2014102303 10:30:00 12575 0 1
2014102304 10:40:00 13684 0 0
2014102305 10:50:00 25314 0 0
2014102306 11:00:00 43185 0 0
2014102307 11:10:00 79713 1 0
2014102308 11:20:00 69932 1 0
2014102309 11:30:00 80377 0 1
2014102310 11:40:00 65274 0 0
2014102311 11:50:00 97336 0 1
2014102312 12:00:00 46429 1 0
2014102313 12:10:00 96248 0 0
2014102314 12:20:00 89177 0 1
2014102315 12:30:00 69964 1 0
2014102316 12:40:00 22523 1 0
2014102317 12:50:00 04986 0 0
2014102318 13:00:00 89660 0 1
2014102319 13:10:00 33335 1 1
2014102320 13:20:00 47285 0 0
2014102321 13:30:00 10482 0 0
2014102322 13:40:00 51684 0 0
2014102323 13:50:00 79541 0 0
2014102324 14:00:00 60129 0 0
2014102325 14:10:00 36380 1 0
2014102326 14:20:00 98824 1 0
2014102327 14:30:00 51680 0 0
2014102328 14:40:00 26141 0 1
2014102329 14:50:00 25008 0 1
2014102330 15:00:00 52881 0 1
2014102331 15:10:00 89674 0 0
2014102332 15:20:00 46433 1 1
2014102333 15:30:00 63835 0 0
2014102334 15:40:00 16398 0 0
2014102335 15:50:00 05415 0 0
2014102336 16:00:00 88427 1 0
2014102337 16:10:00 79817 0 0
2014102338 16:20:00 27127 0 0
2014102339 16:30:00 21485 0 0
2014102340 16:40:00 59753 0 0
2014102341 16:50:00 26698 1 0
2014102342 17:00:00 72650 0 0
2014102343 17:10:00 59155 0 1
2014102344 17:20:00 61549 0 0
2014102345 17:30:00 25654 0 0
2014102346 17:40:00 45773 0 1
2014102347 17:50:00 58656 0 1
2014102348 18:00:00 67793 1 0
2014102349 18:10:00 30830 0 0
2014102350 18:20:00 45255 0 1
2014102351 18:30:00 02035 1 0
2014102352 18:40:00 67634 1 0
2014102353 18:50:00 63094 0 0
2014102354 19:00:00 86437 0 0
2014102355 19:10:00 08197 0 0
2014102356 19:20:00 71195 1 0
2014102357 19:30:00 28168 0 0
2014102358 19:40:00 95148 0 0
2014102359 19:50:00 35792 0 0
2014102360 20:00:00 98062 0 0
2014102361 20:10:00 11885 1 1
2014102362 20:20:00 09942 1 0
2014102363 20:30:00 28128 0 0
2014102364 20:40:00 22875 1 0
2014102365 20:50:00 06990 0 1
2014102366 21:00:00 26506 0 0
2014102367 21:10:00 35237 0 0
2014102368 21:20:00 07311 0 1
2014102369 21:30:00 46505 0 1
2014102370 21:40:00 15991 0 1
2014102371 21:50:00 87044 0 1
2014102372 22:00:00 76684 1 0
2014102373 22:10:00 84304 0 0
2014102374 22:20:00 88598 1 0
2014102375 22:30:00 80280 0 0
2014102376 22:40:00 65794 0 0
2014102377 22:50:00 70678 0 0
2014102378 23:00:00 19287 0 0
2014102379 23:10:00 31909 0 1
2014102380 23:20:00 77462 1 0
2014102381 23:30:00 84674 0 0
2014102382 23:40:00 26511 0 1
2014102383 23:50:00 49004 0 1
2014102384 00:00:00 76443 0 1
2014102385 00:10:00 12180 1 0
2014102386 00:20:00 48444 1 1
2014102387 00:30:00 37781 1 0
2014102388 00:40:00 86439 0 0
2014102389 00:50:00 42410 1 0
2014102390 01:00:00 75979 0 1
2014102391 01:10:00 76548 0 0
2014102392 01:20:00 90559 0 1
2014102393 01:30:00 94548 0 0
2014102394 01:40:00 37120 0 0
2014102395 01:50:00 15259 0 0
2014102396 02:00:00 74949 0 1
