2014072901 10:10:00 72806 0 0
2014072902 10:20:00 17799 1 1
2014072903 10:30:00 00397 1 0
2014072904 10:40:00 13537 0 0
2014072905 10:50:00 39576 0 0
2014072906 11:00:00 62461 0 0
2014072907 11:10:00 35119 0 1
2014072908 11:20:00 35285 0 0
2014072909 11:30:00 35479 0 0
2014072910 11:40:00 89000 0 1
2014072911 11:50:00 51961 0 0
2014072912 12:00:00 94224 0 1
2014072913 12:10:00 60241 0 0
2014072914 12:20:00 91162 1 0
2014072915 12:30:00 51612 0 0
2014072916 12:40:00 35407 0 0
2014072917 12:50:00 45864 0 0
2014072918 13:00:00 46652 1 0
2014072919 13:10:00 94961 1 0
2014072920 13:20:00 22831 1 0
2014072921 13:30:00 63836 0 0
2014072922 13:40:00 76758 1 0
2014072923 13:50:00 94218 0 0
2014072924 14:00:00 32883 0 1
2014072925 14:10:00 66082 1 0
2014072926 14:20:00 11978 1 0
2014072927 14:30:00 40940 0 0
2014072928 14:40:00 98476 0 0
2014072929 14:50:00 60404 0 1
2014072930 15:00:00 96178 0 0
2014072931 15:10:00 93943 1 0
2014072932 15:20:00 95015 0 0
2014072933 15:30:00 68467 0 0
2014072934 15:40:00 63330 1 1
2014072935 15:50:00 27131 0 1
2014072936 16:00:00 13747 0 1
2014072937 16:10:00 73458 0 0
2014072938 16:20:00 77953 1 0
2014072939 16:30:00 20661 0 1
2014072940 16:40:00 06165 0 0
2014072941 16:50:00 00414 1 1
2014072942 17:00:00 31302 1 0
2014072943 17:10:00 80354 0 0
2014072944 17:20:00 71381 0 0
2014072945 17:30:00 43970 0 0
2014072946 17:40:00 49578 0 0
2014072947 17:50:00 83399 1 1
2014072948 18:00:00 56824 0 0
2014072949 18:10:00 79555 0 1
2014072950 18:20:00 60624 1 0
2014072951 18:30:00 06416 0 0
2014072952 18:40:00 31445 0 1
2014072953 18:50:00 39585 0 1
2014072954 19:00:00 45576 1 0
2014072955 19:10:00 30631 0 0
2014072956 19:20:00 59734 0 0
2014072957 19:30:00 01845 0 0
2014072958 19:40:00 27773 1 1
2014072959 19:50:00 30134 0 0
2014072960 20:00:00 39925 1 0
2014072961 20:10:00 47904 0 0
2014072962 20:20:00 01356 0 0
2014072963 20:30:00 70026 1 0
2014072964 20:40:00 79107 0 0
2014072965 20:50:00 51116 1 1
2014072966 21:00:00 24675 0 0
2014072967 21:10:00 91914 1 0
2014072968 21:20:00 44504 1 0
2014072969 21:30:00 57629 0 0
2014072970 21:40:00 49209 0 0
2014072971 21:50:00 70866 0 1
2014072972 22:00:00 23000 0 1
2014072973 22:10:00 76875 0 0
2014072974 22:20:00 27461 0 0
2014072975 22:30:00 51817 0 0
2014072976 22:40:00 75393 0 1
2014072977 22:50:00 22937 1 0
2014072978 23:00:00 04843 0 0
2014072979 23:10:00 44713 1 0
2014072980 23:20:00 38851 1 0
2014072981 23:30:00 56717 0 1
2014072982 23:40:00 09785 0 0
2014072983 23:50:00 95900 1 1
2014072984 00:00:00 62769 0 0
2014072985 00:10:00 92071 0 0
2014072986 00:20:00 93959 1 1
2014072987 00:30:00 57878 0 1
2014072988 00:40:00 67217 0 0
2014072989 00:50:00 61029 0 0
2014072990 01:00:00 89290 0 0
2014072991 01:10:00 77954 1 0
2014072992 01:20:00 10249 0 0
2014072993 01:30:00 77943 1 0
2014072994 01:40:00 42843 0 0
2014072995 01:50:00 60913 0 0
2014072996 02:00:00 51194 1 0
