2014050301 10:10:00 75497 0 0
2014050302 10:20:00 51682 0 0
2014050303 10:30:00 01350 0 0
2014050304 10:40:00 49168 0 0
2014050305 10:50:00 75880 0 1
2014050306 11:00:00 29003 0 1
2014050307 11:10:00 22130 1 0
2014050308 11:20:00 14526 0 0
2014050309 11:30:00 56281 0 0
2014050310 11:40:00 54261 0 0
2014050311 11:50:00 21502 0 0
2014050312 12:00:00 12019 0 0
2014050313 12:10:00 12517 0 0
2014050314 12:20:00 38851 1 0
2014050315 12:30:00 80104 0 0
2014050316 12:40:00 72516 0 0
2014050317 12:50:00 81687 0 0
2014050318 13:00:00 91061 0 0
2014050319 13:10:00 17720 1 0
2014050320 13:20:00 93245 0 0
2014050321 13:30:00 75255 0 1
2014050322 13:40:00 25461 0 0
2014050323 13:50:00 42849 0 0
2014050324 14:00:00 69085 0 0
2014050325 14:10:00 73443 0 1
2014050326 14:20:00 27871 0 0
2014050327 14:30:00 61217 0 0
2014050328 14:40:00 27567 0 0
2014050329 14:50:00 39412 0 0
2014050330 15:00:00 59986 1 0
2014050331 15:10:00 99339 1 1
2014050332 15:20:00 38816 1 0
2014050333 15:30:00 26268 1 0
2014050334 15:40:00 65776 0 1
2014050335 15:50:00 23059 0 0
2014050336 16:00:00 89704 0 0
2014050337 16:10:00 86065 0 0
2014050338 16:20:00 33029 1 0
2014050339 16:30:00 56793 0 0
2014050340 16:40:00 21043 0 0
2014050341 16:50:00 97325 0 0
2014050342 17:00:00 63182 0 0
2014050343 17:10:00 50259 0 0
2014050344 17:20:00 51778 0 1
2014050345 17:30:00 55094 1 0
2014050346 17:40:00 89170 0 0
2014050347 17:50:00 57442 0 1
2014050348 18:00:00 87562 0 0
2014050349 18:10:00 38313 1 1
2014050350 18:20:00 62149 0 0
2014050351 18:30:00 00890 1 0
2014050352 18:40:00 93087 0 0
2014050353 18:50:00 82227 1 1
2014050354 19:00:00 35557 1 1
2014050355 19:10:00 52808 0 1
2014050356 19:20:00 12296 1 0
2014050357 19:30:00 17793 1 0
2014050358 19:40:00 21251 1 0
2014050359 19:50:00 43889 0 1
2014050360 20:00:00 24168 0 0
2014050361 20:10:00 40037 1 0
2014050362 20:20:00 37450 0 0
2014050363 20:30:00 67078 0 0
2014050364 20:40:00 94222 0 1
2014050365 20:50:00 87883 1 1
2014050366 21:00:00 30295 0 0
2014050367 21:10:00 92017 0 0
2014050368 21:20:00 10727 0 1
2014050369 21:30:00 22977 1 1
2014050370 21:40:00 83912 0 0
2014050371 21:50:00 34884 0 1
2014050372 22:00:00 76154 0 0
2014050373 22:10:00 16688 1 1
2014050374 22:20:00 32838 0 1
2014050375 22:30:00 90849 0 0
2014050376 22:40:00 76007 0 1
2014050377 22:50:00 17872 0 0
2014050378 23:00:00 90617 0 0
2014050379 23:10:00 80850 1 0
2014050380 23:20:00 43954 0 0
2014050381 23:30:00 88687 1 0
2014050382 23:40:00 47102 0 0
2014050383 23:50:00 79859 0 0
2014050384 00:00:00 82077 0 1
2014050385 00:10:00 99497 1 0
2014050386 00:20:00 84631 0 0
2014050387 00:30:00 60128 0 0
2014050388 00:40:00 88378 1 0
2014050389 00:50:00 24437 1 0
2014050390 01:00:00 22326 1 0
2014050391 01:10:00 48175 0 0
2014050392 01:20:00 07408 0 0
2014050393 01:30:00 06563 0 0
2014050394 01:40:00 85216 0 0
2014050395 01:50:00 79928 1 0
2014050396 02:00:00 23497 0 0
