2014092001 10:10:00 34506 0 0
2014092002 10:20:00 62430 0 0
2014092003 10:30:00 43124 0 0
2014092004 10:40:00 15238 0 0
2014092005 10:50:00 88798 1 0
2014092006 11:00:00 20924 0 0
2014092007 11:10:00 56712 0 0
2014092008 11:20:00 41222 0 1
2014092009 11:30:00 14498 1 0
2014092010 11:40:00 89233 0 1
2014092011 11:50:00 96995 1 1
2014092012 12:00:00 07389 0 0
2014092013 12:10:00 23126 0 0
2014092014 12:20:00 58740 0 0
2014092015 12:30:00 02902 0 0
2014092016 12:40:00 50824 0 0
2014092017 12:50:00 61568 0 0
2014092018 13:00:00 85951 0 0
2014092019 13:10:00 24769 0 0
2014092020 13:20:00 13014 0 0
2014092021 13:30:00 49919 1 1
2014092022 13:40:00 72543 0 0
2014092023 13:50:00 23189 0 0
2014092024 14:00:00 86650 1 0
2014092025 14:10:00 80829 1 0
2014092026 14:20:00 47931 0 0
2014092027 14:30:00 27985 0 0
2014092028 14:40:00 05877 0 1
2014092029 14:50:00 58981 0 0
2014092030 15:00:00 26594 0 0
2014092031 15:10:00 64834 0 0
2014092032 15:20:00 03659 0 0
2014092033 15:30:00 62570 0 0
2014092034 15:40:00 02825 0 0
2014092035 15:50:00 44958 1 0
2014092036 16:00:00 28384 0 0
2014092037 16:10:00 87928 0 0
2014092038 16:20:00 35948 0 0
2014092039 16:30:00 34590 0 0
2014092040 16:40:00 66863 1 0
2014092041 16:50:00 01165 1 0
2014092042 17:00:00 06904 0 0
2014092043 17:10:00 81113 1 1
2014092044 17:20:00 10005 1 1
2014092045 17:30:00 57334 0 1
2014092046 17:40:00 25044 0 1
2014092047 17:50:00 98192 0 0
2014092048 18:00:00 14654 0 0
2014092049 18:10:00 67307 0 0
2014092050 18:20:00 23474 0 1
2014092051 18:30:00 30924 0 0
2014092052 18:40:00 42514 0 0
2014092053 18:50:00 85379 0 0
2014092054 19:00:00 02578 0 0
2014092055 19:10:00 24585 0 1
2014092056 19:20:00 18259 0 0
2014092057 19:30:00 15711 0 1
2014092058 19:40:00 57612 0 0
2014092059 19:50:00 38495 0 0
2014092060 20:00:00 72412 0 0
2014092061 20:10:00 15624 0 0
2014092062 20:20:00 39536 0 0
2014092063 20:30:00 58259 0 0
2014092064 20:40:00 05842 0 0
2014092065 20:50:00 58928 0 0
2014092066 21:00:00 56424 0 1
2014092067 21:10:00 69682 1 0
2014092068 21:20:00 02163 0 0
2014092069 21:30:00 02663 0 1
2014092070 21:40:00 64758 0 0
2014092071 21:50:00 83444 0 1
2014092072 22:00:00 09648 0 0
2014092073 22:10:00 77467 1 0
2014092074 22:20:00 78788 1 1
2014092075 22:30:00 92109 0 0
2014092076 22:40:00 36185 0 0
2014092077 22:50:00 40603 0 0
2014092078 23:00:00 92942 1 0
2014092079 23:10:00 36562 0 0
2014092080 23:20:00 07250 0 0
2014092081 23:30:00 02120 0 0
2014092082 23:40:00 44759 1 0
2014092083 23:50:00 20505 0 1
2014092084 00:00:00 63163 0 0
2014092085 00:10:00 23397 1 0
2014092086 00:20:00 05124 0 0
2014092087 00:30:00 56826 0 0
2014092088 00:40:00 89308 0 0
2014092089 00:50:00 72202 1 1
2014092090 01:00:00 78654 0 0
2014092091 01:10:00 56873 0 0
2014092092 01:20:00 29410 0 0
2014092093 01:30:00 98910 1 0
2014092094 01:40:00 29682 0 0
2014092095 01:50:00 97569 0 0
2014092096 02:00:00 40433 1 1
