2014061101 10:10:00 07710 1 0
2014061102 10:20:00 67131 0 1
2014061103 10:30:00 39818 0 1
2014061104 10:40:00 17328 0 0
2014061105 10:50:00 26005 0 1
2014061106 11:00:00 48586 0 0
2014061107 11:10:00 41179 1 0
2014061108 11:20:00 51012 0 0
2014061109 11:30:00 23507 0 0
2014061110 11:40:00 40690 0 0
2014061111 11:50:00 73810 0 0
2014061112 12:00:00 40573 0 0
2014061113 12:10:00 48760 0 0
2014061114 12:20:00 78258 0 0
2014061115 12:30:00 46004 0 1
2014061116 12:40:00 27236 1 0
2014061117 12:50:00 04282 0 1
2014061118 13:00:00 68911 0 1
2014061119 13:10:00 38972 0 0
2014061120 13:20:00 64792 0 0
2014061121 13:30:00 73381 1 0
2014061122 13:40:00 10875 0 0
2014061123 13:50:00 73537 0 0
2014061124 14:00:00 47165 0 0
2014061125 14:10:00 80217 0 0
2014061126 14:20:00 81161 1 1
2014061127 14:30:00 72038 0 0
2014061128 14:40:00 23102 0 0
2014061129 14:50:00 97349 0 0
2014061130 15:00:00 82830 1 0
2014061131 15:10:00 30679 0 0
2014061132 15:20:00 95698 0 0
2014061133 15:30:00 71600 0 1
2014061134 15:40:00 42409 1 0
2014061135 15:50:00 66913 1 0
2014061136 16:00:00 98823 1 0
2014061137 16:10:00 38143 0 0
2014061138 16:20:00 16855 0 1
2014061139 16:30:00 51457 0 0
2014061140 16:40:00 41958 0 0
2014061141 16:50:00 64111 0 1
2014061142 17:00:00 65926 0 0
2014061143 17:10:00 29978 1 0
2014061144 17:20:00 80461 0 0
2014061145 17:30:00 49643 0 0
2014061146 17:40:00 77443 1 1
2014061147 17:50:00 98469 0 0
2014061148 18:00:00 37430 0 0
2014061149 18:10:00 02857 0 0
2014061150 18:20:00 43264 0 0
2014061151 18:30:00 60019 1 0
2014061152 18:40:00 94403 1 0
2014061153 18:50:00 65979 0 1
2014061154 19:00:00 60643 1 0
2014061155 19:10:00 85739 0 0
2014061156 19:20:00 49698 0 0
2014061157 19:30:00 32143 0 0
2014061158 19:40:00 44141 1 1
2014061159 19:50:00 04881 0 1
2014061160 20:00:00 67755 1 1
2014061161 20:10:00 34746 0 0
2014061162 20:20:00 59731 0 0
2014061163 20:30:00 36289 0 0
2014061164 20:40:00 23063 0 0
2014061165 20:50:00 26855 0 1
2014061166 21:00:00 96955 1 1
2014061167 21:10:00 12182 1 0
2014061168 21:20:00 19063 0 0
2014061169 21:30:00 65831 0 0
2014061170 21:40:00 31072 0 0
2014061171 21:50:00 40586 0 0
2014061172 22:00:00 29459 0 0
2014061173 22:10:00 77569 1 0
2014061174 22:20:00 92837 0 0
2014061175 22:30:00 04463 1 0
2014061176 22:40:00 93760 0 0
2014061177 22:50:00 66152 1 0
2014061178 23:00:00 04995 0 1
2014061179 23:10:00 68961 0 0
2014061180 23:20:00 79858 0 1
2014061181 23:30:00 51190 1 0
2014061182 23:40:00 45707 0 1
2014061183 23:50:00 38807 1 0
2014061184 00:00:00 68390 0 0
2014061185 00:10:00 90147 0 0
2014061186 00:20:00 35696 0 1
2014061187 00:30:00 81567 0 0
2014061188 00:40:00 84882 1 1
2014061189 00:50:00 46441 1 1
2014061190 01:00:00 63182 0 0
2014061191 01:10:00 04945 0 0
2014061192 01:20:00 50577 1 1
2014061193 01:30:00 43828 0 1
2014061194 01:40:00 95768 0 0
2014061195 01:50:00 46814 0 0
2014061196 02:00:00 37878 0 1
