2014012401 10:10:00 66920 1 0
2014012402 10:20:00 64209 0 0
2014012403 10:30:00 49490 1 0
2014012404 10:40:00 21685 0 0
2014012405 10:50:00 14320 0 0
2014012406 11:00:00 14128 1 0
2014012407 11:10:00 80797 0 1
2014012408 11:20:00 30325 1 0
2014012409 11:30:00 17392 0 0
2014012410 11:40:00 93855 0 1
2014012411 11:50:00 69521 0 0
2014012412 12:00:00 20765 0 0
2014012413 12:10:00 59101 0 1
2014012414 12:20:00 59233 0 1
2014012415 12:30:00 38114 0 1
2014012416 12:40:00 04649 0 0
2014012417 12:50:00 24531 0 0
2014012418 13:00:00 01936 0 0
2014012419 13:10:00 78479 0 0
2014012420 13:20:00 89543 0 0
2014012421 13:30:00 20037 1 0
2014012422 13:40:00 44946 1 0
2014012423 13:50:00 92335 0 1
2014012424 14:00:00 43615 0 0
2014012425 14:10:00 35609 0 0
2014012426 14:20:00 60291 0 0
2014012427 14:30:00 59362 0 0
2014012428 14:40:00 48010 0 1
2014012429 14:50:00 15305 0 0
2014012430 15:00:00 21747 0 1
2014012431 15:10:00 89238 0 0
2014012432 15:20:00 36919 0 1
2014012433 15:30:00 68712 0 0
2014012434 15:40:00 97869 0 0
2014012435 15:50:00 50261 0 0
2014012436 16:00:00 85512 1 0
2014012437 16:10:00 78425 0 0
2014012438 16:20:00 81484 0 1
2014012439 16:30:00 23603 0 0
2014012440 16:40:00 54963 0 0
2014012441 16:50:00 28284 1 0
2014012442 17:00:00 02773 0 1
2014012443 17:10:00 10215 0 0
2014012444 17:20:00 38532 0 0
2014012445 17:30:00 72758 1 0
2014012446 17:40:00 49688 0 1
2014012447 17:50:00 98418 0 0
2014012448 18:00:00 46716 0 0
2014012449 18:10:00 61095 0 0
2014012450 18:20:00 73897 0 0
2014012451 18:30:00 69996 1 1
2014012452 18:40:00 94539 0 0
2014012453 18:50:00 75711 1 1
2014012454 19:00:00 94279 0 0
2014012455 19:10:00 84422 1 1
2014012456 19:20:00 13740 0 0
2014012457 19:30:00 61178 1 0
2014012458 19:40:00 47105 0 0
2014012459 19:50:00 89407 0 0
2014012460 20:00:00 85611 0 1
2014012461 20:10:00 94968 1 0
2014012462 20:20:00 47518 0 0
2014012463 20:30:00 30191 0 1
2014012464 20:40:00 72398 0 0
2014012465 20:50:00 56867 0 0
2014012466 21:00:00 39032 0 0
2014012467 21:10:00 88196 1 0
2014012468 21:20:00 00691 1 0
2014012469 21:30:00 47647 0 0
2014012470 21:40:00 61923 0 0
2014012471 21:50:00 17722 1 1
2014012472 22:00:00 29741 0 0
2014012473 22:10:00 58803 1 0
2014012474 22:20:00 67727 1 1
2014012475 22:30:00 13538 0 0
2014012476 22:40:00 32947 0 0
2014012477 22:50:00 72011 0 1
2014012478 23:00:00 62293 1 0
2014012479 23:10:00 00338 1 1
2014012480 23:20:00 83622 0 1
2014012481 23:30:00 44269 1 0
2014012482 23:40:00 36279 0 0
2014012483 23:50:00 70521 0 0
2014012484 00:00:00 46221 0 1
2014012485 00:10:00 29085 0 0
2014012486 00:20:00 34363 1 1
2014012487 00:30:00 39236 0 0
2014012488 00:40:00 53903 0 0
2014012489 00:50:00 46731 0 0
2014012490 01:00:00 73032 0 0
2014012491 01:10:00 50040 1 1
2014012492 01:20:00 72667 0 1
2014012493 01:30:00 58173 0 0
2014012494 01:40:00 31060 0 1
2014012495 01:50:00 49801 0 0
2014012496 02:00:00 96030 0 1
