2014060301 10:10:00 53356 1 0
2014060302 10:20:00 93526 0 0
2014060303 10:30:00 55388 1 1
2014060304 10:40:00 65555 1 1
2014060305 10:50:00 44550 1 1
2014060306 11:00:00 04279 0 0
2014060307 11:10:00 72765 1 0
2014060308 11:20:00 54936 0 0
2014060309 11:30:00 20864 0 0
2014060310 11:40:00 25865 0 0
2014060311 11:50:00 14240 0 0
2014060312 12:00:00 34526 0 0
2014060313 12:10:00 93304 1 0
2014060314 12:20:00 64051 0 0
2014060315 12:30:00 22920 1 0
2014060316 12:40:00 02826 0 0
2014060317 12:50:00 78326 0 0
2014060318 13:00:00 88013 1 0
2014060319 13:10:00 97337 0 1
2014060320 13:20:00 24433 1 1
2014060321 13:30:00 93253 0 0
2014060322 13:40:00 21198 1 0
2014060323 13:50:00 61736 0 0
2014060324 14:00:00 93386 1 0
2014060325 14:10:00 43878 0 1
2014060326 14:20:00 02482 0 0
2014060327 14:30:00 58137 0 0
2014060328 14:40:00 34898 0 1
2014060329 14:50:00 34063 0 0
2014060330 15:00:00 55406 1 0
2014060331 15:10:00 61994 0 1
2014060332 15:20:00 05942 0 0
2014060333 15:30:00 09161 0 1
2014060334 15:40:00 59677 0 1
2014060335 15:50:00 37862 0 0
2014060336 16:00:00 99901 1 0
2014060337 16:10:00 97317 0 0
2014060338 16:20:00 09025 1 0
2014060339 16:30:00 74446 1 1
2014060340 16:40:00 52668 0 1
2014060341 16:50:00 81461 0 0
2014060342 17:00:00 97809 0 0
2014060343 17:10:00 02851 0 0
2014060344 17:20:00 66025 1 0
2014060345 17:30:00 16587 0 0
2014060346 17:40:00 23399 1 1
2014060347 17:50:00 14389 0 0
2014060348 18:00:00 89724 0 0
2014060349 18:10:00 80184 0 0
2014060350 18:20:00 84421 1 0
2014060351 18:30:00 99661 1 1
2014060352 18:40:00 96889 0 1
2014060353 18:50:00 05365 0 0
2014060354 19:00:00 68355 0 1
2014060355 19:10:00 09165 0 0
2014060356 19:20:00 99080 1 1
2014060357 19:30:00 39242 0 1
2014060358 19:40:00 32133 0 1
2014060359 19:50:00 23532 0 0
2014060360 20:00:00 65174 0 0
2014060361 20:10:00 14622 0 1
2014060362 20:20:00 48854 1 0
2014060363 20:30:00 19664 0 1
2014060364 20:40:00 74886 0 1
2014060365 20:50:00 23371 1 0
2014060366 21:00:00 72646 0 1
2014060367 21:10:00 00596 1 0
2014060368 21:20:00 42430 1 0
2014060369 21:30:00 54720 0 0
2014060370 21:40:00 56579 1 0
2014060371 21:50:00 55013 1 0
2014060372 22:00:00 84866 1 1
2014060373 22:10:00 48428 1 0
2014060374 22:20:00 27380 0 0
2014060375 22:30:00 82189 0 0
2014060376 22:40:00 15830 0 0
2014060377 22:50:00 71516 0 0
2014060378 23:00:00 77960 1 0
2014060379 23:10:00 58588 1 1
2014060380 23:20:00 79157 0 0
2014060381 23:30:00 33042 1 0
2014060382 23:40:00 86990 0 1
2014060383 23:50:00 23704 0 0
2014060384 00:00:00 20515 0 1
2014060385 00:10:00 24649 0 0
2014060386 00:20:00 25974 0 0
2014060387 00:30:00 72062 0 0
2014060388 00:40:00 43856 0 0
2014060389 00:50:00 97794 1 0
2014060390 01:00:00 21268 1 0
2014060391 01:10:00 44373 1 1
2014060392 01:20:00 45056 0 0
2014060393 01:30:00 81797 0 1
2014060394 01:40:00 61679 1 0
2014060395 01:50:00 93582 0 0
2014060396 02:00:00 14152 1 0
