2014082601 10:10:00 24210 1 0
2014082602 10:20:00 57619 0 0
2014082603 10:30:00 07479 0 0
2014082604 10:40:00 70067 1 0
2014082605 10:50:00 47449 1 1
2014082606 11:00:00 28840 1 0
2014082607 11:10:00 70575 0 1
2014082608 11:20:00 83849 1 0
2014082609 11:30:00 31020 0 1
2014082610 11:40:00 73430 0 0
2014082611 11:50:00 28402 0 0
2014082612 12:00:00 67032 0 0
2014082613 12:10:00 58110 0 1
2014082614 12:20:00 91470 0 0
2014082615 12:30:00 14638 0 0
2014082616 12:40:00 68047 0 0
2014082617 12:50:00 27382 0 0
2014082618 13:00:00 51751 0 0
2014082619 13:10:00 14049 0 0
2014082620 13:20:00 50497 0 0
2014082621 13:30:00 69441 0 1
2014082622 13:40:00 11610 1 0
2014082623 13:50:00 31109 1 0
2014082624 14:00:00 19611 0 1
2014082625 14:10:00 52279 1 0
2014082626 14:20:00 05657 0 0
2014082627 14:30:00 92867 0 0
2014082628 14:40:00 01821 0 0
2014082629 14:50:00 54116 0 1
2014082630 15:00:00 99174 1 0
2014082631 15:10:00 65226 0 1
2014082632 15:20:00 06849 0 0
2014082633 15:30:00 42774 0 1
2014082634 15:40:00 22442 1 1
2014082635 15:50:00 65923 0 0
2014082636 16:00:00 36367 1 0
2014082637 16:10:00 41204 0 0
2014082638 16:20:00 45418 1 0
2014082639 16:30:00 53940 0 0
2014082640 16:40:00 39662 0 1
2014082641 16:50:00 93189 0 0
2014082642 17:00:00 48751 0 0
2014082643 17:10:00 44856 1 0
2014082644 17:20:00 94012 0 0
2014082645 17:30:00 14991 0 1
2014082646 17:40:00 84488 1 1
2014082647 17:50:00 74500 0 1
2014082648 18:00:00 06841 0 0
2014082649 18:10:00 62203 1 0
2014082650 18:20:00 90671 0 0
2014082651 18:30:00 50537 1 0
2014082652 18:40:00 12732 0 0
2014082653 18:50:00 91587 0 0
2014082654 19:00:00 45707 0 1
2014082655 19:10:00 65465 0 0
2014082656 19:20:00 36097 0 0
2014082657 19:30:00 27025 0 0
2014082658 19:40:00 31504 0 0
2014082659 19:50:00 51187 1 0
2014082660 20:00:00 77784 1 0
2014082661 20:10:00 59594 1 0
2014082662 20:20:00 95962 1 0
2014082663 20:30:00 91387 0 0
2014082664 20:40:00 56359 0 0
2014082665 20:50:00 29783 0 0
2014082666 21:00:00 61240 0 0
2014082667 21:10:00 81831 1 0
2014082668 21:20:00 01263 0 0
2014082669 21:30:00 67517 0 0
2014082670 21:40:00 52396 0 0
2014082671 21:50:00 76370 0 0
2014082672 22:00:00 91931 1 0
2014082673 22:10:00 65007 0 1
2014082674 22:20:00 34752 0 0
2014082675 22:30:00 93137 0 0
2014082676 22:40:00 99292 1 1
2014082677 22:50:00 16625 1 0
2014082678 23:00:00 38460 0 0
2014082679 23:10:00 62477 0 1
2014082680 23:20:00 50014 1 0
2014082681 23:30:00 23278 1 0
2014082682 23:40:00 88423 1 0
2014082683 23:50:00 51937 0 0
2014082684 00:00:00 36295 0 0
2014082685 00:10:00 77226 1 1
2014082686 00:20:00 72087 0 0
2014082687 00:30:00 02995 0 1
2014082688 00:40:00 29383 0 1
2014082689 00:50:00 44446 1 1
2014082690 01:00:00 93792 0 0
2014082691 01:10:00 57823 0 0
2014082692 01:20:00 16253 0 0
2014082693 01:30:00 00713 1 0
2014082694 01:40:00 37499 0 1
2014082695 01:50:00 29919 1 1
2014082696 02:00:00 10083 1 0
