2014120501 10:10:00 66312 1 0
2014120502 10:20:00 89044 0 1
2014120503 10:30:00 10564 0 0
2014120504 10:40:00 50887 0 1
2014120505 10:50:00 50913 0 0
2014120506 11:00:00 22064 1 0
2014120507 11:10:00 47209 0 0
2014120508 11:20:00 96156 0 0
2014120509 11:30:00 47187 0 0
2014120510 11:40:00 23762 0 0
2014120511 11:50:00 89654 0 0
2014120512 12:00:00 66376 1 0
2014120513 12:10:00 67874 0 0
2014120514 12:20:00 89662 0 1
2014120515 12:30:00 81611 0 1
2014120516 12:40:00 09943 1 0
2014120517 12:50:00 43565 0 1
2014120518 13:00:00 31507 0 0
2014120519 13:10:00 14579 0 0
2014120520 13:20:00 44896 1 0
2014120521 13:30:00 34267 0 0
2014120522 13:40:00 82843 1 0
2014120523 13:50:00 48083 0 0
2014120524 14:00:00 26784 0 0
2014120525 14:10:00 92706 0 0
2014120526 14:20:00 91411 0 1
2014120527 14:30:00 35626 0 1
2014120528 14:40:00 88863 1 0
2014120529 14:50:00 22332 1 1
2014120530 15:00:00 48557 0 1
2014120531 15:10:00 92412 0 0
2014120532 15:20:00 31099 0 1
2014120533 15:30:00 67812 0 0
2014120534 15:40:00 41539 0 0
2014120535 15:50:00 91715 0 0
2014120536 16:00:00 71065 0 0
2014120537 16:10:00 61553 0 1
2014120538 16:20:00 66167 1 0
2014120539 16:30:00 79070 0 1
2014120540 16:40:00 58535 1 1
2014120541 16:50:00 00447 1 1
2014120542 17:00:00 42375 0 0
2014120543 17:10:00 88377 1 1
2014120544 17:20:00 80534 0 0
2014120545 17:30:00 95776 0 1
2014120546 17:40:00 34892 0 0
2014120547 17:50:00 85496 0 0
2014120548 18:00:00 56359 0 0
2014120549 18:10:00 13227 0 1
2014120550 18:20:00 08994 0 1
2014120551 18:30:00 70696 0 1
2014120552 18:40:00 50310 0 0
2014120553 18:50:00 60683 1 0
2014120554 19:00:00 31035 0 0
2014120555 19:10:00 51800 0 1
2014120556 19:20:00 31900 0 1
2014120557 19:30:00 19822 0 1
2014120558 19:40:00 89597 0 0
2014120559 19:50:00 88447 1 1
2014120560 20:00:00 88800 1 1
2014120561 20:10:00 42008 0 1
2014120562 20:20:00 97810 0 0
2014120563 20:30:00 96329 0 0
2014120564 20:40:00 82666 0 1
2014120565 20:50:00 83614 0 0
2014120566 21:00:00 63095 0 0
2014120567 21:10:00 60690 1 0
2014120568 21:20:00 07885 0 1
2014120569 21:30:00 99278 1 0
2014120570 21:40:00 30375 1 0
2014120571 21:50:00 20585 0 1
2014120572 22:00:00 91441 0 1
2014120573 22:10:00 95085 0 0
2014120574 22:20:00 01620 0 0
2014120575 22:30:00 27356 0 0
2014120576 22:40:00 77228 1 1
2014120577 22:50:00 90929 1 1
2014120578 23:00:00 75462 0 0
2014120579 23:10:00 34556 0 1
2014120580 23:20:00 69869 0 0
2014120581 23:30:00 60851 0 0
2014120582 23:40:00 67150 0 0
2014120583 23:50:00 43562 0 0
2014120584 00:00:00 77660 1 1
2014120585 00:10:00 68715 0 0
2014120586 00:20:00 99467 1 0
2014120587 00:30:00 00891 1 0
2014120588 00:40:00 45893 0 0
2014120589 00:50:00 39738 0 0
2014120590 01:00:00 71579 0 0
2014120591 01:10:00 13585 0 1
2014120592 01:20:00 56621 1 0
2014120593 01:30:00 50469 0 0
2014120594 01:40:00 74313 0 1
2014120595 01:50:00 30256 0 0
2014120596 02:00:00 06349 0 0
