2014062901 10:10:00 67200 0 1
2014062902 10:20:00 30430 0 0
2014062903 10:30:00 93302 1 0
2014062904 10:40:00 50121 0 1
2014062905 10:50:00 33730 1 0
2014062906 11:00:00 33404 1 1
2014062907 11:10:00 03384 1 0
2014062908 11:20:00 85742 0 0
2014062909 11:30:00 78302 0 0
2014062910 11:40:00 13776 0 1
2014062911 11:50:00 32175 0 0
2014062912 12:00:00 88987 1 0
2014062913 12:10:00 34014 0 0
2014062914 12:20:00 31332 1 1
2014062915 12:30:00 07344 0 1
2014062916 12:40:00 16197 1 0
2014062917 12:50:00 54970 0 0
2014062918 13:00:00 29593 0 0
2014062919 13:10:00 04981 0 0
2014062920 13:20:00 22532 1 0
2014062921 13:30:00 22690 1 0
2014062922 13:40:00 52323 0 1
2014062923 13:50:00 98009 0 1
2014062924 14:00:00 05512 1 0
2014062925 14:10:00 10289 0 0
2014062926 14:20:00 14108 1 0
2014062927 14:30:00 82667 0 1
2014062928 14:40:00 06924 0 0
2014062929 14:50:00 89385 0 0
2014062930 15:00:00 45753 0 0
2014062931 15:10:00 79815 0 0
2014062932 15:20:00 77299 1 1
2014062933 15:30:00 36032 0 0
2014062934 15:40:00 36399 1 1
2014062935 15:50:00 19952 1 0
2014062936 16:00:00 97975 1 0
2014062937 16:10:00 68889 1 1
2014062938 16:20:00 61198 1 0
2014062939 16:30:00 65368 0 0
2014062940 16:40:00 40118 0 1
2014062941 16:50:00 48924 0 0
2014062942 17:00:00 88785 1 0
2014062943 17:10:00 63260 0 0
2014062944 17:20:00 78472 0 0
2014062945 17:30:00 43273 0 0
2014062946 17:40:00 22874 1 0
2014062947 17:50:00 85325 0 0
2014062948 18:00:00 11186 1 0
2014062949 18:10:00 04788 0 1
2014062950 18:20:00 13648 0 0
2014062951 18:30:00 69687 1 0
2014062952 18:40:00 10983 0 0
2014062953 18:50:00 08319 0 0
2014062954 19:00:00 84983 0 0
2014062955 19:10:00 15814 0 0
2014062956 19:20:00 34580 0 0
2014062957 19:30:00 06689 1 0
2014062958 19:40:00 68946 0 0
2014062959 19:50:00 15976 0 0
2014062960 20:00:00 01318 0 0
2014062961 20:10:00 95417 0 0
2014062962 20:20:00 91910 1 0
2014062963 20:30:00 63889 0 1
2014062964 20:40:00 66624 1 0
2014062965 20:50:00 41649 0 0
2014062966 21:00:00 43047 0 0
2014062967 21:10:00 83132 0 0
2014062968 21:20:00 82524 0 0
2014062969 21:30:00 20663 0 1
2014062970 21:40:00 22440 1 1
2014062971 21:50:00 36227 0 1
2014062972 22:00:00 93237 0 0
2014062973 22:10:00 69566 0 1
2014062974 22:20:00 22019 1 0
2014062975 22:30:00 02871 0 0
2014062976 22:40:00 38560 0 0
2014062977 22:50:00 49803 0 0
2014062978 23:00:00 76760 1 0
2014062979 23:10:00 75492 0 0
2014062980 23:20:00 96823 0 0
2014062981 23:30:00 09348 0 0
2014062982 23:40:00 28104 0 0
2014062983 23:50:00 50254 0 0
2014062984 00:00:00 54483 1 0
2014062985 00:10:00 40419 1 0
2014062986 00:20:00 97504 0 0
2014062987 00:30:00 05037 1 0
2014062988 00:40:00 62170 0 0
2014062989 00:50:00 25909 0 1
2014062990 01:00:00 05943 0 0
2014062991 01:10:00 56252 0 1
2014062992 01:20:00 34238 0 0
2014062993 01:30:00 77391 1 0
2014062994 01:40:00 52501 1 0
2014062995 01:50:00 40734 0 0
2014062996 02:00:00 89945 1 0
