2014090701 10:10:00 27697 0 0
2014090702 10:20:00 75851 0 0
2014090703 10:30:00 18150 1 0
2014090704 10:40:00 65154 0 0
2014090705 10:50:00 89870 1 0
2014090706 11:00:00 83880 1 1
2014090707 11:10:00 07408 0 0
2014090708 11:20:00 64096 0 0
2014090709 11:30:00 26817 0 0
2014090710 11:40:00 15035 0 0
2014090711 11:50:00 22552 1 1
2014090712 12:00:00 82001 0 1
2014090713 12:10:00 06296 0 0
2014090714 12:20:00 71670 0 0
2014090715 12:30:00 76961 0 0
2014090716 12:40:00 13293 0 0
2014090717 12:50:00 35356 1 0
2014090718 13:00:00 81186 1 0
2014090719 13:10:00 11573 1 0
2014090720 13:20:00 47941 0 0
2014090721 13:30:00 31657 0 0
2014090722 13:40:00 28431 0 0
2014090723 13:50:00 16288 0 1
2014090724 14:00:00 02610 0 0
2014090725 14:10:00 13263 0 0
2014090726 14:20:00 04416 1 0
2014090727 14:30:00 31231 0 0
2014090728 14:40:00 79746 1 0
2014090729 14:50:00 13517 0 0
2014090730 15:00:00 67895 0 0
2014090731 15:10:00 69184 0 0
2014090732 15:20:00 63616 1 1
2014090733 15:30:00 19549 0 0
2014090734 15:40:00 47000 0 1
2014090735 15:50:00 26551 0 1
2014090736 16:00:00 53276 0 0
2014090737 16:10:00 37918 0 0
2014090738 16:20:00 13467 0 0
2014090739 16:30:00 96674 1 0
2014090740 16:40:00 02476 0 0
2014090741 16:50:00 62783 0 0
2014090742 17:00:00 89059 0 0
2014090743 17:10:00 36757 0 1
2014090744 17:20:00 50026 1 0
2014090745 17:30:00 99502 1 0
2014090746 17:40:00 45789 0 0
2014090747 17:50:00 52368 0 0
2014090748 18:00:00 55653 1 0
2014090749 18:10:00 27234 1 0
2014090750 18:20:00 21636 0 1
2014090751 18:30:00 97635 0 0
2014090752 18:40:00 84645 0 0
2014090753 18:50:00 77650 1 0
2014090754 19:00:00 80416 0 0
2014090755 19:10:00 87528 0 0
2014090756 19:20:00 55221 1 1
2014090757 19:30:00 15903 0 0
2014090758 19:40:00 95302 0 0
2014090759 19:50:00 62691 1 0
2014090760 20:00:00 42646 0 1
2014090761 20:10:00 76039 0 0
2014090762 20:20:00 29357 0 0
2014090763 20:30:00 84253 0 0
2014090764 20:40:00 22041 1 0
2014090765 20:50:00 70056 1 0
2014090766 21:00:00 04162 0 0
2014090767 21:10:00 39268 0 0
2014090768 21:20:00 20082 1 0
2014090769 21:30:00 41860 0 0
2014090770 21:40:00 53764 0 0
2014090771 21:50:00 87159 0 0
2014090772 22:00:00 10195 1 0
2014090773 22:10:00 04291 0 0
2014090774 22:20:00 12384 0 0
2014090775 22:30:00 45423 1 0
2014090776 22:40:00 10877 0 1
2014090777 22:50:00 65984 0 0
2014090778 23:00:00 79094 0 0
2014090779 23:10:00 06828 0 1
2014090780 23:20:00 03666 0 1
2014090781 23:30:00 93026 0 0
2014090782 23:40:00 83645 0 0
2014090783 23:50:00 21857 0 0
2014090784 00:00:00 21175 1 0
2014090785 00:10:00 10325 0 0
2014090786 00:20:00 27467 0 0
2014090787 00:30:00 83797 0 1
2014090788 00:40:00 80309 0 0
2014090789 00:50:00 23440 0 1
2014090790 01:00:00 25671 0 0
2014090791 01:10:00 22881 1 1
2014090792 01:20:00 52869 0 0
2014090793 01:30:00 42199 0 1
2014090794 01:40:00 29713 0 0
2014090795 01:50:00 37973 0 0
2014090796 02:00:00 52894 0 0
