2014060501 10:10:00 16947 0 0
2014060502 10:20:00 56007 0 1
2014060503 10:30:00 21458 0 0
2014060504 10:40:00 41802 0 0
2014060505 10:50:00 08935 0 0
2014060506 11:00:00 05701 0 0
2014060507 11:10:00 13412 0 0
2014060508 11:20:00 40217 0 0
2014060509 11:30:00 97886 0 1
2014060510 11:40:00 65219 0 0
2014060511 11:50:00 54409 1 0
2014060512 12:00:00 68524 0 0
2014060513 12:10:00 13730 0 0
2014060514 12:20:00 39210 0 0
2014060515 12:30:00 25887 0 1
2014060516 12:40:00 39004 0 1
2014060517 12:50:00 86123 0 0
2014060518 13:00:00 65937 0 0
2014060519 13:10:00 26720 0 0
2014060520 13:20:00 90660 0 1
2014060521 13:30:00 60188 0 1
2014060522 13:40:00 90876 0 0
2014060523 13:50:00 06818 0 1
2014060524 14:00:00 65900 0 1
2014060525 14:10:00 81656 0 1
2014060526 14:20:00 30656 0 1
2014060527 14:30:00 57865 0 0
2014060528 14:40:00 83114 0 1
2014060529 14:50:00 97859 0 0
2014060530 15:00:00 46678 1 0
2014060531 15:10:00 53695 0 0
2014060532 15:20:00 36885 0 1
2014060533 15:30:00 78022 0 1
2014060534 15:40:00 69410 0 0
2014060535 15:50:00 90106 0 0
2014060536 16:00:00 86366 0 1
2014060537 16:10:00 09000 1 1
2014060538 16:20:00 99626 1 1
2014060539 16:30:00 77481 1 0
2014060540 16:40:00 83529 0 0
2014060541 16:50:00 25976 0 0
2014060542 17:00:00 41095 0 0
2014060543 17:10:00 93407 0 0
2014060544 17:20:00 73968 0 0
2014060545 17:30:00 50226 0 1
2014060546 17:40:00 50202 0 1
2014060547 17:50:00 54383 0 1
2014060548 18:00:00 73987 0 0
2014060549 18:10:00 49183 0 0
2014060550 18:20:00 75878 0 1
2014060551 18:30:00 71813 0 0
2014060552 18:40:00 77958 1 0
2014060553 18:50:00 44286 1 0
2014060554 19:00:00 54313 0 1
2014060555 19:10:00 06082 1 0
2014060556 19:20:00 21068 0 0
2014060557 19:30:00 03156 0 0
2014060558 19:40:00 45070 0 1
2014060559 19:50:00 45331 0 1
2014060560 20:00:00 88430 1 0
2014060561 20:10:00 31392 1 0
2014060562 20:20:00 22801 1 0
2014060563 20:30:00 39877 0 1
2014060564 20:40:00 64464 1 1
2014060565 20:50:00 92942 1 0
2014060566 21:00:00 25442 0 1
2014060567 21:10:00 72900 0 1
2014060568 21:20:00 77132 1 0
2014060569 21:30:00 12855 0 1
2014060570 21:40:00 34316 1 0
2014060571 21:50:00 55573 1 0
2014060572 22:00:00 15322 0 1
2014060573 22:10:00 16596 0 0
2014060574 22:20:00 38220 0 1
2014060575 22:30:00 41845 0 0
2014060576 22:40:00 45517 1 0
2014060577 22:50:00 61058 0 0
2014060578 23:00:00 69726 0 0
2014060579 23:10:00 53993 0 1
2014060580 23:20:00 29615 0 0
2014060581 23:30:00 69366 0 1
2014060582 23:40:00 88999 1 1
2014060583 23:50:00 63963 0 0
2014060584 00:00:00 96816 0 0
2014060585 00:10:00 27126 0 0
2014060586 00:20:00 21014 0 0
2014060587 00:30:00 19840 0 0
2014060588 00:40:00 60895 0 0
2014060589 00:50:00 14639 0 0
2014060590 01:00:00 26404 0 1
2014060591 01:10:00 18160 1 0
2014060592 01:20:00 33589 1 0
2014060593 01:30:00 94000 0 1
2014060594 01:40:00 89476 0 0
2014060595 01:50:00 45233 0 1
2014060596 02:00:00 27672 0 0
