2014051101 10:10:00 23284 1 0
2014051102 10:20:00 19953 1 0
2014051103 10:30:00 39878 0 1
2014051104 10:40:00 74078 0 0
2014051105 10:50:00 48527 0 0
2014051106 11:00:00 43563 0 0
2014051107 11:10:00 85200 0 1
2014051108 11:20:00 06569 0 0
2014051109 11:30:00 60878 0 1
2014051110 11:40:00 31912 0 0
2014051111 11:50:00 34796 0 0
2014051112 12:00:00 42455 1 1
2014051113 12:10:00 37508 0 0
2014051114 12:20:00 37468 0 0
2014051115 12:30:00 49651 0 0
2014051116 12:40:00 51522 1 1
2014051117 12:50:00 49560 0 0
2014051118 13:00:00 27564 0 0
2014051119 13:10:00 00828 1 1
2014051120 13:20:00 07338 0 1
2014051121 13:30:00 94534 0 0
2014051122 13:40:00 48413 1 0
2014051123 13:50:00 20456 0 0
2014051124 14:00:00 09148 0 0
2014051125 14:10:00 22445 1 1
2014051126 14:20:00 94291 0 0
2014051127 14:30:00 81582 0 0
2014051128 14:40:00 64000 0 1
2014051129 14:50:00 52393 0 1
2014051130 15:00:00 20457 0 0
2014051131 15:10:00 34882 0 1
2014051132 15:20:00 38505 0 1
2014051133 15:30:00 91457 0 0
2014051134 15:40:00 01508 0 0
2014051135 15:50:00 91995 1 1
2014051136 16:00:00 15267 0 0
2014051137 16:10:00 91351 0 0
2014051138 16:20:00 50408 0 0
2014051139 16:30:00 83659 0 0
2014051140 16:40:00 98157 0 0
2014051141 16:50:00 09585 0 1
2014051142 17:00:00 59995 1 1
2014051143 17:10:00 71821 0 0
2014051144 17:20:00 73072 0 0
2014051145 17:30:00 06636 1 1
2014051146 17:40:00 82717 0 1
2014051147 17:50:00 04749 0 0
2014051148 18:00:00 27911 0 1
2014051149 18:10:00 25745 0 0
2014051150 18:20:00 66790 1 0
2014051151 18:30:00 03333 1 1
2014051152 18:40:00 79903 1 0
2014051153 18:50:00 97352 0 0
2014051154 19:00:00 54873 0 0
2014051155 19:10:00 08724 0 0
2014051156 19:20:00 25515 1 1
2014051157 19:30:00 24182 0 0
2014051158 19:40:00 09591 0 0
2014051159 19:50:00 38031 0 0
2014051160 20:00:00 16781 0 0
2014051161 20:10:00 67414 0 1
2014051162 20:20:00 04544 0 1
2014051163 20:30:00 17529 0 0
2014051164 20:40:00 59435 0 0
2014051165 20:50:00 62570 0 0
2014051166 21:00:00 73539 0 0
2014051167 21:10:00 35803 0 0
2014051168 21:20:00 36789 0 0
2014051169 21:30:00 64222 0 1
2014051170 21:40:00 95169 0 0
2014051171 21:50:00 38317 1 0
2014051172 22:00:00 26736 0 0
2014051173 22:10:00 70541 0 0
2014051174 22:20:00 21762 0 0
2014051175 22:30:00 32503 0 0
2014051176 22:40:00 15343 0 1
2014051177 22:50:00 65859 0 0
2014051178 23:00:00 32087 0 0
2014051179 23:10:00 23112 0 1
2014051180 23:20:00 74735 1 0
2014051181 23:30:00 30684 0 0
2014051182 23:40:00 37804 0 0
2014051183 23:50:00 71167 1 0
2014051184 00:00:00 96946 1 0
2014051185 00:10:00 75875 0 0
2014051186 00:20:00 24115 0 1
2014051187 00:30:00 33710 1 0
2014051188 00:40:00 50970 0 0
2014051189 00:50:00 01204 0 0
2014051190 01:00:00 92681 0 0
2014051191 01:10:00 74357 0 0
2014051192 01:20:00 63217 0 0
2014051193 01:30:00 63228 0 1
2014051194 01:40:00 26565 0 1
2014051195 01:50:00 17838 0 1
2014051196 02:00:00 68302 0 0
