2014082001 10:10:00 77323 1 1
2014082002 10:20:00 75300 0 1
2014082003 10:30:00 61281 0 0
2014082004 10:40:00 68316 0 0
2014082005 10:50:00 33925 1 0
2014082006 11:00:00 96445 0 1
2014082007 11:10:00 36473 0 0
2014082008 11:20:00 02586 0 0
2014082009 11:30:00 90487 0 0
2014082010 11:40:00 07091 1 0
2014082011 11:50:00 23931 0 0
2014082012 12:00:00 54862 0 0
2014082013 12:10:00 35945 0 0
2014082014 12:20:00 16429 0 0
2014082015 12:30:00 94512 0 0
2014082016 12:40:00 62953 0 0
2014082017 12:50:00 75030 0 1
2014082018 13:00:00 11658 1 0
2014082019 13:10:00 69757 0 1
2014082020 13:20:00 09518 0 0
2014082021 13:30:00 52330 0 1
2014082022 13:40:00 03279 0 0
2014082023 13:50:00 28378 0 0
2014082024 14:00:00 77493 1 0
2014082025 14:10:00 54564 1 0
2014082026 14:20:00 49171 0 1
2014082027 14:30:00 50938 0 0
2014082028 14:40:00 80768 0 0
2014082029 14:50:00 35287 0 0
2014082030 15:00:00 36848 0 1
2014082031 15:10:00 15808 0 1
2014082032 15:20:00 27483 0 0
2014082033 15:30:00 09320 0 0
2014082034 15:40:00 50177 0 1
2014082035 15:50:00 26736 0 0
2014082036 16:00:00 95732 0 0
2014082037 16:10:00 99689 1 0
2014082038 16:20:00 87795 1 0
2014082039 16:30:00 53019 0 0
2014082040 16:40:00 61279 0 0
2014082041 16:50:00 84595 0 1
2014082042 17:00:00 74415 1 0
2014082043 17:10:00 73972 0 0
2014082044 17:20:00 10760 0 0
2014082045 17:30:00 71601 0 0
2014082046 17:40:00 81838 1 1
2014082047 17:50:00 42846 0 0
2014082048 18:00:00 74135 0 0
2014082049 18:10:00 47120 0 0
2014082050 18:20:00 88332 1 1
2014082051 18:30:00 84104 0 0
2014082052 18:40:00 13520 0 0
2014082053 18:50:00 83946 0 0
2014082054 19:00:00 61801 0 0
2014082055 19:10:00 07253 0 0
2014082056 19:20:00 68134 0 0
2014082057 19:30:00 21837 0 0
2014082058 19:40:00 19717 0 1
2014082059 19:50:00 40673 0 0
2014082060 20:00:00 51171 1 1
2014082061 20:10:00 76750 1 0
2014082062 20:20:00 92145 0 0
2014082063 20:30:00 98462 0 0
2014082064 20:40:00 60198 0 0
2014082065 20:50:00 48091 0 0
2014082066 21:00:00 70371 0 0
2014082067 21:10:00 44389 1 0
2014082068 21:20:00 21383 0 1
2014082069 21:30:00 92065 0 0
2014082070 21:40:00 45190 0 0
2014082071 21:50:00 13000 0 1
2014082072 22:00:00 78694 0 0
2014082073 22:10:00 88087 1 0
2014082074 22:20:00 48258 0 0
2014082075 22:30:00 44205 1 0
2014082076 22:40:00 80667 0 1
2014082077 22:50:00 57623 0 0
2014082078 23:00:00 67926 0 0
2014082079 23:10:00 12187 1 0
2014082080 23:20:00 14929 0 1
2014082081 23:30:00 30190 0 0
2014082082 23:40:00 27799 1 1
2014082083 23:50:00 72234 1 0
2014082084 00:00:00 44817 1 0
2014082085 00:10:00 27951 0 0
2014082086 00:20:00 94916 1 0
2014082087 00:30:00 36579 0 0
2014082088 00:40:00 15585 1 1
2014082089 00:50:00 62962 0 0
2014082090 01:00:00 82311 0 1
2014082091 01:10:00 61284 0 0
2014082092 01:20:00 87384 0 0
2014082093 01:30:00 18524 0 0
2014082094 01:40:00 10338 0 1
2014082095 01:50:00 45849 0 0
2014082096 02:00:00 80029 1 0
