2014010901 10:10:00 38033 0 1
2014010902 10:20:00 67959 0 1
2014010903 10:30:00 83678 0 0
2014010904 10:40:00 35949 0 1
2014010905 10:50:00 91638 0 0
2014010906 11:00:00 15314 0 0
2014010907 11:10:00 73685 0 0
2014010908 11:20:00 68906 0 0
2014010909 11:30:00 96260 0 0
2014010910 11:40:00 43637 0 0
2014010911 11:50:00 79376 0 0
2014010912 12:00:00 97763 1 0
2014010913 12:10:00 76869 0 0
2014010914 12:20:00 67734 1 0
2014010915 12:30:00 39166 0 1
2014010916 12:40:00 52538 1 0
2014010917 12:50:00 29257 1 0
2014010918 13:00:00 39764 0 0
2014010919 13:10:00 41537 0 0
2014010920 13:20:00 38803 1 0
2014010921 13:30:00 06465 0 0
2014010922 13:40:00 60544 0 1
2014010923 13:50:00 92523 0 0
2014010924 14:00:00 79436 0 0
2014010925 14:10:00 79172 0 0
2014010926 14:20:00 90485 0 0
2014010927 14:30:00 28541 0 0
2014010928 14:40:00 75273 0 0
2014010929 14:50:00 76377 0 1
2014010930 15:00:00 82870 1 0
2014010931 15:10:00 91516 0 0
2014010932 15:20:00 96155 0 1
2014010933 15:30:00 14707 0 1
2014010934 15:40:00 20701 0 0
2014010935 15:50:00 22392 1 0
2014010936 16:00:00 69436 0 0
2014010937 16:10:00 91562 0 0
2014010938 16:20:00 67755 1 1
2014010939 16:30:00 42813 0 0
2014010940 16:40:00 73560 0 0
2014010941 16:50:00 24724 0 0
2014010942 17:00:00 21522 0 1
2014010943 17:10:00 99733 1 1
2014010944 17:20:00 71710 1 0
2014010945 17:30:00 77137 1 0
2014010946 17:40:00 67178 0 0
2014010947 17:50:00 25784 0 0
2014010948 18:00:00 90414 0 1
2014010949 18:10:00 18290 0 0
2014010950 18:20:00 89278 0 0
2014010951 18:30:00 18258 0 0
2014010952 18:40:00 25056 0 0
2014010953 18:50:00 96492 0 0
2014010954 19:00:00 06575 0 1
2014010955 19:10:00 84520 0 0
2014010956 19:20:00 73006 0 1
2014010957 19:30:00 54226 0 1
2014010958 19:40:00 59729 0 0
2014010959 19:50:00 08718 0 0
2014010960 20:00:00 38419 0 0
2014010961 20:10:00 22579 1 0
2014010962 20:20:00 70784 1 0
2014010963 20:30:00 86782 0 0
2014010964 20:40:00 50330 0 1
2014010965 20:50:00 96709 0 0
2014010966 21:00:00 95606 0 1
2014010967 21:10:00 72031 0 0
2014010968 21:20:00 80810 1 0
2014010969 21:30:00 83750 0 0
2014010970 21:40:00 50990 0 1
2014010971 21:50:00 45835 0 0
2014010972 22:00:00 40001 1 1
2014010973 22:10:00 06179 0 0
2014010974 22:20:00 26767 0 1
2014010975 22:30:00 65328 0 0
2014010976 22:40:00 03435 0 0
2014010977 22:50:00 42948 0 0
2014010978 23:00:00 90098 1 0
2014010979 23:10:00 05545 1 1
2014010980 23:20:00 98164 0 0
2014010981 23:30:00 71681 0 0
2014010982 23:40:00 70440 0 1
2014010983 23:50:00 26466 0 1
2014010984 00:00:00 22899 1 1
2014010985 00:10:00 71330 0 1
2014010986 00:20:00 51197 1 0
2014010987 00:30:00 43878 0 1
2014010988 00:40:00 52690 0 0
2014010989 00:50:00 28429 0 0
2014010990 01:00:00 44918 1 0
2014010991 01:10:00 74040 0 1
2014010992 01:20:00 57963 0 0
2014010993 01:30:00 83841 1 0
2014010994 01:40:00 13217 0 0
2014010995 01:50:00 68109 0 0
2014010996 02:00:00 75722 1 1
