2014060701 10:10:00 71112 1 1
2014060702 10:20:00 57616 0 1
2014060703 10:30:00 87135 0 0
2014060704 10:40:00 78573 0 0
2014060705 10:50:00 67148 0 0
2014060706 11:00:00 30742 0 0
2014060707 11:10:00 88342 1 0
2014060708 11:20:00 32889 0 1
2014060709 11:30:00 22486 1 0
2014060710 11:40:00 41654 0 0
2014060711 11:50:00 36266 0 1
2014060712 12:00:00 93625 0 0
2014060713 12:10:00 84013 0 0
2014060714 12:20:00 54153 0 0
2014060715 12:30:00 57015 0 0
2014060716 12:40:00 77713 1 0
2014060717 12:50:00 47287 0 0
2014060718 13:00:00 26380 0 0
2014060719 13:10:00 96116 0 1
2014060720 13:20:00 26405 0 0
2014060721 13:30:00 67977 0 1
2014060722 13:40:00 96181 0 1
2014060723 13:50:00 16162 1 0
2014060724 14:00:00 70247 0 0
2014060725 14:10:00 99450 1 0
2014060726 14:20:00 88143 1 0
2014060727 14:30:00 26068 0 0
2014060728 14:40:00 66499 1 1
2014060729 14:50:00 99307 1 0
2014060730 15:00:00 22782 1 0
2014060731 15:10:00 60660 1 1
2014060732 15:20:00 26250 1 0
2014060733 15:30:00 27369 0 0
2014060734 15:40:00 34792 0 0
2014060735 15:50:00 90356 0 0
2014060736 16:00:00 86626 1 1
2014060737 16:10:00 64310 0 0
2014060738 16:20:00 64669 1 1
2014060739 16:30:00 36433 0 1
2014060740 16:40:00 90801 0 0
2014060741 16:50:00 05849 0 0
2014060742 17:00:00 18396 0 0
2014060743 17:10:00 96065 0 0
2014060744 17:20:00 59808 0 1
2014060745 17:30:00 77678 1 0
2014060746 17:40:00 42584 0 0
2014060747 17:50:00 01193 1 0
2014060748 18:00:00 48206 0 0
2014060749 18:10:00 78274 0 0
2014060750 18:20:00 71982 0 0
2014060751 18:30:00 33219 1 0
2014060752 18:40:00 89561 0 0
2014060753 18:50:00 31260 0 0
2014060754 19:00:00 74747 1 1
2014060755 19:10:00 22537 1 0
2014060756 19:20:00 55061 1 0
2014060757 19:30:00 50381 0 0
2014060758 19:40:00 27738 1 0
2014060759 19:50:00 78561 0 0
2014060760 20:00:00 19827 0 0
2014060761 20:10:00 88464 1 1
2014060762 20:20:00 49529 0 0
2014060763 20:30:00 55413 1 0
2014060764 20:40:00 48167 0 0
2014060765 20:50:00 57240 0 0
2014060766 21:00:00 30605 0 0
2014060767 21:10:00 47770 1 1
2014060768 21:20:00 94176 0 0
2014060769 21:30:00 39841 0 0
2014060770 21:40:00 69915 1 0
2014060771 21:50:00 36699 1 1
2014060772 22:00:00 52355 0 1
2014060773 22:10:00 51773 0 1
2014060774 22:20:00 75565 1 1
2014060775 22:30:00 13966 0 1
2014060776 22:40:00 78756 1 0
2014060777 22:50:00 19366 0 1
2014060778 23:00:00 46507 0 0
2014060779 23:10:00 74380 0 0
2014060780 23:20:00 98625 0 0
2014060781 23:30:00 00168 1 0
2014060782 23:40:00 18001 0 1
2014060783 23:50:00 37028 0 0
2014060784 00:00:00 00879 1 0
2014060785 00:10:00 59527 1 0
2014060786 00:20:00 23233 1 1
2014060787 00:30:00 30889 0 1
2014060788 00:40:00 73297 0 0
2014060789 00:50:00 04944 0 1
2014060790 01:00:00 51542 1 0
2014060791 01:10:00 52719 0 0
2014060792 01:20:00 38653 0 0
2014060793 01:30:00 29985 1 0
2014060794 01:40:00 66964 1 0
2014060795 01:50:00 61870 0 0
2014060796 02:00:00 88719 1 0
