2014093001 10:10:00 66235 1 0
2014093002 10:20:00 46370 0 0
2014093003 10:30:00 36180 0 0
2014093004 10:40:00 59941 1 0
2014093005 10:50:00 24633 0 1
2014093006 11:00:00 42249 1 0
2014093007 11:10:00 03837 0 0
2014093008 11:20:00 87619 0 0
2014093009 11:30:00 68751 0 0
2014093010 11:40:00 62831 0 0
2014093011 11:50:00 79952 1 0
2014093012 12:00:00 78501 0 0
2014093013 12:10:00 76339 0 1
2014093014 12:20:00 16076 0 0
2014093015 12:30:00 57780 1 0
2014093016 12:40:00 02093 1 0
2014093017 12:50:00 87043 0 0
2014093018 13:00:00 87980 0 0
2014093019 13:10:00 50641 0 0
2014093020 13:20:00 48323 0 1
2014093021 13:30:00 28842 1 0
2014093022 13:40:00 57672 0 0
2014093023 13:50:00 34648 0 0
2014093024 14:00:00 74784 1 0
2014093025 14:10:00 03489 0 0
2014093026 14:20:00 55426 1 0
2014093027 14:30:00 12205 1 0
2014093028 14:40:00 17077 0 1
2014093029 14:50:00 67530 0 0
2014093030 15:00:00 26421 0 0
2014093031 15:10:00 27721 1 0
2014093032 15:20:00 20868 0 1
2014093033 15:30:00 11297 1 0
2014093034 15:40:00 83303 1 1
2014093035 15:50:00 07703 1 0
2014093036 16:00:00 70297 0 0
2014093037 16:10:00 46945 0 0
2014093038 16:20:00 67319 0 0
2014093039 16:30:00 22423 1 0
2014093040 16:40:00 51213 0 0
2014093041 16:50:00 18754 0 0
2014093042 17:00:00 91436 0 0
2014093043 17:10:00 66008 1 1
2014093044 17:20:00 89871 1 0
2014093045 17:30:00 56403 0 0
2014093046 17:40:00 85568 1 0
2014093047 17:50:00 03865 0 0
2014093048 18:00:00 35676 0 1
2014093049 18:10:00 66124 1 0
2014093050 18:20:00 12191 1 1
2014093051 18:30:00 12263 1 0
2014093052 18:40:00 72169 0 0
2014093053 18:50:00 61575 0 1
2014093054 19:00:00 21198 1 0
2014093055 19:10:00 94074 0 0
2014093056 19:20:00 07448 0 1
2014093057 19:30:00 60612 1 0
2014093058 19:40:00 96286 0 0
2014093059 19:50:00 49606 0 1
2014093060 20:00:00 52682 0 0
2014093061 20:10:00 68516 0 0
2014093062 20:20:00 36587 0 0
2014093063 20:30:00 54110 0 1
2014093064 20:40:00 20771 0 1
2014093065 20:50:00 47948 0 0
2014093066 21:00:00 83654 0 0
2014093067 21:10:00 12382 0 0
2014093068 21:20:00 83109 0 0
2014093069 21:30:00 67547 0 0
2014093070 21:40:00 46238 0 0
2014093071 21:50:00 87012 0 0
2014093072 22:00:00 41063 0 0
2014093073 22:10:00 29230 1 0
2014093074 22:20:00 77295 1 0
2014093075 22:30:00 76689 1 0
2014093076 22:40:00 28372 0 0
2014093077 22:50:00 63437 0 0
2014093078 23:00:00 15490 0 0
2014093079 23:10:00 14975 0 0
2014093080 23:20:00 52192 0 0
2014093081 23:30:00 94623 0 0
2014093082 23:40:00 27800 0 1
2014093083 23:50:00 40717 0 1
2014093084 00:00:00 25757 0 1
2014093085 00:10:00 14710 0 0
2014093086 00:20:00 14816 0 0
2014093087 00:30:00 87689 0 0
2014093088 00:40:00 06015 1 0
2014093089 00:50:00 73703 1 0
2014093090 01:00:00 62218 1 0
2014093091 01:10:00 70794 1 0
2014093092 01:20:00 08468 0 0
2014093093 01:30:00 22705 1 0
2014093094 01:40:00 07702 1 0
2014093095 01:50:00 75861 0 0
2014093096 02:00:00 35677 0 1
