2014070101 10:10:00 23682 0 0
2014070102 10:20:00 46745 0 0
2014070103 10:30:00 08638 0 0
2014070104 10:40:00 85919 0 1
2014070105 10:50:00 99464 1 1
2014070106 11:00:00 43304 1 0
2014070107 11:10:00 27673 0 0
2014070108 11:20:00 94219 0 0
2014070109 11:30:00 66225 1 1
2014070110 11:40:00 50281 0 0
2014070111 11:50:00 56554 1 1
2014070112 12:00:00 49895 0 0
2014070113 12:10:00 16020 0 1
2014070114 12:20:00 98551 0 1
2014070115 12:30:00 04777 0 1
2014070116 12:40:00 01106 1 0
2014070117 12:50:00 26689 1 0
2014070118 13:00:00 75498 0 0
2014070119 13:10:00 02523 0 0
2014070120 13:20:00 92935 1 0
2014070121 13:30:00 83891 1 0
2014070122 13:40:00 53120 0 0
2014070123 13:50:00 23883 0 1
2014070124 14:00:00 44983 1 0
2014070125 14:10:00 53937 0 0
2014070126 14:20:00 64466 1 1
2014070127 14:30:00 47366 0 1
2014070128 14:40:00 62460 0 0
2014070129 14:50:00 85599 1 1
2014070130 15:00:00 42332 0 1
2014070131 15:10:00 38299 0 1
2014070132 15:20:00 17077 0 1
2014070133 15:30:00 44525 1 1
2014070134 15:40:00 45705 0 0
2014070135 15:50:00 72352 0 0
2014070136 16:00:00 54808 0 1
2014070137 16:10:00 54103 0 0
2014070138 16:20:00 55099 1 1
2014070139 16:30:00 58943 0 0
2014070140 16:40:00 20862 0 0
2014070141 16:50:00 50377 0 1
2014070142 17:00:00 80003 1 1
2014070143 17:10:00 67170 0 0
2014070144 17:20:00 50770 0 1
2014070145 17:30:00 89244 0 1
2014070146 17:40:00 06471 0 0
2014070147 17:50:00 04801 0 0
2014070148 18:00:00 50277 0 1
2014070149 18:10:00 68481 0 0
2014070150 18:20:00 90298 0 0
2014070151 18:30:00 03479 0 0
2014070152 18:40:00 52002 0 1
2014070153 18:50:00 66597 1 0
2014070154 19:00:00 65791 0 0
2014070155 19:10:00 19773 0 1
2014070156 19:20:00 02491 0 0
2014070157 19:30:00 45225 0 1
2014070158 19:40:00 53483 0 0
2014070159 19:50:00 92208 1 0
2014070160 20:00:00 33661 1 1
2014070161 20:10:00 28531 0 0
2014070162 20:20:00 00233 1 1
2014070163 20:30:00 66876 1 0
2014070164 20:40:00 18353 0 1
2014070165 20:50:00 12925 0 0
2014070166 21:00:00 53025 0 0
2014070167 21:10:00 47583 0 0
2014070168 21:20:00 37076 0 0
2014070169 21:30:00 89011 0 1
2014070170 21:40:00 84808 1 1
2014070171 21:50:00 45575 1 1
2014070172 22:00:00 06353 0 1
2014070173 22:10:00 19836 0 0
2014070174 22:20:00 78365 0 0
2014070175 22:30:00 15559 1 1
2014070176 22:40:00 69015 0 0
2014070177 22:50:00 84931 0 0
2014070178 23:00:00 48312 0 0
2014070179 23:10:00 12999 0 1
2014070180 23:20:00 14780 0 0
2014070181 23:30:00 33404 1 1
2014070182 23:40:00 74822 0 1
2014070183 23:50:00 86993 0 1
2014070184 00:00:00 39508 0 0
2014070185 00:10:00 54199 0 1
2014070186 00:20:00 20697 0 0
2014070187 00:30:00 44613 1 0
2014070188 00:40:00 28944 0 1
2014070189 00:50:00 05597 1 0
2014070190 01:00:00 09013 1 0
2014070191 01:10:00 50726 0 0
2014070192 01:20:00 22225 1 1
2014070193 01:30:00 96286 0 0
2014070194 01:40:00 73012 0 0
2014070195 01:50:00 08699 0 1
2014070196 02:00:00 63135 0 0
