2014122401 10:10:00 05288 0 1
2014122402 10:20:00 77582 1 0
2014122403 10:30:00 86441 0 1
2014122404 10:40:00 54950 0 0
2014122405 10:50:00 84004 0 1
2014122406 11:00:00 36622 1 1
2014122407 11:10:00 12106 1 0
2014122408 11:20:00 21090 0 1
2014122409 11:30:00 13995 0 1
2014122410 11:40:00 26172 0 0
2014122411 11:50:00 97622 0 1
2014122412 12:00:00 22297 1 0
2014122413 12:10:00 40861 0 0
2014122414 12:20:00 63812 0 0
2014122415 12:30:00 94351 0 0
2014122416 12:40:00 89716 0 0
2014122417 12:50:00 14760 0 0
2014122418 13:00:00 03117 0 1
2014122419 13:10:00 83582 0 0
2014122420 13:20:00 14577 0 1
2014122421 13:30:00 80530 0 0
2014122422 13:40:00 45787 0 1
2014122423 13:50:00 08774 0 1
2014122424 14:00:00 87503 0 0
2014122425 14:10:00 94473 1 0
2014122426 14:20:00 93528 0 0
2014122427 14:30:00 80744 0 1
2014122428 14:40:00 92282 1 1
2014122429 14:50:00 08623 0 0
2014122430 15:00:00 70422 0 1
2014122431 15:10:00 81874 1 0
2014122432 15:20:00 67343 0 1
2014122433 15:30:00 72317 0 0
2014122434 15:40:00 99856 1 0
2014122435 15:50:00 41374 0 0
2014122436 16:00:00 48731 0 0
2014122437 16:10:00 71370 0 0
2014122438 16:20:00 66687 1 0
2014122439 16:30:00 64388 0 1
2014122440 16:40:00 03009 1 1
2014122441 16:50:00 30251 0 0
2014122442 17:00:00 16556 0 1
2014122443 17:10:00 22384 1 0
2014122444 17:20:00 53649 0 0
2014122445 17:30:00 57388 0 1
2014122446 17:40:00 58203 0 0
2014122447 17:50:00 74771 1 1
2014122448 18:00:00 42492 1 0
2014122449 18:10:00 19314 0 0
2014122450 18:20:00 32560 0 0
2014122451 18:30:00 38306 1 0
2014122452 18:40:00 97111 0 1
2014122453 18:50:00 21441 0 1
2014122454 19:00:00 62213 1 0
2014122455 19:10:00 10059 1 0
2014122456 19:20:00 71610 0 0
2014122457 19:30:00 19001 0 1
2014122458 19:40:00 28003 0 1
2014122459 19:50:00 00319 1 0
2014122460 20:00:00 28077 0 1
2014122461 20:10:00 15843 0 0
2014122462 20:20:00 67235 0 0
2014122463 20:30:00 62974 0 0
2014122464 20:40:00 67392 0 0
2014122465 20:50:00 31084 0 0
2014122466 21:00:00 95993 1 1
2014122467 21:10:00 27245 1 0
2014122468 21:20:00 24105 0 0
2014122469 21:30:00 70856 0 0
2014122470 21:40:00 30836 0 0
2014122471 21:50:00 91547 0 0
2014122472 22:00:00 07256 0 0
2014122473 22:10:00 73205 0 0
2014122474 22:20:00 46042 0 0
2014122475 22:30:00 19490 0 0
2014122476 22:40:00 93068 0 0
2014122477 22:50:00 79000 0 1
2014122478 23:00:00 28580 0 0
2014122479 23:10:00 21294 1 0
2014122480 23:20:00 92750 0 0
2014122481 23:30:00 86040 0 1
2014122482 23:40:00 55846 1 0
2014122483 23:50:00 53180 0 0
2014122484 00:00:00 73802 0 0
2014122485 00:10:00 50813 0 0
2014122486 00:20:00 95864 0 0
2014122487 00:30:00 00227 1 1
2014122488 00:40:00 84753 0 0
2014122489 00:50:00 34897 0 0
2014122490 01:00:00 87024 0 0
2014122491 01:10:00 42753 0 0
2014122492 01:20:00 12947 0 0
2014122493 01:30:00 94266 0 1
2014122494 01:40:00 01983 0 0
2014122495 01:50:00 77576 1 0
2014122496 02:00:00 27712 1 0
