2014100901 10:10:00 30348 1 0
2014100902 10:20:00 47718 1 0
2014100903 10:30:00 13220 0 1
2014100904 10:40:00 59820 0 0
2014100905 10:50:00 03489 0 0
2014100906 11:00:00 86350 0 0
2014100907 11:10:00 88241 1 0
2014100908 11:20:00 30489 0 0
2014100909 11:30:00 08939 0 1
2014100910 11:40:00 11254 1 0
2014100911 11:50:00 72500 0 1
2014100912 12:00:00 95192 0 0
2014100913 12:10:00 27310 0 0
2014100914 12:20:00 08073 1 0
2014100915 12:30:00 68791 0 0
2014100916 12:40:00 26196 0 0
2014100917 12:50:00 44163 1 0
2014100918 13:00:00 20522 0 1
2014100919 13:10:00 81132 1 0
2014100920 13:20:00 21441 0 1
2014100921 13:30:00 02852 0 0
2014100922 13:40:00 01607 0 0
2014100923 13:50:00 05051 1 0
2014100924 14:00:00 57126 0 0
2014100925 14:10:00 30680 0 0
2014100926 14:20:00 78728 1 0
2014100927 14:30:00 35010 0 1
2014100928 14:40:00 72901 0 0
2014100929 14:50:00 83556 0 1
2014100930 15:00:00 01308 0 0
2014100931 15:10:00 88247 1 0
2014100932 15:20:00 46737 0 1
2014100933 15:30:00 67403 0 0
2014100934 15:40:00 93790 0 0
2014100935 15:50:00 61268 0 0
2014100936 16:00:00 12169 1 0
2014100937 16:10:00 36643 1 0
2014100938 16:20:00 73633 0 1
2014100939 16:30:00 54929 0 1
2014100940 16:40:00 66423 1 0
2014100941 16:50:00 25526 1 0
2014100942 17:00:00 11801 1 0
2014100943 17:10:00 67685 1 0
2014100944 17:20:00 45090 0 1
2014100945 17:30:00 50544 1 1
2014100946 17:40:00 23102 0 0
2014100947 17:50:00 55834 1 0
2014100948 18:00:00 07604 0 0
2014100949 18:10:00 64358 0 0
2014100950 18:20:00 92034 0 0
2014100951 18:30:00 34966 0 1
2014100952 18:40:00 62112 0 1
2014100953 18:50:00 91227 0 1
2014100954 19:00:00 98232 0 1
2014100955 19:10:00 58859 1 0
2014100956 19:20:00 35512 1 0
2014100957 19:30:00 32404 0 1
2014100958 19:40:00 22735 1 0
2014100959 19:50:00 59391 0 0
2014100960 20:00:00 89228 0 1
2014100961 20:10:00 50575 1 1
2014100962 20:20:00 34075 0 0
2014100963 20:30:00 17734 1 0
2014100964 20:40:00 83266 0 1
2014100965 20:50:00 41864 0 0
2014100966 21:00:00 32817 0 0
2014100967 21:10:00 60688 1 1
2014100968 21:20:00 19483 0 0
2014100969 21:30:00 45149 0 0
2014100970 21:40:00 23558 0 1
2014100971 21:50:00 34665 0 1
2014100972 22:00:00 75879 0 0
2014100973 22:10:00 73612 0 0
2014100974 22:20:00 21054 0 0
2014100975 22:30:00 14357 0 0
2014100976 22:40:00 48533 0 1
2014100977 22:50:00 92359 0 0
2014100978 23:00:00 65985 0 0
2014100979 23:10:00 89918 1 0
2014100980 23:20:00 88931 1 0
2014100981 23:30:00 87098 0 0
2014100982 23:40:00 19250 0 0
2014100983 23:50:00 81224 0 1
2014100984 00:00:00 49068 0 0
2014100985 00:10:00 14238 0 0
2014100986 00:20:00 00630 1 0
2014100987 00:30:00 68849 1 0
2014100988 00:40:00 17584 0 0
2014100989 00:50:00 18332 0 1
2014100990 01:00:00 98369 0 0
2014100991 01:10:00 82307 0 0
2014100992 01:20:00 26678 1 0
2014100993 01:30:00 45775 0 1
2014100994 01:40:00 81347 0 0
2014100995 01:50:00 18233 0 1
2014100996 02:00:00 96242 0 1
