2014032601 10:10:00 01098 1 0
2014032602 10:20:00 59892 0 0
2014032603 10:30:00 35816 0 0
2014032604 10:40:00 68341 0 0
2014032605 10:50:00 70630 0 0
2014032606 11:00:00 34469 1 0
2014032607 11:10:00 51966 0 1
2014032608 11:20:00 00423 1 0
2014032609 11:30:00 54758 0 0
2014032610 11:40:00 91745 0 0
2014032611 11:50:00 11384 1 0
2014032612 12:00:00 64136 0 0
2014032613 12:10:00 39808 0 1
2014032614 12:20:00 97653 0 0
2014032615 12:30:00 19074 0 0
2014032616 12:40:00 75808 0 1
2014032617 12:50:00 06959 0 1
2014032618 13:00:00 14982 0 0
2014032619 13:10:00 18891 1 0
2014032620 13:20:00 80888 1 1
2014032621 13:30:00 72282 1 1
2014032622 13:40:00 23159 0 0
2014032623 13:50:00 61543 0 0
2014032624 14:00:00 02784 0 0
2014032625 14:10:00 67619 1 0
2014032626 14:20:00 57131 0 1
2014032627 14:30:00 64543 0 0
2014032628 14:40:00 67501 0 0
2014032629 14:50:00 23677 0 1
2014032630 15:00:00 52117 0 1
2014032631 15:10:00 52500 1 1
2014032632 15:20:00 21940 0 0
2014032633 15:30:00 26920 0 0
2014032634 15:40:00 94333 0 1
2014032635 15:50:00 42723 0 0
2014032636 16:00:00 38316 1 0
2014032637 16:10:00 43128 0 0
2014032638 16:20:00 00513 1 0
2014032639 16:30:00 27314 0 0
2014032640 16:40:00 68497 0 0
2014032641 16:50:00 41255 0 1
2014032642 17:00:00 39198 0 0
2014032643 17:10:00 33707 1 1
2014032644 17:20:00 99425 1 0
2014032645 17:30:00 01484 0 1
2014032646 17:40:00 61833 0 1
2014032647 17:50:00 08212 0 1
2014032648 18:00:00 87250 0 0
2014032649 18:10:00 88530 1 0
2014032650 18:20:00 56837 0 0
2014032651 18:30:00 59200 0 1
2014032652 18:40:00 87985 0 0
2014032653 18:50:00 85009 0 1
2014032654 19:00:00 54403 1 0
2014032655 19:10:00 56318 0 0
2014032656 19:20:00 84504 0 0
2014032657 19:30:00 15005 0 1
2014032658 19:40:00 47649 0 0
2014032659 19:50:00 35161 0 1
2014032660 20:00:00 58077 0 1
2014032661 20:10:00 45364 0 0
2014032662 20:20:00 30621 0 0
2014032663 20:30:00 77785 1 0
2014032664 20:40:00 75714 1 0
2014032665 20:50:00 46928 0 0
2014032666 21:00:00 32189 0 0
2014032667 21:10:00 38496 0 0
2014032668 21:20:00 03311 1 1
2014032669 21:30:00 26122 0 1
2014032670 21:40:00 26593 0 0
2014032671 21:50:00 67649 1 0
2014032672 22:00:00 53561 1 0
2014032673 22:10:00 46719 0 0
2014032674 22:20:00 20593 0 0
2014032675 22:30:00 21924 0 0
2014032676 22:40:00 36269 0 0
2014032677 22:50:00 24265 1 0
2014032678 23:00:00 64217 0 0
2014032679 23:10:00 05091 1 0
2014032680 23:20:00 40429 1 0
2014032681 23:30:00 35473 0 0
2014032682 23:40:00 42351 0 0
2014032683 23:50:00 77468 1 0
2014032684 00:00:00 85128 0 0
2014032685 00:10:00 10072 1 0
2014032686 00:20:00 52330 0 1
2014032687 00:30:00 86139 0 0
2014032688 00:40:00 85062 0 0
2014032689 00:50:00 54953 0 0
2014032690 01:00:00 24751 0 0
2014032691 01:10:00 81893 1 0
2014032692 01:20:00 75850 0 0
2014032693 01:30:00 28216 1 0
2014032694 01:40:00 25153 0 0
2014032695 01:50:00 62347 0 0
2014032696 02:00:00 53507 1 0
