2014122501 10:10:00 03656 0 1
2014122502 10:20:00 84734 0 0
2014122503 10:30:00 36443 0 1
2014122504 10:40:00 16982 0 0
2014122505 10:50:00 76704 1 0
2014122506 11:00:00 97093 0 0
2014122507 11:10:00 87833 1 1
2014122508 11:20:00 69610 1 0
2014122509 11:30:00 52241 1 0
2014122510 11:40:00 05507 1 0
2014122511 11:50:00 34508 0 0
2014122512 12:00:00 43451 1 0
2014122513 12:10:00 39165 0 0
2014122514 12:20:00 22919 1 1
2014122515 12:30:00 22051 1 0
2014122516 12:40:00 09990 1 1
2014122517 12:50:00 34419 1 0
2014122518 13:00:00 00365 1 0
2014122519 13:10:00 14660 0 1
2014122520 13:20:00 88513 1 0
2014122521 13:30:00 19423 0 0
2014122522 13:40:00 06767 0 1
2014122523 13:50:00 87524 0 0
2014122524 14:00:00 26745 0 0
2014122525 14:10:00 21514 0 0
2014122526 14:20:00 71122 1 1
2014122527 14:30:00 43674 0 0
2014122528 14:40:00 23865 0 0
2014122529 14:50:00 57503 1 0
2014122530 15:00:00 31756 0 0
2014122531 15:10:00 45121 0 1
2014122532 15:20:00 15040 0 1
2014122533 15:30:00 45942 0 0
2014122534 15:40:00 85995 0 1
2014122535 15:50:00 47288 0 1
2014122536 16:00:00 40321 0 0
2014122537 16:10:00 53560 1 0
2014122538 16:20:00 81409 0 0
2014122539 16:30:00 74958 0 0
2014122540 16:40:00 94554 0 1
2014122541 16:50:00 03504 0 0
2014122542 17:00:00 03664 0 1
2014122543 17:10:00 74946 0 0
2014122544 17:20:00 73272 0 1
2014122545 17:30:00 61553 0 1
2014122546 17:40:00 42922 0 1
2014122547 17:50:00 50405 0 0
2014122548 18:00:00 39562 0 0
2014122549 18:10:00 56493 0 0
2014122550 18:20:00 69879 0 0
2014122551 18:30:00 12777 0 1
2014122552 18:40:00 22523 1 0
2014122553 18:50:00 40584 0 0
2014122554 19:00:00 06154 0 0
2014122555 19:10:00 61007 0 1
2014122556 19:20:00 54694 0 0
2014122557 19:30:00 25253 1 0
2014122558 19:40:00 40051 1 0
2014122559 19:50:00 34368 1 0
2014122560 20:00:00 07665 0 1
2014122561 20:10:00 92385 0 0
2014122562 20:20:00 40037 1 0
2014122563 20:30:00 25095 0 0
2014122564 20:40:00 73500 0 1
2014122565 20:50:00 15313 0 1
2014122566 21:00:00 94012 0 0
2014122567 21:10:00 87904 0 0
2014122568 21:20:00 26163 0 0
2014122569 21:30:00 89885 1 1
2014122570 21:40:00 91782 0 0
2014122571 21:50:00 84830 1 0
2014122572 22:00:00 82962 0 0
2014122573 22:10:00 31629 0 0
2014122574 22:20:00 58175 0 0
2014122575 22:30:00 97129 0 0
2014122576 22:40:00 61481 0 0
2014122577 22:50:00 46994 0 1
2014122578 23:00:00 73896 0 0
2014122579 23:10:00 07330 0 1
2014122580 23:20:00 82552 0 1
2014122581 23:30:00 53288 0 1
2014122582 23:40:00 56747 0 1
2014122583 23:50:00 51041 0 0
2014122584 00:00:00 53695 0 0
2014122585 00:10:00 13716 0 0
2014122586 00:20:00 73346 1 0
2014122587 00:30:00 71537 0 0
2014122588 00:40:00 61260 0 0
2014122589 00:50:00 84581 0 0
2014122590 01:00:00 19468 0 0
2014122591 01:10:00 94989 1 1
2014122592 01:20:00 10397 0 0
2014122593 01:30:00 47113 0 1
2014122594 01:40:00 36779 0 1
2014122595 01:50:00 29607 0 0
2014122596 02:00:00 23185 0 0
