2014040501 10:10:00 44936 1 0
2014040502 10:20:00 73269 0 0
2014040503 10:30:00 30305 1 0
2014040504 10:40:00 58501 1 0
2014040505 10:50:00 15578 1 0
2014040506 11:00:00 03466 0 1
2014040507 11:10:00 03365 1 0
2014040508 11:20:00 90283 0 0
2014040509 11:30:00 03107 0 0
2014040510 11:40:00 27603 0 0
2014040511 11:50:00 44922 1 1
2014040512 12:00:00 17818 0 1
2014040513 12:10:00 82917 0 0
2014040514 12:20:00 73743 1 0
2014040515 12:30:00 89572 0 0
2014040516 12:40:00 18208 0 0
2014040517 12:50:00 68711 0 1
2014040518 13:00:00 75477 0 1
2014040519 13:10:00 47321 0 0
2014040520 13:20:00 46085 0 0
2014040521 13:30:00 27624 0 0
2014040522 13:40:00 15887 0 1
2014040523 13:50:00 49896 0 0
2014040524 14:00:00 45548 1 0
2014040525 14:10:00 25694 0 0
2014040526 14:20:00 40456 1 0
2014040527 14:30:00 87565 0 1
2014040528 14:40:00 67617 1 0
2014040529 14:50:00 43124 0 0
2014040530 15:00:00 25634 0 0
2014040531 15:10:00 21538 0 0
2014040532 15:20:00 53538 1 0
2014040533 15:30:00 52948 0 0
2014040534 15:40:00 91557 0 1
2014040535 15:50:00 24604 0 0
2014040536 16:00:00 18680 0 0
2014040537 16:10:00 80044 1 1
2014040538 16:20:00 22296 1 0
2014040539 16:30:00 20045 1 0
2014040540 16:40:00 78206 0 0
2014040541 16:50:00 16900 0 1
2014040542 17:00:00 83177 0 1
2014040543 17:10:00 81740 0 0
2014040544 17:20:00 73636 0 1
2014040545 17:30:00 51823 0 0
2014040546 17:40:00 69200 0 1
2014040547 17:50:00 35662 0 1
2014040548 18:00:00 36701 0 0
2014040549 18:10:00 06122 0 1
2014040550 18:20:00 32048 0 0
2014040551 18:30:00 41862 0 0
2014040552 18:40:00 20851 0 0
2014040553 18:50:00 31466 0 1
2014040554 19:00:00 07989 0 1
2014040555 19:10:00 83002 0 1
2014040556 19:20:00 45622 0 1
2014040557 19:30:00 13573 0 0
2014040558 19:40:00 95267 0 0
2014040559 19:50:00 30679 0 0
2014040560 20:00:00 93097 0 0
2014040561 20:10:00 68660 1 1
2014040562 20:20:00 46963 0 0
2014040563 20:30:00 00326 1 0
2014040564 20:40:00 54966 0 1
2014040565 20:50:00 85862 1 0
2014040566 21:00:00 43637 0 0
2014040567 21:10:00 47309 0 0
2014040568 21:20:00 69272 0 1
2014040569 21:30:00 67014 0 0
2014040570 21:40:00 80287 0 0
2014040571 21:50:00 15417 0 0
2014040572 22:00:00 30893 0 0
2014040573 22:10:00 08130 0 0
2014040574 22:20:00 32972 0 0
2014040575 22:30:00 06855 0 1
2014040576 22:40:00 89018 0 0
2014040577 22:50:00 91136 1 0
2014040578 23:00:00 17467 0 0
2014040579 23:10:00 92656 0 1
2014040580 23:20:00 24636 0 1
2014040581 23:30:00 97793 1 0
2014040582 23:40:00 53472 0 0
2014040583 23:50:00 80061 1 0
2014040584 00:00:00 08737 0 1
2014040585 00:10:00 41763 0 0
2014040586 00:20:00 69458 0 0
2014040587 00:30:00 72170 0 0
2014040588 00:40:00 10722 0 1
2014040589 00:50:00 13982 0 0
2014040590 01:00:00 41676 0 1
2014040591 01:10:00 93559 0 1
2014040592 01:20:00 64080 0 1
2014040593 01:30:00 26785 0 0
2014040594 01:40:00 26481 0 0
2014040595 01:50:00 87670 0 0
2014040596 02:00:00 34597 0 0
