2014042301 10:10:00 88545 1 1
2014042302 10:20:00 99511 1 1
2014042303 10:30:00 58811 1 1
2014042304 10:40:00 90306 0 0
2014042305 10:50:00 94008 0 1
2014042306 11:00:00 47905 0 0
2014042307 11:10:00 79182 0 0
2014042308 11:20:00 70888 0 1
2014042309 11:30:00 71652 0 0
2014042310 11:40:00 32978 0 0
2014042311 11:50:00 41595 0 1
2014042312 12:00:00 17296 0 0
2014042313 12:10:00 65308 0 0
2014042314 12:20:00 62970 0 0
2014042315 12:30:00 34755 0 1
2014042316 12:40:00 95875 0 0
2014042317 12:50:00 56242 0 1
2014042318 13:00:00 13229 0 1
2014042319 13:10:00 74925 0 0
2014042320 13:20:00 43216 0 0
2014042321 13:30:00 67461 0 0
2014042322 13:40:00 19401 0 0
2014042323 13:50:00 06353 0 1
2014042324 14:00:00 98553 0 1
2014042325 14:10:00 22615 1 0
2014042326 14:20:00 70539 0 0
2014042327 14:30:00 72451 0 0
2014042328 14:40:00 32357 1 0
2014042329 14:50:00 56125 0 0
2014042330 15:00:00 61576 0 0
2014042331 15:10:00 13637 0 0
2014042332 15:20:00 47685 0 0
2014042333 15:30:00 83845 1 0
2014042334 15:40:00 07410 0 0
2014042335 15:50:00 71900 0 1
2014042336 16:00:00 03383 1 1
2014042337 16:10:00 82414 0 1
2014042338 16:20:00 25930 0 0
2014042339 16:30:00 82416 0 0
2014042340 16:40:00 62916 0 0
2014042341 16:50:00 61538 0 0
2014042342 17:00:00 35617 0 0
2014042343 17:10:00 31590 0 0
2014042344 17:20:00 89344 0 1
2014042345 17:30:00 18168 1 0
2014042346 17:40:00 77892 1 0
2014042347 17:50:00 83104 0 0
2014042348 18:00:00 85161 0 1
2014042349 18:10:00 40144 0 1
2014042350 18:20:00 49588 0 1
2014042351 18:30:00 28140 0 0
2014042352 18:40:00 87472 0 0
2014042353 18:50:00 34367 1 0
2014042354 19:00:00 70670 0 0
2014042355 19:10:00 08675 0 0
2014042356 19:20:00 37080 0 1
2014042357 19:30:00 08366 0 1
2014042358 19:40:00 29417 0 0
2014042359 19:50:00 86137 0 0
2014042360 20:00:00 98555 0 1
2014042361 20:10:00 84592 0 0
2014042362 20:20:00 80676 0 1
2014042363 20:30:00 77440 1 1
2014042364 20:40:00 96996 1 1
2014042365 20:50:00 37423 0 0
2014042366 21:00:00 09377 0 1
2014042367 21:10:00 83635 0 0
2014042368 21:20:00 05257 0 0
2014042369 21:30:00 79350 0 0
2014042370 21:40:00 16731 0 0
2014042371 21:50:00 01242 0 1
2014042372 22:00:00 39685 0 0
2014042373 22:10:00 01132 1 0
2014042374 22:20:00 10561 0 0
2014042375 22:30:00 74208 0 0
2014042376 22:40:00 79904 1 0
2014042377 22:50:00 38216 0 0
2014042378 23:00:00 78982 0 0
2014042379 23:10:00 08758 0 0
2014042380 23:20:00 97819 0 0
2014042381 23:30:00 36237 0 0
2014042382 23:40:00 79741 1 0
2014042383 23:50:00 70917 0 0
2014042384 00:00:00 32551 0 1
2014042385 00:10:00 83391 1 0
2014042386 00:20:00 44675 1 0
2014042387 00:30:00 13872 0 0
2014042388 00:40:00 12324 0 0
2014042389 00:50:00 34226 0 1
2014042390 01:00:00 55083 1 0
2014042391 01:10:00 42430 1 0
2014042392 01:20:00 44979 1 1
2014042393 01:30:00 40281 0 0
2014042394 01:40:00 27438 0 0
2014042395 01:50:00 82677 0 1
2014042396 02:00:00 64811 0 1
