2014121801 10:10:00 12913 0 0
2014121802 10:20:00 88151 1 1
2014121803 10:30:00 54874 0 0
2014121804 10:40:00 74393 0 1
2014121805 10:50:00 19941 1 0
2014121806 11:00:00 14286 0 0
2014121807 11:10:00 66159 1 0
2014121808 11:20:00 64373 0 1
2014121809 11:30:00 65652 1 0
2014121810 11:40:00 73283 0 0
2014121811 11:50:00 75129 0 0
2014121812 12:00:00 01305 0 0
2014121813 12:10:00 70992 0 1
2014121814 12:20:00 63771 0 1
2014121815 12:30:00 33736 1 0
2014121816 12:40:00 16168 1 0
2014121817 12:50:00 94956 1 0
2014121818 13:00:00 60657 1 0
2014121819 13:10:00 51747 0 1
2014121820 13:20:00 38176 0 0
2014121821 13:30:00 72720 1 0
2014121822 13:40:00 80532 0 0
2014121823 13:50:00 82397 0 0
2014121824 14:00:00 69413 0 0
2014121825 14:10:00 18473 0 0
2014121826 14:20:00 28769 0 0
2014121827 14:30:00 38348 1 0
2014121828 14:40:00 88144 1 1
2014121829 14:50:00 52235 1 0
2014121830 15:00:00 46389 0 0
2014121831 15:10:00 48226 0 1
2014121832 15:20:00 53709 0 0
2014121833 15:30:00 51479 0 0
2014121834 15:40:00 19040 0 1
2014121835 15:50:00 88601 1 0
2014121836 16:00:00 59161 0 1
2014121837 16:10:00 43446 1 1
2014121838 16:20:00 12626 0 1
2014121839 16:30:00 85586 1 0
2014121840 16:40:00 18420 0 0
2014121841 16:50:00 01662 0 1
2014121842 17:00:00 83247 0 0
2014121843 17:10:00 95074 0 0
2014121844 17:20:00 97513 0 0
2014121845 17:30:00 77851 1 0
2014121846 17:40:00 45725 0 0
2014121847 17:50:00 58100 0 1
2014121848 18:00:00 80158 0 0
2014121849 18:10:00 38021 0 0
2014121850 18:20:00 50503 1 0
2014121851 18:30:00 02852 0 0
2014121852 18:40:00 90631 0 0
2014121853 18:50:00 82017 0 0
2014121854 19:00:00 40581 0 0
2014121855 19:10:00 67388 0 1
2014121856 19:20:00 15132 1 0
2014121857 19:30:00 42163 0 0
2014121858 19:40:00 17246 0 0
2014121859 19:50:00 82305 0 0
2014121860 20:00:00 59788 0 1
2014121861 20:10:00 05728 0 0
2014121862 20:20:00 60683 1 0
2014121863 20:30:00 54269 0 0
2014121864 20:40:00 41090 0 1
2014121865 20:50:00 21543 0 0
2014121866 21:00:00 16934 0 0
2014121867 21:10:00 25900 0 1
2014121868 21:20:00 54238 0 0
2014121869 21:30:00 65140 0 0
2014121870 21:40:00 25527 1 0
2014121871 21:50:00 45688 0 1
2014121872 22:00:00 33581 1 0
2014121873 22:10:00 08011 1 1
2014121874 22:20:00 22983 1 0
2014121875 22:30:00 55068 1 0
2014121876 22:40:00 94342 0 0
2014121877 22:50:00 24321 0 0
2014121878 23:00:00 84117 0 1
2014121879 23:10:00 52353 0 1
2014121880 23:20:00 28142 0 0
2014121881 23:30:00 38725 0 0
2014121882 23:40:00 78747 1 1
2014121883 23:50:00 25469 0 0
2014121884 00:00:00 27735 1 0
2014121885 00:10:00 03407 0 0
2014121886 00:20:00 94691 0 0
2014121887 00:30:00 62453 0 0
2014121888 00:40:00 11607 1 0
2014121889 00:50:00 55882 1 1
2014121890 01:00:00 01340 0 0
2014121891 01:10:00 64149 0 0
2014121892 01:20:00 77319 1 0
2014121893 01:30:00 95041 0 0
2014121894 01:40:00 80158 0 0
2014121895 01:50:00 99077 1 1
2014121896 02:00:00 25701 0 0
