2014051801 10:10:00 43127 0 0
2014051802 10:20:00 51794 0 0
2014051803 10:30:00 66494 1 1
2014051804 10:40:00 15318 0 0
2014051805 10:50:00 58252 0 1
2014051806 11:00:00 11982 1 0
2014051807 11:10:00 30857 0 0
2014051808 11:20:00 75528 1 0
2014051809 11:30:00 94161 0 1
2014051810 11:40:00 46113 0 1
2014051811 11:50:00 95301 0 0
2014051812 12:00:00 55310 1 0
2014051813 12:10:00 83654 0 0
2014051814 12:20:00 39429 0 0
2014051815 12:30:00 21616 0 1
2014051816 12:40:00 74739 1 0
2014051817 12:50:00 70812 0 0
2014051818 13:00:00 22710 1 0
2014051819 13:10:00 36398 1 0
2014051820 13:20:00 58015 0 0
2014051821 13:30:00 11680 1 0
2014051822 13:40:00 69895 0 0
2014051823 13:50:00 53069 0 0
2014051824 14:00:00 36196 0 0
2014051825 14:10:00 18442 0 1
2014051826 14:20:00 03907 0 0
2014051827 14:30:00 84825 1 0
2014051828 14:40:00 97545 0 1
2014051829 14:50:00 96911 1 1
2014051830 15:00:00 90201 0 0
2014051831 15:10:00 25218 1 0
2014051832 15:20:00 32456 0 0
2014051833 15:30:00 91908 1 0
2014051834 15:40:00 55443 1 1
2014051835 15:50:00 52199 0 1
2014051836 16:00:00 38112 0 1
2014051837 16:10:00 09634 0 0
2014051838 16:20:00 86116 0 1
2014051839 16:30:00 91222 0 1
2014051840 16:40:00 82317 0 0
2014051841 16:50:00 87347 0 0
2014051842 17:00:00 96056 0 0
2014051843 17:10:00 83543 0 0
2014051844 17:20:00 85623 0 0
2014051845 17:30:00 27846 0 0
2014051846 17:40:00 93858 0 1
2014051847 17:50:00 38616 0 1
2014051848 18:00:00 32243 1 0
2014051849 18:10:00 72635 0 0
2014051850 18:20:00 68512 0 0
2014051851 18:30:00 16411 0 1
2014051852 18:40:00 56339 0 1
2014051853 18:50:00 60808 0 1
2014051854 19:00:00 15803 0 0
2014051855 19:10:00 92283 1 0
2014051856 19:20:00 41398 0 0
2014051857 19:30:00 99104 1 0
2014051858 19:40:00 77916 1 0
2014051859 19:50:00 33881 1 1
2014051860 20:00:00 93878 0 1
2014051861 20:10:00 07412 0 0
2014051862 20:20:00 02672 0 0
2014051863 20:30:00 39169 0 0
2014051864 20:40:00 65727 0 1
2014051865 20:50:00 95551 1 1
2014051866 21:00:00 29336 0 1
2014051867 21:10:00 21778 0 1
2014051868 21:20:00 74893 0 0
2014051869 21:30:00 19390 0 0
2014051870 21:40:00 58023 0 0
2014051871 21:50:00 92104 0 0
2014051872 22:00:00 52143 0 0
2014051873 22:10:00 03071 1 0
2014051874 22:20:00 94293 0 0
2014051875 22:30:00 89491 0 0
2014051876 22:40:00 90574 0 0
2014051877 22:50:00 41572 0 0
2014051878 23:00:00 76128 0 0
2014051879 23:10:00 21081 0 0
2014051880 23:20:00 15301 0 0
2014051881 23:30:00 76195 0 0
2014051882 23:40:00 44292 1 1
2014051883 23:50:00 01937 0 0
2014051884 00:00:00 35548 1 0
2014051885 00:10:00 65903 0 0
2014051886 00:20:00 76954 0 0
2014051887 00:30:00 16530 0 0
2014051888 00:40:00 80527 0 0
2014051889 00:50:00 29185 0 0
2014051890 01:00:00 94750 0 0
2014051891 01:10:00 08654 0 0
2014051892 01:20:00 75304 0 0
2014051893 01:30:00 89134 0 0
2014051894 01:40:00 18522 0 1
2014051895 01:50:00 29581 0 0
2014051896 02:00:00 93944 1 1
