2014050601 10:10:00 26546 0 0
2014050602 10:20:00 01657 0 0
2014050603 10:30:00 88289 1 0
2014050604 10:40:00 29906 1 0
2014050605 10:50:00 32998 0 1
2014050606 11:00:00 01945 0 0
2014050607 11:10:00 19266 0 1
2014050608 11:20:00 54484 1 1
2014050609 11:30:00 19119 1 1
2014050610 11:40:00 07646 0 1
2014050611 11:50:00 57665 0 1
2014050612 12:00:00 63786 0 0
2014050613 12:10:00 99559 1 1
2014050614 12:20:00 33518 1 0
2014050615 12:30:00 70692 0 0
2014050616 12:40:00 22152 1 0
2014050617 12:50:00 56777 0 1
2014050618 13:00:00 24197 0 0
2014050619 13:10:00 28798 0 0
2014050620 13:20:00 96335 0 1
2014050621 13:30:00 89986 1 0
2014050622 13:40:00 83578 0 0
2014050623 13:50:00 94836 0 0
2014050624 14:00:00 35674 0 0
2014050625 14:10:00 99422 1 1
2014050626 14:20:00 10391 0 0
2014050627 14:30:00 17795 1 0
2014050628 14:40:00 24514 0 0
2014050629 14:50:00 76952 0 0
2014050630 15:00:00 59914 1 0
2014050631 15:10:00 65056 0 0
2014050632 15:20:00 91328 0 0
2014050633 15:30:00 37910 0 0
2014050634 15:40:00 74920 0 0
2014050635 15:50:00 43676 0 1
2014050636 16:00:00 52015 0 0
2014050637 16:10:00 62895 0 0
2014050638 16:20:00 16209 0 0
2014050639 16:30:00 05605 0 0
2014050640 16:40:00 71920 0 0
2014050641 16:50:00 67250 0 0
2014050642 17:00:00 46245 0 0
2014050643 17:10:00 92526 0 0
2014050644 17:20:00 89725 0 0
2014050645 17:30:00 81784 0 0
2014050646 17:40:00 57599 1 1
2014050647 17:50:00 00173 1 0
2014050648 18:00:00 23851 0 0
2014050649 18:10:00 85309 0 0
2014050650 18:20:00 62105 0 0
2014050651 18:30:00 01654 0 0
2014050652 18:40:00 87322 0 1
2014050653 18:50:00 37478 0 0
2014050654 19:00:00 38064 0 0
2014050655 19:10:00 71903 0 0
2014050656 19:20:00 10113 1 1
2014050657 19:30:00 71328 0 0
2014050658 19:40:00 91920 1 0
2014050659 19:50:00 57563 1 0
2014050660 20:00:00 86679 1 0
2014050661 20:10:00 65625 1 0
2014050662 20:20:00 14317 0 0
2014050663 20:30:00 98001 0 1
2014050664 20:40:00 18543 0 0
2014050665 20:50:00 22915 1 0
2014050666 21:00:00 10083 1 0
2014050667 21:10:00 87075 0 0
2014050668 21:20:00 25055 0 1
2014050669 21:30:00 62786 0 0
2014050670 21:40:00 09393 0 1
2014050671 21:50:00 62234 1 0
2014050672 22:00:00 60936 0 0
2014050673 22:10:00 67780 1 0
2014050674 22:20:00 83051 0 0
2014050675 22:30:00 92465 0 0
2014050676 22:40:00 51848 0 1
2014050677 22:50:00 91722 0 1
2014050678 23:00:00 29632 0 0
2014050679 23:10:00 33285 1 0
2014050680 23:20:00 20966 0 1
2014050681 23:30:00 82935 0 0
2014050682 23:40:00 33182 1 0
2014050683 23:50:00 79087 0 0
2014050684 00:00:00 72456 0 0
2014050685 00:10:00 84385 0 0
2014050686 00:20:00 80071 1 0
2014050687 00:30:00 40134 0 0
2014050688 00:40:00 92642 0 0
2014050689 00:50:00 92963 1 0
2014050690 01:00:00 91765 0 0
2014050691 01:10:00 88158 1 0
2014050692 01:20:00 74735 1 0
2014050693 01:30:00 73762 1 0
2014050694 01:40:00 74894 0 0
2014050695 01:50:00 95998 1 1
2014050696 02:00:00 58533 1 1
