2014080101 10:10:00 70331 0 1
2014080102 10:20:00 38771 0 1
2014080103 10:30:00 78242 0 1
2014080104 10:40:00 10959 0 1
2014080105 10:50:00 11396 1 0
2014080106 11:00:00 47328 0 0
2014080107 11:10:00 09788 0 1
2014080108 11:20:00 83991 0 1
2014080109 11:30:00 87446 0 1
2014080110 11:40:00 95440 0 1
2014080111 11:50:00 31211 0 1
2014080112 12:00:00 30521 0 0
2014080113 12:10:00 97939 1 1
2014080114 12:20:00 04949 0 1
2014080115 12:30:00 36959 0 1
2014080116 12:40:00 15886 0 1
2014080117 12:50:00 74107 0 0
2014080118 13:00:00 80833 1 1
2014080119 13:10:00 31797 0 1
2014080120 13:20:00 29340 0 0
2014080121 13:30:00 99949 1 1
2014080122 13:40:00 35689 0 0
2014080123 13:50:00 38031 0 0
2014080124 14:00:00 06080 1 1
2014080125 14:10:00 39176 0 0
2014080126 14:20:00 17066 0 1
2014080127 14:30:00 08861 1 0
2014080128 14:40:00 13115 1 1
2014080129 14:50:00 24720 0 0
2014080130 15:00:00 56740 0 0
2014080131 15:10:00 91454 0 1
2014080132 15:20:00 79583 0 0
2014080133 15:30:00 24581 0 0
2014080134 15:40:00 13384 1 0
2014080135 15:50:00 81813 1 0
2014080136 16:00:00 50874 0 0
2014080137 16:10:00 19669 0 1
2014080138 16:20:00 97410 0 0
2014080139 16:30:00 30425 0 0
2014080140 16:40:00 28093 0 0
2014080141 16:50:00 13828 0 1
2014080142 17:00:00 63557 0 1
2014080143 17:10:00 20112 0 1
2014080144 17:20:00 94826 0 0
2014080145 17:30:00 91302 0 0
2014080146 17:40:00 62098 0 0
2014080147 17:50:00 82161 0 1
2014080148 18:00:00 04489 1 0
2014080149 18:10:00 29142 0 0
2014080150 18:20:00 42272 1 1
2014080151 18:30:00 69024 0 0
2014080152 18:40:00 13569 0 0
2014080153 18:50:00 04128 0 0
2014080154 19:00:00 49244 0 1
2014080155 19:10:00 68668 1 1
2014080156 19:20:00 78740 1 0
2014080157 19:30:00 68816 1 0
2014080158 19:40:00 37503 0 0
2014080159 19:50:00 20807 0 0
2014080160 20:00:00 06905 0 0
2014080161 20:10:00 98353 0 1
2014080162 20:20:00 57355 0 1
2014080163 20:30:00 57517 1 0
2014080164 20:40:00 54228 0 1
2014080165 20:50:00 92480 0 0
2014080166 21:00:00 70152 0 0
2014080167 21:10:00 17737 1 1
2014080168 21:20:00 38207 0 0
2014080169 21:30:00 75556 1 1
2014080170 21:40:00 35088 0 1
2014080171 21:50:00 32640 0 0
2014080172 22:00:00 50559 1 1
2014080173 22:10:00 17344 0 1
2014080174 22:20:00 67101 0 1
2014080175 22:30:00 20259 1 0
2014080176 22:40:00 49446 1 1
2014080177 22:50:00 89862 1 0
2014080178 23:00:00 70228 0 1
2014080179 23:10:00 46144 0 1
2014080180 23:20:00 61590 0 0
2014080181 23:30:00 48999 0 1
2014080182 23:40:00 39098 0 0
2014080183 23:50:00 20033 1 1
2014080184 00:00:00 94228 0 1
2014080185 00:10:00 23983 0 0
2014080186 00:20:00 09449 0 1
2014080187 00:30:00 18761 0 0
2014080188 00:40:00 06935 0 0
2014080189 00:50:00 97716 1 0
2014080190 01:00:00 50997 0 1
2014080191 01:10:00 00820 1 0
2014080192 01:20:00 23059 0 0
2014080193 01:30:00 47668 0 1
2014080194 01:40:00 83598 0 0
2014080195 01:50:00 78770 1 1
2014080196 02:00:00 73975 0 0
