2014092501 10:10:00 18126 1 0
2014092502 10:20:00 79051 0 0
2014092503 10:30:00 54892 0 0
2014092504 10:40:00 60881 0 1
2014092505 10:50:00 73509 0 0
2014092506 11:00:00 04180 0 0
2014092507 11:10:00 45153 0 0
2014092508 11:20:00 14468 1 0
2014092509 11:30:00 13958 0 0
2014092510 11:40:00 63867 0 0
2014092511 11:50:00 59607 0 0
2014092512 12:00:00 10644 0 1
2014092513 12:10:00 96777 0 1
2014092514 12:20:00 17205 0 0
2014092515 12:30:00 72526 0 0
2014092516 12:40:00 76713 1 0
2014092517 12:50:00 36640 1 0
2014092518 13:00:00 55099 1 1
2014092519 13:10:00 07964 0 0
2014092520 13:20:00 12766 0 1
2014092521 13:30:00 15604 0 0
2014092522 13:40:00 07636 0 1
2014092523 13:50:00 61260 0 0
2014092524 14:00:00 68304 0 0
2014092525 14:10:00 66329 1 0
2014092526 14:20:00 63895 0 0
2014092527 14:30:00 07433 0 1
2014092528 14:40:00 35337 1 1
2014092529 14:50:00 82852 1 0
2014092530 15:00:00 18041 0 0
2014092531 15:10:00 45255 0 1
2014092532 15:20:00 56707 0 1
2014092533 15:30:00 44973 1 0
2014092534 15:40:00 73935 0 0
2014092535 15:50:00 80846 1 0
2014092536 16:00:00 63235 0 0
2014092537 16:10:00 24438 1 0
2014092538 16:20:00 76995 0 1
2014092539 16:30:00 21319 0 0
2014092540 16:40:00 98140 0 0
2014092541 16:50:00 03690 0 0
2014092542 17:00:00 90617 0 0
2014092543 17:10:00 02169 0 0
2014092544 17:20:00 61781 0 0
2014092545 17:30:00 30442 0 1
2014092546 17:40:00 65901 0 0
2014092547 17:50:00 52325 0 0
2014092548 18:00:00 99242 1 1
2014092549 18:10:00 86786 0 0
2014092550 18:20:00 85597 1 0
2014092551 18:30:00 99767 1 1
2014092552 18:40:00 41573 0 0
2014092553 18:50:00 85420 0 0
2014092554 19:00:00 49563 0 0
2014092555 19:10:00 74505 0 1
2014092556 19:20:00 57555 1 1
2014092557 19:30:00 99859 1 0
2014092558 19:40:00 88153 1 0
2014092559 19:50:00 57717 1 1
2014092560 20:00:00 13325 1 0
2014092561 20:10:00 01092 1 0
2014092562 20:20:00 20181 0 1
2014092563 20:30:00 02628 0 0
2014092564 20:40:00 73496 0 0
2014092565 20:50:00 86336 0 1
2014092566 21:00:00 61196 1 0
2014092567 21:10:00 69461 0 0
2014092568 21:20:00 24760 0 0
2014092569 21:30:00 40360 0 0
2014092570 21:40:00 71860 0 0
2014092571 21:50:00 47953 0 0
2014092572 22:00:00 99978 1 0
2014092573 22:10:00 57880 0 1
2014092574 22:20:00 08690 0 0
2014092575 22:30:00 96683 1 0
2014092576 22:40:00 31739 0 0
2014092577 22:50:00 76624 1 0
2014092578 23:00:00 41275 0 0
2014092579 23:10:00 93521 0 0
2014092580 23:20:00 83456 0 0
2014092581 23:30:00 78486 0 0
2014092582 23:40:00 77473 1 0
2014092583 23:50:00 03551 0 1
2014092584 00:00:00 69936 1 0
2014092585 00:10:00 03289 0 0
2014092586 00:20:00 43085 0 0
2014092587 00:30:00 15420 0 0
2014092588 00:40:00 25458 0 0
2014092589 00:50:00 91717 0 1
2014092590 01:00:00 75551 1 1
2014092591 01:10:00 16388 0 1
2014092592 01:20:00 85806 1 0
2014092593 01:30:00 73993 0 1
2014092594 01:40:00 66266 1 1
2014092595 01:50:00 78362 0 0
2014092596 02:00:00 07123 0 0
