2014092701 10:10:00 58606 0 1
2014092702 10:20:00 40848 0 1
2014092703 10:30:00 83939 0 1
2014092704 10:40:00 17607 0 0
2014092705 10:50:00 90136 0 0
2014092706 11:00:00 42438 1 0
2014092707 11:10:00 17805 0 0
2014092708 11:20:00 14468 1 0
2014092709 11:30:00 82114 0 1
2014092710 11:40:00 51357 0 0
2014092711 11:50:00 53137 0 0
2014092712 12:00:00 64553 0 1
2014092713 12:10:00 68172 0 0
2014092714 12:20:00 86638 1 0
2014092715 12:30:00 30813 0 0
2014092716 12:40:00 03723 0 0
2014092717 12:50:00 20008 1 1
2014092718 13:00:00 34381 1 0
2014092719 13:10:00 94968 1 0
2014092720 13:20:00 43125 0 0
2014092721 13:30:00 71811 0 1
2014092722 13:40:00 05996 0 1
2014092723 13:50:00 94953 1 0
2014092724 14:00:00 23159 0 0
2014092725 14:10:00 23494 0 1
2014092726 14:20:00 20364 0 0
2014092727 14:30:00 39661 0 1
2014092728 14:40:00 85859 1 0
2014092729 14:50:00 64611 1 1
2014092730 15:00:00 80719 0 0
2014092731 15:10:00 89365 0 0
2014092732 15:20:00 06104 0 0
2014092733 15:30:00 98422 0 1
2014092734 15:40:00 63602 1 0
2014092735 15:50:00 37611 0 1
2014092736 16:00:00 10728 0 0
2014092737 16:10:00 88461 1 0
2014092738 16:20:00 68446 0 1
2014092739 16:30:00 73964 0 0
2014092740 16:40:00 77134 1 0
2014092741 16:50:00 87061 0 0
2014092742 17:00:00 50489 0 0
2014092743 17:10:00 75389 0 0
2014092744 17:20:00 49328 0 0
2014092745 17:30:00 01086 1 0
2014092746 17:40:00 85376 0 0
2014092747 17:50:00 16663 1 1
2014092748 18:00:00 87451 0 0
2014092749 18:10:00 39031 0 0
2014092750 18:20:00 71840 0 0
2014092751 18:30:00 52080 0 1
2014092752 18:40:00 05780 0 0
2014092753 18:50:00 71552 0 1
2014092754 19:00:00 16941 0 0
2014092755 19:10:00 89010 0 1
2014092756 19:20:00 34369 1 0
2014092757 19:30:00 90725 0 0
2014092758 19:40:00 97714 1 0
2014092759 19:50:00 54483 1 0
2014092760 20:00:00 54594 1 0
2014092761 20:10:00 49981 1 0
2014092762 20:20:00 72249 1 0
2014092763 20:30:00 42327 0 0
2014092764 20:40:00 02765 0 0
2014092765 20:50:00 06802 0 0
2014092766 21:00:00 30752 0 0
2014092767 21:10:00 37944 0 1
2014092768 21:20:00 84532 0 0
2014092769 21:30:00 86938 0 0
2014092770 21:40:00 87553 0 1
2014092771 21:50:00 70078 1 0
2014092772 22:00:00 29655 0 1
2014092773 22:10:00 46921 0 0
2014092774 22:20:00 55692 1 0
2014092775 22:30:00 05396 0 0
2014092776 22:40:00 63059 0 0
2014092777 22:50:00 53611 0 1
2014092778 23:00:00 90155 0 1
2014092779 23:10:00 56783 0 0
2014092780 23:20:00 03615 0 0
2014092781 23:30:00 49855 0 1
2014092782 23:40:00 88352 1 0
2014092783 23:50:00 17450 0 0
2014092784 00:00:00 52684 0 0
2014092785 00:10:00 84524 0 0
2014092786 00:20:00 76048 0 0
2014092787 00:30:00 93708 0 0
2014092788 00:40:00 44463 1 0
2014092789 00:50:00 20209 1 0
2014092790 01:00:00 39779 0 1
2014092791 01:10:00 40204 0 0
2014092792 01:20:00 75739 1 0
2014092793 01:30:00 40613 0 0
2014092794 01:40:00 07804 0 0
2014092795 01:50:00 91804 0 0
2014092796 02:00:00 00624 1 0
