2015010801 10:10:00 05629 0 0
2015010802 10:20:00 52108 0 0
2015010803 10:30:00 72310 0 0
2015010804 10:40:00 25841 0 0
2015010805 10:50:00 06930 0 0
2015010806 11:00:00 53615 0 0
2015010807 11:10:00 70208 0 0
2015010808 11:20:00 35519 1 0
2015010809 11:30:00 46245 0 0
2015010810 11:40:00 32881 0 1
2015010811 11:50:00 81046 0 0
2015010812 12:00:00 86410 0 0
2015010813 12:10:00 59936 1 0
2015010814 12:20:00 24314 0 0
2015010815 12:30:00 57301 0 0
2015010816 12:40:00 85764 0 0
2015010817 12:50:00 67920 0 0
2015010818 13:00:00 41930 0 0
2015010819 13:10:00 52823 0 0
2015010820 13:20:00 43706 0 0
2015010821 13:30:00 35648 0 0
2015010822 13:40:00 21493 0 0
2015010823 13:50:00 86133 0 1
2015010824 14:00:00 57739 1 0
2015010825 14:10:00 62535 0 1
2015010826 14:20:00 07190 0 0
2015010827 14:30:00 59062 0 0
2015010828 14:40:00 70541 0 0
2015010829 14:50:00 91353 0 1
2015010830 15:00:00 58794 0 0
2015010831 15:10:00 69607 1 0
2015010832 15:20:00 88599 1 1
2015010833 15:30:00 17593 0 0
2015010834 15:40:00 13666 0 1
2015010835 15:50:00 20967 0 0
2015010836 16:00:00 89797 0 1
2015010837 16:10:00 26678 1 0
2015010838 16:20:00 82423 0 0
2015010839 16:30:00 57105 0 0
2015010840 16:40:00 67994 0 1
2015010841 16:50:00 88185 1 0
2015010842 17:00:00 62900 0 1
2015010843 17:10:00 07674 0 0
2015010844 17:20:00 68147 0 0
2015010845 17:30:00 98232 0 1
2015010846 17:40:00 57739 1 0
2015010847 17:50:00 65885 0 1
2015010848 18:00:00 56960 0 0
2015010849 18:10:00 37727 1 1
2015010850 18:20:00 59195 0 0
2015010851 18:30:00 06355 0 1
2015010852 18:40:00 41905 0 0
2015010853 18:50:00 73530 0 0
2015010854 19:00:00 95915 1 0
2015010855 19:10:00 04645 0 0
2015010856 19:20:00 62290 1 0
2015010857 19:30:00 23722 0 1
2015010858 19:40:00 68648 1 0
2015010859 19:50:00 96512 0 0
2015010860 20:00:00 20096 1 0
2015010861 20:10:00 10971 0 0
2015010862 20:20:00 93968 1 0
2015010863 20:30:00 35469 0 0
2015010864 20:40:00 89367 0 0
2015010865 20:50:00 85205 0 0
2015010866 21:00:00 69845 0 0
2015010867 21:10:00 54727 0 1
2015010868 21:20:00 72035 0 0
2015010869 21:30:00 52968 0 0
2015010870 21:40:00 40651 0 0
2015010871 21:50:00 19364 0 0
2015010872 22:00:00 79927 1 0
2015010873 22:10:00 35402 0 0
2015010874 22:20:00 51569 1 0
2015010875 22:30:00 70409 0 0
2015010876 22:40:00 67804 0 0
2015010877 22:50:00 81034 0 0
2015010878 23:00:00 90069 1 0
2015010879 23:10:00 22477 1 1
2015010880 23:20:00 42861 0 0
2015010881 23:30:00 59225 0 1
2015010882 23:40:00 81337 0 1
2015010883 23:50:00 80329 0 0
2015010884 00:00:00 08763 0 0
2015010885 00:10:00 51171 1 1
2015010886 00:20:00 03107 0 0
2015010887 00:30:00 20380 0 0
2015010888 00:40:00 69750 0 0
2015010889 00:50:00 06115 0 1
2015010890 01:00:00 07614 0 0
2015010891 01:10:00 45021 0 0
2015010892 01:20:00 01976 0 0
2015010893 01:30:00 67410 0 0
2015010894 01:40:00 53932 0 0
2015010895 01:50:00 46365 0 0
2015010896 02:00:00 07941 0 0
