2015022801 10:10:00 76701 1 0
2015022802 10:20:00 07809 0 0
2015022803 10:30:00 79984 1 0
2015022804 10:40:00 15501 1 0
2015022805 10:50:00 04081 1 0
2015022806 11:00:00 54005 0 1
2015022807 11:10:00 35626 0 1
2015022808 11:20:00 59697 0 0
2015022809 11:30:00 80486 0 0
2015022810 11:40:00 13439 0 0
2015022811 11:50:00 44477 1 1
2015022812 12:00:00 83821 1 0
2015022813 12:10:00 43665 0 1
2015022814 12:20:00 38546 0 0
2015022815 12:30:00 77597 1 0
2015022816 12:40:00 76396 0 0
2015022817 12:50:00 37712 1 0
2015022818 13:00:00 00232 1 1
2015022819 13:10:00 17689 0 0
2015022820 13:20:00 34244 0 1
2015022821 13:30:00 18045 0 0
2015022822 13:40:00 41586 0 0
2015022823 13:50:00 79877 0 1
2015022824 14:00:00 75107 0 0
2015022825 14:10:00 59420 0 0
2015022826 14:20:00 89570 0 0
2015022827 14:30:00 88344 1 1
2015022828 14:40:00 91468 0 0
2015022829 14:50:00 85420 0 0
2015022830 15:00:00 05269 0 0
2015022831 15:10:00 74218 0 0
2015022832 15:20:00 67093 0 0
2015022833 15:30:00 27418 0 0
2015022834 15:40:00 74269 0 0
2015022835 15:50:00 27652 0 0
2015022836 16:00:00 03248 0 0
2015022837 16:10:00 18210 0 0
2015022838 16:20:00 58484 0 1
2015022839 16:30:00 01502 0 0
2015022840 16:40:00 15044 0 1
2015022841 16:50:00 73588 0 1
2015022842 17:00:00 58397 0 0
2015022843 17:10:00 42357 0 0
2015022844 17:20:00 38832 1 0
2015022845 17:30:00 07936 0 0
2015022846 17:40:00 09430 0 0
2015022847 17:50:00 43655 0 1
2015022848 18:00:00 21999 0 1
2015022849 18:10:00 21269 1 0
2015022850 18:20:00 11708 1 0
2015022851 18:30:00 34053 0 0
2015022852 18:40:00 89755 0 1
2015022853 18:50:00 06196 0 0
2015022854 19:00:00 69157 0 0
2015022855 19:10:00 32336 1 1
2015022856 19:20:00 08009 1 1
2015022857 19:30:00 43163 0 0
2015022858 19:40:00 52499 0 1
2015022859 19:50:00 76351 0 0
2015022860 20:00:00 72161 0 1
2015022861 20:10:00 92864 0 0
2015022862 20:20:00 01996 0 1
2015022863 20:30:00 16324 0 0
2015022864 20:40:00 39234 0 0
2015022865 20:50:00 89289 0 0
2015022866 21:00:00 36634 1 0
2015022867 21:10:00 59980 1 0
2015022868 21:20:00 79792 1 0
2015022869 21:30:00 39793 0 0
2015022870 21:40:00 52511 1 1
2015022871 21:50:00 74065 0 0
2015022872 22:00:00 53220 0 1
2015022873 22:10:00 23058 0 0
2015022874 22:20:00 01047 1 0
2015022875 22:30:00 03578 0 0
2015022876 22:40:00 64305 0 0
2015022877 22:50:00 08031 1 0
2015022878 23:00:00 79594 0 0
2015022879 23:10:00 97148 0 0
2015022880 23:20:00 17401 0 0
2015022881 23:30:00 72939 0 1
2015022882 23:40:00 13395 1 0
2015022883 23:50:00 67681 1 0
2015022884 00:00:00 91192 1 0
2015022885 00:10:00 40595 0 1
2015022886 00:20:00 15364 0 0
2015022887 00:30:00 19531 0 0
2015022888 00:40:00 74243 0 0
2015022889 00:50:00 05923 0 0
2015022890 01:00:00 03952 0 0
2015022891 01:10:00 76922 0 1
2015022892 01:20:00 05215 0 0
2015022893 01:30:00 19048 0 0
2015022894 01:40:00 42910 0 0
2015022895 01:50:00 07246 0 0
2015022896 02:00:00 85200 0 1
