2015010901 10:10:00 08452 0 0
2015010902 10:20:00 70728 1 0
2015010903 10:30:00 46872 0 0
2015010904 10:40:00 80974 0 0
2015010905 10:50:00 07062 1 0
2015010906 11:00:00 78566 0 1
2015010907 11:10:00 80312 0 0
2015010908 11:20:00 61206 0 0
2015010909 11:30:00 50509 1 0
2015010910 11:40:00 15558 1 1
2015010911 11:50:00 28880 1 1
2015010912 12:00:00 27585 0 1
2015010913 12:10:00 13186 1 0
2015010914 12:20:00 59073 0 0
2015010915 12:30:00 24131 0 1
2015010916 12:40:00 77359 1 0
2015010917 12:50:00 55827 1 0
2015010918 13:00:00 01037 1 0
2015010919 13:10:00 25462 0 0
2015010920 13:20:00 34327 1 0
2015010921 13:30:00 73042 0 0
2015010922 13:40:00 38548 0 0
2015010923 13:50:00 48656 0 1
2015010924 14:00:00 41758 0 0
2015010925 14:10:00 28208 1 0
2015010926 14:20:00 01478 0 0
2015010927 14:30:00 65982 0 0
2015010928 14:40:00 35745 0 0
2015010929 14:50:00 44068 1 0
2015010930 15:00:00 34598 0 0
2015010931 15:10:00 94242 0 1
2015010932 15:20:00 11992 1 1
2015010933 15:30:00 77477 1 1
2015010934 15:40:00 27748 1 0
2015010935 15:50:00 01446 0 1
2015010936 16:00:00 63200 0 1
2015010937 16:10:00 66272 1 1
2015010938 16:20:00 70857 0 0
2015010939 16:30:00 61857 0 0
2015010940 16:40:00 13834 0 0
2015010941 16:50:00 10331 0 1
2015010942 17:00:00 06488 0 1
2015010943 17:10:00 44800 1 1
2015010944 17:20:00 32349 1 0
2015010945 17:30:00 03850 0 0
2015010946 17:40:00 81219 0 0
2015010947 17:50:00 31234 0 0
2015010948 18:00:00 70927 0 0
2015010949 18:10:00 39946 1 0
2015010950 18:20:00 51237 0 0
2015010951 18:30:00 56549 1 0
2015010952 18:40:00 47075 0 0
2015010953 18:50:00 56288 0 1
2015010954 19:00:00 12415 0 0
2015010955 19:10:00 12191 1 1
2015010956 19:20:00 34789 0 0
2015010957 19:30:00 68985 0 0
2015010958 19:40:00 07869 0 0
2015010959 19:50:00 06791 0 0
2015010960 20:00:00 61084 0 0
2015010961 20:10:00 59527 1 0
2015010962 20:20:00 86405 0 0
2015010963 20:30:00 51501 1 0
2015010964 20:40:00 45174 0 0
2015010965 20:50:00 41140 1 0
2015010966 21:00:00 41513 0 0
2015010967 21:10:00 43807 0 0
2015010968 21:20:00 82042 0 0
2015010969 21:30:00 08847 1 0
2015010970 21:40:00 27845 0 0
2015010971 21:50:00 45424 1 1
2015010972 22:00:00 09399 0 1
2015010973 22:10:00 79923 1 0
2015010974 22:20:00 40022 1 1
2015010975 22:30:00 33645 1 0
2015010976 22:40:00 99798 1 0
2015010977 22:50:00 48645 0 0
2015010978 23:00:00 17273 0 0
2015010979 23:10:00 89681 0 0
2015010980 23:20:00 00453 1 0
2015010981 23:30:00 76396 0 0
2015010982 23:40:00 77048 1 0
2015010983 23:50:00 19284 0 0
2015010984 00:00:00 69557 0 1
2015010985 00:10:00 92441 0 1
2015010986 00:20:00 62916 0 0
2015010987 00:30:00 87416 0 0
2015010988 00:40:00 18918 0 0
2015010989 00:50:00 60965 0 0
2015010990 01:00:00 05595 1 1
2015010991 01:10:00 91474 0 1
2015010992 01:20:00 97234 0 0
2015010993 01:30:00 46171 0 1
2015010994 01:40:00 47201 0 0
2015010995 01:50:00 65339 0 1
2015010996 02:00:00 32855 0 1
