2015071001 10:10:00 15500 1 1
2015071002 10:20:00 50586 1 0
2015071003 10:30:00 52373 0 1
2015071004 10:40:00 82985 0 0
2015071005 10:50:00 75622 0 1
2015071006 11:00:00 60189 0 0
2015071007 11:10:00 98512 0 0
2015071008 11:20:00 31842 0 0
2015071009 11:30:00 11837 1 0
2015071010 11:40:00 38499 0 1
2015071011 11:50:00 05259 0 0
2015071012 12:00:00 64999 0 1
2015071013 12:10:00 67207 0 0
2015071014 12:20:00 14035 0 0
2015071015 12:30:00 61692 1 0
2015071016 12:40:00 41939 0 1
2015071017 12:50:00 61194 1 0
2015071018 13:00:00 93853 0 0
2015071019 13:10:00 62135 0 0
2015071020 13:20:00 70415 0 0
2015071021 13:30:00 95174 0 0
2015071022 13:40:00 24405 1 0
2015071023 13:50:00 55167 1 0
2015071024 14:00:00 04140 0 0
2015071025 14:10:00 23910 0 0
2015071026 14:20:00 79616 0 1
2015071027 14:30:00 19063 0 0
2015071028 14:40:00 87311 0 1
2015071029 14:50:00 94338 0 1
2015071030 15:00:00 47373 0 1
2015071031 15:10:00 03649 0 0
2015071032 15:20:00 22917 1 0
2015071033 15:30:00 81400 0 1
2015071034 15:40:00 25945 0 0
2015071035 15:50:00 56648 1 0
2015071036 16:00:00 69218 0 0
2015071037 16:10:00 46874 0 0
2015071038 16:20:00 70025 1 0
2015071039 16:30:00 41019 0 0
2015071040 16:40:00 34666 0 1
2015071041 16:50:00 86018 0 0
2015071042 17:00:00 11634 1 0
2015071043 17:10:00 44603 1 0
2015071044 17:20:00 73876 0 0
2015071045 17:30:00 58724 0 0
2015071046 17:40:00 42734 0 0
2015071047 17:50:00 04206 0 0
2015071048 18:00:00 33238 1 0
2015071049 18:10:00 57385 0 0
2015071050 18:20:00 93797 0 1
2015071051 18:30:00 98042 0 0
2015071052 18:40:00 88378 1 0
2015071053 18:50:00 04955 0 1
2015071054 19:00:00 20941 0 0
2015071055 19:10:00 55243 1 0
2015071056 19:20:00 08545 0 1
2015071057 19:30:00 53166 0 1
2015071058 19:40:00 60569 0 0
2015071059 19:50:00 87995 0 1
2015071060 20:00:00 75020 0 1
2015071061 20:10:00 21139 1 0
2015071062 20:20:00 64971 0 0
2015071063 20:30:00 04444 1 1
2015071064 20:40:00 45368 0 0
2015071065 20:50:00 65516 1 0
2015071066 21:00:00 71587 0 0
2015071067 21:10:00 61219 0 0
2015071068 21:20:00 02886 0 1
2015071069 21:30:00 61890 0 0
2015071070 21:40:00 14044 0 1
2015071071 21:50:00 02499 0 1
2015071072 22:00:00 22456 1 0
2015071073 22:10:00 15645 0 0
2015071074 22:20:00 86665 1 1
2015071075 22:30:00 21332 0 1
2015071076 22:40:00 60619 1 0
2015071077 22:50:00 40400 1 1
2015071078 23:00:00 07818 0 1
2015071079 23:10:00 57130 0 0
2015071080 23:20:00 17809 0 0
2015071081 23:30:00 23049 0 0
2015071082 23:40:00 13922 0 1
2015071083 23:50:00 77371 1 0
2015071084 00:00:00 10455 0 1
2015071085 00:10:00 07143 0 0
2015071086 00:20:00 81026 0 0
2015071087 00:30:00 33652 1 0
2015071088 00:40:00 66940 1 0
2015071089 00:50:00 67189 0 0
2015071090 01:00:00 36841 0 0
2015071091 01:10:00 56668 1 1
2015071092 01:20:00 74237 0 0
2015071093 01:30:00 09958 1 0
2015071094 01:40:00 26039 0 0
2015071095 01:50:00 26974 0 0
2015071096 02:00:00 30656 0 1
