2015041901 10:10:00 70769 1 0
2015041902 10:20:00 63496 0 0
2015041903 10:30:00 70748 1 0
2015041904 10:40:00 26740 0 0
2015041905 10:50:00 81550 0 1
2015041906 11:00:00 60628 1 0
2015041907 11:10:00 63600 1 1
2015041908 11:20:00 89774 0 1
2015041909 11:30:00 15031 0 0
2015041910 11:40:00 39700 0 1
2015041911 11:50:00 79807 0 0
2015041912 12:00:00 75204 0 0
2015041913 12:10:00 83743 0 0
2015041914 12:20:00 30606 0 1
2015041915 12:30:00 89873 1 0
2015041916 12:40:00 60523 0 0
2015041917 12:50:00 75760 1 0
2015041918 13:00:00 50803 0 0
2015041919 13:10:00 04359 0 0
2015041920 13:20:00 42471 1 0
2015041921 13:30:00 47938 0 0
2015041922 13:40:00 39916 1 0
2015041923 13:50:00 89336 0 1
2015041924 14:00:00 18890 1 0
2015041925 14:10:00 31134 1 0
2015041926 14:20:00 79858 0 1
2015041927 14:30:00 02241 1 0
2015041928 14:40:00 18087 0 0
2015041929 14:50:00 27069 0 0
2015041930 15:00:00 10177 1 1
2015041931 15:10:00 37557 0 1
2015041932 15:20:00 92959 1 1
2015041933 15:30:00 34655 0 1
2015041934 15:40:00 20418 0 0
2015041935 15:50:00 86040 0 1
2015041936 16:00:00 68784 0 0
2015041937 16:10:00 87708 1 0
2015041938 16:20:00 54451 1 0
2015041939 16:30:00 44499 1 1
2015041940 16:40:00 16574 0 0
2015041941 16:50:00 13720 0 0
2015041942 17:00:00 88720 1 0
2015041943 17:10:00 57717 1 1
2015041944 17:20:00 51355 0 1
2015041945 17:30:00 06015 1 0
2015041946 17:40:00 44215 1 0
2015041947 17:50:00 73551 0 1
2015041948 18:00:00 39218 0 0
2015041949 18:10:00 52810 0 0
2015041950 18:20:00 74171 0 1
2015041951 18:30:00 55552 1 1
2015041952 18:40:00 72210 1 0
2015041953 18:50:00 43979 0 1
2015041954 19:00:00 01679 0 0
2015041955 19:10:00 21547 0 0
2015041956 19:20:00 21904 0 0
2015041957 19:30:00 13237 0 0
2015041958 19:40:00 91803 0 0
2015041959 19:50:00 29401 0 0
2015041960 20:00:00 63091 0 0
2015041961 20:10:00 05923 0 0
2015041962 20:20:00 23896 0 0
2015041963 20:30:00 16220 0 1
2015041964 20:40:00 85846 1 0
2015041965 20:50:00 42942 0 0
2015041966 21:00:00 87615 0 0
2015041967 21:10:00 67216 0 0
2015041968 21:20:00 91275 0 0
2015041969 21:30:00 75038 0 0
2015041970 21:40:00 78150 0 0
2015041971 21:50:00 99682 1 0
2015041972 22:00:00 20789 0 0
2015041973 22:10:00 42184 0 0
2015041974 22:20:00 95443 0 1
2015041975 22:30:00 89255 0 1
2015041976 22:40:00 55220 1 1
2015041977 22:50:00 50493 0 0
2015041978 23:00:00 80521 0 0
2015041979 23:10:00 05784 0 0
2015041980 23:20:00 05322 0 1
2015041981 23:30:00 62575 0 1
2015041982 23:40:00 39463 0 0
2015041983 23:50:00 53025 0 0
2015041984 00:00:00 30889 0 1
2015041985 00:10:00 78034 0 0
2015041986 00:20:00 74439 1 0
2015041987 00:30:00 07153 0 0
2015041988 00:40:00 91702 0 0
2015041989 00:50:00 30064 1 0
2015041990 01:00:00 03077 1 1
2015041991 01:10:00 61865 0 0
2015041992 01:20:00 03257 0 0
2015041993 01:30:00 35215 0 0
2015041994 01:40:00 99956 1 0
2015041995 01:50:00 73614 0 0
2015041996 02:00:00 58701 0 0
