2015091801 10:10:00 01592 0 0
2015091802 10:20:00 46633 1 1
2015091803 10:30:00 81660 0 1
2015091804 10:40:00 64843 0 0
2015091805 10:50:00 16580 0 0
2015091806 11:00:00 99457 1 0
2015091807 11:10:00 74038 0 0
2015091808 11:20:00 69302 0 0
2015091809 11:30:00 37395 1 0
2015091810 11:40:00 88757 1 1
2015091811 11:50:00 37318 1 0
2015091812 12:00:00 30747 0 1
2015091813 12:10:00 78983 0 0
2015091814 12:20:00 70927 0 0
2015091815 12:30:00 40145 0 0
2015091816 12:40:00 87273 0 0
2015091817 12:50:00 01680 0 0
2015091818 13:00:00 03604 0 0
2015091819 13:10:00 66650 1 0
2015091820 13:20:00 63919 0 1
2015091821 13:30:00 42904 0 0
2015091822 13:40:00 96715 0 0
2015091823 13:50:00 10829 0 0
2015091824 14:00:00 96477 0 1
2015091825 14:10:00 26896 0 0
2015091826 14:20:00 68580 0 0
2015091827 14:30:00 65049 0 0
2015091828 14:40:00 05091 1 0
2015091829 14:50:00 03786 0 0
2015091830 15:00:00 90991 1 1
2015091831 15:10:00 55074 1 0
2015091832 15:20:00 28327 0 0
2015091833 15:30:00 76329 0 0
2015091834 15:40:00 53268 0 0
2015091835 15:50:00 31200 0 1
2015091836 16:00:00 23668 0 1
2015091837 16:10:00 25444 0 1
2015091838 16:20:00 82195 0 0
2015091839 16:30:00 21144 1 1
2015091840 16:40:00 42329 0 0
2015091841 16:50:00 11239 1 0
2015091842 17:00:00 02318 0 0
2015091843 17:10:00 52133 0 1
2015091844 17:20:00 37125 0 0
2015091845 17:30:00 55516 1 0
2015091846 17:40:00 03230 0 0
2015091847 17:50:00 14888 0 1
2015091848 18:00:00 71632 0 0
2015091849 18:10:00 48832 1 0
2015091850 18:20:00 57797 1 1
2015091851 18:30:00 65366 0 1
2015091852 18:40:00 40368 0 0
2015091853 18:50:00 94247 0 0
2015091854 19:00:00 28316 0 0
2015091855 19:10:00 06175 0 0
2015091856 19:20:00 24084 0 0
2015091857 19:30:00 46757 0 1
2015091858 19:40:00 36785 0 0
2015091859 19:50:00 70173 0 0
2015091860 20:00:00 91177 1 1
2015091861 20:10:00 02673 0 0
2015091862 20:20:00 79341 0 0
2015091863 20:30:00 31724 0 0
2015091864 20:40:00 99214 1 0
2015091865 20:50:00 58700 0 1
2015091866 21:00:00 15500 1 1
2015091867 21:10:00 36877 0 1
2015091868 21:20:00 78922 0 1
2015091869 21:30:00 60837 0 0
2015091870 21:40:00 29847 0 0
2015091871 21:50:00 45764 0 0
2015091872 22:00:00 55781 1 0
2015091873 22:10:00 79355 0 1
2015091874 22:20:00 02342 0 0
2015091875 22:30:00 27378 0 0
2015091876 22:40:00 75404 0 1
2015091877 22:50:00 51984 0 0
2015091878 23:00:00 48309 0 0
2015091879 23:10:00 43478 1 0
2015091880 23:20:00 89386 0 0
2015091881 23:30:00 86980 0 0
2015091882 23:40:00 11443 1 1
2015091883 23:50:00 43657 0 0
2015091884 00:00:00 96615 1 0
2015091885 00:10:00 67762 1 0
2015091886 00:20:00 14667 0 1
2015091887 00:30:00 10930 0 0
2015091888 00:40:00 04557 0 1
2015091889 00:50:00 73313 1 1
2015091890 01:00:00 77917 1 0
2015091891 01:10:00 42343 0 1
2015091892 01:20:00 25407 0 0
2015091893 01:30:00 56724 0 0
2015091894 01:40:00 67816 0 0
2015091895 01:50:00 20232 1 1
2015091896 02:00:00 26608 1 0
