2015091501 10:10:00 99320 1 0
2015091502 10:20:00 48304 0 0
2015091503 10:30:00 94929 1 1
2015091504 10:40:00 54279 0 0
2015091505 10:50:00 79257 0 0
2015091506 11:00:00 00490 1 0
2015091507 11:10:00 14836 0 0
2015091508 11:20:00 85674 0 0
2015091509 11:30:00 07889 0 1
2015091510 11:40:00 78682 0 0
2015091511 11:50:00 05551 1 1
2015091512 12:00:00 01257 0 0
2015091513 12:10:00 50333 0 1
2015091514 12:20:00 38698 0 0
2015091515 12:30:00 84090 0 1
2015091516 12:40:00 09143 0 0
2015091517 12:50:00 09158 0 0
2015091518 13:00:00 22995 1 1
2015091519 13:10:00 25135 0 0
2015091520 13:20:00 34626 0 1
2015091521 13:30:00 56014 0 0
2015091522 13:40:00 47572 0 0
2015091523 13:50:00 22139 1 0
2015091524 14:00:00 15336 0 1
2015091525 14:10:00 04897 0 0
2015091526 14:20:00 03885 0 1
2015091527 14:30:00 41759 0 0
2015091528 14:40:00 97470 0 0
2015091529 14:50:00 99594 1 0
2015091530 15:00:00 43242 0 1
2015091531 15:10:00 38622 0 1
2015091532 15:20:00 73297 0 0
2015091533 15:30:00 03061 1 0
2015091534 15:40:00 28079 0 0
2015091535 15:50:00 75490 0 0
2015091536 16:00:00 97352 0 0
2015091537 16:10:00 57327 0 0
2015091538 16:20:00 85465 0 0
2015091539 16:30:00 11820 1 0
2015091540 16:40:00 31105 1 0
2015091541 16:50:00 40103 0 0
2015091542 17:00:00 87929 0 1
2015091543 17:10:00 99046 1 0
2015091544 17:20:00 64504 0 0
2015091545 17:30:00 89382 0 0
2015091546 17:40:00 09924 1 0
2015091547 17:50:00 45853 0 0
2015091548 18:00:00 06137 0 0
2015091549 18:10:00 23895 0 0
2015091550 18:20:00 52178 0 0
2015091551 18:30:00 54246 0 0
2015091552 18:40:00 66526 1 0
2015091553 18:50:00 70902 0 0
2015091554 19:00:00 05231 0 0
2015091555 19:10:00 31911 0 1
2015091556 19:20:00 05744 0 1
2015091557 19:30:00 67737 1 1
2015091558 19:40:00 53118 0 1
2015091559 19:50:00 17277 0 1
2015091560 20:00:00 95462 0 0
2015091561 20:10:00 32412 0 0
2015091562 20:20:00 85602 0 0
2015091563 20:30:00 77306 1 0
2015091564 20:40:00 68956 0 0
2015091565 20:50:00 70899 0 1
2015091566 21:00:00 55192 1 0
2015091567 21:10:00 33447 1 1
2015091568 21:20:00 26515 0 1
2015091569 21:30:00 93140 0 0
2015091570 21:40:00 82371 0 0
2015091571 21:50:00 35366 1 1
2015091572 22:00:00 47510 0 0
2015091573 22:10:00 15831 0 0
2015091574 22:20:00 31627 0 0
2015091575 22:30:00 19787 0 1
2015091576 22:40:00 66403 1 0
2015091577 22:50:00 51158 1 0
2015091578 23:00:00 47227 0 1
2015091579 23:10:00 91287 0 0
2015091580 23:20:00 97680 0 0
2015091581 23:30:00 49373 0 1
2015091582 23:40:00 11399 1 1
2015091583 23:50:00 38925 0 0
2015091584 00:00:00 62000 0 1
2015091585 00:10:00 56851 0 0
2015091586 00:20:00 64475 1 0
2015091587 00:30:00 34850 0 0
2015091588 00:40:00 99279 1 0
2015091589 00:50:00 98274 0 0
2015091590 01:00:00 62400 0 1
2015091591 01:10:00 07812 0 0
2015091592 01:20:00 15760 0 0
2015091593 01:30:00 64726 0 0
2015091594 01:40:00 67735 1 0
2015091595 01:50:00 85913 0 0
2015091596 02:00:00 28272 1 1
