2015070601 10:10:00 08489 0 0
2015070602 10:20:00 74356 0 0
2015070603 10:30:00 43127 0 0
2015070604 10:40:00 94216 0 0
2015070605 10:50:00 95571 1 0
2015070606 11:00:00 29986 1 0
2015070607 11:10:00 22709 1 0
2015070608 11:20:00 46749 0 0
2015070609 11:30:00 12683 0 0
2015070610 11:40:00 00253 1 0
2015070611 11:50:00 51005 0 1
2015070612 12:00:00 55967 1 0
2015070613 12:10:00 75603 0 0
2015070614 12:20:00 07093 1 0
2015070615 12:30:00 04748 0 0
2015070616 12:40:00 95572 1 0
2015070617 12:50:00 49084 0 0
2015070618 13:00:00 05668 0 1
2015070619 13:10:00 69351 0 0
2015070620 13:20:00 71567 0 0
2015070621 13:30:00 99260 1 0
2015070622 13:40:00 30079 1 0
2015070623 13:50:00 09280 0 0
2015070624 14:00:00 25984 0 0
2015070625 14:10:00 37687 0 0
2015070626 14:20:00 93652 0 0
2015070627 14:30:00 97679 0 0
2015070628 14:40:00 89908 1 0
2015070629 14:50:00 57657 0 0
2015070630 15:00:00 69845 0 0
2015070631 15:10:00 07558 0 1
2015070632 15:20:00 47229 0 1
2015070633 15:30:00 70184 0 0
2015070634 15:40:00 67241 0 0
2015070635 15:50:00 38236 0 0
2015070636 16:00:00 51006 0 1
2015070637 16:10:00 88404 1 1
2015070638 16:20:00 24516 0 0
2015070639 16:30:00 57821 0 0
2015070640 16:40:00 41043 0 0
2015070641 16:50:00 82843 1 0
2015070642 17:00:00 11885 1 1
2015070643 17:10:00 72144 0 1
2015070644 17:20:00 59117 0 1
2015070645 17:30:00 72844 0 1
2015070646 17:40:00 45051 0 0
2015070647 17:50:00 55775 1 1
2015070648 18:00:00 90212 0 1
2015070649 18:10:00 40394 0 0
2015070650 18:20:00 43261 0 0
2015070651 18:30:00 26339 0 1
2015070652 18:40:00 35921 0 0
2015070653 18:50:00 54955 0 1
2015070654 19:00:00 25448 0 1
2015070655 19:10:00 17390 0 0
2015070656 19:20:00 09420 0 0
2015070657 19:30:00 48553 0 1
2015070658 19:40:00 55028 1 0
2015070659 19:50:00 29348 0 0
2015070660 20:00:00 26934 0 0
2015070661 20:10:00 10574 0 0
2015070662 20:20:00 87544 0 1
2015070663 20:30:00 37477 0 1
2015070664 20:40:00 78296 0 0
2015070665 20:50:00 47893 0 0
2015070666 21:00:00 81784 0 0
2015070667 21:10:00 59016 0 0
2015070668 21:20:00 95854 0 0
2015070669 21:30:00 98386 0 0
2015070670 21:40:00 06317 0 0
2015070671 21:50:00 74555 0 1
2015070672 22:00:00 25336 0 1
2015070673 22:10:00 68054 0 0
2015070674 22:20:00 98871 1 0
2015070675 22:30:00 23061 0 0
2015070676 22:40:00 84478 1 0
2015070677 22:50:00 36242 0 1
2015070678 23:00:00 91537 0 0
2015070679 23:10:00 93014 0 0
2015070680 23:20:00 40719 0 0
2015070681 23:30:00 38271 0 0
2015070682 23:40:00 44266 1 1
2015070683 23:50:00 79775 1 1
2015070684 00:00:00 69559 0 1
2015070685 00:10:00 86877 1 1
2015070686 00:20:00 04163 0 0
2015070687 00:30:00 17695 0 0
2015070688 00:40:00 77880 1 1
2015070689 00:50:00 62372 0 0
2015070690 01:00:00 25313 0 1
2015070691 01:10:00 98447 0 1
2015070692 01:20:00 21575 0 1
2015070693 01:30:00 46295 0 0
2015070694 01:40:00 24101 0 1
2015070695 01:50:00 36049 0 0
2015070696 02:00:00 01925 0 0
