2015032701 10:10:00 73269 0 0
2015032702 10:20:00 16333 0 1
2015032703 10:30:00 57006 0 1
2015032704 10:40:00 53664 0 1
2015032705 10:50:00 25620 0 0
2015032706 11:00:00 02652 0 0
2015032707 11:10:00 69714 0 0
2015032708 11:20:00 76308 0 0
2015032709 11:30:00 33779 1 1
2015032710 11:40:00 42499 1 1
2015032711 11:50:00 33787 1 1
2015032712 12:00:00 22199 1 1
2015032713 12:10:00 33146 1 0
2015032714 12:20:00 69848 0 1
2015032715 12:30:00 67763 1 0
2015032716 12:40:00 05957 0 0
2015032717 12:50:00 90207 0 0
2015032718 13:00:00 06453 0 0
2015032719 13:10:00 18209 0 0
2015032720 13:20:00 07715 1 0
2015032721 13:30:00 82193 0 0
2015032722 13:40:00 22921 1 0
2015032723 13:50:00 29275 1 0
2015032724 14:00:00 00950 1 0
2015032725 14:10:00 40868 0 1
2015032726 14:20:00 04230 0 0
2015032727 14:30:00 40087 1 0
2015032728 14:40:00 98575 0 1
2015032729 14:50:00 81785 0 0
2015032730 15:00:00 07697 0 0
2015032731 15:10:00 65430 0 0
2015032732 15:20:00 98728 0 0
2015032733 15:30:00 73560 0 0
2015032734 15:40:00 54999 0 1
2015032735 15:50:00 70227 0 1
2015032736 16:00:00 44049 1 0
2015032737 16:10:00 30590 0 0
2015032738 16:20:00 41160 1 0
2015032739 16:30:00 58786 0 0
2015032740 16:40:00 67018 0 0
2015032741 16:50:00 71051 0 0
2015032742 17:00:00 32137 0 0
2015032743 17:10:00 15901 0 0
2015032744 17:20:00 60137 0 0
2015032745 17:30:00 71946 0 0
2015032746 17:40:00 51429 0 0
2015032747 17:50:00 98305 0 0
2015032748 18:00:00 38481 0 0
2015032749 18:10:00 65582 1 0
2015032750 18:20:00 99721 1 0
2015032751 18:30:00 62712 0 0
2015032752 18:40:00 52151 0 1
2015032753 18:50:00 90523 0 0
2015032754 19:00:00 67916 0 0
2015032755 19:10:00 04591 0 0
2015032756 19:20:00 34176 0 0
2015032757 19:30:00 08929 0 1
2015032758 19:40:00 29296 1 0
2015032759 19:50:00 29356 0 0
2015032760 20:00:00 86737 0 1
2015032761 20:10:00 83262 0 1
2015032762 20:20:00 26780 0 0
2015032763 20:30:00 39925 1 0
2015032764 20:40:00 82393 0 1
2015032765 20:50:00 00977 1 1
2015032766 21:00:00 79176 0 0
2015032767 21:10:00 66307 1 0
2015032768 21:20:00 65864 0 0
2015032769 21:30:00 94264 0 0
2015032770 21:40:00 93764 0 0
2015032771 21:50:00 39235 0 0
2015032772 22:00:00 62393 0 1
2015032773 22:10:00 50139 0 0
2015032774 22:20:00 85780 0 0
2015032775 22:30:00 06487 0 0
2015032776 22:40:00 60632 1 0
2015032777 22:50:00 34844 0 1
2015032778 23:00:00 66548 1 0
2015032779 23:10:00 57256 0 0
2015032780 23:20:00 69646 1 1
2015032781 23:30:00 02099 1 1
2015032782 23:40:00 37201 0 0
2015032783 23:50:00 63331 1 1
2015032784 00:00:00 26709 0 0
2015032785 00:10:00 96992 1 1
2015032786 00:20:00 58126 0 0
2015032787 00:30:00 96573 0 0
2015032788 00:40:00 51879 0 0
2015032789 00:50:00 52996 0 1
2015032790 01:00:00 80764 0 0
2015032791 01:10:00 02840 0 0
2015032792 01:20:00 44743 1 0
2015032793 01:30:00 90060 1 1
2015032794 01:40:00 22847 1 0
2015032795 01:50:00 43979 0 1
2015032796 02:00:00 48024 0 0
