2015041401 10:10:00 17636 0 1
2015041402 10:20:00 72950 0 0
2015041403 10:30:00 19281 0 0
2015041404 10:40:00 41762 0 0
2015041405 10:50:00 18620 0 0
2015041406 11:00:00 05363 0 1
2015041407 11:10:00 22954 1 0
2015041408 11:20:00 57118 0 1
2015041409 11:30:00 70885 0 1
2015041410 11:40:00 83278 0 0
2015041411 11:50:00 94008 0 1
2015041412 12:00:00 80053 1 0
2015041413 12:10:00 78919 0 1
2015041414 12:20:00 75776 1 1
2015041415 12:30:00 55417 1 0
2015041416 12:40:00 83857 1 0
2015041417 12:50:00 84620 0 0
2015041418 13:00:00 93334 1 1
2015041419 13:10:00 92408 0 0
2015041420 13:20:00 84112 0 1
2015041421 13:30:00 83308 1 0
2015041422 13:40:00 23178 0 0
2015041423 13:50:00 45405 1 0
2015041424 14:00:00 20007 1 1
2015041425 14:10:00 99216 1 0
2015041426 14:20:00 46226 0 1
2015041427 14:30:00 18488 0 1
2015041428 14:40:00 55460 1 0
2015041429 14:50:00 92675 0 0
2015041430 15:00:00 54750 0 0
2015041431 15:10:00 18630 0 0
2015041432 15:20:00 44226 1 1
2015041433 15:30:00 77399 1 1
2015041434 15:40:00 47679 0 0
2015041435 15:50:00 30341 1 0
2015041436 16:00:00 97652 0 0
2015041437 16:10:00 01649 0 0
2015041438 16:20:00 44815 1 0
2015041439 16:30:00 51694 0 0
2015041440 16:40:00 39609 0 0
2015041441 16:50:00 80599 0 1
2015041442 17:00:00 17502 0 0
2015041443 17:10:00 74710 1 0
2015041444 17:20:00 76676 1 1
2015041445 17:30:00 55156 1 0
2015041446 17:40:00 61294 0 0
2015041447 17:50:00 33246 1 0
2015041448 18:00:00 72820 0 0
2015041449 18:10:00 75665 0 1
2015041450 18:20:00 07884 0 1
2015041451 18:30:00 70896 0 0
2015041452 18:40:00 37778 1 1
2015041453 18:50:00 68865 1 0
2015041454 19:00:00 86348 0 0
2015041455 19:10:00 66233 1 1
2015041456 19:20:00 10101 1 1
2015041457 19:30:00 12570 0 0
2015041458 19:40:00 52561 1 0
2015041459 19:50:00 20081 1 0
2015041460 20:00:00 24262 1 1
2015041461 20:10:00 51270 0 0
2015041462 20:20:00 82616 0 1
2015041463 20:30:00 97659 0 0
2015041464 20:40:00 91870 0 0
2015041465 20:50:00 62487 0 0
2015041466 21:00:00 31121 1 1
2015041467 21:10:00 47466 1 1
2015041468 21:20:00 19276 0 0
2015041469 21:30:00 06095 1 0
2015041470 21:40:00 19888 0 1
2015041471 21:50:00 92631 0 0
2015041472 22:00:00 49568 0 0
2015041473 22:10:00 75784 1 0
2015041474 22:20:00 58999 0 1
2015041475 22:30:00 89677 0 1
2015041476 22:40:00 03919 0 1
2015041477 22:50:00 96882 0 1
2015041478 23:00:00 37386 1 0
2015041479 23:10:00 34211 0 1
2015041480 23:20:00 52786 0 0
2015041481 23:30:00 45326 0 0
2015041482 23:40:00 89547 0 0
2015041483 23:50:00 48504 0 0
2015041484 00:00:00 02053 1 0
2015041485 00:10:00 48789 0 0
2015041486 00:20:00 14328 0 0
2015041487 00:30:00 33075 1 0
2015041488 00:40:00 93858 0 1
2015041489 00:50:00 64575 0 1
2015041490 01:00:00 26532 0 0
2015041491 01:10:00 83902 0 0
2015041492 01:20:00 58266 0 1
2015041493 01:30:00 42681 0 0
2015041494 01:40:00 98163 0 0
2015041495 01:50:00 89636 0 1
2015041496 02:00:00 35806 0 0
