2015010501 10:10:00 95952 1 0
2015010502 10:20:00 95997 1 1
2015010503 10:30:00 85452 0 0
2015010504 10:40:00 38367 1 0
2015010505 10:50:00 79676 0 1
2015010506 11:00:00 03561 0 0
2015010507 11:10:00 22283 1 0
2015010508 11:20:00 39292 0 1
2015010509 11:30:00 46159 0 0
2015010510 11:40:00 11556 1 1
2015010511 11:50:00 99238 1 0
2015010512 12:00:00 44655 1 1
2015010513 12:10:00 65672 1 0
2015010514 12:20:00 24232 1 1
2015010515 12:30:00 77338 1 1
2015010516 12:40:00 47909 0 1
2015010517 12:50:00 93680 0 0
2015010518 13:00:00 38121 0 1
2015010519 13:10:00 01437 0 0
2015010520 13:20:00 13439 0 0
2015010521 13:30:00 96555 0 1
2015010522 13:40:00 87617 0 0
2015010523 13:50:00 54192 0 0
2015010524 14:00:00 80500 0 1
2015010525 14:10:00 17223 0 1
2015010526 14:20:00 84771 0 1
2015010527 14:30:00 41914 0 0
2015010528 14:40:00 39695 0 0
2015010529 14:50:00 98351 0 0
2015010530 15:00:00 01200 0 1
2015010531 15:10:00 75128 0 0
2015010532 15:20:00 10113 1 1
2015010533 15:30:00 76816 0 0
2015010534 15:40:00 17807 0 0
2015010535 15:50:00 42320 0 0
2015010536 16:00:00 57316 0 0
2015010537 16:10:00 61295 0 0
2015010538 16:20:00 97526 0 0
2015010539 16:30:00 22491 1 0
2015010540 16:40:00 89699 0 1
2015010541 16:50:00 27953 0 0
2015010542 17:00:00 40352 0 0
2015010543 17:10:00 67235 0 0
2015010544 17:20:00 64327 0 0
2015010545 17:30:00 99654 1 0
2015010546 17:40:00 16924 0 0
2015010547 17:50:00 30485 0 0
2015010548 18:00:00 78431 0 0
2015010549 18:10:00 30840 0 0
2015010550 18:20:00 37684 0 0
2015010551 18:30:00 95342 0 0
2015010552 18:40:00 96326 0 0
2015010553 18:50:00 90502 0 0
2015010554 19:00:00 09261 0 0
2015010555 19:10:00 02116 0 1
2015010556 19:20:00 17178 1 0
2015010557 19:30:00 03098 1 0
2015010558 19:40:00 56800 0 1
2015010559 19:50:00 72707 1 1
2015010560 20:00:00 15233 0 1
2015010561 20:10:00 31683 0 0
2015010562 20:20:00 08884 1 1
2015010563 20:30:00 40646 0 1
2015010564 20:40:00 94593 0 0
2015010565 20:50:00 89004 0 1
2015010566 21:00:00 14156 1 0
2015010567 21:10:00 77685 1 0
2015010568 21:20:00 22566 1 1
2015010569 21:30:00 64621 1 0
2015010570 21:40:00 57549 1 0
2015010571 21:50:00 74641 0 0
2015010572 22:00:00 85963 0 0
2015010573 22:10:00 87730 1 0
2015010574 22:20:00 66801 1 0
2015010575 22:30:00 66735 1 0
2015010576 22:40:00 69749 0 0
2015010577 22:50:00 65396 0 0
2015010578 23:00:00 11322 1 1
2015010579 23:10:00 29799 0 1
2015010580 23:20:00 28778 0 1
2015010581 23:30:00 26198 0 0
2015010582 23:40:00 40131 0 1
2015010583 23:50:00 40861 0 0
2015010584 00:00:00 97501 0 0
2015010585 00:10:00 90137 0 0
2015010586 00:20:00 30860 0 0
2015010587 00:30:00 35071 0 0
2015010588 00:40:00 67782 1 0
2015010589 00:50:00 07107 0 0
2015010590 01:00:00 05935 0 0
2015010591 01:10:00 64051 0 0
2015010592 01:20:00 94612 0 0
2015010593 01:30:00 75748 1 0
2015010594 01:40:00 15817 0 0
2015010595 01:50:00 39852 0 0
2015010596 02:00:00 83368 1 0
