2015061901 10:10:00 88991 1 1
2015061902 10:20:00 18354 0 0
2015061903 10:30:00 77140 1 0
2015061904 10:40:00 94994 1 1
2015061905 10:50:00 41602 0 0
2015061906 11:00:00 80425 0 0
2015061907 11:10:00 33092 1 0
2015061908 11:20:00 34343 1 1
2015061909 11:30:00 26377 0 1
2015061910 11:40:00 73878 0 1
2015061911 11:50:00 79390 0 0
2015061912 12:00:00 45088 0 1
2015061913 12:10:00 87264 0 0
2015061914 12:20:00 77531 1 0
2015061915 12:30:00 53530 1 0
2015061916 12:40:00 67305 0 0
2015061917 12:50:00 95202 0 1
2015061918 13:00:00 07014 1 0
2015061919 13:10:00 94758 0 0
2015061920 13:20:00 75685 0 0
2015061921 13:30:00 06010 1 1
2015061922 13:40:00 84355 0 1
2015061923 13:50:00 91066 0 1
2015061924 14:00:00 46639 1 0
2015061925 14:10:00 52547 1 0
2015061926 14:20:00 28855 1 1
2015061927 14:30:00 15777 0 1
2015061928 14:40:00 19680 0 0
2015061929 14:50:00 73439 0 0
2015061930 15:00:00 43837 0 0
2015061931 15:10:00 05726 0 0
2015061932 15:20:00 00268 1 0
2015061933 15:30:00 05762 0 0
2015061934 15:40:00 77996 1 1
2015061935 15:50:00 56343 0 1
2015061936 16:00:00 24267 1 0
2015061937 16:10:00 58725 0 0
2015061938 16:20:00 58244 0 1
2015061939 16:30:00 15568 1 0
2015061940 16:40:00 63873 0 0
2015061941 16:50:00 13319 1 0
2015061942 17:00:00 53098 0 0
2015061943 17:10:00 79891 0 0
2015061944 17:20:00 83212 0 1
2015061945 17:30:00 08497 0 0
2015061946 17:40:00 97559 0 1
2015061947 17:50:00 95241 0 0
2015061948 18:00:00 72879 0 0
2015061949 18:10:00 91868 0 1
2015061950 18:20:00 08978 0 0
2015061951 18:30:00 57896 0 0
2015061952 18:40:00 34237 0 0
2015061953 18:50:00 16102 1 0
2015061954 19:00:00 15317 0 0
2015061955 19:10:00 30274 0 0
2015061956 19:20:00 95345 0 0
2015061957 19:30:00 67692 1 0
2015061958 19:40:00 85755 0 1
2015061959 19:50:00 31914 0 0
2015061960 20:00:00 27982 0 0
2015061961 20:10:00 22549 1 0
2015061962 20:20:00 39282 0 1
2015061963 20:30:00 97864 0 0
2015061964 20:40:00 73876 0 0
2015061965 20:50:00 16542 0 0
2015061966 21:00:00 64784 0 0
2015061967 21:10:00 04053 1 0
2015061968 21:20:00 48020 0 1
2015061969 21:30:00 05593 1 0
2015061970 21:40:00 33731 1 0
2015061971 21:50:00 70428 0 0
2015061972 22:00:00 47512 0 0
2015061973 22:10:00 42366 0 1
2015061974 22:20:00 92371 0 0
2015061975 22:30:00 30821 0 0
2015061976 22:40:00 68116 0 1
2015061977 22:50:00 74620 0 0
2015061978 23:00:00 42557 0 1
2015061979 23:10:00 90585 0 1
2015061980 23:20:00 66308 1 0
2015061981 23:30:00 08120 0 0
2015061982 23:40:00 20965 0 0
2015061983 23:50:00 12954 0 0
2015061984 00:00:00 13865 0 0
2015061985 00:10:00 87925 0 0
2015061986 00:20:00 93916 1 0
2015061987 00:30:00 33317 1 0
2015061988 00:40:00 08022 1 1
2015061989 00:50:00 63479 0 0
2015061990 01:00:00 68080 0 1
2015061991 01:10:00 25796 0 0
2015061992 01:20:00 21430 0 0
2015061993 01:30:00 76317 0 0
2015061994 01:40:00 64311 0 1
2015061995 01:50:00 67277 0 1
2015061996 02:00:00 79004 0 1
