2015013101 10:10:00 29140 0 0
2015013102 10:20:00 79744 1 1
2015013103 10:30:00 03560 0 0
2015013104 10:40:00 48482 1 0
2015013105 10:50:00 76002 0 1
2015013106 11:00:00 91770 0 1
2015013107 11:10:00 42733 0 1
2015013108 11:20:00 86602 1 0
2015013109 11:30:00 50755 0 1
2015013110 11:40:00 27148 0 0
2015013111 11:50:00 77408 1 0
2015013112 12:00:00 59922 1 1
2015013113 12:10:00 56433 0 1
2015013114 12:20:00 16455 0 1
2015013115 12:30:00 80504 0 0
2015013116 12:40:00 59477 0 1
2015013117 12:50:00 40400 1 1
2015013118 13:00:00 14961 0 0
2015013119 13:10:00 55537 1 0
2015013120 13:20:00 59569 1 0
2015013121 13:30:00 98476 0 0
2015013122 13:40:00 83257 0 0
2015013123 13:50:00 30350 1 0
2015013124 14:00:00 67844 0 1
2015013125 14:10:00 43162 0 0
2015013126 14:20:00 10530 0 0
2015013127 14:30:00 76620 1 0
2015013128 14:40:00 94288 0 1
2015013129 14:50:00 81379 0 0
2015013130 15:00:00 35649 0 0
2015013131 15:10:00 16849 0 0
2015013132 15:20:00 10966 0 1
2015013133 15:30:00 93571 0 0
2015013134 15:40:00 01937 0 0
2015013135 15:50:00 06799 0 1
2015013136 16:00:00 44210 1 0
2015013137 16:10:00 51294 0 0
2015013138 16:20:00 27649 0 0
2015013139 16:30:00 97665 0 1
2015013140 16:40:00 59573 1 0
2015013141 16:50:00 65069 0 0
2015013142 17:00:00 22215 1 0
2015013143 17:10:00 08993 0 1
2015013144 17:20:00 66997 1 1
2015013145 17:30:00 90418 0 0
2015013146 17:40:00 32142 0 0
2015013147 17:50:00 73574 0 0
2015013148 18:00:00 55045 1 0
2015013149 18:10:00 69187 0 0
2015013150 18:20:00 39566 0 1
2015013151 18:30:00 13366 1 1
2015013152 18:40:00 04691 0 0
2015013153 18:50:00 75004 0 1
2015013154 19:00:00 75079 0 0
2015013155 19:10:00 67159 0 0
2015013156 19:20:00 88490 1 0
2015013157 19:30:00 34700 0 1
2015013158 19:40:00 09103 0 0
2015013159 19:50:00 50215 0 0
2015013160 20:00:00 24046 0 0
2015013161 20:10:00 35102 0 0
2015013162 20:20:00 57101 0 1
2015013163 20:30:00 74692 0 0
2015013164 20:40:00 69346 0 0
2015013165 20:50:00 76031 0 0
2015013166 21:00:00 97604 0 0
2015013167 21:10:00 70479 0 0
2015013168 21:20:00 02012 1 0
2015013169 21:30:00 66421 1 0
2015013170 21:40:00 80350 0 0
2015013171 21:50:00 75381 0 0
2015013172 22:00:00 43087 0 0
2015013173 22:10:00 94376 0 0
2015013174 22:20:00 85104 0 0
2015013175 22:30:00 92398 0 0
2015013176 22:40:00 76404 0 1
2015013177 22:50:00 38922 0 1
2015013178 23:00:00 00635 1 0
2015013179 23:10:00 14834 0 0
2015013180 23:20:00 34448 1 1
2015013181 23:30:00 92823 0 0
2015013182 23:40:00 40298 0 0
2015013183 23:50:00 09403 0 0
2015013184 00:00:00 71633 0 1
2015013185 00:10:00 90301 0 0
2015013186 00:20:00 93939 1 1
2015013187 00:30:00 75720 1 0
2015013188 00:40:00 87292 0 1
2015013189 00:50:00 35920 0 0
2015013190 01:00:00 30554 0 1
2015013191 01:10:00 92607 0 0
2015013192 01:20:00 37818 0 1
2015013193 01:30:00 61418 0 0
2015013194 01:40:00 15508 1 0
2015013195 01:50:00 14601 0 0
2015013196 02:00:00 22146 1 0
