2015012701 10:10:00 26461 0 0
2015012702 10:20:00 49358 0 0
2015012703 10:30:00 53265 0 0
2015012704 10:40:00 41015 0 0
2015012705 10:50:00 50836 0 0
2015012706 11:00:00 36457 0 0
2015012707 11:10:00 36895 0 0
2015012708 11:20:00 79250 0 0
2015012709 11:30:00 36866 0 1
2015012710 11:40:00 94826 0 0
2015012711 11:50:00 37622 0 1
2015012712 12:00:00 51396 0 0
2015012713 12:10:00 83190 0 0
2015012714 12:20:00 37356 1 0
2015012715 12:30:00 67883 0 1
2015012716 12:40:00 11658 1 0
2015012717 12:50:00 23846 0 0
2015012718 13:00:00 35421 0 0
2015012719 13:10:00 76104 0 0
2015012720 13:20:00 01284 0 0
2015012721 13:30:00 92074 0 0
2015012722 13:40:00 92127 0 0
2015012723 13:50:00 13568 0 0
2015012724 14:00:00 03258 0 0
2015012725 14:10:00 38561 0 0
2015012726 14:20:00 33581 1 0
2015012727 14:30:00 36467 0 0
2015012728 14:40:00 42062 0 0
2015012729 14:50:00 96380 0 0
2015012730 15:00:00 09458 0 0
2015012731 15:10:00 00802 1 0
2015012732 15:20:00 67117 0 1
2015012733 15:30:00 65180 0 0
2015012734 15:40:00 07957 0 0
2015012735 15:50:00 39918 1 0
2015012736 16:00:00 16225 0 1
2015012737 16:10:00 33725 1 0
2015012738 16:20:00 53155 0 1
2015012739 16:30:00 29789 0 0
2015012740 16:40:00 31287 0 0
2015012741 16:50:00 45497 1 0
2015012742 17:00:00 76054 0 0
2015012743 17:10:00 27779 1 1
2015012744 17:20:00 20090 1 1
2015012745 17:30:00 85935 0 0
2015012746 17:40:00 27784 1 0
2015012747 17:50:00 39955 1 1
2015012748 18:00:00 03735 0 0
2015012749 18:10:00 03811 0 1
2015012750 18:20:00 59399 0 1
2015012751 18:30:00 77503 1 0
2015012752 18:40:00 69681 1 0
2015012753 18:50:00 98733 0 1
2015012754 19:00:00 51186 1 0
2015012755 19:10:00 08160 0 0
2015012756 19:20:00 76331 0 1
2015012757 19:30:00 66932 1 0
2015012758 19:40:00 65478 0 0
2015012759 19:50:00 71552 0 1
2015012760 20:00:00 10726 0 0
2015012761 20:10:00 66455 1 1
2015012762 20:20:00 35370 1 0
2015012763 20:30:00 91174 1 0
2015012764 20:40:00 01169 1 0
2015012765 20:50:00 83180 0 0
2015012766 21:00:00 80405 0 0
2015012767 21:10:00 73102 0 0
2015012768 21:20:00 45638 0 0
2015012769 21:30:00 48155 0 1
2015012770 21:40:00 18252 0 1
2015012771 21:50:00 74432 1 0
2015012772 22:00:00 99963 1 0
2015012773 22:10:00 91736 0 0
2015012774 22:20:00 58248 0 0
2015012775 22:30:00 84369 0 0
2015012776 22:40:00 01021 1 0
2015012777 22:50:00 53230 0 0
2015012778 23:00:00 10546 0 0
2015012779 23:10:00 48543 0 0
2015012780 23:20:00 85979 0 1
2015012781 23:30:00 47270 0 0
2015012782 23:40:00 35807 0 0
2015012783 23:50:00 75965 0 0
2015012784 00:00:00 32464 0 1
2015012785 00:10:00 68201 0 0
2015012786 00:20:00 77928 1 0
2015012787 00:30:00 41559 0 1
2015012788 00:40:00 90136 0 0
2015012789 00:50:00 88052 1 0
2015012790 01:00:00 65639 1 0
2015012791 01:10:00 15534 1 0
2015012792 01:20:00 04116 0 1
2015012793 01:30:00 60822 0 1
2015012794 01:40:00 28111 0 1
2015012795 01:50:00 93294 0 0
2015012796 02:00:00 97316 0 0
