2015110801 10:10:00 98271 0 0
2015110802 10:20:00 89933 1 1
2015110803 10:30:00 88954 1 0
2015110804 10:40:00 74258 0 0
2015110805 10:50:00 03788 0 1
2015110806 11:00:00 32190 0 0
2015110807 11:10:00 13669 0 1
2015110808 11:20:00 80039 1 0
2015110809 11:30:00 79268 0 0
2015110810 11:40:00 25650 0 0
2015110811 11:50:00 79757 1 1
2015110812 12:00:00 62407 0 0
2015110813 12:10:00 96293 0 0
2015110814 12:20:00 76951 0 0
2015110815 12:30:00 34015 0 0
2015110816 12:40:00 14852 0 0
2015110817 12:50:00 06654 1 0
2015110818 13:00:00 95550 1 1
2015110819 13:10:00 04310 0 0
2015110820 13:20:00 85139 0 0
2015110821 13:30:00 07745 1 0
2015110822 13:40:00 21050 0 1
2015110823 13:50:00 58324 0 0
2015110824 14:00:00 12159 1 0
2015110825 14:10:00 81731 0 0
2015110826 14:20:00 66105 1 0
2015110827 14:30:00 76089 0 0
2015110828 14:40:00 42673 0 0
2015110829 14:50:00 90527 0 0
2015110830 15:00:00 62605 1 0
2015110831 15:10:00 68876 1 0
2015110832 15:20:00 96944 1 1
2015110833 15:30:00 71538 0 0
2015110834 15:40:00 32048 0 0
2015110835 15:50:00 45737 0 1
2015110836 16:00:00 85438 0 0
2015110837 16:10:00 89504 0 0
2015110838 16:20:00 37218 0 0
2015110839 16:30:00 31793 0 0
2015110840 16:40:00 03576 0 0
2015110841 16:50:00 89460 0 0
2015110842 17:00:00 28802 1 0
2015110843 17:10:00 02573 0 0
2015110844 17:20:00 15181 1 1
2015110845 17:30:00 03503 0 0
2015110846 17:40:00 05523 1 0
2015110847 17:50:00 50001 1 1
2015110848 18:00:00 97268 0 0
2015110849 18:10:00 36539 0 0
2015110850 18:20:00 45665 0 1
2015110851 18:30:00 95819 0 0
2015110852 18:40:00 02887 0 1
2015110853 18:50:00 47022 0 1
2015110854 19:00:00 49465 1 0
2015110855 19:10:00 25901 0 0
2015110856 19:20:00 50453 0 0
2015110857 19:30:00 40288 0 1
2015110858 19:40:00 86900 0 1
2015110859 19:50:00 13909 0 1
2015110860 20:00:00 33535 1 1
2015110861 20:10:00 70430 0 0
2015110862 20:20:00 92831 0 0
2015110863 20:30:00 71937 0 0
2015110864 20:40:00 90084 1 0
2015110865 20:50:00 61609 1 0
2015110866 21:00:00 75843 0 0
2015110867 21:10:00 46276 0 0
2015110868 21:20:00 71975 0 0
2015110869 21:30:00 48098 0 0
2015110870 21:40:00 46683 1 0
2015110871 21:50:00 57122 0 1
2015110872 22:00:00 53488 0 1
2015110873 22:10:00 25183 0 0
2015110874 22:20:00 16049 0 0
2015110875 22:30:00 72767 1 1
2015110876 22:40:00 51954 0 0
2015110877 22:50:00 98380 0 0
2015110878 23:00:00 18936 0 0
2015110879 23:10:00 70648 0 0
2015110880 23:20:00 75570 1 0
2015110881 23:30:00 87059 0 0
2015110882 23:40:00 10332 0 1
2015110883 23:50:00 83432 0 0
2015110884 00:00:00 73085 0 0
2015110885 00:10:00 34980 0 0
2015110886 00:20:00 99372 1 0
2015110887 00:30:00 72107 0 0
2015110888 00:40:00 81407 0 0
2015110889 00:50:00 37915 0 0
2015110890 01:00:00 41533 0 1
2015110891 01:10:00 41726 0 0
2015110892 01:20:00 84203 0 0
2015110893 01:30:00 35234 0 0
2015110894 01:40:00 22903 1 0
2015110895 01:50:00 12886 0 1
2015110896 02:00:00 65873 0 0
