2015121201 10:10:00 79743 1 0
2015121202 10:20:00 16592 0 0
2015121203 10:30:00 71331 0 1
2015121204 10:40:00 92674 0 0
2015121205 10:50:00 75216 0 0
2015121206 11:00:00 43519 0 0
2015121207 11:10:00 28731 0 0
2015121208 11:20:00 76582 0 0
2015121209 11:30:00 67657 1 0
2015121210 11:40:00 70699 0 1
2015121211 11:50:00 07497 0 0
2015121212 12:00:00 15110 1 1
2015121213 12:10:00 01053 1 0
2015121214 12:20:00 47784 1 0
2015121215 12:30:00 76127 0 0
2015121216 12:40:00 21669 0 1
2015121217 12:50:00 73351 1 0
2015121218 13:00:00 86824 1 0
2015121219 13:10:00 60722 0 1
2015121220 13:20:00 51228 0 1
2015121221 13:30:00 33615 1 0
2015121222 13:40:00 19552 0 1
2015121223 13:50:00 32734 0 0
2015121224 14:00:00 78461 0 0
2015121225 14:10:00 55271 1 0
2015121226 14:20:00 11240 1 0
2015121227 14:30:00 60334 0 1
2015121228 14:40:00 30039 1 0
2015121229 14:50:00 71529 0 0
2015121230 15:00:00 57642 0 0
2015121231 15:10:00 28365 0 0
2015121232 15:20:00 18175 1 0
2015121233 15:30:00 15769 0 0
2015121234 15:40:00 12934 0 0
2015121235 15:50:00 67149 0 0
2015121236 16:00:00 00701 1 0
2015121237 16:10:00 70719 1 0
2015121238 16:20:00 84466 1 1
2015121239 16:30:00 75718 1 0
2015121240 16:40:00 32558 0 1
2015121241 16:50:00 92601 0 0
2015121242 17:00:00 18763 0 0
2015121243 17:10:00 88069 1 0
2015121244 17:20:00 12013 0 0
2015121245 17:30:00 64722 0 1
2015121246 17:40:00 00275 1 0
2015121247 17:50:00 99666 1 1
2015121248 18:00:00 87159 0 0
2015121249 18:10:00 00160 1 0
2015121250 18:20:00 59233 0 1
2015121251 18:30:00 62858 0 1
2015121252 18:40:00 13993 0 1
2015121253 18:50:00 39259 0 0
2015121254 19:00:00 66138 1 0
2015121255 19:10:00 67255 0 1
2015121256 19:20:00 57784 1 0
2015121257 19:30:00 98955 1 1
2015121258 19:40:00 75687 0 0
2015121259 19:50:00 57795 1 0
2015121260 20:00:00 49322 0 1
2015121261 20:10:00 44964 1 0
2015121262 20:20:00 56703 0 0
2015121263 20:30:00 59913 1 0
2015121264 20:40:00 72604 0 0
2015121265 20:50:00 44827 1 0
2015121266 21:00:00 03841 0 0
2015121267 21:10:00 90431 0 0
2015121268 21:20:00 84630 0 0
2015121269 21:30:00 93142 0 0
2015121270 21:40:00 45649 0 0
2015121271 21:50:00 27229 1 1
2015121272 22:00:00 85302 0 0
2015121273 22:10:00 72043 0 0
2015121274 22:20:00 38217 0 0
2015121275 22:30:00 77820 1 0
2015121276 22:40:00 11603 1 0
2015121277 22:50:00 30001 1 1
2015121278 23:00:00 76341 0 0
2015121279 23:10:00 89909 1 1
2015121280 23:20:00 41528 0 0
2015121281 23:30:00 17668 0 1
2015121282 23:40:00 36186 0 0
2015121283 23:50:00 21297 1 0
2015121284 00:00:00 29720 0 0
2015121285 00:10:00 85510 1 0
2015121286 00:20:00 99311 1 1
2015121287 00:30:00 31577 0 1
2015121288 00:40:00 58882 1 1
2015121289 00:50:00 40317 0 0
2015121290 01:00:00 83026 0 0
2015121291 01:10:00 04367 0 0
2015121292 01:20:00 53221 0 1
2015121293 01:30:00 82153 0 0
2015121294 01:40:00 05714 0 0
2015121295 01:50:00 31190 1 0
2015121296 02:00:00 04433 1 1
