2015082201 10:10:00 90808 0 1
2015082202 10:20:00 28105 0 0
2015082203 10:30:00 25135 0 0
2015082204 10:40:00 89541 0 0
2015082205 10:50:00 14655 0 1
2015082206 11:00:00 49622 0 1
2015082207 11:10:00 51841 0 0
2015082208 11:20:00 11050 1 1
2015082209 11:30:00 37329 1 0
2015082210 11:40:00 14021 0 0
2015082211 11:50:00 55013 1 0
2015082212 12:00:00 39235 0 0
2015082213 12:10:00 49894 0 0
2015082214 12:20:00 33433 1 1
2015082215 12:30:00 51597 1 0
2015082216 12:40:00 38738 0 0
2015082217 12:50:00 71443 0 1
2015082218 13:00:00 46009 0 1
2015082219 13:10:00 39564 0 0
2015082220 13:20:00 72895 0 0
2015082221 13:30:00 93611 0 1
2015082222 13:40:00 92788 0 1
2015082223 13:50:00 73892 0 0
2015082224 14:00:00 94110 0 1
2015082225 14:10:00 19700 0 1
2015082226 14:20:00 58285 0 0
2015082227 14:30:00 32452 0 0
2015082228 14:40:00 83388 1 1
2015082229 14:50:00 91349 0 0
2015082230 15:00:00 14134 1 0
2015082231 15:10:00 34135 0 0
2015082232 15:20:00 18795 0 0
2015082233 15:30:00 18795 0 0
2015082234 15:40:00 67135 0 0
2015082235 15:50:00 44019 1 0
2015082236 16:00:00 69026 0 0
2015082237 16:10:00 70346 0 0
2015082238 16:20:00 81938 0 0
2015082239 16:30:00 73784 1 0
2015082240 16:40:00 07902 0 0
2015082241 16:50:00 83690 0 0
2015082242 17:00:00 92269 1 0
2015082243 17:10:00 48467 1 0
2015082244 17:20:00 02874 0 0
2015082245 17:30:00 13063 0 0
2015082246 17:40:00 97962 1 0
2015082247 17:50:00 77194 1 0
2015082248 18:00:00 28399 0 1
2015082249 18:10:00 35407 0 0
2015082250 18:20:00 23437 0 0
2015082251 18:30:00 46645 1 0
2015082252 18:40:00 15991 0 1
2015082253 18:50:00 86077 0 1
2015082254 19:00:00 19412 0 0
2015082255 19:10:00 62044 0 1
2015082256 19:20:00 39154 0 0
2015082257 19:30:00 26476 0 0
2015082258 19:40:00 14294 0 0
2015082259 19:50:00 31241 0 0
2015082260 20:00:00 75732 1 0
2015082261 20:10:00 60536 0 0
2015082262 20:20:00 53560 1 0
2015082263 20:30:00 21030 0 1
2015082264 20:40:00 00676 1 1
2015082265 20:50:00 28106 0 0
2015082266 21:00:00 57851 0 0
2015082267 21:10:00 24600 0 1
2015082268 21:20:00 95205 0 0
2015082269 21:30:00 56339 0 1
2015082270 21:40:00 34448 1 1
2015082271 21:50:00 17848 0 1
2015082272 22:00:00 40395 0 0
2015082273 22:10:00 39973 1 0
2015082274 22:20:00 97207 0 0
2015082275 22:30:00 19924 1 0
2015082276 22:40:00 46018 0 0
2015082277 22:50:00 16098 0 0
2015082278 23:00:00 72028 0 0
2015082279 23:10:00 79194 0 0
2015082280 23:20:00 53712 0 0
2015082281 23:30:00 91127 1 0
2015082282 23:40:00 30762 0 0
2015082283 23:50:00 29172 0 0
2015082284 00:00:00 50925 0 0
2015082285 00:10:00 19418 0 0
2015082286 00:20:00 75530 1 0
2015082287 00:30:00 62951 0 0
2015082288 00:40:00 94663 0 1
2015082289 00:50:00 38186 0 0
2015082290 01:00:00 33472 1 0
2015082291 01:10:00 34447 1 1
2015082292 01:20:00 71943 0 0
2015082293 01:30:00 38379 1 0
2015082294 01:40:00 86206 0 0
2015082295 01:50:00 98286 0 0
2015082296 02:00:00 91648 0 0
