2015082101 10:10:00 02209 1 0
2015082102 10:20:00 11351 1 0
2015082103 10:30:00 05658 0 0
2015082104 10:40:00 65668 1 1
2015082105 10:50:00 67628 1 0
2015082106 11:00:00 42389 0 0
2015082107 11:10:00 03888 0 1
2015082108 11:20:00 37483 0 0
2015082109 11:30:00 37355 1 1
2015082110 11:40:00 79178 0 0
2015082111 11:50:00 55236 1 0
2015082112 12:00:00 21639 0 0
2015082113 12:10:00 81420 0 0
2015082114 12:20:00 17611 0 1
2015082115 12:30:00 65910 0 0
2015082116 12:40:00 54527 1 0
2015082117 12:50:00 19131 1 1
2015082118 13:00:00 43904 0 0
2015082119 13:10:00 06535 0 1
2015082120 13:20:00 26495 0 0
2015082121 13:30:00 13247 0 0
2015082122 13:40:00 59298 0 0
2015082123 13:50:00 68819 1 0
2015082124 14:00:00 59003 0 1
2015082125 14:10:00 24852 0 0
2015082126 14:20:00 43048 0 0
2015082127 14:30:00 69136 0 0
2015082128 14:40:00 55678 1 0
2015082129 14:50:00 16504 0 0
2015082130 15:00:00 21382 0 0
2015082131 15:10:00 43730 0 0
2015082132 15:20:00 07644 0 1
2015082133 15:30:00 32458 0 0
2015082134 15:40:00 88857 1 0
2015082135 15:50:00 26445 0 1
2015082136 16:00:00 34510 0 0
2015082137 16:10:00 01375 0 0
2015082138 16:20:00 09734 0 0
2015082139 16:30:00 22725 1 0
2015082140 16:40:00 33211 1 1
2015082141 16:50:00 06108 0 0
2015082142 17:00:00 47013 0 0
2015082143 17:10:00 62291 1 0
2015082144 17:20:00 87142 0 0
2015082145 17:30:00 58961 0 0
2015082146 17:40:00 37614 0 0
2015082147 17:50:00 09039 1 0
2015082148 18:00:00 05168 0 0
2015082149 18:10:00 68392 0 0
2015082150 18:20:00 89648 0 0
2015082151 18:30:00 71795 1 0
2015082152 18:40:00 92897 0 0
2015082153 18:50:00 86665 1 1
2015082154 19:00:00 86481 0 0
2015082155 19:10:00 59282 0 1
2015082156 19:20:00 38165 0 0
2015082157 19:30:00 81962 0 0
2015082158 19:40:00 91344 0 1
2015082159 19:50:00 82667 0 1
2015082160 20:00:00 73823 0 0
2015082161 20:10:00 68108 0 0
2015082162 20:20:00 53091 0 0
2015082163 20:30:00 42873 0 0
2015082164 20:40:00 21937 0 0
2015082165 20:50:00 59644 0 1
2015082166 21:00:00 28827 1 0
2015082167 21:10:00 42159 0 0
2015082168 21:20:00 94055 0 1
2015082169 21:30:00 06524 0 0
2015082170 21:40:00 82621 0 0
2015082171 21:50:00 06974 0 0
2015082172 22:00:00 46844 0 1
2015082173 22:10:00 37414 0 1
2015082174 22:20:00 52466 0 1
2015082175 22:30:00 93056 0 0
2015082176 22:40:00 05668 0 1
2015082177 22:50:00 72097 0 0
2015082178 23:00:00 53358 1 0
2015082179 23:10:00 75300 0 1
2015082180 23:20:00 00915 1 0
2015082181 23:30:00 35121 0 1
2015082182 23:40:00 63932 0 0
2015082183 23:50:00 68466 0 1
2015082184 00:00:00 78070 0 1
2015082185 00:10:00 36109 0 0
2015082186 00:20:00 40413 1 0
2015082187 00:30:00 63554 0 1
2015082188 00:40:00 39427 0 0
2015082189 00:50:00 94871 0 0
2015082190 01:00:00 67545 0 1
2015082191 01:10:00 84338 0 1
2015082192 01:20:00 33597 1 0
2015082193 01:30:00 05848 0 1
2015082194 01:40:00 39543 0 0
2015082195 01:50:00 59857 0 0
2015082196 02:00:00 04281 0 0
