2015042601 10:10:00 58238 0 0
2015042602 10:20:00 82582 0 0
2015042603 10:30:00 12147 1 0
2015042604 10:40:00 20973 0 0
2015042605 10:50:00 21649 0 0
2015042606 11:00:00 97254 0 0
2015042607 11:10:00 35085 0 0
2015042608 11:20:00 68267 0 0
2015042609 11:30:00 72811 0 1
2015042610 11:40:00 00592 1 0
2015042611 11:50:00 72746 1 0
2015042612 12:00:00 49506 0 0
2015042613 12:10:00 29991 1 1
2015042614 12:20:00 53450 0 0
2015042615 12:30:00 48810 1 0
2015042616 12:40:00 02551 0 1
2015042617 12:50:00 98214 0 0
2015042618 13:00:00 50968 0 0
2015042619 13:10:00 85808 1 1
2015042620 13:20:00 63452 0 0
2015042621 13:30:00 08716 0 0
2015042622 13:40:00 89326 0 0
2015042623 13:50:00 88825 1 0
2015042624 14:00:00 77535 1 1
2015042625 14:10:00 46019 0 0
2015042626 14:20:00 69489 0 0
2015042627 14:30:00 00936 1 0
2015042628 14:40:00 75786 1 0
2015042629 14:50:00 11950 1 0
2015042630 15:00:00 92000 0 1
2015042631 15:10:00 32552 0 1
2015042632 15:20:00 21524 0 0
2015042633 15:30:00 44742 1 0
2015042634 15:40:00 38752 0 0
2015042635 15:50:00 92166 0 1
2015042636 16:00:00 61178 1 0
2015042637 16:10:00 11596 1 0
2015042638 16:20:00 80647 0 0
2015042639 16:30:00 38860 1 0
2015042640 16:40:00 98109 0 0
2015042641 16:50:00 26730 0 0
2015042642 17:00:00 04494 1 1
2015042643 17:10:00 82428 0 0
2015042644 17:20:00 75516 1 0
2015042645 17:30:00 12696 0 1
2015042646 17:40:00 16620 1 0
2015042647 17:50:00 65583 1 0
2015042648 18:00:00 02950 0 0
2015042649 18:10:00 19951 1 0
2015042650 18:20:00 12973 0 0
2015042651 18:30:00 52734 0 0
2015042652 18:40:00 36697 1 0
2015042653 18:50:00 44798 1 0
2015042654 19:00:00 08230 0 0
2015042655 19:10:00 94728 0 0
2015042656 19:20:00 56833 0 1
2015042657 19:30:00 79975 1 0
2015042658 19:40:00 80628 0 0
2015042659 19:50:00 11167 1 0
2015042660 20:00:00 71998 0 1
2015042661 20:10:00 30759 0 0
2015042662 20:20:00 14034 0 0
2015042663 20:30:00 97089 0 0
2015042664 20:40:00 05109 0 0
2015042665 20:50:00 19776 0 1
2015042666 21:00:00 09829 0 0
2015042667 21:10:00 72793 1 0
2015042668 21:20:00 12441 0 1
2015042669 21:30:00 53446 0 1
2015042670 21:40:00 96399 0 1
2015042671 21:50:00 82567 0 0
2015042672 22:00:00 00379 1 0
2015042673 22:10:00 92797 0 1
2015042674 22:20:00 62715 0 0
2015042675 22:30:00 53402 0 0
2015042676 22:40:00 06861 0 0
2015042677 22:50:00 81631 0 0
2015042678 23:00:00 80939 0 1
2015042679 23:10:00 19911 1 1
2015042680 23:20:00 47581 0 0
2015042681 23:30:00 32412 0 0
2015042682 23:40:00 87622 0 1
2015042683 23:50:00 48000 0 1
2015042684 00:00:00 26255 1 1
2015042685 00:10:00 32526 0 0
2015042686 00:20:00 77445 1 1
2015042687 00:30:00 43667 0 1
2015042688 00:40:00 73407 0 0
2015042689 00:50:00 62843 0 0
2015042690 01:00:00 16205 0 0
2015042691 01:10:00 99215 1 0
2015042692 01:20:00 30173 0 0
2015042693 01:30:00 57588 1 1
2015042694 01:40:00 62663 1 1
2015042695 01:50:00 75570 1 0
2015042696 02:00:00 66573 1 0
