2015093001 10:10:00 95218 0 0
2015093002 10:20:00 39480 0 0
2015093003 10:30:00 10802 0 0
2015093004 10:40:00 08987 0 0
2015093005 10:50:00 04739 0 0
2015093006 11:00:00 59179 0 0
2015093007 11:10:00 13502 0 0
2015093008 11:20:00 53187 0 0
2015093009 11:30:00 72644 0 1
2015093010 11:40:00 70290 0 0
2015093011 11:50:00 65735 0 0
2015093012 12:00:00 56615 1 0
2015093013 12:10:00 66498 1 0
2015093014 12:20:00 51061 0 0
2015093015 12:30:00 81506 0 0
2015093016 12:40:00 69229 0 1
2015093017 12:50:00 21699 0 1
2015093018 13:00:00 67278 0 0
2015093019 13:10:00 49886 0 1
2015093020 13:20:00 95494 0 1
2015093021 13:30:00 48938 0 0
2015093022 13:40:00 47268 0 0
2015093023 13:50:00 51262 0 1
2015093024 14:00:00 60647 1 0
2015093025 14:10:00 21403 0 0
2015093026 14:20:00 57851 0 0
2015093027 14:30:00 15077 0 1
2015093028 14:40:00 48750 0 0
2015093029 14:50:00 12855 0 1
2015093030 15:00:00 11951 1 0
2015093031 15:10:00 83791 0 0
2015093032 15:20:00 61602 1 0
2015093033 15:30:00 37477 0 1
2015093034 15:40:00 45152 0 0
2015093035 15:50:00 69092 0 0
2015093036 16:00:00 49336 0 1
2015093037 16:10:00 12704 0 0
2015093038 16:20:00 69559 0 1
2015093039 16:30:00 52519 1 0
2015093040 16:40:00 81393 0 1
2015093041 16:50:00 68895 1 0
2015093042 17:00:00 94172 0 0
2015093043 17:10:00 91055 0 1
2015093044 17:20:00 66333 1 1
2015093045 17:30:00 67836 0 0
2015093046 17:40:00 98997 1 1
2015093047 17:50:00 76863 0 0
2015093048 18:00:00 93054 0 0
2015093049 18:10:00 37627 0 0
2015093050 18:20:00 01460 0 0
2015093051 18:30:00 74970 0 0
2015093052 18:40:00 53949 0 1
2015093053 18:50:00 66197 1 0
2015093054 19:00:00 09872 0 0
2015093055 19:10:00 15520 1 0
2015093056 19:20:00 93616 0 1
2015093057 19:30:00 00172 1 0
2015093058 19:40:00 02194 0 0
2015093059 19:50:00 51946 0 0
2015093060 20:00:00 31410 0 0
2015093061 20:10:00 39975 1 0
2015093062 20:20:00 71779 1 1
2015093063 20:30:00 60227 0 1
2015093064 20:40:00 72525 0 1
2015093065 20:50:00 79873 0 0
2015093066 21:00:00 14028 0 0
2015093067 21:10:00 35686 0 1
2015093068 21:20:00 93123 0 0
2015093069 21:30:00 91294 0 0
2015093070 21:40:00 11985 1 0
2015093071 21:50:00 52334 0 1
2015093072 22:00:00 21141 1 1
2015093073 22:10:00 19112 1 1
2015093074 22:20:00 39606 0 1
2015093075 22:30:00 47928 0 0
2015093076 22:40:00 47188 0 1
2015093077 22:50:00 61866 0 1
2015093078 23:00:00 09367 0 0
2015093079 23:10:00 70566 0 1
2015093080 23:20:00 65210 0 0
2015093081 23:30:00 22337 1 1
2015093082 23:40:00 19420 0 0
2015093083 23:50:00 21524 0 0
2015093084 00:00:00 67308 0 0
2015093085 00:10:00 44054 1 0
2015093086 00:20:00 28477 0 1
2015093087 00:30:00 31062 0 0
2015093088 00:40:00 21483 0 0
2015093089 00:50:00 18205 0 0
2015093090 01:00:00 57623 0 0
2015093091 01:10:00 68576 0 0
2015093092 01:20:00 44123 1 0
2015093093 01:30:00 99615 1 0
2015093094 01:40:00 74618 0 0
2015093095 01:50:00 72112 0 1
2015093096 02:00:00 24749 0 0
