2015071501 10:10:00 22339 1 1
2015071502 10:20:00 58936 0 0
2015071503 10:30:00 70565 0 1
2015071504 10:40:00 82791 0 0
2015071505 10:50:00 36320 1 0
2015071506 11:00:00 45915 0 0
2015071507 11:10:00 10969 0 1
2015071508 11:20:00 80143 0 0
2015071509 11:30:00 92322 0 1
2015071510 11:40:00 14259 0 0
2015071511 11:50:00 29435 0 0
2015071512 12:00:00 74130 0 0
2015071513 12:10:00 92501 0 0
2015071514 12:20:00 27858 0 1
2015071515 12:30:00 51742 0 0
2015071516 12:40:00 41723 0 0
2015071517 12:50:00 71987 0 0
2015071518 13:00:00 66800 1 1
2015071519 13:10:00 77625 1 0
2015071520 13:20:00 74893 0 0
2015071521 13:30:00 64031 0 0
2015071522 13:40:00 52622 0 1
2015071523 13:50:00 12247 1 0
2015071524 14:00:00 24219 1 0
2015071525 14:10:00 41427 1 0
2015071526 14:20:00 41027 0 0
2015071527 14:30:00 72260 1 0
2015071528 14:40:00 05958 0 0
2015071529 14:50:00 14941 0 0
2015071530 15:00:00 14140 1 0
2015071531 15:10:00 50784 0 0
2015071532 15:20:00 12437 0 0
2015071533 15:30:00 05633 0 1
2015071534 15:40:00 20963 0 0
2015071535 15:50:00 50190 0 0
2015071536 16:00:00 54479 1 0
2015071537 16:10:00 61880 0 1
2015071538 16:20:00 28736 0 0
2015071539 16:30:00 92292 1 1
2015071540 16:40:00 42454 1 1
2015071541 16:50:00 77978 1 0
2015071542 17:00:00 74912 0 0
2015071543 17:10:00 00209 1 0
2015071544 17:20:00 67185 0 0
2015071545 17:30:00 68694 1 0
2015071546 17:40:00 25707 0 1
2015071547 17:50:00 01047 1 0
2015071548 18:00:00 74898 0 1
2015071549 18:10:00 70509 0 0
2015071550 18:20:00 83066 0 1
2015071551 18:30:00 55979 1 1
2015071552 18:40:00 46611 1 1
2015071553 18:50:00 34950 0 0
2015071554 19:00:00 71238 0 0
2015071555 19:10:00 22508 1 0
2015071556 19:20:00 10711 0 1
2015071557 19:30:00 56760 0 0
2015071558 19:40:00 11716 1 0
2015071559 19:50:00 28003 0 1
2015071560 20:00:00 10222 0 1
2015071561 20:10:00 45486 1 0
2015071562 20:20:00 28190 0 0
2015071563 20:30:00 00720 1 0
2015071564 20:40:00 86661 1 1
2015071565 20:50:00 00708 1 0
2015071566 21:00:00 86481 0 0
2015071567 21:10:00 90092 1 0
2015071568 21:20:00 77159 1 0
2015071569 21:30:00 74635 0 0
2015071570 21:40:00 60551 0 1
2015071571 21:50:00 55752 1 0
2015071572 22:00:00 50868 0 1
2015071573 22:10:00 29025 0 0
2015071574 22:20:00 26389 0 0
2015071575 22:30:00 69217 0 0
2015071576 22:40:00 46301 0 0
2015071577 22:50:00 38780 0 0
2015071578 23:00:00 66748 1 0
2015071579 23:10:00 75428 0 0
2015071580 23:20:00 73087 0 0
2015071581 23:30:00 82926 0 0
2015071582 23:40:00 01460 0 0
2015071583 23:50:00 44398 1 0
2015071584 00:00:00 24710 0 0
2015071585 00:10:00 55305 1 0
2015071586 00:20:00 51324 0 0
2015071587 00:30:00 02995 0 1
2015071588 00:40:00 23788 0 1
2015071589 00:50:00 42002 0 1
2015071590 01:00:00 69918 1 0
2015071591 01:10:00 42873 0 0
2015071592 01:20:00 64256 0 0
2015071593 01:30:00 16878 0 1
2015071594 01:40:00 69584 0 0
2015071595 01:50:00 56053 0 0
2015071596 02:00:00 95841 0 0
