2015030701 10:10:00 80941 0 0
2015030702 10:20:00 94659 0 0
2015030703 10:30:00 84956 0 0
2015030704 10:40:00 58336 0 1
2015030705 10:50:00 87105 0 0
2015030706 11:00:00 98543 0 0
2015030707 11:10:00 13480 0 0
2015030708 11:20:00 51710 0 0
2015030709 11:30:00 10998 0 1
2015030710 11:40:00 16979 0 1
2015030711 11:50:00 33228 1 1
2015030712 12:00:00 20951 0 0
2015030713 12:10:00 54992 0 1
2015030714 12:20:00 76157 0 0
2015030715 12:30:00 86277 0 1
2015030716 12:40:00 01244 0 1
2015030717 12:50:00 44546 1 0
2015030718 13:00:00 94417 1 0
2015030719 13:10:00 77223 1 1
2015030720 13:20:00 57035 0 0
2015030721 13:30:00 74223 0 1
2015030722 13:40:00 18377 0 1
2015030723 13:50:00 95812 0 0
2015030724 14:00:00 20762 0 0
2015030725 14:10:00 49123 0 0
2015030726 14:20:00 77122 1 1
2015030727 14:30:00 70146 0 0
2015030728 14:40:00 37847 0 0
2015030729 14:50:00 45641 0 0
2015030730 15:00:00 42963 0 0
2015030731 15:10:00 09755 0 1
2015030732 15:20:00 95474 0 1
2015030733 15:30:00 93828 0 1
2015030734 15:40:00 44530 1 0
2015030735 15:50:00 17474 0 1
2015030736 16:00:00 74695 0 0
2015030737 16:10:00 24685 0 0
2015030738 16:20:00 37658 0 0
2015030739 16:30:00 68815 1 0
2015030740 16:40:00 10126 1 0
2015030741 16:50:00 46605 1 0
2015030742 17:00:00 55895 1 0
2015030743 17:10:00 66301 1 0
2015030744 17:20:00 13750 0 0
2015030745 17:30:00 89664 0 1
2015030746 17:40:00 22042 1 0
2015030747 17:50:00 77616 1 1
2015030748 18:00:00 26324 0 0
2015030749 18:10:00 93970 1 0
2015030750 18:20:00 81302 0 0
2015030751 18:30:00 92864 0 0
2015030752 18:40:00 16733 0 1
2015030753 18:50:00 97090 0 1
2015030754 19:00:00 90505 0 1
2015030755 19:10:00 23132 0 0
2015030756 19:20:00 33475 1 0
2015030757 19:30:00 73150 0 0
2015030758 19:40:00 37012 0 0
2015030759 19:50:00 94067 0 0
2015030760 20:00:00 18009 0 1
2015030761 20:10:00 67147 0 0
2015030762 20:20:00 85129 0 0
2015030763 20:30:00 08666 0 1
2015030764 20:40:00 59155 0 1
2015030765 20:50:00 34744 0 1
2015030766 21:00:00 94472 1 0
2015030767 21:10:00 57374 0 0
2015030768 21:20:00 57068 0 0
2015030769 21:30:00 67511 0 1
2015030770 21:40:00 52503 1 0
2015030771 21:50:00 62182 0 0
2015030772 22:00:00 12396 0 0
2015030773 22:10:00 50300 0 1
2015030774 22:20:00 46195 0 0
2015030775 22:30:00 35548 1 0
2015030776 22:40:00 83302 1 0
2015030777 22:50:00 22974 1 0
2015030778 23:00:00 74309 0 0
2015030779 23:10:00 30615 0 0
2015030780 23:20:00 56293 0 0
2015030781 23:30:00 05689 0 0
2015030782 23:40:00 90258 0 0
2015030783 23:50:00 25816 0 0
2015030784 00:00:00 13805 0 0
2015030785 00:10:00 19369 0 0
2015030786 00:20:00 21586 0 0
2015030787 00:30:00 89566 0 1
2015030788 00:40:00 25813 0 0
2015030789 00:50:00 15411 0 1
2015030790 01:00:00 28678 0 0
2015030791 01:10:00 34896 0 0
2015030792 01:20:00 80151 0 1
2015030793 01:30:00 37107 0 0
2015030794 01:40:00 40131 0 1
2015030795 01:50:00 41817 0 0
2015030796 02:00:00 65119 0 1
