2015081801 10:10:00 37120 0 0
2015081802 10:20:00 66155 1 1
2015081803 10:30:00 48404 1 1
2015081804 10:40:00 60564 0 0
2015081805 10:50:00 36666 1 1
2015081806 11:00:00 13912 0 0
2015081807 11:10:00 15379 0 0
2015081808 11:20:00 61909 0 1
2015081809 11:30:00 62025 0 0
2015081810 11:40:00 75210 0 0
2015081811 11:50:00 73151 0 1
2015081812 12:00:00 93935 1 0
2015081813 12:10:00 44725 1 0
2015081814 12:20:00 35576 1 0
2015081815 12:30:00 15111 1 1
2015081816 12:40:00 97904 1 0
2015081817 12:50:00 14430 1 0
2015081818 13:00:00 73160 0 0
2015081819 13:10:00 89783 0 0
2015081820 13:20:00 42620 0 0
2015081821 13:30:00 37927 0 0
2015081822 13:40:00 09489 0 0
2015081823 13:50:00 17149 1 0
2015081824 14:00:00 19002 0 1
2015081825 14:10:00 00453 1 0
2015081826 14:20:00 95622 0 1
2015081827 14:30:00 44729 1 0
2015081828 14:40:00 47444 1 1
2015081829 14:50:00 72219 1 0
2015081830 15:00:00 36269 0 0
2015081831 15:10:00 57106 0 0
2015081832 15:20:00 48832 1 0
2015081833 15:30:00 48389 0 0
2015081834 15:40:00 26477 0 1
2015081835 15:50:00 54792 0 0
2015081836 16:00:00 67668 1 1
2015081837 16:10:00 01041 1 0
2015081838 16:20:00 89423 0 0
2015081839 16:30:00 25410 0 0
2015081840 16:40:00 49064 0 0
2015081841 16:50:00 44778 1 1
2015081842 17:00:00 29504 0 0
2015081843 17:10:00 74677 0 1
2015081844 17:20:00 63785 0 0
2015081845 17:30:00 92975 1 0
2015081846 17:40:00 85767 0 1
2015081847 17:50:00 17392 0 0
2015081848 18:00:00 73749 1 0
2015081849 18:10:00 05151 0 1
2015081850 18:20:00 14468 1 0
2015081851 18:30:00 66515 1 1
2015081852 18:40:00 52159 0 0
2015081853 18:50:00 87221 0 1
2015081854 19:00:00 48900 0 1
2015081855 19:10:00 98382 0 0
2015081856 19:20:00 55672 1 0
2015081857 19:30:00 92164 0 0
2015081858 19:40:00 49727 0 1
2015081859 19:50:00 93285 0 0
2015081860 20:00:00 78795 1 0
2015081861 20:10:00 19500 0 1
2015081862 20:20:00 03758 0 0
2015081863 20:30:00 39545 0 1
2015081864 20:40:00 11183 1 0
2015081865 20:50:00 14322 0 1
2015081866 21:00:00 53103 0 0
2015081867 21:10:00 61013 0 0
2015081868 21:20:00 30504 0 0
2015081869 21:30:00 68059 0 0
2015081870 21:40:00 04106 0 0
2015081871 21:50:00 73515 0 1
2015081872 22:00:00 26608 1 0
2015081873 22:10:00 64264 0 0
2015081874 22:20:00 29354 0 0
2015081875 22:30:00 68885 1 1
2015081876 22:40:00 03157 0 0
2015081877 22:50:00 96534 0 0
2015081878 23:00:00 48149 0 0
2015081879 23:10:00 21228 1 1
2015081880 23:20:00 77688 1 1
2015081881 23:30:00 83725 0 0
2015081882 23:40:00 29297 1 0
2015081883 23:50:00 02485 0 0
2015081884 00:00:00 12032 0 0
2015081885 00:10:00 46005 0 1
2015081886 00:20:00 53672 0 0
2015081887 00:30:00 18476 0 0
2015081888 00:40:00 74505 0 1
2015081889 00:50:00 18683 0 0
2015081890 01:00:00 29623 0 0
2015081891 01:10:00 39396 1 0
2015081892 01:20:00 43228 0 1
2015081893 01:30:00 67181 0 1
2015081894 01:40:00 92131 0 1
2015081895 01:50:00 14032 0 0
2015081896 02:00:00 38777 0 1
