2015033001 10:10:00 46515 0 1
2015033002 10:20:00 85781 0 0
2015033003 10:30:00 84528 0 0
2015033004 10:40:00 96171 0 1
2015033005 10:50:00 41529 0 0
2015033006 11:00:00 09378 0 0
2015033007 11:10:00 08558 0 1
2015033008 11:20:00 89330 0 1
2015033009 11:30:00 36245 0 0
2015033010 11:40:00 26234 1 0
2015033011 11:50:00 72080 0 1
2015033012 12:00:00 23998 0 1
2015033013 12:10:00 88805 1 0
2015033014 12:20:00 09109 0 0
2015033015 12:30:00 49418 1 0
2015033016 12:40:00 27449 0 1
2015033017 12:50:00 22153 1 0
2015033018 13:00:00 24831 0 0
2015033019 13:10:00 65949 0 1
2015033020 13:20:00 47704 1 0
2015033021 13:30:00 42865 0 0
2015033022 13:40:00 97633 0 1
2015033023 13:50:00 23100 0 1
2015033024 14:00:00 21348 0 0
2015033025 14:10:00 93562 0 0
2015033026 14:20:00 36729 0 0
2015033027 14:30:00 71346 0 0
2015033028 14:40:00 24859 0 0
2015033029 14:50:00 85311 0 1
2015033030 15:00:00 06560 0 0
2015033031 15:10:00 56633 1 1
2015033032 15:20:00 03318 1 0
2015033033 15:30:00 97562 0 0
2015033034 15:40:00 49999 1 1
2015033035 15:50:00 47201 0 0
2015033036 16:00:00 69040 0 1
2015033037 16:10:00 29280 1 0
2015033038 16:20:00 51239 0 0
2015033039 16:30:00 95350 0 0
2015033040 16:40:00 62461 0 0
2015033041 16:50:00 78724 1 0
2015033042 17:00:00 91393 0 1
2015033043 17:10:00 63668 1 1
2015033044 17:20:00 97934 1 0
2015033045 17:30:00 75930 0 0
2015033046 17:40:00 48959 0 1
2015033047 17:50:00 91812 0 0
2015033048 18:00:00 94349 0 0
2015033049 18:10:00 37370 1 0
2015033050 18:20:00 76679 1 0
2015033051 18:30:00 31873 0 0
2015033052 18:40:00 13397 1 0
2015033053 18:50:00 53835 0 0
2015033054 19:00:00 62476 0 0
2015033055 19:10:00 10464 0 1
2015033056 19:20:00 35327 1 0
2015033057 19:30:00 77140 1 0
2015033058 19:40:00 91937 1 0
2015033059 19:50:00 31062 0 0
2015033060 20:00:00 55334 1 1
2015033061 20:10:00 01002 1 1
2015033062 20:20:00 75199 0 1
2015033063 20:30:00 79804 0 0
2015033064 20:40:00 04720 0 0
2015033065 20:50:00 49579 0 0
2015033066 21:00:00 77722 1 1
2015033067 21:10:00 44940 1 0
2015033068 21:20:00 11730 1 0
2015033069 21:30:00 53945 0 0
2015033070 21:40:00 26696 1 1
2015033071 21:50:00 95864 0 0
2015033072 22:00:00 34910 0 0
2015033073 22:10:00 44646 1 1
2015033074 22:20:00 09046 1 0
2015033075 22:30:00 15968 0 0
2015033076 22:40:00 01624 0 0
2015033077 22:50:00 06280 0 0
2015033078 23:00:00 74021 0 0
2015033079 23:10:00 89657 0 0
2015033080 23:20:00 31823 0 0
2015033081 23:30:00 00840 1 0
2015033082 23:40:00 23617 0 0
2015033083 23:50:00 94616 0 1
2015033084 00:00:00 21674 0 0
2015033085 00:10:00 96566 0 1
2015033086 00:20:00 69758 0 0
2015033087 00:30:00 50420 0 0
2015033088 00:40:00 59906 1 0
2015033089 00:50:00 64981 0 0
2015033090 01:00:00 33202 1 1
2015033091 01:10:00 09450 0 0
2015033092 01:20:00 90314 0 0
2015033093 01:30:00 58554 1 1
2015033094 01:40:00 28832 1 0
2015033095 01:50:00 51764 0 0
2015033096 02:00:00 18025 0 0
