2015070301 10:10:00 54212 0 1
2015070302 10:20:00 30765 0 0
2015070303 10:30:00 13483 0 0
2015070304 10:40:00 68479 0 0
2015070305 10:50:00 04867 0 0
2015070306 11:00:00 71452 0 0
2015070307 11:10:00 61376 0 0
2015070308 11:20:00 04232 0 1
2015070309 11:30:00 39026 0 0
2015070310 11:40:00 00649 1 0
2015070311 11:50:00 53729 0 0
2015070312 12:00:00 63806 0 0
2015070313 12:10:00 91532 0 0
2015070314 12:20:00 04810 0 0
2015070315 12:30:00 45380 0 0
2015070316 12:40:00 52729 0 0
2015070317 12:50:00 61931 0 0
2015070318 13:00:00 28638 0 0
2015070319 13:10:00 34133 0 1
2015070320 13:20:00 66033 1 1
2015070321 13:30:00 33430 1 0
2015070322 13:40:00 36187 0 0
2015070323 13:50:00 42658 0 0
2015070324 14:00:00 31675 0 0
2015070325 14:10:00 79635 0 0
2015070326 14:20:00 52551 1 1
2015070327 14:30:00 50700 0 1
2015070328 14:40:00 10338 0 1
2015070329 14:50:00 73052 0 0
2015070330 15:00:00 91710 0 0
2015070331 15:10:00 40012 1 0
2015070332 15:20:00 57392 0 0
2015070333 15:30:00 26032 0 0
2015070334 15:40:00 49264 0 0
2015070335 15:50:00 21215 1 0
2015070336 16:00:00 30022 1 1
2015070337 16:10:00 22435 1 0
2015070338 16:20:00 09043 1 0
2015070339 16:30:00 93438 0 0
2015070340 16:40:00 90913 1 0
2015070341 16:50:00 77116 1 1
2015070342 17:00:00 47252 0 1
2015070343 17:10:00 96352 0 0
2015070344 17:20:00 32692 0 0
2015070345 17:30:00 76132 0 0
2015070346 17:40:00 94122 0 1
2015070347 17:50:00 24698 0 0
2015070348 18:00:00 59601 0 0
2015070349 18:10:00 33897 1 0
2015070350 18:20:00 09939 1 1
2015070351 18:30:00 74315 0 0
2015070352 18:40:00 43432 1 0
2015070353 18:50:00 27842 0 0
2015070354 19:00:00 98648 0 0
2015070355 19:10:00 21538 0 0
2015070356 19:20:00 14634 0 0
2015070357 19:30:00 66306 1 0
2015070358 19:40:00 77630 1 0
2015070359 19:50:00 65304 0 0
2015070360 20:00:00 03970 0 0
2015070361 20:10:00 36597 0 0
2015070362 20:20:00 78891 1 0
2015070363 20:30:00 25556 1 1
2015070364 20:40:00 22184 1 0
2015070365 20:50:00 27592 0 0
2015070366 21:00:00 82156 0 0
2015070367 21:10:00 05026 1 0
2015070368 21:20:00 00179 1 0
2015070369 21:30:00 84663 0 1
2015070370 21:40:00 34866 0 1
2015070371 21:50:00 17987 0 0
2015070372 22:00:00 80304 0 0
2015070373 22:10:00 91159 1 0
2015070374 22:20:00 71266 0 1
2015070375 22:30:00 84342 0 0
2015070376 22:40:00 07141 0 1
2015070377 22:50:00 65371 0 0
2015070378 23:00:00 72618 0 0
2015070379 23:10:00 27657 0 0
2015070380 23:20:00 15589 1 0
2015070381 23:30:00 94640 0 0
2015070382 23:40:00 55551 1 1
2015070383 23:50:00 84821 1 0
2015070384 00:00:00 24218 1 0
2015070385 00:10:00 96331 0 1
2015070386 00:20:00 36093 0 0
2015070387 00:30:00 88847 1 0
2015070388 00:40:00 33148 1 0
2015070389 00:50:00 49869 0 0
2015070390 01:00:00 56739 0 0
2015070391 01:10:00 88754 1 0
2015070392 01:20:00 55847 1 0
2015070393 01:30:00 40728 0 0
2015070394 01:40:00 81207 0 0
2015070395 01:50:00 67815 0 0
2015070396 02:00:00 18045 0 0
