2015040401 10:10:00 02338 0 1
2015040402 10:20:00 62897 0 0
2015040403 10:30:00 37387 1 0
2015040404 10:40:00 36408 0 0
2015040405 10:50:00 93406 0 0
2015040406 11:00:00 06503 0 0
2015040407 11:10:00 09172 0 0
2015040408 11:20:00 13051 0 0
2015040409 11:30:00 48408 1 0
2015040410 11:40:00 80572 0 0
2015040411 11:50:00 27637 0 0
2015040412 12:00:00 14621 0 0
2015040413 12:10:00 06233 0 1
2015040414 12:20:00 68454 0 1
2015040415 12:30:00 43850 0 0
2015040416 12:40:00 27445 0 1
2015040417 12:50:00 79804 0 0
2015040418 13:00:00 14288 0 1
2015040419 13:10:00 03841 0 0
2015040420 13:20:00 34431 1 0
2015040421 13:30:00 83679 0 0
2015040422 13:40:00 22523 1 0
2015040423 13:50:00 68178 0 0
2015040424 14:00:00 24432 1 0
2015040425 14:10:00 92654 0 0
2015040426 14:20:00 27174 0 0
2015040427 14:30:00 60775 0 1
2015040428 14:40:00 22636 1 1
2015040429 14:50:00 38210 0 0
2015040430 15:00:00 80050 1 1
2015040431 15:10:00 34783 0 0
2015040432 15:20:00 41443 1 1
2015040433 15:30:00 49719 0 0
2015040434 15:40:00 77008 1 1
2015040435 15:50:00 81940 0 0
2015040436 16:00:00 87655 0 1
2015040437 16:10:00 48688 0 1
2015040438 16:20:00 87072 0 0
2015040439 16:30:00 70620 0 0
2015040440 16:40:00 81953 0 0
2015040441 16:50:00 81974 0 0
2015040442 17:00:00 48276 0 0
2015040443 17:10:00 93600 0 1
2015040444 17:20:00 67946 0 0
2015040445 17:30:00 69455 0 1
2015040446 17:40:00 75270 0 0
2015040447 17:50:00 17040 0 1
2015040448 18:00:00 58550 1 1
2015040449 18:10:00 04662 0 1
2015040450 18:20:00 42049 0 0
2015040451 18:30:00 96116 0 1
2015040452 18:40:00 99766 1 1
2015040453 18:50:00 59782 0 0
2015040454 19:00:00 98148 0 0
2015040455 19:10:00 57016 0 0
2015040456 19:20:00 17734 1 0
2015040457 19:30:00 85168 0 0
2015040458 19:40:00 88833 1 1
2015040459 19:50:00 44894 1 0
2015040460 20:00:00 83880 1 1
2015040461 20:10:00 26227 1 1
2015040462 20:20:00 97475 0 0
2015040463 20:30:00 85506 1 0
2015040464 20:40:00 03184 0 0
2015040465 20:50:00 42451 1 0
2015040466 21:00:00 91311 0 1
2015040467 21:10:00 66528 1 0
2015040468 21:20:00 84828 1 1
2015040469 21:30:00 19996 1 1
2015040470 21:40:00 15474 0 1
2015040471 21:50:00 36242 0 1
2015040472 22:00:00 85359 0 0
2015040473 22:10:00 80599 0 1
2015040474 22:20:00 12483 0 0
2015040475 22:30:00 24633 0 1
2015040476 22:40:00 21598 0 0
2015040477 22:50:00 53504 1 0
2015040478 23:00:00 19529 0 0
2015040479 23:10:00 33683 1 0
2015040480 23:20:00 06374 0 0
2015040481 23:30:00 80594 0 0
2015040482 23:40:00 84550 0 1
2015040483 23:50:00 36883 0 1
2015040484 00:00:00 10881 0 1
2015040485 00:10:00 58707 0 1
2015040486 00:20:00 85351 0 0
2015040487 00:30:00 73901 0 0
2015040488 00:40:00 78044 0 1
2015040489 00:50:00 65103 0 0
2015040490 01:00:00 61168 1 0
2015040491 01:10:00 27165 0 0
2015040492 01:20:00 53221 0 1
2015040493 01:30:00 91011 0 1
2015040494 01:40:00 59623 0 0
2015040495 01:50:00 98225 0 1
2015040496 02:00:00 95985 1 0
