2015121401 10:10:00 38242 0 1
2015121402 10:20:00 32129 0 0
2015121403 10:30:00 86071 0 0
2015121404 10:40:00 73690 0 0
2015121405 10:50:00 54367 0 0
2015121406 11:00:00 81657 0 0
2015121407 11:10:00 77924 1 0
2015121408 11:20:00 43591 0 0
2015121409 11:30:00 51262 0 1
2015121410 11:40:00 78361 0 0
2015121411 11:50:00 79911 1 1
2015121412 12:00:00 10432 0 0
2015121413 12:10:00 93525 0 1
2015121414 12:20:00 82247 1 0
2015121415 12:30:00 64069 0 0
2015121416 12:40:00 82923 0 0
2015121417 12:50:00 95107 0 0
2015121418 13:00:00 01550 0 1
2015121419 13:10:00 51804 0 0
2015121420 13:20:00 37684 0 0
2015121421 13:30:00 74655 0 1
2015121422 13:40:00 97106 0 0
2015121423 13:50:00 96306 0 0
2015121424 14:00:00 59686 0 1
2015121425 14:10:00 56369 0 0
2015121426 14:20:00 69703 0 0
2015121427 14:30:00 27328 0 0
2015121428 14:40:00 05879 0 0
2015121429 14:50:00 32126 0 0
2015121430 15:00:00 24514 0 0
2015121431 15:10:00 94539 0 0
2015121432 15:20:00 27698 0 0
2015121433 15:30:00 71116 1 1
2015121434 15:40:00 49763 0 0
2015121435 15:50:00 55714 1 0
2015121436 16:00:00 95331 0 1
2015121437 16:10:00 22567 1 0
2015121438 16:20:00 01190 1 0
2015121439 16:30:00 95576 1 0
2015121440 16:40:00 37997 0 1
2015121441 16:50:00 39635 0 0
2015121442 17:00:00 00657 1 0
2015121443 17:10:00 59726 0 0
2015121444 17:20:00 47332 0 1
2015121445 17:30:00 32180 0 0
2015121446 17:40:00 83960 0 0
2015121447 17:50:00 05316 0 0
2015121448 18:00:00 45604 0 0
2015121449 18:10:00 85610 0 0
2015121450 18:20:00 30453 0 0
2015121451 18:30:00 85339 0 1
2015121452 18:40:00 27037 0 0
2015121453 18:50:00 58522 1 1
2015121454 19:00:00 36733 0 1
2015121455 19:10:00 63775 0 1
2015121456 19:20:00 65538 1 0
2015121457 19:30:00 30767 0 1
2015121458 19:40:00 08154 0 0
2015121459 19:50:00 30499 0 1
2015121460 20:00:00 49688 0 1
2015121461 20:10:00 75404 0 1
2015121462 20:20:00 27577 0 1
2015121463 20:30:00 29202 1 1
2015121464 20:40:00 81677 0 1
2015121465 20:50:00 88827 1 0
2015121466 21:00:00 68630 1 0
2015121467 21:10:00 86814 1 0
2015121468 21:20:00 29175 0 0
2015121469 21:30:00 05258 0 0
2015121470 21:40:00 28698 0 0
2015121471 21:50:00 60863 0 0
2015121472 22:00:00 25425 0 0
2015121473 22:10:00 86298 0 0
2015121474 22:20:00 23684 0 0
2015121475 22:30:00 72485 0 0
2015121476 22:40:00 07894 0 0
2015121477 22:50:00 38970 0 0
2015121478 23:00:00 94462 1 0
2015121479 23:10:00 24437 1 0
2015121480 23:20:00 68015 0 0
2015121481 23:30:00 57482 0 0
2015121482 23:40:00 07590 0 0
2015121483 23:50:00 44793 1 0
2015121484 00:00:00 00520 1 0
2015121485 00:10:00 94510 0 0
2015121486 00:20:00 86829 1 0
2015121487 00:30:00 83048 0 0
2015121488 00:40:00 63562 0 0
2015121489 00:50:00 11570 1 0
2015121490 01:00:00 93957 1 0
2015121491 01:10:00 99729 1 0
2015121492 01:20:00 25451 0 0
2015121493 01:30:00 17944 0 1
2015121494 01:40:00 12424 0 1
2015121495 01:50:00 13054 0 0
2015121496 02:00:00 42212 1 1
