2015021601 10:10:00 85274 0 0
2015021602 10:20:00 78249 0 0
2015021603 10:30:00 44677 1 1
2015021604 10:40:00 86806 1 0
2015021605 10:50:00 83205 0 0
2015021606 11:00:00 56433 0 1
2015021607 11:10:00 51424 0 1
2015021608 11:20:00 70691 0 0
2015021609 11:30:00 63083 0 0
2015021610 11:40:00 51408 0 0
2015021611 11:50:00 35876 0 0
2015021612 12:00:00 76376 0 0
2015021613 12:10:00 11586 1 0
2015021614 12:20:00 40460 1 0
2015021615 12:30:00 21512 0 0
2015021616 12:40:00 01674 0 0
2015021617 12:50:00 57709 1 0
2015021618 13:00:00 83659 0 0
2015021619 13:10:00 62776 0 1
2015021620 13:20:00 42505 0 1
2015021621 13:30:00 50777 0 1
2015021622 13:40:00 79448 0 1
2015021623 13:50:00 29032 0 0
2015021624 14:00:00 48916 0 0
2015021625 14:10:00 44385 1 0
2015021626 14:20:00 01975 0 0
2015021627 14:30:00 02107 0 0
2015021628 14:40:00 36350 1 0
2015021629 14:50:00 61167 1 0
2015021630 15:00:00 34186 0 0
2015021631 15:10:00 16042 0 0
2015021632 15:20:00 91483 0 0
2015021633 15:30:00 09176 0 0
2015021634 15:40:00 44234 1 0
2015021635 15:50:00 30274 0 0
2015021636 16:00:00 38691 0 0
2015021637 16:10:00 74915 0 0
2015021638 16:20:00 86518 0 0
2015021639 16:30:00 74979 0 1
2015021640 16:40:00 19630 0 0
2015021641 16:50:00 97571 0 0
2015021642 17:00:00 44988 1 1
2015021643 17:10:00 54309 0 0
2015021644 17:20:00 90189 0 0
2015021645 17:30:00 95136 0 0
2015021646 17:40:00 54186 0 0
2015021647 17:50:00 11118 1 1
2015021648 18:00:00 75370 0 0
2015021649 18:10:00 72034 0 0
2015021650 18:20:00 50909 0 1
2015021651 18:30:00 22583 1 0
2015021652 18:40:00 23010 0 1
2015021653 18:50:00 61012 0 0
2015021654 19:00:00 88004 1 1
2015021655 19:10:00 92040 0 1
2015021656 19:20:00 40250 0 0
2015021657 19:30:00 29584 0 0
2015021658 19:40:00 83106 0 0
2015021659 19:50:00 22211 1 1
2015021660 20:00:00 25981 0 0
2015021661 20:10:00 13736 0 0
2015021662 20:20:00 70538 0 0
2015021663 20:30:00 30910 0 0
2015021664 20:40:00 87979 0 1
2015021665 20:50:00 87382 0 0
2015021666 21:00:00 06565 0 1
2015021667 21:10:00 78509 0 0
2015021668 21:20:00 59106 0 0
2015021669 21:30:00 16835 0 0
2015021670 21:40:00 58032 0 0
2015021671 21:50:00 48231 0 0
2015021672 22:00:00 57653 0 0
2015021673 22:10:00 37576 0 0
2015021674 22:20:00 67382 0 0
2015021675 22:30:00 49689 0 0
2015021676 22:40:00 99350 1 0
2015021677 22:50:00 42079 0 0
2015021678 23:00:00 55776 1 1
2015021679 23:10:00 07564 0 0
2015021680 23:20:00 37243 0 0
2015021681 23:30:00 66540 1 0
2015021682 23:40:00 04835 0 0
2015021683 23:50:00 38947 0 0
2015021684 00:00:00 94323 0 1
2015021685 00:10:00 77392 1 0
2015021686 00:20:00 94480 1 0
2015021687 00:30:00 27036 0 0
2015021688 00:40:00 39818 0 1
2015021689 00:50:00 61544 0 1
2015021690 01:00:00 68140 0 0
2015021691 01:10:00 28145 0 0
2015021692 01:20:00 02417 0 0
2015021693 01:30:00 10712 0 0
2015021694 01:40:00 72049 0 0
2015021695 01:50:00 25262 1 1
2015021696 02:00:00 61980 0 0
