2015101501 10:10:00 45784 0 0
2015101502 10:20:00 98835 1 0
2015101503 10:30:00 06909 0 1
2015101504 10:40:00 91250 0 0
2015101505 10:50:00 32624 0 0
2015101506 11:00:00 86956 0 0
2015101507 11:10:00 41737 0 1
2015101508 11:20:00 90258 0 0
2015101509 11:30:00 41295 0 0
2015101510 11:40:00 51313 0 1
2015101511 11:50:00 11767 1 1
2015101512 12:00:00 32657 0 0
2015101513 12:10:00 25703 0 0
2015101514 12:20:00 98277 0 1
2015101515 12:30:00 59696 0 1
2015101516 12:40:00 10240 0 0
2015101517 12:50:00 22861 1 0
2015101518 13:00:00 42072 0 0
2015101519 13:10:00 20505 0 1
2015101520 13:20:00 32817 0 0
2015101521 13:30:00 87772 1 1
2015101522 13:40:00 55226 1 1
2015101523 13:50:00 63569 0 0
2015101524 14:00:00 10259 0 0
2015101525 14:10:00 37404 0 1
2015101526 14:20:00 23789 0 0
2015101527 14:30:00 05844 0 1
2015101528 14:40:00 26549 0 0
2015101529 14:50:00 13138 1 0
2015101530 15:00:00 42586 0 0
2015101531 15:10:00 42366 0 1
2015101532 15:20:00 96542 0 0
2015101533 15:30:00 07234 0 0
2015101534 15:40:00 96132 0 0
2015101535 15:50:00 06682 1 0
2015101536 16:00:00 48353 0 1
2015101537 16:10:00 82540 0 0
2015101538 16:20:00 54795 0 0
2015101539 16:30:00 58879 1 0
2015101540 16:40:00 37335 1 1
2015101541 16:50:00 46330 0 1
2015101542 17:00:00 22715 1 0
2015101543 17:10:00 23581 0 0
2015101544 17:20:00 54507 1 0
2015101545 17:30:00 68955 0 1
2015101546 17:40:00 72548 0 0
2015101547 17:50:00 72175 0 0
2015101548 18:00:00 55785 1 0
2015101549 18:10:00 28452 0 0
2015101550 18:20:00 94715 0 0
2015101551 18:30:00 77301 1 0
2015101552 18:40:00 69499 0 1
2015101553 18:50:00 47301 0 0
2015101554 19:00:00 45010 0 1
2015101555 19:10:00 17168 1 0
2015101556 19:20:00 83438 0 0
2015101557 19:30:00 05495 0 0
2015101558 19:40:00 53571 1 0
2015101559 19:50:00 31797 0 1
2015101560 20:00:00 07073 1 0
2015101561 20:10:00 54362 0 0
2015101562 20:20:00 62805 0 0
2015101563 20:30:00 27309 0 0
2015101564 20:40:00 23257 1 0
2015101565 20:50:00 01060 1 1
2015101566 21:00:00 10817 0 0
2015101567 21:10:00 89177 0 1
2015101568 21:20:00 86101 0 1
2015101569 21:30:00 29090 0 1
2015101570 21:40:00 33619 1 0
2015101571 21:50:00 89759 0 0
2015101572 22:00:00 08892 1 0
2015101573 22:10:00 74076 0 0
2015101574 22:20:00 40833 0 1
2015101575 22:30:00 26124 0 0
2015101576 22:40:00 70533 0 1
2015101577 22:50:00 36747 0 1
2015101578 23:00:00 51439 0 0
2015101579 23:10:00 74994 0 1
2015101580 23:20:00 48848 1 1
2015101581 23:30:00 88414 1 1
2015101582 23:40:00 80904 0 0
2015101583 23:50:00 57547 1 0
2015101584 00:00:00 79253 0 0
2015101585 00:10:00 79220 0 1
2015101586 00:20:00 47913 0 0
2015101587 00:30:00 08346 0 0
2015101588 00:40:00 37177 0 1
2015101589 00:50:00 72462 0 0
2015101590 01:00:00 78764 1 0
2015101591 01:10:00 85424 0 1
2015101592 01:20:00 50304 0 0
2015101593 01:30:00 29871 0 0
2015101594 01:40:00 52998 0 1
2015101595 01:50:00 12150 1 0
2015101596 02:00:00 27296 1 0
