2015072501 10:10:00 84308 0 0
2015072502 10:20:00 91811 0 1
2015072503 10:30:00 53365 1 0
2015072504 10:40:00 34654 0 0
2015072505 10:50:00 66789 1 0
2015072506 11:00:00 83730 0 0
2015072507 11:10:00 35032 0 0
2015072508 11:20:00 68589 0 0
2015072509 11:30:00 00724 1 0
2015072510 11:40:00 74979 0 1
2015072511 11:50:00 98525 0 1
2015072512 12:00:00 92269 1 0
2015072513 12:10:00 65855 0 1
2015072514 12:20:00 97889 0 1
2015072515 12:30:00 36692 1 0
2015072516 12:40:00 19280 0 0
2015072517 12:50:00 04958 0 0
2015072518 13:00:00 34281 0 0
2015072519 13:10:00 35911 0 1
2015072520 13:20:00 45055 0 1
2015072521 13:30:00 55389 1 0
2015072522 13:40:00 31968 0 0
2015072523 13:50:00 49107 0 0
2015072524 14:00:00 81075 0 0
2015072525 14:10:00 58717 0 1
2015072526 14:20:00 40228 0 1
2015072527 14:30:00 54466 1 1
2015072528 14:40:00 02948 0 0
2015072529 14:50:00 85545 1 1
2015072530 15:00:00 35777 0 1
2015072531 15:10:00 02167 0 0
2015072532 15:20:00 37910 0 0
2015072533 15:30:00 51500 1 1
2015072534 15:40:00 92948 1 0
2015072535 15:50:00 95256 0 0
2015072536 16:00:00 25482 0 0
2015072537 16:10:00 54930 0 0
2015072538 16:20:00 72397 0 0
2015072539 16:30:00 02847 0 0
2015072540 16:40:00 53648 0 0
2015072541 16:50:00 63408 0 0
2015072542 17:00:00 74552 0 1
2015072543 17:10:00 40718 0 0
2015072544 17:20:00 27168 0 0
2015072545 17:30:00 66231 1 0
2015072546 17:40:00 51023 0 0
2015072547 17:50:00 61937 0 0
2015072548 18:00:00 10177 1 1
2015072549 18:10:00 77989 1 1
2015072550 18:20:00 29668 0 1
2015072551 18:30:00 32808 0 1
2015072552 18:40:00 07773 1 1
2015072553 18:50:00 67908 0 0
2015072554 19:00:00 59497 0 0
2015072555 19:10:00 95551 1 1
2015072556 19:20:00 76827 0 0
2015072557 19:30:00 70909 0 1
2015072558 19:40:00 80545 0 1
2015072559 19:50:00 40785 0 0
2015072560 20:00:00 35886 0 1
2015072561 20:10:00 34954 0 0
2015072562 20:20:00 11941 1 0
2015072563 20:30:00 96256 0 0
2015072564 20:40:00 36308 1 0
2015072565 20:50:00 35916 0 0
2015072566 21:00:00 83474 0 1
2015072567 21:10:00 52998 0 1
2015072568 21:20:00 20741 0 0
2015072569 21:30:00 46504 0 0
2015072570 21:40:00 27613 0 0
2015072571 21:50:00 48485 1 0
2015072572 22:00:00 51394 0 0
2015072573 22:10:00 48668 0 1
2015072574 22:20:00 63072 0 0
2015072575 22:30:00 69985 1 0
2015072576 22:40:00 46940 0 0
2015072577 22:50:00 68888 1 1
2015072578 23:00:00 20709 0 0
2015072579 23:10:00 94352 0 0
2015072580 23:20:00 49422 1 1
2015072581 23:30:00 50328 0 0
2015072582 23:40:00 42243 1 0
2015072583 23:50:00 78165 0 0
2015072584 00:00:00 56826 0 0
2015072585 00:10:00 88267 1 0
2015072586 00:20:00 63152 0 0
2015072587 00:30:00 74258 0 0
2015072588 00:40:00 19090 0 1
2015072589 00:50:00 65150 0 0
2015072590 01:00:00 59185 0 0
2015072591 01:10:00 98949 1 1
2015072592 01:20:00 75471 0 0
2015072593 01:30:00 03148 0 0
2015072594 01:40:00 65219 0 0
2015072595 01:50:00 51374 0 0
2015072596 02:00:00 43191 0 1
