2015011201 10:10:00 97554 0 1
2015011202 10:20:00 75537 1 0
2015011203 10:30:00 99437 1 0
2015011204 10:40:00 55789 1 0
2015011205 10:50:00 85561 1 0
2015011206 11:00:00 49515 0 1
2015011207 11:10:00 73074 0 0
2015011208 11:20:00 62546 0 0
2015011209 11:30:00 59737 0 1
2015011210 11:40:00 95627 0 0
2015011211 11:50:00 96337 0 1
2015011212 12:00:00 10838 0 1
2015011213 12:10:00 02416 0 0
2015011214 12:20:00 47121 0 1
2015011215 12:30:00 86866 1 1
2015011216 12:40:00 20806 0 0
2015011217 12:50:00 01247 0 0
2015011218 13:00:00 07058 1 0
2015011219 13:10:00 13006 0 1
2015011220 13:20:00 58095 0 0
2015011221 13:30:00 20817 0 0
2015011222 13:40:00 62249 1 0
2015011223 13:50:00 38901 0 0
2015011224 14:00:00 18800 1 1
2015011225 14:10:00 21585 0 1
2015011226 14:20:00 34559 0 1
2015011227 14:30:00 37854 0 0
2015011228 14:40:00 56154 0 0
2015011229 14:50:00 78511 0 1
2015011230 15:00:00 69645 1 0
2015011231 15:10:00 07527 0 0
2015011232 15:20:00 46500 0 1
2015011233 15:30:00 58541 1 0
2015011234 15:40:00 83348 1 0
2015011235 15:50:00 50470 0 0
2015011236 16:00:00 14960 0 0
2015011237 16:10:00 99889 1 1
2015011238 16:20:00 46198 0 0
2015011239 16:30:00 55254 1 0
2015011240 16:40:00 99627 1 0
2015011241 16:50:00 03612 0 0
2015011242 17:00:00 80685 0 0
2015011243 17:10:00 99262 1 1
2015011244 17:20:00 14502 0 0
2015011245 17:30:00 53371 1 0
2015011246 17:40:00 61600 1 1
2015011247 17:50:00 91091 0 0
2015011248 18:00:00 81004 0 1
2015011249 18:10:00 26804 0 0
2015011250 18:20:00 91066 0 1
2015011251 18:30:00 97123 0 0
2015011252 18:40:00 95499 0 1
2015011253 18:50:00 65313 0 1
2015011254 19:00:00 03204 0 0
2015011255 19:10:00 71325 0 0
2015011256 19:20:00 95724 0 0
2015011257 19:30:00 82817 1 0
2015011258 19:40:00 24088 0 1
2015011259 19:50:00 85747 0 1
2015011260 20:00:00 05709 0 0
2015011261 20:10:00 17091 0 0
2015011262 20:20:00 00902 1 0
2015011263 20:30:00 11749 1 0
2015011264 20:40:00 09265 0 0
2015011265 20:50:00 50179 0 0
2015011266 21:00:00 48214 0 0
2015011267 21:10:00 88325 1 0
2015011268 21:20:00 35299 0 1
2015011269 21:30:00 12170 1 0
2015011270 21:40:00 24380 0 0
2015011271 21:50:00 04512 0 0
2015011272 22:00:00 25138 0 0
2015011273 22:10:00 18548 0 0
2015011274 22:20:00 77791 1 0
2015011275 22:30:00 46308 0 0
2015011276 22:40:00 47398 0 0
2015011277 22:50:00 41172 1 0
2015011278 23:00:00 90209 0 0
2015011279 23:10:00 02530 0 0
2015011280 23:20:00 71576 0 0
2015011281 23:30:00 25137 0 0
2015011282 23:40:00 41341 0 0
2015011283 23:50:00 71659 0 0
2015011284 00:00:00 24237 1 0
2015011285 00:10:00 84983 0 0
2015011286 00:20:00 69099 0 1
2015011287 00:30:00 42697 0 0
2015011288 00:40:00 78883 1 1
2015011289 00:50:00 55563 1 0
2015011290 01:00:00 61944 0 1
2015011291 01:10:00 41458 1 0
2015011292 01:20:00 56866 0 1
2015011293 01:30:00 04177 0 1
2015011294 01:40:00 53243 0 0
2015011295 01:50:00 72317 0 0
2015011296 02:00:00 26094 0 0
