2015022501 10:10:00 47798 1 0
2015022502 10:20:00 16104 1 0
2015022503 10:30:00 22608 1 0
2015022504 10:40:00 38971 0 0
2015022505 10:50:00 19886 0 1
2015022506 11:00:00 78590 0 0
2015022507 11:10:00 72899 0 1
2015022508 11:20:00 78926 0 0
2015022509 11:30:00 60606 1 1
2015022510 11:40:00 67616 1 1
2015022511 11:50:00 09688 0 1
2015022512 12:00:00 47401 1 0
2015022513 12:10:00 62404 0 1
2015022514 12:20:00 85048 0 0
2015022515 12:30:00 46379 0 0
2015022516 12:40:00 96129 0 0
2015022517 12:50:00 35739 0 0
2015022518 13:00:00 87426 0 0
2015022519 13:10:00 03382 1 0
2015022520 13:20:00 77975 1 0
2015022521 13:30:00 37427 0 0
2015022522 13:40:00 02201 1 0
2015022523 13:50:00 20752 0 0
2015022524 14:00:00 79625 0 0
2015022525 14:10:00 78066 0 1
2015022526 14:20:00 60588 0 1
2015022527 14:30:00 43903 0 0
2015022528 14:40:00 17203 0 0
2015022529 14:50:00 38297 0 0
2015022530 15:00:00 52247 1 0
2015022531 15:10:00 86930 0 0
2015022532 15:20:00 88372 1 0
2015022533 15:30:00 55638 1 0
2015022534 15:40:00 92709 0 0
2015022535 15:50:00 64222 0 1
2015022536 16:00:00 80197 0 0
2015022537 16:10:00 12010 0 1
2015022538 16:20:00 01651 0 0
2015022539 16:30:00 88539 1 0
2015022540 16:40:00 53097 0 0
2015022541 16:50:00 47870 0 0
2015022542 17:00:00 11299 1 1
2015022543 17:10:00 43453 1 0
2015022544 17:20:00 28396 0 0
2015022545 17:30:00 76787 1 1
2015022546 17:40:00 93821 0 0
2015022547 17:50:00 03877 0 1
2015022548 18:00:00 27179 0 0
2015022549 18:10:00 83556 0 1
2015022550 18:20:00 43945 0 0
2015022551 18:30:00 56499 0 1
2015022552 18:40:00 40516 0 0
2015022553 18:50:00 12562 0 0
2015022554 19:00:00 84698 0 0
2015022555 19:10:00 02239 1 0
2015022556 19:20:00 91597 0 0
2015022557 19:30:00 14112 1 1
2015022558 19:40:00 65595 1 1
2015022559 19:50:00 47154 0 0
2015022560 20:00:00 47137 0 0
2015022561 20:10:00 19344 0 1
2015022562 20:20:00 74276 0 0
2015022563 20:30:00 95077 0 1
2015022564 20:40:00 52100 0 1
2015022565 20:50:00 21130 1 0
2015022566 21:00:00 91276 0 0
2015022567 21:10:00 44504 1 0
2015022568 21:20:00 55773 1 1
2015022569 21:30:00 14196 1 0
2015022570 21:40:00 05510 1 0
2015022571 21:50:00 02521 0 0
2015022572 22:00:00 51279 0 0
2015022573 22:10:00 32722 0 1
2015022574 22:20:00 34456 1 0
2015022575 22:30:00 79578 0 0
2015022576 22:40:00 84095 0 0
2015022577 22:50:00 12083 0 0
2015022578 23:00:00 81697 0 0
2015022579 23:10:00 87628 0 0
2015022580 23:20:00 44236 1 0
2015022581 23:30:00 27093 0 0
2015022582 23:40:00 79892 0 0
2015022583 23:50:00 47007 0 1
2015022584 00:00:00 34092 0 0
2015022585 00:10:00 29269 1 0
2015022586 00:20:00 56277 0 1
2015022587 00:30:00 74648 0 0
2015022588 00:40:00 85022 0 1
2015022589 00:50:00 41170 1 0
2015022590 01:00:00 52617 0 0
2015022591 01:10:00 47562 0 0
2015022592 01:20:00 02434 0 1
2015022593 01:30:00 47237 0 0
2015022594 01:40:00 60875 0 0
2015022595 01:50:00 58988 0 1
2015022596 02:00:00 03179 0 0
