2015103101 10:10:00 94825 0 0
2015103102 10:20:00 05621 0 0
2015103103 10:30:00 59749 0 0
2015103104 10:40:00 22202 1 1
2015103105 10:50:00 84931 0 0
2015103106 11:00:00 04816 0 0
2015103107 11:10:00 60616 1 1
2015103108 11:20:00 59626 0 1
2015103109 11:30:00 68156 0 0
2015103110 11:40:00 63804 0 0
2015103111 11:50:00 26577 0 1
2015103112 12:00:00 55828 1 1
2015103113 12:10:00 72592 0 0
2015103114 12:20:00 04324 0 0
2015103115 12:30:00 85770 0 1
2015103116 12:40:00 11665 1 1
2015103117 12:50:00 26457 0 0
2015103118 13:00:00 95923 1 0
2015103119 13:10:00 63299 0 1
2015103120 13:20:00 91508 0 0
2015103121 13:30:00 41532 0 0
2015103122 13:40:00 13049 0 0
2015103123 13:50:00 65622 1 1
2015103124 14:00:00 69443 0 1
2015103125 14:10:00 93175 0 0
2015103126 14:20:00 31374 1 0
2015103127 14:30:00 70265 0 0
2015103128 14:40:00 00495 1 0
2015103129 14:50:00 82320 0 0
2015103130 15:00:00 91228 0 1
2015103131 15:10:00 40411 1 1
2015103132 15:20:00 22852 1 0
2015103133 15:30:00 50685 0 0
2015103134 15:40:00 23622 0 1
2015103135 15:50:00 87025 0 0
2015103136 16:00:00 04693 0 0
2015103137 16:10:00 96739 0 0
2015103138 16:20:00 01761 0 0
2015103139 16:30:00 34972 0 0
2015103140 16:40:00 29908 1 0
2015103141 16:50:00 73235 0 0
2015103142 17:00:00 56545 1 1
2015103143 17:10:00 96817 0 0
2015103144 17:20:00 95385 0 0
2015103145 17:30:00 73260 0 0
2015103146 17:40:00 84224 0 1
2015103147 17:50:00 18102 1 0
2015103148 18:00:00 05484 0 1
2015103149 18:10:00 88976 1 0
2015103150 18:20:00 19906 1 0
2015103151 18:30:00 20172 0 0
2015103152 18:40:00 94528 0 0
2015103153 18:50:00 49082 0 0
2015103154 19:00:00 09695 0 0
2015103155 19:10:00 42414 1 1
2015103156 19:20:00 82941 0 0
2015103157 19:30:00 92492 0 0
2015103158 19:40:00 74290 0 0
2015103159 19:50:00 21058 0 0
2015103160 20:00:00 13784 0 0
2015103161 20:10:00 69720 0 0
2015103162 20:20:00 18719 0 0
2015103163 20:30:00 59109 0 0
2015103164 20:40:00 14796 0 0
2015103165 20:50:00 29969 1 1
2015103166 21:00:00 06602 1 0
2015103167 21:10:00 33948 1 0
2015103168 21:20:00 55547 1 0
2015103169 21:30:00 84980 0 0
2015103170 21:40:00 69731 0 0
2015103171 21:50:00 64186 0 0
2015103172 22:00:00 14072 0 0
2015103173 22:10:00 45201 0 0
2015103174 22:20:00 89240 0 0
2015103175 22:30:00 00368 1 0
2015103176 22:40:00 88908 1 0
2015103177 22:50:00 46025 0 0
2015103178 23:00:00 41469 1 0
2015103179 23:10:00 28536 0 0
2015103180 23:20:00 60023 1 0
2015103181 23:30:00 92705 0 0
2015103182 23:40:00 55139 1 0
2015103183 23:50:00 44650 1 0
2015103184 00:00:00 78059 0 0
2015103185 00:10:00 69078 0 0
2015103186 00:20:00 36895 0 0
2015103187 00:30:00 04138 0 0
2015103188 00:40:00 03321 1 0
2015103189 00:50:00 91667 0 1
2015103190 01:00:00 17251 0 0
2015103191 01:10:00 72694 0 0
2015103192 01:20:00 94280 0 0
2015103193 01:30:00 36173 0 0
2015103194 01:40:00 83257 0 0
2015103195 01:50:00 35454 0 1
2015103196 02:00:00 33677 1 1
