2015011601 10:10:00 00845 1 0
2015011602 10:20:00 46608 1 0
2015011603 10:30:00 85348 0 0
2015011604 10:40:00 98215 0 0
2015011605 10:50:00 88341 1 0
2015011606 11:00:00 29695 0 0
2015011607 11:10:00 64992 0 1
2015011608 11:20:00 05312 0 0
2015011609 11:30:00 31654 0 0
2015011610 11:40:00 36257 0 0
2015011611 11:50:00 75983 0 0
2015011612 12:00:00 10169 1 0
2015011613 12:10:00 00163 1 0
2015011614 12:20:00 71608 0 0
2015011615 12:30:00 79615 0 0
2015011616 12:40:00 53382 1 0
2015011617 12:50:00 95831 0 0
2015011618 13:00:00 79411 0 1
2015011619 13:10:00 69003 0 1
2015011620 13:20:00 75521 1 0
2015011621 13:30:00 13797 0 1
2015011622 13:40:00 02726 0 0
2015011623 13:50:00 70894 0 0
2015011624 14:00:00 33386 1 0
2015011625 14:10:00 52989 0 1
2015011626 14:20:00 22072 1 0
2015011627 14:30:00 52369 0 0
2015011628 14:40:00 02904 0 0
2015011629 14:50:00 40045 1 0
2015011630 15:00:00 07510 0 0
2015011631 15:10:00 81093 0 0
2015011632 15:20:00 29376 0 0
2015011633 15:30:00 41128 1 0
2015011634 15:40:00 36816 0 0
2015011635 15:50:00 30809 0 0
2015011636 16:00:00 64103 0 0
2015011637 16:10:00 82466 0 1
2015011638 16:20:00 12346 0 0
2015011639 16:30:00 50161 0 1
2015011640 16:40:00 11811 1 1
2015011641 16:50:00 45471 1 0
2015011642 17:00:00 15918 0 0
2015011643 17:10:00 42095 0 0
2015011644 17:20:00 51249 0 0
2015011645 17:30:00 67940 0 0
2015011646 17:40:00 62721 0 0
2015011647 17:50:00 01122 1 1
2015011648 18:00:00 25699 0 1
2015011649 18:10:00 31099 0 1
2015011650 18:20:00 94084 0 0
2015011651 18:30:00 51864 0 0
2015011652 18:40:00 81903 0 0
2015011653 18:50:00 00068 1 0
2015011654 19:00:00 40728 0 0
2015011655 19:10:00 52134 0 0
2015011656 19:20:00 71596 0 0
2015011657 19:30:00 94859 0 0
2015011658 19:40:00 08665 0 1
2015011659 19:50:00 42697 0 0
2015011660 20:00:00 65847 0 0
2015011661 20:10:00 39171 0 1
2015011662 20:20:00 22058 1 0
2015011663 20:30:00 09706 0 0
2015011664 20:40:00 59010 0 1
2015011665 20:50:00 39622 0 1
2015011666 21:00:00 30037 1 0
2015011667 21:10:00 13605 0 0
2015011668 21:20:00 87446 0 1
2015011669 21:30:00 18139 1 0
2015011670 21:40:00 15186 1 0
2015011671 21:50:00 29724 0 0
2015011672 22:00:00 93852 0 0
2015011673 22:10:00 91693 0 0
2015011674 22:20:00 06616 1 1
2015011675 22:30:00 77701 1 0
2015011676 22:40:00 57813 0 0
2015011677 22:50:00 63325 1 0
2015011678 23:00:00 79133 0 1
2015011679 23:10:00 04252 0 1
2015011680 23:20:00 41574 0 0
2015011681 23:30:00 63817 0 0
2015011682 23:40:00 11630 1 0
2015011683 23:50:00 36743 0 0
2015011684 00:00:00 23583 0 0
2015011685 00:10:00 25799 0 1
2015011686 00:20:00 75908 0 0
2015011687 00:30:00 62707 0 1
2015011688 00:40:00 46554 0 1
2015011689 00:50:00 34684 0 0
2015011690 01:00:00 55037 1 0
2015011691 01:10:00 79412 0 0
2015011692 01:20:00 53684 0 0
2015011693 01:30:00 77157 1 0
2015011694 01:40:00 06664 1 1
2015011695 01:50:00 57674 0 0
2015011696 02:00:00 21639 0 0
