2016010101 10:10:00 17620 0 0
2016010102 10:20:00 87470 0 0
2016010103 10:30:00 07851 0 0
2016010104 10:40:00 38671 0 0
2016010105 10:50:00 91509 0 0
2016010106 11:00:00 56931 0 0
2016010107 11:10:00 74790 1 0
2016010108 11:20:00 20345 0 0
2016010109 11:30:00 22121 1 1
2016010110 11:40:00 22790 1 0
2016010111 11:50:00 73900 0 1
2016010112 12:00:00 43167 0 0
2016010113 12:10:00 43079 0 0
2016010114 12:20:00 66221 1 1
2016010115 12:30:00 90609 0 0
2016010116 12:40:00 48263 0 0
2016010117 12:50:00 90430 0 0
2016010118 13:00:00 24942 0 0
2016010119 13:10:00 99366 1 1
2016010120 13:20:00 81644 0 1
2016010121 13:30:00 20681 0 0
2016010122 13:40:00 88604 1 0
2016010123 13:50:00 80281 0 0
2016010124 14:00:00 47393 0 1
2016010125 14:10:00 64255 0 1
2016010126 14:20:00 64838 0 1
2016010127 14:30:00 33929 1 1
2016010128 14:40:00 67706 1 0
2016010129 14:50:00 10409 0 0
2016010130 15:00:00 88279 1 0
2016010131 15:10:00 20737 0 1
2016010132 15:20:00 96285 0 0
2016010133 15:30:00 45412 1 0
2016010134 15:40:00 36187 0 0
2016010135 15:50:00 75908 0 0
2016010136 16:00:00 05762 0 0
2016010137 16:10:00 19622 0 1
2016010138 16:20:00 38223 0 1
2016010139 16:30:00 44996 1 1
2016010140 16:40:00 65787 0 1
2016010141 16:50:00 57058 0 0
2016010142 17:00:00 42301 0 0
2016010143 17:10:00 75657 0 0
2016010144 17:20:00 46140 0 0
2016010145 17:30:00 32429 0 0
2016010146 17:40:00 31735 0 0
2016010147 17:50:00 57965 0 0
2016010148 18:00:00 53957 0 0
2016010149 18:10:00 91364 0 0
2016010150 18:20:00 84017 0 0
2016010151 18:30:00 83314 1 0
2016010152 18:40:00 03285 0 0
2016010153 18:50:00 93330 1 1
2016010154 19:00:00 69310 0 0
2016010155 19:10:00 64715 0 0
2016010156 19:20:00 18388 0 1
2016010157 19:30:00 97452 0 0
2016010158 19:40:00 62295 1 0
2016010159 19:50:00 07949 0 1
2016010160 20:00:00 87079 0 0
2016010161 20:10:00 48668 0 1
2016010162 20:20:00 09740 0 0
2016010163 20:30:00 09469 0 0
2016010164 20:40:00 63200 0 1
2016010165 20:50:00 96722 0 1
2016010166 21:00:00 23913 0 0
2016010167 21:10:00 08087 1 0
2016010168 21:20:00 43466 1 1
2016010169 21:30:00 25853 0 0
2016010170 21:40:00 87330 0 1
2016010171 21:50:00 75779 1 1
2016010172 22:00:00 38762 0 0
2016010173 22:10:00 58376 0 0
2016010174 22:20:00 69404 0 1
2016010175 22:30:00 29639 0 0
2016010176 22:40:00 65852 0 0
2016010177 22:50:00 76982 0 0
2016010178 23:00:00 86170 0 0
2016010179 23:10:00 67107 0 0
2016010180 23:20:00 81298 0 0
2016010181 23:30:00 46131 0 1
2016010182 23:40:00 19106 1 0
2016010183 23:50:00 03373 1 1
2016010184 00:00:00 25481 0 0
2016010185 00:10:00 52535 1 1
2016010186 00:20:00 39092 0 0
2016010187 00:30:00 77919 1 1
2016010188 00:40:00 56171 0 1
2016010189 00:50:00 82519 0 0
2016010190 01:00:00 58601 0 0
2016010191 01:10:00 81296 0 0
2016010192 01:20:00 21009 0 1
2016010193 01:30:00 76038 0 0
2016010194 01:40:00 10186 1 0
2016010195 01:50:00 15680 0 0
2016010196 02:00:00 04340 0 0
